      3468.00  4.92810e-18
      3469.47  5.02668e-18
      3470.94  6.06099e-18
      3472.40  6.00130e-18
      3473.87  5.63287e-18
      3475.34  5.07283e-18
      3476.81  5.89567e-18
      3478.27  5.06278e-18
      3479.74  4.52672e-18
      3481.21  4.74280e-18
      3482.68  4.36961e-18
      3484.14  4.24350e-18
      3485.61  4.52242e-18
      3487.08  4.89672e-18
      3488.54  4.63859e-18
      3490.01  4.86742e-18
      3491.48  5.65850e-18
      3492.95  5.36899e-18
      3494.41  4.74914e-18
      3495.88  5.05155e-18
      3497.35  3.99902e-18
      3498.82  4.15701e-18
      3500.28  4.96594e-18
      3501.75  4.48165e-18
      3503.22  4.49732e-18
      3504.69  4.79558e-18
      3506.15  4.95876e-18
      3507.62  4.76498e-18
      3509.09  4.64652e-18
      3510.56  4.02813e-18
      3512.02  3.92587e-18
      3513.49  4.74384e-18
      3514.96  4.50647e-18
      3516.43  4.40910e-18
      3517.89  4.57533e-18
      3519.36  5.06476e-18
      3520.83  4.54999e-18
      3522.30  4.41468e-18
      3523.76  4.10024e-18
      3525.23  4.17996e-18
      3526.70  5.48384e-18
      3528.17  5.32444e-18
      3529.63  4.51430e-18
      3531.10  4.76451e-18
      3532.57  4.54004e-18
      3534.04  4.11704e-18
      3535.50  3.86517e-18
      3536.97  4.05546e-18
      3538.44  4.51177e-18
      3539.91  5.01371e-18
      3541.37  4.32254e-18
      3542.84  4.16711e-18
      3544.31  4.46168e-18
      3545.78  4.48710e-18
      3547.24  4.48285e-18
      3548.71  4.89591e-18
      3550.18  4.76829e-18
      3551.65  5.91808e-18
      3553.11  5.07021e-18
      3554.58  4.81766e-18
      3556.05  4.15859e-18
      3557.52  4.88272e-18
      3558.98  5.05453e-18
      3560.45  4.64773e-18
      3561.92  5.13950e-18
      3563.39  5.36867e-18
      3564.85  5.56814e-18
      3566.32  6.12170e-18
      3567.79  4.84775e-18
      3569.26  4.42177e-18
      3570.72  4.47673e-18
      3572.19  4.18691e-18
      3573.66  4.43470e-18
      3575.13  4.70293e-18
      3576.59  4.62509e-18
      3578.06  4.23592e-18
      3579.53  4.34108e-18
      3580.99  4.48734e-18
      3582.46  4.10802e-18
      3583.93  4.81785e-18
      3585.40  4.42922e-18
      3586.86  4.34733e-18
      3588.33  4.98074e-18
      3589.80  5.23666e-18
      3591.27  4.98268e-18
      3592.73  4.18048e-18
      3594.20  5.58089e-18
      3595.67  5.21159e-18
      3597.14  5.01936e-18
      3598.60  5.16033e-18
      3600.07  5.12725e-18
      3601.54  5.66393e-18
      3603.01  5.58992e-18
      3604.47  6.50046e-18
      3605.94  5.71893e-18
      3607.41  5.10451e-18
      3608.88  5.69144e-18
      3610.34  6.41439e-18
      3611.81  6.14351e-18
      3613.28  5.62352e-18
      3614.75  6.66610e-18
      3616.21  7.04185e-18
      3617.68  5.58995e-18
      3619.15  6.14635e-18
      3620.62  5.31440e-18
      3622.08  5.03499e-18
      3623.55  5.35287e-18
      3625.02  6.31089e-18
      3626.49  6.40936e-18
      3627.95  5.50796e-18
      3629.42  5.27087e-18
      3630.89  5.43531e-18
      3632.36  4.90772e-18
      3633.82  4.40819e-18
      3635.29  4.67740e-18
      3636.76  4.97293e-18
      3638.23  3.38267e-18
      3639.69  3.44155e-18
      3641.16  5.56658e-18
      3642.63  4.97584e-18
      3644.10  4.14936e-18
      3645.56  4.96582e-18
      3647.03  5.36744e-18
      3648.50  4.42587e-18
      3649.97  4.49395e-18
      3651.43  4.93044e-18
      3652.90  4.40591e-18
      3654.37  4.41556e-18
      3655.84  4.39235e-18
      3657.30  4.48767e-18
      3658.77  4.80342e-18
      3660.24  3.97508e-18
      3661.71  4.57745e-18
      3663.17  4.73217e-18
      3664.64  4.94946e-18
      3666.11  4.94092e-18
      3667.58  5.11373e-18
      3669.04  5.72306e-18
      3670.51  5.58610e-18
      3671.98  4.91478e-18
      3673.45  5.08994e-18
      3674.91  5.42526e-18
      3676.38  5.75977e-18
      3677.85  5.70356e-18
      3679.31  6.28546e-18
      3680.78  6.57661e-18
      3682.25  7.13481e-18
      3683.72  6.31928e-18
      3685.18  6.92807e-18
      3686.65  7.27228e-18
      3688.12  6.37692e-18
      3689.59  6.65047e-18
      3691.05  7.51912e-18
      3692.52  7.28857e-18
      3693.99  7.50104e-18
      3695.46  7.78470e-18
      3696.92  7.55960e-18
      3698.39  7.38177e-18
      3699.86  8.29494e-18
      3701.33  8.37453e-18
      3702.79  7.78582e-18
      3704.26  7.57844e-18
      3705.73  9.07088e-18
      3707.20  9.23299e-18
      3708.66  9.11652e-18
      3710.13  9.00011e-18
      3711.60  8.89141e-18
      3713.07  8.78275e-18
      3714.53  8.67410e-18
      3716.00  8.56547e-18
      3717.47  8.45688e-18
      3718.94  8.34828e-18
      3720.40  8.23973e-18
      3721.87  8.13119e-18
      3723.34  8.02267e-18
      3724.81  7.91419e-18
      3726.27  7.80572e-18
      3727.74  7.69728e-18
      3729.21  7.58885e-18
      3730.68  7.48044e-18
      3732.14  7.37205e-18
      3733.61  7.26368e-18
      3735.08  7.15535e-18
      3736.55  7.04702e-18
      3738.01  6.93872e-18
      3739.48  6.83045e-18
      3740.95  6.72219e-18
      3742.42  6.61397e-18
      3743.88  6.50573e-18
      3745.35  6.39753e-18
      3746.82  6.28937e-18
      3748.29  6.19695e-18
      3749.75  6.18886e-18
      3751.22  6.18017e-18
      3752.69  6.43781e-18
      3754.16  6.19889e-18
      3755.62  5.40475e-18
      3757.09  5.98937e-18
      3758.56  5.89616e-18
      3760.03  5.98824e-18
      3761.49  5.53646e-18
      3762.96  4.54893e-18
      3764.43  4.60351e-18
      3765.90  4.28943e-18
      3767.36  4.74429e-18
      3768.83  4.48771e-18
      3770.30  4.33272e-18
      3771.77  4.75570e-18
      3773.23  4.08406e-18
      3774.70  4.39552e-18
      3776.17  4.50929e-18
      3777.63  3.85521e-18
      3779.10  3.38594e-18
      3780.57  3.31859e-18
      3782.04  3.83105e-18
      3783.50  3.89491e-18
      3784.97  3.74614e-18
      3786.44  3.17426e-18
      3787.91  3.40188e-18
      3789.37  3.02584e-18
      3790.84  2.83643e-18
      3792.31  2.84449e-18
      3793.78  3.21744e-18
      3795.24  3.73292e-18
      3796.71  2.95030e-18
      3798.18  3.44291e-18
      3799.65  2.85411e-18
      3801.11  3.21400e-18
      3802.58  3.35805e-18
      3804.05  3.47297e-18
      3805.52  3.31149e-18
      3806.98  3.14578e-18
      3808.45  3.16037e-18
      3809.92  3.20634e-18
      3811.39  2.86073e-18
      3812.85  2.96133e-18
      3814.32  3.09129e-18
      3815.79  2.63047e-18
      3817.26  2.85316e-18
      3818.72  3.37703e-18
      3820.19  3.02714e-18
      3821.66  3.06678e-18
      3823.13  3.71443e-18
      3824.59  3.01309e-18
      3826.06  2.98591e-18
      3827.53  3.11003e-18
      3829.00  2.60174e-18
      3830.46  3.39452e-18
      3831.93  3.22654e-18
      3833.40  3.20755e-18
      3834.87  3.43164e-18
      3836.33  3.28799e-18
      3837.80  3.40405e-18
      3839.27  3.64383e-18
      3840.74  3.58920e-18
      3842.20  3.44166e-18
      3843.67  3.50325e-18
      3845.14  3.87837e-18
      3846.61  4.12566e-18
      3848.07  4.09162e-18
      3849.54  3.78184e-18
      3851.01  4.23397e-18
      3852.48  4.40289e-18
      3853.94  4.24019e-18
      3855.41  4.08109e-18
      3856.88  4.29462e-18
      3858.35  4.85678e-18
      3859.81  5.51291e-18
      3861.28  4.72823e-18
      3862.75  5.33459e-18
      3864.21  6.13682e-18
      3865.68  5.44399e-18
      3867.15  5.94042e-18
      3868.62  5.73552e-18
      3870.08  6.10729e-18
      3871.55  6.83511e-18
      3873.02  6.39729e-18
      3874.49  7.20040e-18
      3875.95  7.81200e-18
      3877.42  7.88143e-18
      3878.89  7.99126e-18
      3880.36  7.80245e-18
      3881.82  8.03138e-18
      3883.29  8.53185e-18
      3884.76  8.86255e-18
      3886.23  9.37564e-18
      3887.69  9.49549e-18
      3889.16  9.95074e-18
      3890.63  1.10522e-17
      3892.10  1.03478e-17
      3893.56  1.08940e-17
      3895.03  1.07598e-17
      3896.50  1.10773e-17
      3897.97  1.17134e-17
      3899.43  1.21689e-17
      3900.90  1.20537e-17
      3902.37  1.21428e-17
      3903.84  1.32463e-17
      3905.30  1.34479e-17
      3906.77  1.33353e-17
      3908.24  1.33582e-17
      3909.71  1.34624e-17
      3911.17  1.38507e-17
      3912.64  1.38328e-17
      3914.11  1.46142e-17
      3915.58  1.47746e-17
      3917.04  1.39514e-17
      3918.51  1.32596e-17
      3919.98  1.40580e-17
      3921.45  1.39067e-17
      3922.91  1.35492e-17
      3924.38  1.35299e-17
      3925.85  1.32125e-17
      3927.32  1.30743e-17
      3928.78  1.33195e-17
      3930.25  1.26696e-17
      3931.72  1.27988e-17
      3933.19  1.36370e-17
      3934.65  1.36640e-17
      3936.12  1.29686e-17
      3937.59  1.27566e-17
      3939.06  1.30843e-17
      3940.52  1.37208e-17
      3941.99  1.39840e-17
      3943.46  1.35559e-17
      3944.93  1.36142e-17
      3946.39  1.34821e-17
      3947.86  1.31796e-17
      3949.33  1.33307e-17
      3950.80  1.33110e-17
      3952.26  1.34705e-17
      3953.73  1.27556e-17
      3955.20  1.24412e-17
      3956.67  1.31738e-17
      3958.13  1.31295e-17
      3959.60  1.21887e-17
      3961.07  1.21709e-17
      3962.53  1.30313e-17
      3964.00  1.24740e-17
      3965.47  1.22457e-17
      3966.94  1.24215e-17
      3968.40  1.18202e-17
      3969.87  1.22962e-17
      3971.34  1.22758e-17
      3972.81  1.22657e-17
      3974.27  1.24692e-17
      3975.74  1.19516e-17
      3977.21  1.21789e-17
      3978.68  1.19064e-17
      3980.14  1.16816e-17
      3981.61  1.17077e-17
      3983.08  1.19653e-17
      3984.55  1.19453e-17
      3986.01  1.13156e-17
      3987.48  1.12969e-17
      3988.95  1.09713e-17
      3990.42  1.13142e-17
      3991.88  1.12977e-17
      3993.35  1.13231e-17
      3994.82  1.13235e-17
      3996.29  1.13776e-17
      3997.75  1.10073e-17
      3999.22  1.14539e-17
      4000.69  1.12587e-17
      4002.16  1.12090e-17
      4003.62  1.10367e-17
      4005.09  1.12130e-17
      4006.56  1.17713e-17
      4008.03  1.21072e-17
      4009.49  1.23017e-17
      4010.96  1.19465e-17
      4012.43  1.17675e-17
      4013.90  1.26500e-17
      4015.36  1.21169e-17
      4016.83  1.23397e-17
      4018.30  1.30209e-17
      4019.77  1.29023e-17
      4021.23  1.26434e-17
      4022.70  1.35671e-17
      4024.17  1.35642e-17
      4025.64  1.38554e-17
      4027.10  1.47052e-17
      4028.57  1.43459e-17
      4030.04  1.36090e-17
      4031.51  1.37586e-17
      4032.97  1.41781e-17
      4034.44  1.44660e-17
      4035.91  1.44093e-17
      4037.38  1.43910e-17
      4038.84  1.44894e-17
      4040.31  1.43654e-17
      4041.78  1.44748e-17
      4043.25  1.48598e-17
      4044.71  1.46803e-17
      4046.18  1.38990e-17
      4047.65  1.40896e-17
      4049.12  1.43749e-17
      4050.58  1.42357e-17
      4052.05  1.42109e-17
      4053.52  1.40983e-17
      4054.99  1.36601e-17
      4056.45  1.32081e-17
      4057.92  1.32120e-17
      4059.39  1.33518e-17
      4060.85  1.26572e-17
      4062.32  1.26044e-17
      4063.79  1.31202e-17
      4065.26  1.25994e-17
      4066.72  1.24384e-17
      4068.19  1.29060e-17
      4069.66  1.28887e-17
      4071.13  1.24787e-17
      4072.59  1.20053e-17
      4074.06  1.15449e-17
      4075.53  1.17140e-17
      4077.00  1.20395e-17
      4078.46  1.12414e-17
      4079.93  1.09400e-17
      4081.40  1.13652e-17
      4082.87  1.13659e-17
      4084.33  1.10138e-17
      4085.80  1.06710e-17
      4087.27  1.02857e-17
      4088.74  1.04459e-17
      4090.20  1.04345e-17
      4091.67  1.01696e-17
      4093.14  1.03320e-17
      4094.61  9.87004e-18
      4096.07  9.54415e-18
      4097.54  9.87278e-18
      4099.01  1.08208e-17
      4100.48  1.11663e-17
      4101.94  1.06673e-17
      4103.41  1.05938e-17
      4104.88  1.02816e-17
      4106.35  9.89425e-18
      4107.81  9.97505e-18
      4109.28  9.97609e-18
      4110.75  9.59614e-18
      4112.22  9.83169e-18
      4113.68  9.51017e-18
      4115.15  9.15446e-18
      4116.62  9.02024e-18
      4118.09  8.81068e-18
      4119.55  9.12336e-18
      4121.02  8.98853e-18
      4122.49  8.67540e-18
      4123.96  9.15685e-18
      4125.42  8.92912e-18
      4126.89  8.64988e-18
      4128.36  8.75994e-18
      4129.83  8.88480e-18
      4131.29  8.70231e-18
      4132.76  8.58725e-18
      4134.23  8.18124e-18
      4135.70  8.17761e-18
      4137.16  7.69560e-18
      4138.63  7.88528e-18
      4140.10  8.08161e-18
      4141.57  7.61950e-18
      4143.03  7.83388e-18
      4144.50  7.88360e-18
      4145.97  7.90865e-18
      4147.44  7.34965e-18
      4148.90  7.21684e-18
      4150.37  7.50132e-18
      4151.84  7.51547e-18
      4153.31  7.70824e-18
      4154.77  8.04890e-18
      4156.24  7.22103e-18
      4157.71  7.61413e-18
      4159.17  7.79697e-18
      4160.64  7.45309e-18
      4162.11  7.58575e-18
      4163.58  7.81879e-18
      4165.04  7.78838e-18
      4166.51  7.65237e-18
      4167.98  7.57061e-18
      4169.45  8.09153e-18
      4170.91  8.06002e-18
      4172.38  7.83185e-18
      4173.85  8.15998e-18
      4175.32  8.09083e-18
      4176.78  8.10423e-18
      4178.25  8.00985e-18
      4179.72  8.05253e-18
      4181.19  8.05082e-18
      4182.65  7.91325e-18
      4184.12  7.94248e-18
      4185.59  7.42638e-18
      4187.06  8.01134e-18
      4188.52  7.86536e-18
      4189.99  7.41192e-18
      4191.46  7.21013e-18
      4192.93  7.28133e-18
      4194.39  7.53885e-18
      4195.86  7.45109e-18
      4197.33  7.32078e-18
      4198.80  7.15293e-18
      4200.26  6.96525e-18
      4201.73  6.92518e-18
      4203.20  7.10757e-18
      4204.67  6.93153e-18
      4206.13  6.99455e-18
      4207.60  6.94122e-18
      4209.07  6.83886e-18
      4210.54  6.73669e-18
      4212.00  6.65721e-18
      4213.47  7.15153e-18
      4214.94  7.24606e-18
      4216.41  7.30801e-18
      4217.87  7.33836e-18
      4219.34  7.03304e-18
      4220.81  7.15253e-18
      4222.28  7.07570e-18
      4223.74  6.98168e-18
      4225.21  7.33337e-18
      4226.68  7.66328e-18
      4228.15  7.33620e-18
      4229.61  7.08816e-18
      4231.08  7.58319e-18
      4232.55  7.46833e-18
      4234.02  7.65213e-18
      4235.48  8.16597e-18
      4236.95  8.03972e-18
      4238.42  8.19223e-18
      4239.89  8.05562e-18
      4241.35  8.17722e-18
      4242.82  8.37812e-18
      4244.29  8.34842e-18
      4245.75  8.53630e-18
      4247.22  8.59941e-18
      4248.69  8.86750e-18
      4250.16  9.22382e-18
      4251.62  8.76461e-18
      4253.09  8.47199e-18
      4254.56  8.65408e-18
      4256.03  8.96679e-18
      4257.49  9.35616e-18
      4258.96  9.13319e-18
      4260.43  8.98558e-18
      4261.90  9.36934e-18
      4263.36  9.22415e-18
      4264.83  9.20602e-18
      4266.30  9.24884e-18
      4267.77  9.44467e-18
      4269.23  9.42734e-18
      4270.70  8.99709e-18
      4272.17  8.96917e-18
      4273.64  9.09575e-18
      4275.10  8.83110e-18
      4276.57  9.03555e-18
      4278.04  9.32645e-18
      4279.51  8.88255e-18
      4280.97  8.80659e-18
      4282.44  8.56680e-18
      4283.91  8.67497e-18
      4285.38  8.70403e-18
      4286.84  8.89277e-18
      4288.31  8.98493e-18
      4289.78  8.72990e-18
      4291.25  8.66957e-18
      4292.71  8.71639e-18
      4294.18  8.70362e-18
      4295.65  8.70112e-18
      4297.12  8.42644e-18
      4298.58  8.46843e-18
      4300.05  8.57889e-18
      4301.52  8.65675e-18
      4302.99  8.47987e-18
      4304.45  8.66414e-18
      4305.92  8.73733e-18
      4307.39  8.50605e-18
      4308.86  8.39611e-18
      4310.32  8.23596e-18
      4311.79  8.58539e-18
      4313.26  8.67018e-18
      4314.73  8.91748e-18
      4316.19  8.92300e-18
      4317.66  8.77956e-18
      4319.13  8.49570e-18
      4320.60  9.25084e-18
      4322.06  9.08070e-18
      4323.53  8.70773e-18
      4325.00  8.92303e-18
      4326.47  9.26483e-18
      4327.93  8.79731e-18
      4329.40  8.88641e-18
      4330.87  9.20138e-18
      4332.34  8.94860e-18
      4333.80  9.05546e-18
      4335.27  9.20879e-18
      4336.74  9.67328e-18
      4338.21  1.00230e-17
      4339.67  9.66780e-18
      4341.14  9.84706e-18
      4342.61  9.71893e-18
      4344.07  9.54570e-18
      4345.54  9.51259e-18
      4347.01  9.47949e-18
      4348.48  9.44640e-18
      4349.94  9.41329e-18
      4351.41  9.38021e-18
      4352.88  9.34712e-18
      4354.35  9.31404e-18
      4355.81  9.28096e-18
      4357.28  9.24790e-18
      4358.75  9.21482e-18
      4360.22  9.18176e-18
      4361.68  9.14869e-18
      4363.15  9.11564e-18
      4364.62  9.08259e-18
      4366.09  9.04953e-18
      4367.55  9.01650e-18
      4369.02  8.98345e-18
      4370.49  8.95043e-18
      4371.96  8.91739e-18
      4373.42  8.88435e-18
      4374.89  8.85134e-18
      4376.36  8.81831e-18
      4377.83  8.78531e-18
      4379.29  8.75229e-18
      4380.76  8.71929e-18
      4382.23  8.68628e-18
      4383.70  8.59416e-18
      4385.16  8.87557e-18
      4386.63  9.00258e-18
      4388.10  8.86406e-18
      4389.57  8.93815e-18
      4391.03  8.71548e-18
      4392.50  8.41384e-18
      4393.97  8.53935e-18
      4395.44  8.38035e-18
      4396.90  8.75645e-18
      4398.37  8.97137e-18
      4399.84  8.79991e-18
      4401.31  8.66752e-18
      4402.77  8.24195e-18
      4404.24  8.24449e-18
      4405.71  8.32252e-18
      4407.18  8.12561e-18
      4408.64  8.08023e-18
      4410.11  8.29973e-18
      4411.58  8.30246e-18
      4413.05  8.19886e-18
      4414.51  8.07532e-18
      4415.98  7.61110e-18
      4417.45  7.44512e-18
      4418.92  7.64328e-18
      4420.38  7.62112e-18
      4421.85  7.61817e-18
      4423.32  7.62707e-18
      4424.79  7.45305e-18
      4426.25  7.25153e-18
      4427.72  7.27154e-18
      4429.19  7.06988e-18
      4430.65  7.24744e-18
      4432.12  7.67239e-18
      4433.59  7.31728e-18
      4435.06  7.01273e-18
      4436.53  6.97139e-18
      4437.99  7.20871e-18
      4439.46  7.28071e-18
      4440.93  7.16259e-18
      4442.40  7.14162e-18
      4443.86  7.21590e-18
      4445.33  6.98282e-18
      4446.80  6.83311e-18
      4448.26  6.90624e-18
      4449.73  7.20718e-18
      4451.20  7.25086e-18
      4452.67  7.17260e-18
      4454.13  7.05672e-18
      4455.60  6.96650e-18
      4457.07  7.04148e-18
      4458.54  7.58651e-18
      4460.00  7.56389e-18
      4461.47  7.44281e-18
      4462.94  7.27693e-18
      4464.41  7.36144e-18
      4465.87  7.75160e-18
      4467.34  7.53539e-18
      4468.81  7.68362e-18
      4470.28  8.08980e-18
      4471.74  8.26726e-18
      4473.21  7.77532e-18
      4474.68  7.84104e-18
      4476.15  8.17837e-18
      4477.61  8.43859e-18
      4479.08  8.43184e-18
      4480.55  8.93975e-18
      4482.02  9.16893e-18
      4483.48  8.74969e-18
      4484.95  8.61844e-18
      4486.42  8.93635e-18
      4487.89  9.27255e-18
      4489.35  9.68245e-18
      4490.82  9.44545e-18
      4492.29  9.70692e-18
      4493.76  9.92362e-18
      4495.22  1.01517e-17
      4496.69  1.03992e-17
      4498.16  1.04105e-17
      4499.63  1.02476e-17
      4501.09  1.05277e-17
      4502.56  1.08295e-17
      4504.03  1.14948e-17
      4505.50  1.14747e-17
      4506.96  1.19400e-17
      4508.43  1.17852e-17
      4509.90  1.19107e-17
      4511.37  1.23845e-17
      4512.83  1.26211e-17
      4514.30  1.29504e-17
      4515.77  1.32126e-17
      4517.24  1.31360e-17
      4518.70  1.37012e-17
      4520.17  1.36246e-17
      4521.64  1.38615e-17
      4523.11  1.44399e-17
      4524.57  1.42268e-17
      4526.04  1.42545e-17
      4527.51  1.47323e-17
      4528.98  1.51332e-17
      4530.44  1.51349e-17
      4531.91  1.50868e-17
      4533.38  1.48930e-17
      4534.84  1.53991e-17
      4536.31  1.56654e-17
      4537.78  1.52020e-17
      4539.25  1.52947e-17
      4540.71  1.56693e-17
      4542.18  1.56634e-17
      4543.65  1.51632e-17
      4545.12  1.54403e-17
      4546.58  1.54666e-17
      4548.05  1.56372e-17
      4549.52  1.60813e-17
      4550.99  1.61395e-17
      4552.45  1.58885e-17
      4553.92  1.65138e-17
      4555.39  1.60774e-17
      4556.86  1.58578e-17
      4558.32  1.62382e-17
      4559.79  1.59581e-17
      4561.26  1.59411e-17
      4562.73  1.60684e-17
      4564.19  1.62179e-17
      4565.66  1.64689e-17
      4567.13  1.69626e-17
      4568.60  1.63962e-17
      4570.06  1.66483e-17
      4571.53  1.73381e-17
      4573.00  1.70683e-17
      4574.47  1.72559e-17
      4575.93  1.70480e-17
      4577.40  1.71632e-17
      4578.87  1.72685e-17
      4580.34  1.72683e-17
      4581.80  1.70608e-17
      4583.27  1.70966e-17
      4584.74  1.71774e-17
      4586.21  1.73622e-17
      4587.67  1.72814e-17
      4589.14  1.71413e-17
      4590.61  1.67792e-17
      4592.08  1.71061e-17
      4593.54  1.68949e-17
      4595.01  1.67572e-17
      4596.48  1.73490e-17
      4597.95  1.68981e-17
      4599.41  1.66558e-17
      4600.88  1.71235e-17
      4602.35  1.72066e-17
      4603.82  1.73546e-17
      4605.28  1.73123e-17
      4606.75  1.70751e-17
      4608.22  1.70921e-17
      4609.69  1.71377e-17
      4611.15  1.72833e-17
      4612.62  1.75506e-17
      4614.09  1.77952e-17
      4615.56  1.79601e-17
      4617.02  1.74373e-17
      4618.49  1.74662e-17
      4619.96  1.76840e-17
      4621.42  1.79747e-17
      4622.89  1.80867e-17
      4624.36  1.79945e-17
      4625.83  1.77813e-17
      4627.29  1.77652e-17
      4628.76  1.77238e-17
      4630.23  1.78549e-17
      4631.70  1.75315e-17
      4633.17  1.79034e-17
      4634.63  1.72558e-17
      4636.10  1.67860e-17
      4637.57  1.74632e-17
      4639.03  1.67613e-17
      4640.50  1.70472e-17
      4641.97  1.71279e-17
      4643.44  1.69963e-17
      4644.90  1.69396e-17
      4646.37  1.69273e-17
      4647.84  1.64867e-17
      4649.31  1.67167e-17
      4650.77  1.66557e-17
      4652.24  1.63499e-17
      4653.71  1.63094e-17
      4655.18  1.59005e-17
      4656.64  1.53761e-17
      4658.11  1.53003e-17
      4659.58  1.57004e-17
      4661.05  1.56207e-17
      4662.51  1.54705e-17
      4663.98  1.54547e-17
      4665.45  1.50328e-17
      4666.92  1.52038e-17
      4668.38  1.50245e-17
      4669.85  1.52080e-17
      4671.32  1.49972e-17
      4672.79  1.47502e-17
      4674.25  1.48144e-17
      4675.72  1.49159e-17
      4677.19  1.50073e-17
      4678.66  1.48441e-17
      4680.12  1.46989e-17
      4681.59  1.46277e-17
      4683.06  1.45530e-17
      4684.53  1.42465e-17
      4685.99  1.39832e-17
      4687.46  1.37367e-17
      4688.93  1.31894e-17
      4690.40  1.32019e-17
      4691.86  1.30138e-17
      4693.33  1.26533e-17
      4694.80  1.24679e-17
      4696.27  1.22899e-17
      4697.73  1.19285e-17
      4699.20  1.19103e-17
      4700.67  1.21051e-17
      4702.14  1.19238e-17
      4703.60  1.16375e-17
      4705.07  1.15723e-17
      4706.54  1.17348e-17
      4708.01  1.19013e-17
      4709.47  1.18679e-17
      4710.94  1.17791e-17
      4712.41  1.18927e-17
      4713.88  1.18872e-17
      4715.34  1.19725e-17
      4716.81  1.21211e-17
      4718.28  1.20304e-17
      4719.75  1.14830e-17
      4721.21  1.16871e-17
      4722.68  1.21658e-17
      4724.15  1.21642e-17
      4725.61  1.22790e-17
      4727.08  1.21171e-17
      4728.55  1.19745e-17
      4730.02  1.19527e-17
      4731.48  1.18122e-17
      4732.95  1.18167e-17
      4734.42  1.19924e-17
      4735.89  1.22201e-17
      4737.35  1.22269e-17
      4738.82  1.19592e-17
      4740.29  1.20874e-17
      4741.76  1.21105e-17
      4743.22  1.24067e-17
      4744.69  1.21066e-17
      4746.16  1.20517e-17
      4747.63  1.23605e-17
      4749.09  1.20743e-17
      4750.56  1.18684e-17
      4752.03  1.18464e-17
      4753.50  1.20164e-17
      4754.96  1.22250e-17
      4756.43  1.19044e-17
      4757.90  1.19738e-17
      4759.37  1.19694e-17
      4760.83  1.17692e-17
      4762.30  1.17341e-17
      4763.77  1.21461e-17
      4765.24  1.21085e-17
      4766.70  1.16708e-17
      4768.17  1.15203e-17
      4769.64  1.17567e-17
      4771.11  1.15929e-17
      4772.57  1.17075e-17
      4774.04  1.12831e-17
      4775.51  1.14060e-17
      4776.98  1.14973e-17
      4778.44  1.16166e-17
      4779.91  1.11959e-17
      4781.38  1.10420e-17
      4782.85  1.10321e-17
      4784.31  1.10245e-17
      4785.78  1.11863e-17
      4787.25  1.10772e-17
      4788.72  1.07135e-17
      4790.18  1.07795e-17
      4791.65  1.07552e-17
      4793.12  1.04806e-17
      4794.59  1.02688e-17
      4796.05  1.00817e-17
      4797.52  1.03575e-17
      4798.99  9.90474e-18
      4800.46  9.49729e-18
      4801.92  9.58704e-18
      4803.39  9.60355e-18
      4804.86  9.18415e-18
      4806.33  8.96077e-18
      4807.79  8.88363e-18
      4809.26  8.82024e-18
      4810.73  8.84556e-18
      4812.20  8.93894e-18
      4813.66  8.47240e-18
      4815.13  8.54082e-18
      4816.60  8.47464e-18
      4818.06  8.57359e-18
      4819.53  8.68804e-18
      4821.00  8.45934e-18
      4822.47  8.81615e-18
      4823.93  8.86225e-18
      4825.40  8.82602e-18
      4826.87  8.95349e-18
      4828.34  9.08602e-18
      4829.80  8.89626e-18
      4831.27  8.85556e-18
      4832.74  9.31397e-18
      4834.21  9.48861e-18
      4835.67  9.47600e-18
      4837.14  9.62424e-18
      4838.61  9.62134e-18
      4840.08  9.71280e-18
      4841.54  1.00901e-17
      4843.01  1.01606e-17
      4844.48  1.02529e-17
      4845.95  1.03453e-17
      4847.41  1.04376e-17
      4848.88  1.05299e-17
      4850.35  1.06222e-17
      4851.82  1.07144e-17
      4853.28  1.08067e-17
      4854.75  1.08989e-17
      4856.22  1.09911e-17
      4857.69  1.10833e-17
      4859.15  1.11755e-17
      4860.62  1.12677e-17
      4862.09  1.13598e-17
      4863.56  1.14520e-17
      4865.02  1.15441e-17
      4866.49  1.16362e-17
      4867.96  1.17283e-17
      4869.43  1.18204e-17
      4870.89  1.19125e-17
      4872.36  1.20045e-17
      4873.83  1.20965e-17
      4875.30  1.21886e-17
      4876.76  1.22806e-17
      4878.23  1.23726e-17
      4879.70  1.24646e-17
      4881.17  1.26388e-17
      4882.63  1.26223e-17
      4884.10  1.22902e-17
      4885.57  1.20531e-17
      4887.04  1.20996e-17
      4888.50  1.19795e-17
      4889.97  1.14772e-17
      4891.44  1.09894e-17
      4892.91  1.09748e-17
      4894.37  1.08461e-17
      4895.84  1.06523e-17
      4897.31  1.03220e-17
      4898.78  1.00839e-17
      4900.24  1.01720e-17
      4901.71  9.92473e-18
      4903.18  9.88881e-18
      4904.65  9.73082e-18
      4906.11  9.73726e-18
      4907.58  9.46432e-18
      4909.05  9.29379e-18
      4910.51  9.42774e-18
      4911.98  9.14496e-18
      4913.45  8.93207e-18
      4914.92  9.30176e-18
      4916.38  9.40134e-18
      4917.85  8.95611e-18
      4919.32  9.19921e-18
      4920.79  9.37685e-18
      4922.25  9.68110e-18
      4923.72  9.77138e-18
      4925.19  9.50553e-18
      4926.66  9.70404e-18
      4928.12  9.96631e-18
      4929.59  1.00203e-17
      4931.06  9.89892e-18
      4932.53  1.03232e-17
      4933.99  1.08522e-17
      4935.46  1.07256e-17
      4936.93  1.05845e-17
      4938.40  1.08640e-17
      4939.86  1.09747e-17
      4941.33  1.11229e-17
      4942.80  1.12710e-17
      4944.27  1.14191e-17
      4945.73  1.15671e-17
      4947.20  1.17152e-17
      4948.67  1.18632e-17
      4950.14  1.20112e-17
      4951.60  1.21592e-17
      4953.07  1.23071e-17
      4954.54  1.24550e-17
      4956.01  1.26030e-17
      4957.47  1.27508e-17
      4958.94  1.28987e-17
      4960.41  1.30465e-17
      4961.88  1.31943e-17
      4963.34  1.33421e-17
      4964.81  1.34899e-17
      4966.28  1.36376e-17
      4967.75  1.37853e-17
      4969.21  1.39330e-17
      4970.68  1.40807e-17
      4972.15  1.42283e-17
      4973.62  1.43760e-17
      4975.08  1.45235e-17
      4976.55  1.46711e-17
      4978.02  1.48186e-17
      4979.49  1.49165e-17
      4980.95  1.49629e-17
      4982.42  1.54059e-17
      4983.89  1.56988e-17
      4985.36  1.54401e-17
      4986.82  1.53793e-17
      4988.29  1.50009e-17
      4989.76  1.48361e-17
      4991.23  1.46712e-17
      4992.69  1.45063e-17
      4994.16  1.43415e-17
      4995.63  1.41767e-17
      4997.10  1.40119e-17
      4998.56  1.38472e-17
      5000.03  1.36824e-17
      5001.50  1.35178e-17
      5002.97  1.33531e-17
      5004.43  1.31885e-17
      5005.90  1.30239e-17
      5007.37  1.28593e-17
      5008.83  1.26947e-17
      5010.30  1.25301e-17
      5011.77  1.23657e-17
      5013.24  1.22012e-17
      5014.70  1.20368e-17
      5016.17  1.18723e-17
      5017.64  1.17079e-17
      5019.11  1.15436e-17
      5020.57  1.13793e-17
      5022.04  1.12149e-17
      5023.51  1.10506e-17
      5024.98  1.08863e-17
      5026.44  1.07017e-17
      5027.91  1.04245e-17
      5029.38  1.02396e-17
      5030.85  1.01779e-17
      5032.31  9.96931e-18
      5033.78  9.52345e-18
      5035.25  9.13524e-18
      5036.72  9.20489e-18
      5038.18  9.12642e-18
      5039.65  8.87274e-18
      5041.12  8.96751e-18
      5042.59  8.67974e-18
      5044.05  8.50079e-18
      5045.52  8.34544e-18
      5046.99  8.06903e-18
      5048.46  7.90551e-18
      5049.92  7.68525e-18
      5051.39  7.61081e-18
      5052.86  7.38283e-18
      5054.33  7.46000e-18
      5055.79  7.59885e-18
      5057.26  7.44207e-18
      5058.73  7.33670e-18
      5060.20  7.59131e-18
      5061.66  7.69957e-18
      5063.13  7.61878e-18
      5064.60  7.68585e-18
      5066.07  7.57958e-18
      5067.53  7.61732e-18
      5069.00  7.88181e-18
      5070.47  7.86216e-18
      5071.94  7.96982e-18
      5073.40  8.38936e-18
      5074.87  8.41658e-18
      5076.34  8.15786e-18
      5077.81  8.22501e-18
      5079.27  8.79124e-18
      5080.74  8.96727e-18
      5082.21  9.03915e-18
      5083.68  9.32621e-18
      5085.14  9.33500e-18
      5086.61  9.45494e-18
      5088.08  9.87775e-18
      5089.55  9.85906e-18
      5091.01  9.94228e-18
      5092.48  1.03440e-17
      5093.95  1.04354e-17
      5095.42  1.04157e-17
      5096.88  1.06540e-17
      5098.35  1.09349e-17
      5099.82  1.09642e-17
      5101.28  1.12393e-17
      5102.75  1.17448e-17
      5104.22  1.18049e-17
      5105.69  1.17601e-17
      5107.16  1.18023e-17
      5108.62  1.15369e-17
      5110.09  1.17284e-17
      5111.56  1.23623e-17
      5113.02  1.19945e-17
      5114.49  1.22093e-17
      5115.96  1.23012e-17
      5117.43  1.24496e-17
      5118.89  1.24618e-17
      5120.36  1.29283e-17
      5121.83  1.31282e-17
      5123.30  1.29645e-17
      5124.76  1.37419e-17
      5126.23  1.32897e-17
      5127.70  1.34212e-17
      5129.17  1.32480e-17
      5130.63  1.32530e-17
      5132.10  1.33664e-17
      5133.57  1.36411e-17
      5135.04  1.35131e-17
      5136.50  1.32719e-17
      5137.97  1.33594e-17
      5139.44  1.32427e-17
      5140.91  1.36194e-17
      5142.37  1.37222e-17
      5143.84  1.34586e-17
      5145.31  1.31531e-17
      5146.78  1.35904e-17
      5148.24  1.34988e-17
      5149.71  1.34889e-17
      5151.18  1.38684e-17
      5152.65  1.33900e-17
      5154.11  1.33739e-17
      5155.58  1.36357e-17
      5157.05  1.38431e-17
      5158.52  1.36334e-17
      5159.98  1.38055e-17
      5161.45  1.40045e-17
      5162.92  1.39543e-17
      5164.39  1.37271e-17
      5165.85  1.39027e-17
      5167.32  1.39752e-17
      5168.79  1.44216e-17
      5170.26  1.39704e-17
      5171.72  1.39212e-17
      5173.19  1.39343e-17
      5174.66  1.41578e-17
      5176.13  1.41502e-17
      5177.59  1.41697e-17
      5179.06  1.41725e-17
      5180.53  1.40730e-17
      5182.00  1.39930e-17
      5183.46  1.41691e-17
      5184.93  1.39963e-17
      5186.40  1.37306e-17
      5187.87  1.34853e-17
      5189.33  1.38202e-17
      5190.80  1.37150e-17
      5192.27  1.36613e-17
      5193.74  1.41468e-17
      5195.20  1.40193e-17
      5196.67  1.41376e-17
      5198.14  1.40203e-17
      5199.60  1.42011e-17
      5201.07  1.41350e-17
      5202.54  1.42097e-17
      5204.01  1.41033e-17
      5205.47  1.38526e-17
      5206.94  1.39236e-17
      5208.41  1.42147e-17
      5209.88  1.41039e-17
      5211.34  1.42885e-17
      5212.81  1.42437e-17
      5214.28  1.43895e-17
      5215.75  1.44526e-17
      5217.21  1.42153e-17
      5218.68  1.39895e-17
      5220.15  1.41702e-17
      5221.62  1.39918e-17
      5223.08  1.40702e-17
      5224.55  1.41786e-17
      5226.02  1.41161e-17
      5227.49  1.42636e-17
      5228.95  1.41945e-17
      5230.42  1.40992e-17
      5231.89  1.39629e-17
      5233.36  1.40199e-17
      5234.82  1.41865e-17
      5236.29  1.40259e-17
      5237.76  1.40623e-17
      5239.23  1.45739e-17
      5240.69  1.47031e-17
      5242.16  1.47399e-17
      5243.63  1.48422e-17
      5245.10  1.49373e-17
      5246.56  1.52262e-17
      5248.03  1.52891e-17
      5249.50  1.50888e-17
      5250.97  1.52722e-17
      5252.43  1.52655e-17
      5253.90  1.52734e-17
      5255.37  1.56054e-17
      5256.84  1.54526e-17
      5258.30  1.53844e-17
      5259.77  1.54551e-17
      5261.24  1.56238e-17
      5262.71  1.54335e-17
      5264.17  1.59639e-17
      5265.64  1.61821e-17
      5267.11  1.59787e-17
      5268.58  1.60992e-17
      5270.04  1.61518e-17
      5271.51  1.60940e-17
      5272.98  1.63340e-17
      5274.45  1.65962e-17
      5275.91  1.64594e-17
      5277.38  1.64089e-17
      5278.85  1.67374e-17
      5280.32  1.64037e-17
      5281.78  1.59747e-17
      5283.25  1.63247e-17
      5284.72  1.61044e-17
      5286.19  1.60959e-17
      5287.65  1.61645e-17
      5289.12  1.59318e-17
      5290.59  1.59312e-17
      5292.05  1.61134e-17
      5293.52  1.63144e-17
      5294.99  1.60318e-17
      5296.46  1.62584e-17
      5297.92  1.64943e-17
      5299.39  1.60978e-17
      5300.86  1.60032e-17
      5302.33  1.62725e-17
      5303.79  1.64676e-17
      5305.26  1.63256e-17
      5306.73  1.61758e-17
      5308.20  1.61214e-17
      5309.66  1.62681e-17
      5311.13  1.62634e-17
      5312.60  1.63779e-17
      5314.07  1.66493e-17
      5315.53  1.67257e-17
      5317.00  1.65097e-17
      5318.47  1.65355e-17
      5319.94  1.66597e-17
      5321.40  1.66284e-17
      5322.87  1.66828e-17
      5324.34  1.63902e-17
      5325.81  1.66984e-17
      5327.27  1.66715e-17
      5328.74  1.62215e-17
      5330.21  1.62759e-17
      5331.68  1.65699e-17
      5333.14  1.67700e-17
      5334.61  1.65177e-17
      5336.08  1.64351e-17
      5337.55  1.62293e-17
      5339.01  1.61191e-17
      5340.48  1.62267e-17
      5341.95  1.63578e-17
      5343.42  1.64688e-17
      5344.88  1.66469e-17
      5346.35  1.67752e-17
      5347.82  1.67159e-17
      5349.29  1.68541e-17
      5350.75  1.64970e-17
      5352.22  1.64980e-17
      5353.69  1.66540e-17
      5355.16  1.65834e-17
      5356.62  1.67158e-17
      5358.09  1.67466e-17
      5359.56  1.68949e-17
      5361.03  1.70363e-17
      5362.49  1.73778e-17
      5363.96  1.72404e-17
      5365.43  1.69442e-17
      5366.90  1.70419e-17
      5368.36  1.71665e-17
      5369.83  1.72635e-17
      5371.30  1.74915e-17
      5372.77  1.73645e-17
      5374.23  1.73232e-17
      5375.70  1.79622e-17
      5377.17  1.81162e-17
      5378.64  1.76880e-17
      5380.10  1.78845e-17
      5381.57  1.81822e-17
      5383.04  1.75045e-17
      5384.50  1.72993e-17
      5385.97  1.76335e-17
      5387.44  1.76948e-17
      5388.91  1.71851e-17
      5390.38  1.72745e-17
      5391.84  1.72291e-17
      5393.31  1.68386e-17
      5394.78  1.69466e-17
      5396.24  1.69888e-17
      5397.71  1.66527e-17
      5399.18  1.68294e-17
      5400.65  1.64866e-17
      5402.11  1.62574e-17
      5403.58  1.62763e-17
      5405.05  1.63199e-17
      5406.52  1.60941e-17
      5407.98  1.60109e-17
      5409.45  1.57320e-17
      5410.92  1.51456e-17
      5412.39  1.48769e-17
      5413.85  1.50844e-17
      5415.32  1.51618e-17
      5416.79  1.49110e-17
      5418.26  1.48906e-17
      5419.72  1.48300e-17
      5421.19  1.45096e-17
      5422.66  1.42635e-17
      5424.13  1.41256e-17
      5425.59  1.40100e-17
      5427.06  1.38255e-17
      5428.53  1.38049e-17
      5430.00  1.39286e-17
      5431.46  1.36428e-17
      5432.93  1.34944e-17
      5434.40  1.34170e-17
      5435.87  1.32586e-17
      5437.33  1.31717e-17
      5438.80  1.32647e-17
      5440.27  1.35515e-17
      5441.74  1.33657e-17
      5443.20  1.32759e-17
      5444.67  1.33135e-17
      5446.14  1.34286e-17
      5447.61  1.34621e-17
      5449.07  1.34326e-17
      5450.54  1.36845e-17
      5452.01  1.38941e-17
      5453.48  1.38513e-17
      5454.94  1.42645e-17
      5456.41  1.45424e-17
      5457.88  1.45700e-17
      5459.35  1.48714e-17
      5460.81  1.52036e-17
      5462.28  1.51835e-17
      5463.75  1.56109e-17
      5465.22  1.61217e-17
      5466.68  1.59298e-17
      5468.15  1.62359e-17
      5469.62  1.65594e-17
      5471.08  1.67671e-17
      5472.55  1.68729e-17
      5474.02  1.68637e-17
      5475.49  1.73494e-17
      5476.96  1.76883e-17
      5478.42  1.77443e-17
      5479.89  1.81417e-17
      5481.36  1.82206e-17
      5482.83  1.87313e-17
      5484.29  1.90662e-17
      5485.76  1.92012e-17
      5487.23  1.96698e-17
      5488.69  1.96991e-17
      5490.16  1.98456e-17
      5491.63  2.02328e-17
      5493.10  2.06302e-17
      5494.56  2.12279e-17
      5496.03  2.18144e-17
      5497.50  2.17043e-17
      5498.97  2.16201e-17
      5500.43  2.17545e-17
      5501.90  2.18133e-17
      5503.37  2.19931e-17
      5504.84  2.16935e-17
      5506.30  2.17758e-17
      5507.77  2.15517e-17
      5509.24  2.16868e-17
      5510.71  2.14337e-17
      5512.17  2.14476e-17
      5513.64  2.15498e-17
      5515.11  2.13237e-17
      5516.58  2.12461e-17
      5518.04  2.12126e-17
      5519.51  2.08136e-17
      5520.98  2.06083e-17
      5522.45  2.05869e-17
      5523.91  2.03607e-17
      5525.38  2.00201e-17
      5526.85  1.98894e-17
      5528.32  2.00254e-17
      5529.78  2.00215e-17
      5531.25  1.95767e-17
      5532.72  1.94840e-17
      5534.19  1.93326e-17
      5535.65  1.92977e-17
      5537.12  1.89108e-17
      5538.59  1.88740e-17
      5540.06  1.87030e-17
      5541.52  1.83183e-17
      5542.99  1.85403e-17
      5544.46  1.83888e-17
      5545.93  1.74451e-17
      5547.39  1.72989e-17
      5548.86  1.69962e-17
      5550.33  1.67092e-17
      5551.80  1.62486e-17
      5553.26  1.59986e-17
      5554.73  1.58852e-17
      5556.20  1.55494e-17
      5557.67  1.53040e-17
      5559.13  1.46331e-17
      5560.60  1.47108e-17
      5562.07  1.45662e-17
      5563.54  1.39153e-17
      5565.00  1.36710e-17
      5566.47  1.37363e-17
      5567.94  1.37074e-17
      5569.41  1.34416e-17
      5570.87  1.34073e-17
      5572.34  1.31416e-17
      5573.81  1.30077e-17
      5575.27  1.30391e-17
      5576.74  1.27181e-17
      5578.21  1.23181e-17
      5579.68  1.21226e-17
      5581.14  1.23721e-17
      5582.61  1.26541e-17
      5584.08  1.25645e-17
      5585.55  1.25228e-17
      5587.01  1.27457e-17
      5588.48  1.28880e-17
      5589.95  1.30639e-17
      5591.42  1.30664e-17
      5592.88  1.32202e-17
      5594.35  1.29299e-17
      5595.82  1.27348e-17
      5597.29  1.29338e-17
      5598.75  1.29208e-17
      5600.22  1.30929e-17
      5601.69  1.31711e-17
      5603.16  1.31783e-17
      5604.62  1.32906e-17
      5606.09  1.32217e-17
      5607.56  1.32199e-17
      5609.03  1.33058e-17
      5610.49  1.33024e-17
      5611.96  1.35270e-17
      5613.43  1.35465e-17
      5614.90  1.36841e-17
      5616.36  1.38879e-17
      5617.83  1.36045e-17
      5619.30  1.38429e-17
      5620.77  1.41246e-17
      5622.23  1.39233e-17
      5623.70  1.39224e-17
      5625.17  1.38823e-17
      5626.64  1.40728e-17
      5628.10  1.42464e-17
      5629.57  1.40275e-17
      5631.04  1.37603e-17
      5632.51  1.36119e-17
      5633.97  1.36100e-17
      5635.44  1.34491e-17
      5636.91  1.36640e-17
      5638.38  1.36476e-17
      5639.84  1.35089e-17
      5641.31  1.37026e-17
      5642.78  1.36901e-17
      5644.25  1.35639e-17
      5645.71  1.32325e-17
      5647.18  1.31625e-17
      5648.65  1.30600e-17
      5650.12  1.29195e-17
      5651.58  1.28856e-17
      5653.05  1.25765e-17
      5654.52  1.25460e-17
      5655.99  1.23079e-17
      5657.45  1.20242e-17
      5658.92  1.19431e-17
      5660.39  1.18789e-17
      5661.85  1.13803e-17
      5663.32  1.14335e-17
      5664.79  1.13741e-17
      5666.26  1.09677e-17
      5667.72  1.04005e-17
      5669.19  1.03093e-17
      5670.66  1.01207e-17
      5672.13  9.64296e-18
      5673.60  9.26688e-18
      5675.06  9.12120e-18
      5676.53  8.99426e-18
      5678.00  8.68425e-18
      5679.46  8.18682e-18
      5680.93  8.15217e-18
      5682.40  8.14799e-18
      5683.87  7.98821e-18
      5685.33  7.52031e-18
      5686.80  7.08366e-18
      5688.27  7.02477e-18
      5689.74  7.00108e-18
      5691.20  6.85937e-18
      5692.67  6.58482e-18
      5694.14  6.10805e-18
      5695.61  5.81802e-18
      5697.07  5.53382e-18
      5698.54  5.50776e-18
      5700.01  5.47998e-18
      5701.48  5.31506e-18
      5702.94  5.00942e-18
      5704.41  4.92926e-18
      5705.88  5.04040e-18
      5707.35  4.62608e-18
      5708.81  4.46083e-18
      5710.28  4.38824e-18
      5711.75  4.49218e-18
      5713.22  4.48815e-18
      5714.68  4.29857e-18
      5716.15  4.27033e-18
      5717.62  4.26526e-18
      5719.09  4.16879e-18
      5720.55  3.94400e-18
      5722.02  3.79911e-18
      5723.49  3.92290e-18
      5724.96  3.95547e-18
      5726.42  3.80442e-18
      5727.89  3.72677e-18
      5729.36  3.88270e-18
      5730.83  4.03502e-18
      5732.29  3.91689e-18
      5733.76  3.86874e-18
      5735.23  3.79010e-18
      5736.70  3.72951e-18
      5738.16  3.96608e-18
      5739.63  4.21408e-18
      5741.10  4.23771e-18
      5742.57  4.17074e-18
      5744.03  4.25617e-18
      5745.50  4.09816e-18
      5746.97  4.18263e-18
      5748.44  4.47283e-18
      5749.90  4.38728e-18
      5751.37  4.37944e-18
      5752.84  4.72916e-18
      5754.31  4.73816e-18
      5755.77  4.67248e-18
      5757.24  4.69416e-18
      5758.71  4.74991e-18
      5760.18  4.89229e-18
      5761.64  5.13221e-18
      5763.11  4.96818e-18
      5764.58  4.91749e-18
      5766.04  5.16225e-18
      5767.51  5.29944e-18
      5768.98  5.50596e-18
      5770.45  5.53852e-18
      5771.91  5.68990e-18
      5773.38  5.76008e-18
      5774.85  5.72617e-18
      5776.32  5.98486e-18
      5777.78  6.00608e-18
      5779.25  6.15897e-18
      5780.72  6.24027e-18
      5782.19  6.39635e-18
      5783.65  6.63965e-18
      5785.12  6.54849e-18
      5786.59  6.66218e-18
      5788.06  6.77992e-18
      5789.52  7.02234e-18
      5790.99  7.33812e-18
      5792.46  7.51531e-18
      5793.93  7.66789e-18
      5795.39  7.89919e-18
      5796.86  7.93031e-18
      5798.33  7.94092e-18
      5799.80  8.58525e-18
      5801.26  8.94394e-18
      5802.73  8.90433e-18
      5804.20  9.15104e-18
      5805.67  9.25502e-18
      5807.13  9.55558e-18
      5808.60  9.89392e-18
      5810.07  1.01172e-17
      5811.54  1.03627e-17
      5813.00  1.07956e-17
      5814.47  1.09808e-17
      5815.94  1.10768e-17
      5817.41  1.14747e-17
      5818.87  1.17141e-17
      5820.34  1.18044e-17
      5821.81  1.21569e-17
      5823.28  1.25339e-17
      5824.74  1.26077e-17
      5826.21  1.26170e-17
      5827.68  1.26094e-17
      5829.15  1.25522e-17
      5830.61  1.31031e-17
      5832.08  1.35868e-17
      5833.55  1.35126e-17
      5835.02  1.34540e-17
      5836.48  1.36423e-17
      5837.95  1.40751e-17
      5839.42  1.42921e-17
      5840.89  1.41894e-17
      5842.35  1.43731e-17
      5843.82  1.46165e-17
      5845.29  1.45324e-17
      5846.76  1.46731e-17
      5848.22  1.50561e-17
      5849.69  1.51377e-17
      5851.16  1.49417e-17
      5852.62  1.51459e-17
      5854.09  1.54721e-17
      5855.56  1.55314e-17
      5857.03  1.55729e-17
      5858.50  1.58443e-17
      5859.96  1.61817e-17
      5861.43  1.63880e-17
      5862.90  1.62705e-17
      5864.36  1.59863e-17
      5865.83  1.61580e-17
      5867.30  1.63599e-17
      5868.77  1.62180e-17
      5870.23  1.66186e-17
      5871.70  1.67946e-17
      5873.17  1.66739e-17
      5874.64  1.65743e-17
      5876.10  1.65188e-17
      5877.57  1.59088e-17
      5879.04  1.55376e-17
      5880.51  1.55472e-17
      5881.97  1.58683e-17
      5883.44  1.64079e-17
      5884.91  1.61531e-17
      5886.38  1.58297e-17
      5887.84  1.56984e-17
      5889.31  1.58235e-17
      5890.78  1.59828e-17
      5892.25  1.60859e-17
      5893.71  1.60863e-17
      5895.18  1.62583e-17
      5896.65  1.61379e-17
      5898.12  1.62952e-17
      5899.58  1.67886e-17
      5901.05  1.71011e-17
      5902.52  1.66367e-17
      5903.99  1.63400e-17
      5905.45  1.61225e-17
      5906.92  1.60950e-17
      5908.39  1.63669e-17
      5909.86  1.62721e-17
      5911.32  1.61625e-17
      5912.79  1.63642e-17
      5914.26  1.62181e-17
      5915.73  1.63741e-17
      5917.19  1.64055e-17
      5918.66  1.60921e-17
      5920.13  1.61484e-17
      5921.60  1.62044e-17
      5923.06  1.60729e-17
      5924.53  1.62163e-17
      5926.00  1.63152e-17
      5927.47  1.62280e-17
      5928.93  1.61860e-17
      5930.40  1.62076e-17
      5931.87  1.61548e-17
      5933.34  1.58095e-17
      5934.80  1.57796e-17
      5936.27  1.58696e-17
      5937.74  1.57548e-17
      5939.21  1.54469e-17
      5940.67  1.57353e-17
      5942.14  1.59861e-17
      5943.61  1.58786e-17
      5945.08  1.59203e-17
      5946.54  1.56078e-17
      5948.01  1.56634e-17
      5949.48  1.57644e-17
      5950.95  1.59200e-17
      5952.41  1.60143e-17
      5953.88  1.57116e-17
      5955.35  1.59137e-17
      5956.81  1.58742e-17
      5958.28  1.55384e-17
      5959.75  1.54282e-17
      5961.22  1.56755e-17
      5962.68  1.54758e-17
      5964.15  1.55886e-17
      5965.62  1.57272e-17
      5967.09  1.55109e-17
      5968.55  1.53974e-17
      5970.02  1.55820e-17
      5971.49  1.56867e-17
      5972.96  1.57640e-17
      5974.42  1.53826e-17
      5975.89  1.51074e-17
      5977.36  1.53521e-17
      5978.83  1.53459e-17
      5980.29  1.54514e-17
      5981.76  1.56229e-17
      5983.23  1.54710e-17
      5984.70  1.53454e-17
      5986.16  1.51074e-17
      5987.63  1.53254e-17
      5989.10  1.51455e-17
      5990.57  1.47920e-17
      5992.03  1.49836e-17
      5993.50  1.50086e-17
      5994.97  1.47915e-17
      5996.44  1.46693e-17
      5997.90  1.45762e-17
      5999.37  1.47576e-17
      6000.84  1.45926e-17
      6002.31  1.44052e-17
      6003.77  1.42358e-17
      6005.24  1.42691e-17
      6006.71  1.41889e-17
      6008.18  1.40769e-17
      6009.64  1.39776e-17
      6011.11  1.39815e-17
      6012.58  1.38448e-17
      6014.05  1.36779e-17
      6015.51  1.36158e-17
      6016.98  1.37155e-17
      6018.45  1.37769e-17
      6019.92  1.37564e-17
      6021.38  1.37604e-17
      6022.85  1.35583e-17
      6024.32  1.34193e-17
      6025.79  1.32965e-17
      6027.25  1.32923e-17
      6028.72  1.34095e-17
      6030.19  1.33573e-17
      6031.66  1.32244e-17
      6033.12  1.30999e-17
      6034.59  1.30447e-17
      6036.06  1.30514e-17
      6037.53  1.30676e-17
      6038.99  1.30038e-17
      6040.46  1.29522e-17
      6041.93  1.27535e-17
      6043.40  1.26050e-17
      6044.86  1.25886e-17
      6046.33  1.23912e-17
      6047.80  1.22729e-17
      6049.27  1.22945e-17
      6050.73  1.23199e-17
      6052.20  1.22186e-17
      6053.67  1.21369e-17
      6055.13  1.19146e-17
      6056.60  1.18863e-17
      6058.07  1.20366e-17
      6059.54  1.19439e-17
      6061.00  1.17455e-17
      6062.47  1.16479e-17
      6063.94  1.18773e-17
      6065.41  1.19273e-17
      6066.87  1.19002e-17
      6068.34  1.19759e-17
      6069.81  1.19788e-17
      6071.28  1.18026e-17
      6072.74  1.19352e-17
      6074.21  1.19109e-17
      6075.68  1.18239e-17
      6077.15  1.20150e-17
      6078.61  1.21034e-17
      6080.08  1.20791e-17
      6081.55  1.21113e-17
      6083.02  1.19875e-17
      6084.48  1.21673e-17
      6085.95  1.20789e-17
      6087.42  1.21470e-17
      6088.89  1.22753e-17
      6090.35  1.24267e-17
      6091.82  1.27884e-17
      6093.29  1.27695e-17
      6094.76  1.27698e-17
      6096.22  1.27042e-17
      6097.69  1.28645e-17
      6099.16  1.29889e-17
      6100.63  1.27773e-17
      6102.09  1.27164e-17
      6103.56  1.28847e-17
      6105.03  1.31506e-17
      6106.50  1.31173e-17
      6107.96  1.29982e-17
      6109.43  1.29487e-17
      6110.90  1.29546e-17
      6112.37  1.29860e-17
      6113.83  1.29983e-17
      6115.30  1.28601e-17
      6116.77  1.28658e-17
      6118.24  1.29229e-17
      6119.70  1.29761e-17
      6121.17  1.27567e-17
      6122.64  1.25278e-17
      6124.11  1.26890e-17
      6125.57  1.27984e-17
      6127.04  1.28822e-17
      6128.51  1.26999e-17
      6129.98  1.28175e-17
      6131.44  1.30548e-17
      6132.91  1.29461e-17
      6134.38  1.27272e-17
      6135.85  1.26023e-17
      6137.31  1.23639e-17
      6138.78  1.22099e-17
      6140.25  1.21639e-17
      6141.71  1.21442e-17
      6143.18  1.20557e-17
      6144.65  1.21666e-17
      6146.12  1.19447e-17
      6147.58  1.21660e-17
      6149.05  1.20978e-17
      6150.52  1.20479e-17
      6151.99  1.23830e-17
      6153.46  1.26327e-17
      6154.92  1.25198e-17
      6156.39  1.23443e-17
      6157.86  1.24799e-17
      6159.32  1.25681e-17
      6160.79  1.25797e-17
      6162.26  1.28493e-17
      6163.73  1.28961e-17
      6165.19  1.30838e-17
      6166.66  1.34962e-17
      6168.13  1.36891e-17
      6169.60  1.33460e-17
      6171.06  1.35239e-17
      6172.53  1.39730e-17
      6174.00  1.40929e-17
      6175.47  1.41446e-17
      6176.93  1.44710e-17
      6178.40  1.46751e-17
      6179.87  1.48654e-17
      6181.34  1.49359e-17
      6182.80  1.49473e-17
      6184.27  1.51696e-17
      6185.74  1.54449e-17
      6187.21  1.53566e-17
      6188.67  1.56369e-17
      6190.14  1.59111e-17
      6191.61  1.60724e-17
      6193.08  1.61959e-17
      6194.54  1.66117e-17
      6196.01  1.71048e-17
      6197.48  1.71011e-17
      6198.95  1.72295e-17
      6200.41  1.75281e-17
      6201.88  1.79976e-17
      6203.35  1.80933e-17
      6204.82  1.82474e-17
      6206.28  1.85890e-17
      6207.75  1.87909e-17
      6209.22  1.91505e-17
      6210.69  1.90340e-17
      6212.15  1.91886e-17
      6213.62  1.95964e-17
      6215.09  1.94169e-17
      6216.56  1.92571e-17
      6218.02  1.91177e-17
      6219.49  1.92913e-17
      6220.96  1.95535e-17
      6222.43  1.95398e-17
      6223.89  1.95724e-17
      6225.36  1.96635e-17
      6226.83  1.97023e-17
      6228.29  1.97345e-17
      6229.76  1.96829e-17
      6231.23  1.96475e-17
      6232.70  1.96199e-17
      6234.17  1.94802e-17
      6235.63  1.96802e-17
      6237.10  1.95464e-17
      6238.57  1.94016e-17
      6240.04  1.97493e-17
      6241.50  1.98126e-17
      6242.97  1.98880e-17
      6244.44  1.99654e-17
      6245.90  1.98229e-17
      6247.37  1.99129e-17
      6248.84  2.02045e-17
      6250.31  2.04476e-17
      6251.77  2.02741e-17
      6253.24  2.03664e-17
      6254.71  2.05026e-17
      6256.18  2.06252e-17
      6257.64  2.04607e-17
      6259.11  2.02548e-17
      6260.58  2.02813e-17
      6262.05  2.02241e-17
      6263.51  2.02227e-17
      6264.98  2.03610e-17
      6266.45  2.02834e-17
      6267.92  2.01904e-17
      6269.38  2.00329e-17
      6270.85  1.96198e-17
      6272.32  1.93173e-17
      6273.79  1.93242e-17
      6275.25  1.95777e-17
      6276.72  1.94646e-17
      6278.19  1.92697e-17
      6279.66  1.95275e-17
      6281.12  1.94277e-17
      6282.59  1.90750e-17
      6284.06  1.92732e-17
      6285.53  1.93247e-17
      6286.99  1.87809e-17
      6288.46  1.87033e-17
      6289.93  1.88965e-17
      6291.40  1.87911e-17
      6292.86  1.86150e-17
      6294.33  1.87682e-17
      6295.80  1.88504e-17
      6297.27  1.88947e-17
      6298.73  1.89351e-17
      6300.20  1.84012e-17
      6301.67  1.86444e-17
      6303.14  1.90085e-17
      6304.60  1.87918e-17
      6306.07  1.83283e-17
      6307.54  1.81684e-17
      6309.01  1.82253e-17
      6310.47  1.82217e-17
      6311.94  1.79006e-17
      6313.41  1.79858e-17
      6314.88  1.80259e-17
      6316.34  1.76979e-17
      6317.81  1.77465e-17
      6319.28  1.79014e-17
      6320.75  1.77293e-17
      6322.21  1.75321e-17
      6323.68  1.71372e-17
      6325.15  1.69699e-17
      6326.62  1.68740e-17
      6328.08  1.68611e-17
      6329.55  1.67892e-17
      6331.02  1.65919e-17
      6332.48  1.65569e-17
      6333.95  1.64958e-17
      6335.42  1.64247e-17
      6336.89  1.60732e-17
      6338.35  1.57175e-17
      6339.82  1.57960e-17
      6341.29  1.58818e-17
      6342.76  1.59032e-17
      6344.23  1.55562e-17
      6345.69  1.53900e-17
      6347.16  1.54682e-17
      6348.63  1.55204e-17
      6350.09  1.52221e-17
      6351.56  1.49369e-17
      6353.03  1.51175e-17
      6354.50  1.49795e-17
      6355.96  1.49604e-17
      6357.43  1.48455e-17
      6358.90  1.47721e-17
      6360.37  1.47349e-17
      6361.83  1.46166e-17
      6363.30  1.44846e-17
      6364.77  1.45548e-17
      6366.24  1.43728e-17
      6367.70  1.43662e-17
      6369.17  1.46874e-17
      6370.64  1.45760e-17
      6372.11  1.44375e-17
      6373.57  1.45435e-17
      6375.04  1.46200e-17
      6376.51  1.45602e-17
      6377.98  1.43612e-17
      6379.44  1.44103e-17
      6380.91  1.42869e-17
      6382.38  1.41291e-17
      6383.85  1.45325e-17
      6385.31  1.45356e-17
      6386.78  1.44156e-17
      6388.25  1.44333e-17
      6389.72  1.44704e-17
      6391.18  1.44483e-17
      6392.65  1.42805e-17
      6394.12  1.40757e-17
      6395.59  1.43078e-17
      6397.05  1.44285e-17
      6398.52  1.40057e-17
      6399.99  1.39836e-17
      6401.46  1.41971e-17
      6402.92  1.42454e-17
      6404.39  1.42199e-17
      6405.86  1.42221e-17
      6407.33  1.42196e-17
      6408.79  1.42890e-17
      6410.26  1.42736e-17
      6411.73  1.41060e-17
      6413.20  1.42076e-17
      6414.66  1.42458e-17
      6416.13  1.41780e-17
      6417.60  1.42955e-17
      6419.06  1.44127e-17
      6420.53  1.44425e-17
      6422.00  1.43793e-17
      6423.47  1.42820e-17
      6424.94  1.43808e-17
      6426.40  1.46177e-17
      6427.87  1.44709e-17
      6429.34  1.44960e-17
      6430.81  1.49501e-17
      6432.27  1.49798e-17
      6433.74  1.50227e-17
      6435.21  1.51178e-17
      6436.67  1.50890e-17
      6438.14  1.51879e-17
      6439.61  1.52520e-17
      6441.08  1.52131e-17
      6442.54  1.50824e-17
      6444.01  1.51618e-17
      6445.48  1.54495e-17
      6446.95  1.54270e-17
      6448.41  1.55805e-17
      6449.88  1.54217e-17
      6451.35  1.54103e-17
      6452.82  1.54513e-17
      6454.28  1.55272e-17
      6455.75  1.53443e-17
      6457.22  1.53231e-17
      6458.69  1.55683e-17
      6460.15  1.53876e-17
      6461.62  1.52440e-17
      6463.09  1.50768e-17
      6464.56  1.50836e-17
      6466.02  1.52447e-17
      6467.49  1.51947e-17
      6468.96  1.49698e-17
      6470.43  1.50352e-17
      6471.89  1.50331e-17
      6473.36  1.50590e-17
      6474.83  1.50058e-17
      6476.30  1.49087e-17
      6477.76  1.50287e-17
      6479.23  1.49473e-17
      6480.70  1.48966e-17
      6482.17  1.45660e-17
      6483.63  1.44078e-17
      6485.10  1.44564e-17
      6486.57  1.46554e-17
      6488.04  1.48169e-17
      6489.50  1.47978e-17
      6490.97  1.46546e-17
      6492.44  1.45338e-17
      6493.91  1.44584e-17
      6495.37  1.44654e-17
      6496.84  1.42191e-17
      6498.31  1.42434e-17
      6499.78  1.42819e-17
      6501.24  1.42351e-17
      6502.71  1.42588e-17
      6504.18  1.41059e-17
      6505.65  1.39662e-17
      6507.11  1.39281e-17
      6508.58  1.38788e-17
      6510.05  1.38993e-17
      6511.52  1.36233e-17
      6512.98  1.35254e-17
      6514.45  1.36681e-17
      6515.92  1.36354e-17
      6517.39  1.36362e-17
      6518.85  1.35561e-17
      6520.32  1.36999e-17
      6521.79  1.38787e-17
      6523.25  1.37024e-17
      6524.72  1.37542e-17
      6526.19  1.38170e-17
      6527.66  1.35072e-17
      6529.12  1.33831e-17
      6530.59  1.35203e-17
      6532.06  1.35236e-17
      6533.53  1.34989e-17
      6534.99  1.34742e-17
      6536.46  1.34495e-17
      6537.93  1.34249e-17
      6539.40  1.34002e-17
      6540.86  1.33755e-17
      6542.33  1.33508e-17
      6543.80  1.33262e-17
      6545.27  1.33015e-17
      6546.73  1.32768e-17
      6548.20  1.32522e-17
      6549.67  1.32275e-17
      6551.14  1.32029e-17
      6552.60  1.31782e-17
      6554.07  1.31536e-17
      6555.54  1.31289e-17
      6557.01  1.31042e-17
      6558.47  1.30796e-17
      6559.94  1.30550e-17
      6561.41  1.30303e-17
      6562.88  1.30057e-17
      6564.34  1.29810e-17
      6565.81  1.29564e-17
      6567.28  1.29318e-17
      6568.75  1.29071e-17
      6570.21  1.28825e-17
      6571.68  1.28578e-17
      6573.15  1.28332e-17
      6574.62  1.28086e-17
      6576.08  1.27840e-17
      6577.55  1.27593e-17
      6579.02  1.27347e-17
      6580.49  1.27101e-17
      6581.95  1.26855e-17
      6583.42  1.26609e-17
      6584.89  1.26362e-17
      6586.36  1.26116e-17
      6587.82  1.25870e-17
      6589.29  1.25624e-17
      6590.76  1.25378e-17
      6592.23  1.25132e-17
      6593.69  1.24886e-17
      6595.16  1.23092e-17
      6596.63  1.19327e-17
      6598.10  1.20920e-17
      6599.56  1.22884e-17
      6601.03  1.19844e-17
      6602.50  1.19030e-17
      6603.97  1.22613e-17
      6605.43  1.21184e-17
      6606.90  1.17654e-17
      6608.37  1.18518e-17
      6609.84  1.18478e-17
      6611.30  1.17163e-17
      6612.77  1.17232e-17
      6614.24  1.17594e-17
      6615.71  1.15799e-17
      6617.17  1.13671e-17
      6618.64  1.13831e-17
      6620.11  1.13475e-17
      6621.57  1.13136e-17
      6623.04  1.13258e-17
      6624.51  1.13735e-17
      6625.98  1.13682e-17
      6627.44  1.11910e-17
      6628.91  1.11156e-17
      6630.38  1.10479e-17
      6631.85  1.09995e-17
      6633.31  1.11008e-17
      6634.78  1.09828e-17
      6636.25  1.09912e-17
      6637.72  1.08786e-17
      6639.18  1.09175e-17
      6640.65  1.10313e-17
      6642.12  1.09689e-17
      6643.59  1.09387e-17
      6645.05  1.08267e-17
      6646.52  1.08382e-17
      6647.99  1.07841e-17
      6649.46  1.06938e-17
      6650.92  1.07173e-17
      6652.39  1.07034e-17
      6653.86  1.08148e-17
      6655.33  1.05940e-17
      6656.79  1.03547e-17
      6658.26  1.06347e-17
      6659.73  1.07902e-17
      6661.20  1.04322e-17
      6662.66  1.01705e-17
      6664.13  1.02348e-17
      6665.60  1.04102e-17
      6667.07  1.05196e-17
      6668.53  1.01333e-17
      6670.00  1.01217e-17
      6671.47  1.03666e-17
      6672.94  1.02192e-17
      6674.40  1.02321e-17
      6675.87  1.04143e-17
      6677.34  1.04076e-17
      6678.81  1.02536e-17
      6680.27  1.02302e-17
      6681.74  1.02045e-17
      6683.21  1.02632e-17
      6684.68  1.01559e-17
      6686.14  1.00575e-17
      6687.61  1.00763e-17
      6689.08  9.86697e-18
      6690.55  9.83926e-18
      6692.01  9.68738e-18
      6693.48  9.63234e-18
      6694.95  9.60187e-18
      6696.42  9.67585e-18
      6697.88  9.56872e-18
      6699.35  9.41863e-18
      6700.82  9.46792e-18
      6702.29  9.49457e-18
      6703.75  9.39160e-18
      6705.22  9.31535e-18
      6706.69  9.25175e-18
      6708.15  9.00245e-18
      6709.62  8.96016e-18
      6711.09  9.16512e-18
      6712.56  9.25864e-18
      6714.02  9.66663e-18
      6715.49  9.88515e-18
      6716.96  9.92627e-18
      6718.43  9.84899e-18
      6719.90  9.56671e-18
      6721.36  9.22092e-18
      6722.83  8.76678e-18
      6724.30  8.62478e-18
      6725.76  8.89347e-18
      6727.23  9.02791e-18
      6728.70  9.22392e-18
      6730.17  9.59971e-18
      6731.63  9.49881e-18
      6733.10  9.28983e-18
      6734.57  9.06786e-18
      6736.04  8.72277e-18
      6737.50  8.76498e-18
      6738.97  8.63008e-18
      6740.44  8.59587e-18
      6741.91  8.72627e-18
      6743.37  8.59783e-18
      6744.84  8.78806e-18
      6746.31  9.05737e-18
      6747.78  8.87139e-18
      6749.24  8.91185e-18
      6750.71  8.88756e-18
      6752.18  8.66345e-18
      6753.65  8.83654e-18
      6755.11  8.95387e-18
      6756.58  8.83826e-18
      6758.05  8.74530e-18
      6759.52  8.87163e-18
      6760.98  8.86754e-18
      6762.45  8.91915e-18
      6763.92  9.01890e-18
      6765.39  9.07242e-18
      6766.85  8.97428e-18
      6768.32  8.95214e-18
      6769.79  9.13673e-18
      6771.26  9.21175e-18
      6772.72  8.96074e-18
      6774.19  8.78819e-18
      6775.66  9.01764e-18
      6777.13  9.21190e-18
      6778.59  8.96708e-18
      6780.06  8.73420e-18
      6781.53  8.84053e-18
      6783.00  8.96626e-18
      6784.46  8.98496e-18
      6785.93  8.93000e-18
      6787.40  8.90285e-18
      6788.87  8.85385e-18
      6790.33  8.93916e-18
      6791.80  9.02087e-18
      6793.27  8.99571e-18
      6794.74  8.92763e-18
      6796.20  9.05103e-18
      6797.67  9.21554e-18
      6799.14  8.99912e-18
      6800.61  8.80379e-18
      6802.07  8.84903e-18
      6803.54  8.86280e-18
      6805.01  8.80674e-18
      6806.48  8.72817e-18
      6807.94  8.73659e-18
      6809.41  8.71938e-18
      6810.88  8.68529e-18
      6812.34  8.82181e-18
      6813.81  8.81231e-18
      6815.28  8.67345e-18
      6816.75  8.57513e-18
      6818.21  8.57900e-18
      6819.68  8.54597e-18
      6821.15  8.53826e-18
      6822.62  8.66002e-18
      6824.08  8.59736e-18
      6825.55  8.56393e-18
      6827.02  8.53953e-18
      6828.49  8.53232e-18
      6829.95  8.53203e-18
      6831.42  8.42888e-18
      6832.89  8.59071e-18
      6834.36  8.58591e-18
      6835.82  8.58111e-18
      6837.29  8.57631e-18
      6838.76  8.57151e-18
      6840.23  8.56671e-18
      6841.69  8.56192e-18
      6843.16  8.55712e-18
      6844.63  8.55232e-18
      6846.10  8.54752e-18
      6847.56  8.54273e-18
      6849.03  8.53793e-18
      6850.50  8.53313e-18
      6851.97  8.52834e-18
      6853.43  8.52354e-18
      6854.90  8.51875e-18
      6856.37  8.51395e-18
      6857.84  8.50916e-18
      6859.30  8.50436e-18
      6860.77  8.49957e-18
      6862.24  8.49478e-18
      6863.71  8.48998e-18
      6865.17  8.48519e-18
      6866.64  8.48040e-18
      6868.11  8.47560e-18
      6869.58  8.47081e-18
      6871.04  8.46602e-18
      6872.51  8.46123e-18
      6873.98  8.45644e-18
      6875.45  8.45165e-18
      6876.91  8.44686e-18
      6878.38  8.44207e-18
      6879.85  8.43728e-18
      6881.32  8.43249e-18
      6882.78  8.42770e-18
      6884.25  8.42291e-18
      6885.72  8.41812e-18
      6887.19  8.41333e-18
      6888.65  8.40854e-18
      6890.12  8.40375e-18
      6891.59  8.39897e-18
      6893.06  8.39418e-18
      6894.52  8.38939e-18
      6895.99  8.38460e-18
      6897.46  8.37982e-18
      6898.92  8.37503e-18
      6900.39  8.37024e-18
      6901.86  8.36546e-18
      6903.33  8.36067e-18
      6904.80  8.35588e-18
      6906.26  8.35110e-18
      6907.73  8.34632e-18
      6909.20  8.34153e-18
      6910.67  8.33675e-18
      6912.13  8.33196e-18
      6913.60  8.32718e-18
      6915.07  8.32240e-18
      6916.53  8.31761e-18
      6918.00  8.31283e-18
      6919.47  8.30805e-18
      6920.94  8.30327e-18
      6922.40  8.29848e-18
      6923.87  8.29370e-18
      6925.34  8.40042e-18
      6926.81  8.56262e-18
      6928.27  8.65817e-18
      6929.74  8.60147e-18
      6931.21  8.70658e-18
      6932.68  8.78995e-18
      6934.14  8.72976e-18
      6935.61  8.82879e-18
      6937.08  8.98099e-18
      6938.55  8.94677e-18
      6940.01  8.89913e-18
      6941.48  9.04236e-18
      6942.95  9.12925e-18
      6944.42  9.17335e-18
      6945.88  9.19810e-18
      6947.35  9.32860e-18
      6948.82  9.41462e-18
      6950.29  9.32755e-18
      6951.75  9.31363e-18
      6953.22  9.51581e-18
      6954.69  9.64342e-18
      6956.16  9.56030e-18
      6957.62  9.64219e-18
      6959.09  9.78516e-18
      6960.56  9.82701e-18
      6962.03  9.85009e-18
      6963.49  9.73454e-18
      6964.96  9.68529e-18
      6966.43  9.74064e-18
      6967.90  9.85587e-18
      6969.36  9.84378e-18
      6970.83  9.56153e-18
      6972.30  9.61486e-18
      6973.77  9.86033e-18
      6975.23  9.92153e-18
      6976.70  9.86238e-18
      6978.17  9.63606e-18
      6979.64  9.62088e-18
      6981.10  9.81807e-18
      6982.57  9.83354e-18
      6984.04  9.60696e-18
      6985.51  9.65494e-18
      6986.97  9.93717e-18
      6988.44  9.86791e-18
      6989.91  9.74841e-18
      6991.38  9.56996e-18
      6992.84  9.34719e-18
      6994.31  9.51176e-18
      6995.78  9.68776e-18
      6997.25  9.36146e-18
      6998.71  9.60602e-18
      7000.18  1.00214e-17
      7001.65  9.80508e-18
      7003.11  9.38477e-18
      7004.58  9.31662e-18
      7006.05  9.36060e-18
      7007.52  9.51352e-18
      7008.98  9.66711e-18
      7010.45  9.60495e-18
      7011.92  9.36800e-18
      7013.39  9.12802e-18
      7014.85  9.28303e-18
      7016.32  9.39728e-18
      7017.79  9.29703e-18
      7019.26  9.35916e-18
      7020.72  9.40346e-18
      7022.19  9.32493e-18
      7023.66  9.31289e-18
      7025.13  9.10478e-18
      7026.59  9.08899e-18
      7028.06  9.21081e-18
      7029.53  9.26121e-18
      7031.00  9.06101e-18
      7032.46  9.02204e-18
      7033.93  9.12590e-18
      7035.40  9.42756e-18
      7036.87  9.31440e-18
      7038.33  8.99569e-18
      7039.80  9.02606e-18
      7041.27  9.36547e-18
      7042.74  9.39929e-18
      7044.20  9.26497e-18
      7045.67  9.25879e-18
      7047.14  9.06606e-18
      7048.61  9.24308e-18
      7050.07  9.51777e-18
      7051.54  9.51615e-18
      7053.01  9.53243e-18
      7054.48  9.42218e-18
      7055.94  9.24027e-18
      7057.41  9.41884e-18
      7058.88  9.64706e-18
      7060.35  9.58590e-18
      7061.81  9.64087e-18
      7063.28  9.67806e-18
      7064.75  9.60539e-18
      7066.22  9.60832e-18
      7067.68  9.76725e-18
      7069.15  9.64880e-18
      7070.62  9.30009e-18
      7072.09  9.35454e-18
      7073.55  9.58543e-18
      7075.02  9.39638e-18
      7076.49  9.19969e-18
      7077.96  9.31149e-18
      7079.42  9.55208e-18
      7080.89  9.45842e-18
      7082.36  9.16918e-18
      7083.83  9.20958e-18
      7085.29  9.35456e-18
      7086.76  9.39865e-18
      7088.23  9.32304e-18
      7089.69  9.37548e-18
      7091.16  9.60001e-18
      7092.63  9.51819e-18
      7094.10  9.18825e-18
      7095.56  9.04026e-18
      7097.03  9.14415e-18
      7098.50  9.22247e-18
      7099.97  9.17014e-18
      7101.44  9.09808e-18
      7102.90  9.17318e-18
      7104.37  9.18998e-18
      7105.84  9.15181e-18
      7107.30  9.28614e-18
      7108.77  9.20815e-18
      7110.24  9.09969e-18
      7111.71  9.20562e-18
      7113.17  9.14649e-18
      7114.64  9.08880e-18
      7116.11  9.12459e-18
      7117.58  9.22998e-18
      7119.04  9.24867e-18
      7120.51  9.04645e-18
      7121.98  9.12869e-18
      7123.45  9.28040e-18
      7124.91  9.38592e-18
      7126.38  9.67596e-18
      7127.85  9.83760e-18
      7129.32  9.70327e-18
      7130.78  9.61113e-18
      7132.25  9.81826e-18
      7133.72  1.00040e-17
      7135.19  9.92374e-18
      7136.65  9.85908e-18
      7138.12  9.98485e-18
      7139.59  1.01146e-17
      7141.06  1.02528e-17
      7142.52  1.01831e-17
      7143.99  1.00992e-17
      7145.46  1.03070e-17
      7146.93  1.05401e-17
      7148.39  1.05248e-17
      7149.86  1.05101e-17
      7151.33  1.06293e-17
      7152.80  1.07374e-17
      7154.26  1.08950e-17
      7155.73  1.09279e-17
      7157.20  1.09605e-17
      7158.67  1.12458e-17
      7160.13  1.16881e-17
      7161.60  1.18662e-17
      7163.07  1.15786e-17
      7164.54  1.16210e-17
      7166.00  1.19070e-17
      7167.47  1.20668e-17
      7168.94  1.21053e-17
      7170.41  1.20208e-17
      7171.87  1.19980e-17
      7173.34  1.21298e-17
      7174.81  1.22501e-17
      7176.28  1.22421e-17
      7177.74  1.22786e-17
      7179.21  1.23501e-17
      7180.68  1.22878e-17
      7182.15  1.24507e-17
      7183.61  1.26148e-17
      7185.08  1.25584e-17
      7186.55  1.26815e-17
      7188.02  1.25937e-17
      7189.48  1.23795e-17
      7190.95  1.23417e-17
      7192.42  1.21771e-17
      7193.88  1.23473e-17
      7195.35  1.25844e-17
      7196.82  1.25345e-17
      7198.29  1.23680e-17
      7199.75  1.23341e-17
      7201.22  1.22505e-17
      7202.69  1.19417e-17
      7204.16  1.19816e-17
      7205.62  1.22041e-17
      7207.09  1.22859e-17
      7208.56  1.23611e-17
      7210.03  1.24352e-17
      7211.49  1.22682e-17
      7212.96  1.22077e-17
      7214.43  1.26642e-17
      7215.90  1.29518e-17
      7217.36  1.25914e-17
      7218.83  1.26355e-17
      7220.30  1.29706e-17
      7221.77  1.30763e-17
      7223.23  1.30734e-17
      7224.70  1.30440e-17
      7226.17  1.32355e-17
      7227.64  1.34431e-17
      7229.10  1.36007e-17
      7230.57  1.35661e-17
      7232.04  1.35903e-17
      7233.51  1.37056e-17
      7234.97  1.40164e-17
      7236.44  1.38716e-17
      7237.91  1.36261e-17
      7239.38  1.36251e-17
      7240.84  1.37283e-17
      7242.31  1.39792e-17
      7243.78  1.41742e-17
      7245.25  1.43444e-17
      7246.71  1.41561e-17
      7248.18  1.39125e-17
      7249.65  1.40736e-17
      7251.12  1.42852e-17
      7252.58  1.40291e-17
      7254.05  1.40542e-17
      7255.52  1.42373e-17
      7256.99  1.42134e-17
      7258.45  1.42923e-17
      7259.92  1.45652e-17
      7261.39  1.48750e-17
      7262.86  1.49743e-17
      7264.32  1.49385e-17
      7265.79  1.48323e-17
      7267.26  1.48796e-17
      7268.73  1.48495e-17
      7270.19  1.49081e-17
      7271.66  1.49015e-17
      7273.13  1.47454e-17
      7274.60  1.47438e-17
      7276.06  1.50817e-17
      7277.53  1.52912e-17
      7279.00  1.50579e-17
      7280.47  1.49330e-17
      7281.93  1.48457e-17
      7283.40  1.50693e-17
      7284.87  1.52304e-17
      7286.33  1.49853e-17
      7287.80  1.48572e-17
      7289.27  1.50348e-17
      7290.74  1.51571e-17
      7292.20  1.55593e-17
      7293.67  1.55970e-17
      7295.14  1.53723e-17
      7296.61  1.55201e-17
      7298.07  1.54252e-17
      7299.54  1.53067e-17
      7301.01  1.56574e-17
      7302.48  1.55234e-17
      7303.94  1.54362e-17
      7305.41  1.56455e-17
      7306.88  1.52350e-17
      7308.35  1.49819e-17
      7309.81  1.50893e-17
      7311.28  1.49371e-17
      7312.75  1.46735e-17
      7314.22  1.46112e-17
      7315.68  1.47432e-17
      7317.15  1.47541e-17
      7318.62  1.48470e-17
      7320.09  1.47738e-17
      7321.55  1.44849e-17
      7323.02  1.44816e-17
      7324.49  1.45299e-17
      7325.96  1.43715e-17
      7327.42  1.42329e-17
      7328.89  1.42514e-17
      7330.36  1.40566e-17
      7331.83  1.41435e-17
      7333.29  1.42170e-17
      7334.76  1.38370e-17
      7336.23  1.35469e-17
      7337.70  1.34489e-17
      7339.16  1.34025e-17
      7340.63  1.33093e-17
      7342.10  1.30541e-17
      7343.57  1.29589e-17
      7345.03  1.29336e-17
      7346.50  1.29326e-17
      7347.97  1.31418e-17
      7349.44  1.29277e-17
      7350.90  1.25314e-17
      7352.37  1.24840e-17
      7353.84  1.23703e-17
      7355.31  1.21160e-17
      7356.77  1.22984e-17
      7358.24  1.24647e-17
      7359.71  1.22401e-17
      7361.18  1.21654e-17
      7362.64  1.21164e-17
      7364.11  1.19291e-17
      7365.58  1.21664e-17
      7367.05  1.21683e-17
      7368.51  1.19163e-17
      7369.98  1.19343e-17
      7371.45  1.19720e-17
      7372.92  1.19881e-17
      7374.38  1.22329e-17
      7375.85  1.22187e-17
      7377.32  1.22732e-17
      7378.78  1.23207e-17
      7380.25  1.20761e-17
      7381.72  1.22262e-17
      7383.19  1.24408e-17
      7384.65  1.21153e-17
      7386.12  1.20466e-17
      7387.59  1.20640e-17
      7389.06  1.22466e-17
      7390.52  1.23180e-17
      7391.99  1.21580e-17
      7393.46  1.19938e-17
      7394.93  1.18798e-17
      7396.39  1.18598e-17
      7397.86  1.20207e-17
      7399.33  1.22259e-17
      7400.80  1.22009e-17
      7402.26  1.18998e-17
      7403.73  1.17168e-17
