3662.16000 4.83220e-15
3667.67000 4.82230e-15
3673.19000 5.04860e-15
3678.70000 5.43990e-15
3684.22000 6.06240e-15
3689.74000 6.68720e-15
3695.25000 7.26880e-15
3700.77000 8.28940e-15
3706.28000 9.03390e-15
3711.80000 1.00530e-14
3717.31000 1.11790e-14
3722.83000 1.18860e-14
3728.34000 1.25610e-14
3733.86000 1.28430e-14
3739.37000 1.30770e-14
3744.89000 1.36400e-14
3750.41000 1.37610e-14
3755.92000 1.41020e-14
3761.44000 1.40460e-14
3766.95000 1.36310e-14
3772.47000 1.34730e-14
3777.98000 1.32580e-14
3783.50000 1.26240e-14
3789.01000 1.16140e-14
3794.53000 1.05950e-14
3800.05000 9.96880e-15
3805.56000 8.95800e-15
3811.08000 7.58530e-15
3816.59000 6.83150e-15
3822.11000 5.81180e-15
3827.62000 5.50190e-15
3833.14000 2.15200e-15
3838.65000 4.05860e-15
3844.17000 4.17280e-15
3849.69000 3.89720e-15
3855.20000 4.20110e-15
3860.72000 4.30230e-15
3866.23000 4.38290e-15
3871.75000 5.05470e-15
3877.26000 5.52900e-15
3882.78000 6.06130e-15
3888.29000 6.90100e-15
3893.81000 7.34510e-15
3899.32000 9.03530e-15
3904.84000 1.03600e-14
3910.36000 1.20780e-14
3915.87000 1.38770e-14
3921.39000 1.56400e-14
3926.90000 1.70150e-14
3932.42000 1.83120e-14
3937.93000 1.94110e-14
3943.45000 1.98170e-14
3948.96000 2.01580e-14
3954.48000 2.11830e-14
3960.00000 2.12360e-14
3965.51000 2.15510e-14
3971.03000 2.16750e-14
3976.54000 2.19740e-14
3982.06000 2.19960e-14
3987.57000 2.18030e-14
3993.09000 2.13730e-14
3998.60000 2.14710e-14
4004.12000 2.08900e-14
4009.63000 2.05170e-14
4015.15000 1.97230e-14
4020.67000 1.88480e-14
4026.18000 1.85560e-14
4031.70000 1.80890e-14
4037.21000 1.77680e-14
4042.73000 1.82560e-14
4048.24000 1.86780e-14
4053.76000 1.88170e-14
4059.27000 1.95710e-14
4064.79000 1.96560e-14
4070.31000 1.99530e-14
4075.82000 1.94960e-14
4081.34000 1.93000e-14
4086.85000 1.87750e-14
4092.37000 1.81970e-14
4097.88000 1.77750e-14
4103.40000 1.72530e-14
4108.91000 1.69120e-14
4114.43000 1.68280e-14
4119.94000 1.69250e-14
4125.46000 1.69390e-14
4130.98000 1.69170e-14
4136.49000 1.69180e-14
4142.01000 1.65710e-14
4147.52000 1.61350e-14
4153.04000 1.55580e-14
4158.55000 1.53170e-14
4164.07000 1.51470e-14
4169.58000 1.46050e-14
4175.10000 1.44690e-14
4180.62000 1.42960e-14
4186.13000 1.45170e-14
4191.65000 1.41570e-14
4197.16000 1.39980e-14
4202.68000 1.32400e-14
4208.19000 1.27710e-14
4213.71000 1.22340e-14
4219.22000 1.17230e-14
4224.74000 1.10120e-14
4230.25000 1.06920e-14
4235.77000 1.06020e-14
4241.29000 1.02630e-14
4246.80000 1.02330e-14
4252.32000 1.01170e-14
4257.83000 1.03660e-14
4263.35000 1.06140e-14
4268.86000 1.07630e-14
4274.38000 1.15540e-14
4279.89000 1.23060e-14
4285.41000 1.31090e-14
4290.93000 1.38300e-14
4296.44000 1.40990e-14
4301.96000 1.44190e-14
4307.47000 1.47620e-14
4312.99000 1.47180e-14
4318.50000 1.46420e-14
4324.02000 1.47250e-14
4329.53000 1.50290e-14
4335.05000 1.49750e-14
4340.56000 1.51850e-14
4346.08000 1.56180e-14
4351.60000 1.56470e-14
4357.11000 1.55510e-14
4362.63000 1.59490e-14
4368.14000 1.61500e-14
4373.66000 1.60540e-14
4379.17000 1.61540e-14
4384.69000 1.59610e-14
4390.20000 1.58470e-14
4395.72000 1.58060e-14
4401.24000 1.56900e-14
4406.75000 1.54220e-14
4412.27000 1.54300e-14
4417.78000 1.47720e-14
4423.30000 1.42540e-14
4428.81000 1.37490e-14
4434.33000 1.34070e-14
4439.84000 1.26950e-14
4445.36000 1.27100e-14
4450.87000 1.22150e-14
4456.39000 1.18470e-14
4461.91000 1.14670e-14
4467.42000 1.15120e-14
4472.94000 1.11420e-14
4478.45000 1.14590e-14
4483.97000 1.15570e-14
4489.48000 1.15980e-14
4495.00000 1.19480e-14
4500.51000 1.24240e-14
4506.03000 1.31720e-14
4511.55000 1.40050e-14
4517.06000 1.46410e-14
4522.58000 1.55270e-14
4528.09000 1.68110e-14
4533.61000 1.74770e-14
4539.12000 1.83300e-14
4544.64000 1.88450e-14
4550.15000 1.91020e-14
4555.67000 1.93270e-14
4561.18000 2.00660e-14
4566.70000 2.01290e-14
4572.22000 2.07490e-14
4577.73000 2.10850e-14
4583.25000 2.14340e-14
4588.76000 2.15660e-14
4594.28000 2.18880e-14
4599.79000 2.16100e-14
4605.31000 2.17270e-14
4610.82000 2.16560e-14
4616.34000 2.16770e-14
4621.86000 2.17140e-14
4627.37000 2.11920e-14
4632.89000 2.06050e-14
4638.40000 2.06260e-14
4643.92000 2.01590e-14
4649.43000 1.95080e-14
4654.95000 1.94700e-14
4660.46000 1.89070e-14
4665.98000 1.86680e-14
4671.49000 1.80550e-14
4677.01000 1.81070e-14
4682.53000 1.75940e-14
4688.04000 1.74000e-14
4693.56000 1.70510e-14
4699.07000 1.66860e-14
4704.59000 1.62800e-14
4710.10000 1.59910e-14
4715.62000 1.54970e-14
4721.13000 1.47680e-14
4726.65000 1.44010e-14
4732.17000 1.36020e-14
4737.68000 1.27690e-14
4743.20000 1.22430e-14
4748.71000 1.15470e-14
4754.23000 1.09780e-14
4759.74000 1.06260e-14
4765.26000 1.04670e-14
4770.77000 1.07270e-14
4776.29000 1.10390e-14
4781.80000 1.20950e-14
4787.32000 1.32160e-14
4792.84000 1.43880e-14
4798.35000 1.55030e-14
4803.87000 1.64140e-14
4809.38000 1.76920e-14
4814.90000 1.81540e-14
4820.41000 1.85040e-14
4825.93000 1.83390e-14
4831.44000 1.82790e-14
4836.96000 1.85490e-14
4842.48000 1.83200e-14
4847.99000 1.85820e-14
4853.51000 1.93720e-14
4859.02000 1.96460e-14
4864.54000 2.04420e-14
4870.05000 2.11640e-14
4875.57000 2.14830e-14
4881.08000 2.15220e-14
4886.60000 2.16570e-14
4892.11000 2.15740e-14
4897.63000 2.12830e-14
4903.15000 2.06200e-14
4908.66000 1.99910e-14
4914.18000 1.91790e-14
4919.69000 1.83940e-14
4925.21000 1.80260e-14
4930.72000 1.73140e-14
4936.24000 1.74230e-14
4941.75000 1.72960e-14
4947.27000 1.70770e-14
4952.79000 1.75860e-14
4958.30000 1.83010e-14
4963.82000 1.91630e-14
4969.33000 1.95280e-14
4974.85000 2.00680e-14
4980.36000 2.02820e-14
4985.88000 2.06280e-14
4991.39000 2.09650e-14
4996.91000 2.13420e-14
5002.42000 2.11130e-14
5007.94000 2.11430e-14
5013.46000 2.11890e-14
5018.97000 2.07440e-14
5024.49000 2.06280e-14
5030.00000 2.00600e-14
5035.52000 1.93190e-14
5041.03000 1.87720e-14
5046.55000 1.80070e-14
5052.06000 1.71760e-14
5057.58000 1.61240e-14
5063.10000 1.53510e-14
5068.61000 1.46510e-14
5074.13000 1.40300e-14
5079.64000 1.36600e-14
5085.16000 1.33930e-14
5090.67000 1.33540e-14
5096.19000 1.36200e-14
5101.70000 1.41330e-14
5107.22000 1.45010e-14
5112.73000 1.50650e-14
5118.25000 1.59640e-14
5123.77000 1.61820e-14
5129.28000 1.67910e-14
5134.80000 1.72870e-14
5140.31000 1.76220e-14
5145.83000 1.79930e-14
5151.34000 1.81560e-14
5156.86000 1.84600e-14
5162.37000 1.88430e-14
5167.89000 1.89840e-14
5173.41000 1.89240e-14
5178.92000 1.88250e-14
5184.44000 1.85400e-14
5189.95000 1.83830e-14
5195.47000 1.86320e-14
5200.98000 1.85800e-14
5206.50000 1.80260e-14
5212.01000 1.81490e-14
5217.53000 1.83390e-14
5223.04000 1.83620e-14
5228.56000 1.80150e-14
5234.08000 1.80800e-14
5239.59000 1.82710e-14
5245.11000 1.80910e-14
5250.62000 1.88460e-14
5256.14000 1.88110e-14
5261.65000 1.89980e-14
5267.17000 1.92710e-14
5272.68000 1.98700e-14
5278.20000 1.97070e-14
5283.72000 1.99200e-14
5289.23000 2.04110e-14
5294.75000 2.04030e-14
5300.26000 2.00100e-14
5305.78000 2.00160e-14
5311.29000 2.05790e-14
5316.81000 2.03640e-14
5322.32000 2.03180e-14
5327.84000 2.01260e-14
5333.35000 1.99930e-14
5338.87000 1.98500e-14
5344.39000 1.99470e-14
5349.90000 1.98420e-14
5355.42000 1.97130e-14
5360.93000 1.94910e-14
5366.45000 1.97690e-14
5371.96000 1.93200e-14
5377.48000 1.90830e-14
5382.99000 1.92040e-14
5388.51000 1.90260e-14
5394.03000 1.89270e-14
5399.54000 1.85590e-14
5405.06000 1.85040e-14
5410.57000 1.80530e-14
5416.09000 1.80150e-14
5421.60000 1.78920e-14
5427.12000 1.74730e-14
5432.63000 1.73590e-14
5438.15000 1.72590e-14
5443.66000 1.73530e-14
5449.18000 1.72730e-14
5454.70000 1.71660e-14
5460.21000 1.72980e-14
5465.73000 1.74440e-14
5471.24000 1.75270e-14
5476.76000 1.72690e-14
5482.27000 1.76580e-14
5487.79000 1.72150e-14
5493.30000 1.74760e-14
5498.82000 1.78230e-14
5504.34000 1.76570e-14
5509.85000 1.74220e-14
5515.37000 1.75390e-14
5520.88000 1.76510e-14
5526.40000 1.71540e-14
5531.91000 1.72940e-14
5537.43000 1.70220e-14
5542.94000 1.68930e-14
5548.46000 1.70290e-14
5553.97000 1.67130e-14
5559.49000 1.66630e-14
5565.01000 1.66090e-14
5570.52000 1.62660e-14
5576.04000 1.62990e-14
5581.55000 1.62670e-14
5587.07000 1.62380e-14
5592.58000 1.57610e-14
5598.10000 1.54370e-14
5603.61000 1.57530e-14
5609.13000 1.57120e-14
5614.65000 1.56030e-14
5620.16000 1.54180e-14
5625.68000 1.52260e-14
5631.19000 1.53590e-14
5636.71000 1.50550e-14
5642.22000 1.50850e-14
5647.74000 1.50230e-14
5653.25000 1.52860e-14
5658.77000 1.53690e-14
5664.29000 1.51490e-14
5669.80000 1.49170e-14
5675.32000 1.50070e-14
5680.83000 1.48500e-14
5686.35000 1.50600e-14
5691.86000 1.51190e-14
5697.38000 1.48010e-14
5702.89000 1.47320e-14
5708.41000 1.44340e-14
5713.92000 1.45760e-14
5719.44000 1.47480e-14
5724.96000 1.45820e-14
5730.47000 1.45170e-14
5735.99000 1.44620e-14
5741.50000 1.40910e-14
5747.02000 1.41290e-14
5752.53000 1.41440e-14
5758.05000 1.38780e-14
5763.56000 1.37320e-14
5769.08000 1.36520e-14
5774.60000 1.36040e-14
5780.11000 1.36670e-14
5785.63000 1.31720e-14
5791.14000 1.33650e-14
5796.66000 1.33970e-14
5802.17000 1.35270e-14
5807.69000 1.36130e-14
5813.20000 1.37690e-14
5818.72000 1.40720e-14
5824.23000 1.43000e-14
5829.75000 1.41530e-14
5835.27000 1.44990e-14
5840.78000 1.44940e-14
5846.30000 1.46740e-14
5851.81000 1.49190e-14
5857.33000 1.48480e-14
5862.84000 1.48460e-14
5868.36000 1.49110e-14
5873.87000 1.49510e-14
5879.39000 1.50420e-14
5884.91000 1.48530e-14
5890.42000 1.46230e-14
5895.94000 1.47230e-14
5901.45000 1.45120e-14
5906.97000 1.44200e-14
5912.48000 1.45570e-14
5918.00000 1.48340e-14
5923.51000 1.48310e-14
5929.03000 1.46850e-14
5934.54000 1.48140e-14
5940.06000 1.50860e-14
5945.58000 1.48610e-14
5951.09000 1.46840e-14
5956.61000 1.46100e-14
5962.12000 1.47880e-14
5967.64000 1.47150e-14
5973.15000 1.46110e-14
5978.67000 1.46640e-14
5984.18000 1.45280e-14
5989.70000 1.42950e-14
5995.22000 1.42980e-14
6000.73000 1.44340e-14
6006.25000 1.42400e-14
6011.76000 1.41580e-14
6017.28000 1.43410e-14
6022.79000 1.43870e-14
6028.31000 1.42580e-14
6033.82000 1.42880e-14
6039.34000 1.41960e-14
6044.85000 1.41240e-14
6050.37000 1.41680e-14
6055.89000 1.39420e-14
6061.40000 1.41740e-14
6066.92000 1.43640e-14
6072.43000 1.43530e-14
6077.95000 1.41750e-14
6083.46000 1.43090e-14
6088.98000 1.43210e-14
6094.49000 1.42980e-14
6100.01000 1.43750e-14
6105.53000 1.41330e-14
6111.04000 1.42450e-14
6116.56000 1.42650e-14
6122.07000 1.40410e-14
6127.59000 1.39580e-14
6133.10000 1.40480e-14
6138.62000 1.38730e-14
6144.13000 1.37300e-14
6149.65000 1.39080e-14
6155.16000 1.39730e-14
6160.68000 1.42310e-14
6166.20000 1.40250e-14
6171.71000 1.41800e-14
6177.23000 1.44230e-14
6182.74000 1.43220e-14
6188.26000 1.42570e-14
6193.77000 1.44880e-14
6199.29000 1.43440e-14
6204.80000 1.43100e-14
6210.32000 1.41200e-14
6215.84000 1.41000e-14
6221.35000 1.40620e-14
6226.87000 1.37860e-14
6232.38000 1.36150e-14
6237.90000 1.30550e-14
6243.41000 1.29110e-14
6248.93000 1.25230e-14
6254.44000 1.22850e-14
6259.96000 1.20130e-14
6265.47000 1.13230e-14
6270.99000 1.09430e-14
6276.51000 1.06550e-14
6282.02000 1.05540e-14
6287.54000 1.01760e-14
6293.05000 9.63630e-15
6298.57000 9.60320e-15
6304.08000 9.59210e-15
6309.60000 9.50860e-15
6315.11000 9.33390e-15
6320.63000 8.87680e-15
6326.15000 8.85150e-15
6331.66000 8.76280e-15
6337.18000 8.55340e-15
6342.69000 8.18530e-15
6348.21000 8.20460e-15
6353.72000 7.79480e-15
6359.24000 7.69240e-15
6364.75000 7.41600e-15
6370.27000 7.22800e-15
6375.78000 7.04540e-15
6381.30000 6.90170e-15
6386.82000 6.75100e-15
6392.33000 6.49620e-15
6397.85000 6.70820e-15
6403.36000 6.85090e-15
6408.88000 6.88720e-15
6414.39000 6.86650e-15
6419.91000 7.58990e-15
6425.42000 8.19390e-15
6430.94000 8.82820e-15
6436.46000 9.63780e-15
6441.97000 1.07470e-14
6447.49000 1.20290e-14
6453.00000 1.34010e-14
6458.52000 1.48840e-14
6464.03000 1.59920e-14
6469.55000 1.75460e-14
6475.06000 1.86650e-14
6480.58000 1.97770e-14
6486.09000 2.09250e-14
6491.61000 2.17740e-14
6497.13000 2.25640e-14
6502.64000 2.30290e-14
6508.16000 2.38180e-14
6513.67000 2.44490e-14
6519.19000 2.45050e-14
6524.70000 2.48730e-14
6530.22000 2.51810e-14
6535.73000 2.50460e-14
6541.25000 2.49970e-14
6546.77000 2.51140e-14
6552.28000 2.51250e-14
6557.80000 2.52180e-14
6563.31000 2.47970e-14
6568.83000 2.47250e-14
6574.34000 2.44410e-14
6579.86000 2.40680e-14
6585.37000 2.39290e-14
6590.89000 2.35790e-14
6596.40000 2.32990e-14
6601.92000 2.23130e-14
6607.44000 2.25140e-14
6612.95000 2.18330e-14
6618.47000 2.12400e-14
6623.98000 2.08530e-14
6629.50000 2.05110e-14
6635.01000 1.99480e-14
6640.53000 1.94470e-14
6646.04000 1.91380e-14
6651.56000 1.86630e-14
6657.08000 1.83120e-14
6662.59000 1.77240e-14
6668.11000 1.73070e-14
6673.62000 1.71530e-14
6679.14000 1.67670e-14
6684.65000 1.64070e-14
6690.17000 1.62990e-14
6695.68000 1.60620e-14
6701.20000 1.55490e-14
6706.71000 1.52770e-14
6712.23000 1.52070e-14
6717.75000 1.50280e-14
6723.26000 1.47110e-14
6728.78000 1.44720e-14
6734.29000 1.42070e-14
6739.81000 1.40760e-14
6745.32000 1.40080e-14
6750.84000 1.37390e-14
6756.35000 1.31990e-14
6761.87000 1.34630e-14
6767.39000 1.32590e-14
6772.90000 1.31690e-14
6778.42000 1.31820e-14
6783.93000 1.28040e-14
6789.45000 1.29010e-14
6794.96000 1.28990e-14
6800.48000 1.26650e-14
6805.99000 1.23970e-14
6811.51000 1.24890e-14
6817.02000 1.23280e-14
6822.54000 1.23610e-14
6828.06000 1.20960e-14
6833.57000 1.21560e-14
6839.09000 1.22360e-14
6844.60000 1.20810e-14
6850.12000 1.17580e-14
6855.63000 1.14180e-14
6861.15000 1.09190e-14
6866.66000 1.03800e-14
6872.18000 1.01490e-14
6877.70000 9.88140e-15
6883.21000 9.79860e-15
6888.73000 1.02460e-14
6894.24000 1.03640e-14
6899.76000 1.04010e-14
6905.27000 1.04860e-14
6910.79000 1.05520e-14
6916.30000 1.08550e-14
6921.82000 1.10560e-14
6927.33000 1.10910e-14
6932.85000 1.07630e-14
6938.37000 1.07560e-14
6943.88000 1.09550e-14
6949.40000 1.11230e-14
6954.91000 1.07800e-14
6960.43000 1.08650e-14
6965.94000 1.09570e-14
6971.46000 1.09740e-14
6976.97000 1.09440e-14
6982.49000 1.09660e-14
6988.01000 1.09690e-14
6993.52000 1.09120e-14
6999.04000 1.09560e-14
7004.55000 1.08070e-14
7010.07000 1.07110e-14
7015.58000 1.07270e-14
7021.10000 1.06610e-14
7026.61000 1.06520e-14
7032.13000 1.06310e-14
7037.64000 1.07430e-14
7043.16000 1.08810e-14
7048.68000 1.08270e-14
7054.19000 1.04790e-14
7059.71000 1.00770e-14
7065.22000 1.06220e-14
7070.74000 1.06640e-14
7076.25000 1.07180e-14
7081.77000 1.00960e-14
7087.28000 1.04550e-14
7092.80000 1.04300e-14
7098.32000 1.04900e-14
7103.83000 1.05720e-14
7109.35000 1.05450e-14
7114.86000 1.05380e-14
7120.38000 1.06250e-14
7125.89000 1.05590e-14
7131.41000 1.06680e-14
7136.92000 1.05220e-14
7142.44000 1.03060e-14
7147.95000 1.04200e-14
7153.47000 1.03870e-14
7158.99000 1.02290e-14
7164.50000 9.90670e-15
7170.02000 9.72580e-15
7175.53000 9.72720e-15
7181.05000 9.52800e-15
7186.56000 9.29960e-15
7192.08000 9.09330e-15
7197.59000 9.14710e-15
7203.11000 9.64250e-15
7208.63000 9.87630e-15
7214.14000 9.95070e-15
7219.66000 1.01330e-14
7225.17000 1.00670e-14
7230.69000 9.97650e-15
7236.20000 9.79790e-15
7241.72000 9.71130e-15
7247.23000 9.38080e-15
7252.75000 9.65770e-15
7258.26000 9.73060e-15
7263.78000 9.93800e-15
7269.30000 9.76010e-15
7274.81000 9.73560e-15
7280.33000 9.85850e-15
7285.84000 9.82020e-15
7291.36000 9.71970e-15
7296.87000 9.74500e-15
7302.39000 9.58800e-15
7307.90000 9.81930e-15
7313.42000 1.01190e-14
7318.94000 9.94960e-15
7324.45000 1.00350e-14
7329.97000 9.99650e-15
7335.48000 9.74590e-15
7341.00000 1.02070e-14
7346.51000 1.02550e-14
7352.03000 1.00610e-14
7357.54000 1.00080e-14
7363.06000 1.01340e-14
7368.57000 1.01550e-14
7374.09000 9.98670e-15
7379.61000 1.02110e-14
7385.12000 1.02570e-14
7390.64000 1.02990e-14
7396.15000 1.01850e-14
7401.67000 1.02420e-14
7407.18000 1.01000e-14
7412.70000 1.02340e-14
7418.21000 1.01430e-14
7423.73000 1.03420e-14
7429.25000 1.02550e-14
7434.76000 1.01700e-14
7440.28000 9.95290e-15
7445.79000 1.00600e-14
7451.31000 1.02700e-14
7456.82000 1.01390e-14
7462.34000 1.00510e-14
7467.85000 1.00840e-14
7473.37000 1.00560e-14
7478.88000 9.93870e-15
7484.40000 1.00550e-14
7489.92000 1.00560e-14
7495.43000 9.86840e-15
7500.95000 9.85640e-15
7506.46000 9.83500e-15
7511.98000 9.85170e-15
7517.49000 9.92130e-15
7523.01000 1.00230e-14
7528.52000 9.71560e-15
7534.04000 9.67660e-15
7539.56000 9.53450e-15
7545.07000 9.54710e-15
7550.59000 9.54060e-15
7556.10000 9.55020e-15
7561.62000 9.43040e-15
7567.13000 9.40200e-15
7572.65000 9.41350e-15
7578.16000 9.29420e-15
7583.68000 8.91000e-15
7589.20000 7.96010e-15
7594.71000 6.60230e-15
7600.23000 5.49360e-15
7605.74000 4.75590e-15
7611.26000 4.15510e-15
7616.77000 4.13790e-15
7622.29000 4.63260e-15
7627.80000 4.79800e-15
7633.32000 5.09210e-15
7638.83000 5.00160e-15
7644.35000 5.01580e-15
7649.87000 5.69030e-15
7655.38000 5.99310e-15
7660.90000 6.53530e-15
7666.41000 7.17080e-15
7671.93000 7.48400e-15
7677.44000 7.59030e-15
7682.96000 7.92260e-15
7688.47000 8.20640e-15
7693.99000 8.65370e-15
7699.51000 8.72510e-15
7705.02000 8.79060e-15
7710.54000 8.89870e-15
7716.05000 9.06550e-15
7721.57000 9.12470e-15
7727.08000 9.11710e-15
7732.60000 9.34480e-15
7738.11000 9.40860e-15
7743.63000 9.26040e-15
7749.14000 9.45940e-15
7754.66000 9.64450e-15
7760.18000 9.62410e-15
7765.69000 9.60960e-15
7771.21000 9.45040e-15
7776.72000 9.47330e-15
7782.24000 9.49350e-15
7787.75000 9.57550e-15
7793.27000 9.50510e-15
7798.78000 9.57220e-15
7804.30000 9.54940e-15
7809.82000 9.48260e-15
7815.33000 9.24990e-15
7820.85000 9.46460e-15
7826.36000 9.49050e-15
7831.88000 9.49550e-15
7837.39000 9.35800e-15
7842.91000 9.20510e-15
7848.42000 9.20730e-15
7853.94000 9.30560e-15
7859.45000 9.34540e-15
7864.97000 9.31810e-15
7870.49000 9.21480e-15
7876.00000 9.04120e-15
7881.52000 8.80820e-15
7887.03000 8.93440e-15
7892.55000 9.09600e-15
7898.06000 8.75360e-15
7903.58000 8.83780e-15
7909.09000 8.75250e-15
7914.61000 8.58610e-15
7920.13000 8.55020e-15
7925.64000 8.61320e-15
7931.16000 8.79280e-15
7936.67000 8.76360e-15
7942.19000 8.88410e-15
7947.70000 8.76740e-15
7953.22000 8.83830e-15
7958.73000 8.65370e-15
7964.25000 8.53800e-15
7969.76000 8.66260e-15
7975.28000 8.45240e-15
7980.80000 8.83740e-15
7986.31000 8.57340e-15
7991.83000 8.31500e-15
7997.34000 8.62970e-15
8002.86000 8.49690e-15
8008.37000 8.63790e-15
8013.89000 8.63450e-15
8019.40000 8.30480e-15
8024.92000 8.19750e-15
8030.44000 8.01520e-15
8035.95000 8.14810e-15
8041.47000 8.27300e-15
8046.98000 8.34350e-15
8052.50000 8.24160e-15
8058.01000 8.32760e-15
8063.53000 8.03720e-15
8069.04000 8.16560e-15
8074.56000 7.81650e-15
8080.07000 7.87030e-15
8085.59000 8.27880e-15
8091.11000 7.85450e-15
8096.62000 7.69280e-15
8102.14000 7.76050e-15
8107.65000 7.95740e-15
8113.17000 7.88810e-15
8118.68000 7.73100e-15
8124.20000 7.58550e-15
8129.71000 7.40480e-15
8135.23000 7.20670e-15
8140.75000 7.17110e-15
8146.26000 7.43440e-15
8151.78000 7.38730e-15
8157.29000 7.23270e-15
8162.81000 7.06540e-15
8168.32000 6.78940e-15
8173.84000 6.99100e-15
8179.35000 7.10430e-15
8184.87000 7.29230e-15
8190.38000 7.33080e-15
8195.90000 7.23140e-15
8201.42000 7.50490e-15
8206.93000 7.17410e-15
8212.45000 7.54040e-15
8217.96000 7.55780e-15
8223.48000 6.94420e-15
8228.99000 6.67700e-15
8234.51000 6.29160e-15
8240.02000 6.31340e-15
8245.54000 5.99440e-15
8251.06000 6.25600e-15
8256.57000 6.28290e-15
8262.09000 6.13090e-15
8267.60000 5.80520e-15
8273.12000 5.08570e-15
8278.63000 4.85310e-15
8284.15000 4.57590e-15
8289.66000 4.21160e-15
8295.18000 4.00160e-15
8300.69000 3.54690e-15
8306.21000 3.31920e-15
8311.73000 3.29890e-15
8317.24000 3.10390e-15
8322.76000 2.89990e-15
8328.27000 2.62270e-15
8333.79000 2.68970e-15
8339.30000 2.71430e-15
8344.82000 2.63560e-15
8350.33000 2.25820e-15
8355.85000 2.43390e-15
8361.37000 2.57880e-15
8366.88000 2.69540e-15
8372.40000 2.64530e-15
8377.91000 2.91130e-15
8383.43000 2.87310e-15
8388.94000 3.04870e-15
8394.46000 3.27910e-15
8399.97000 3.62760e-15
8405.49000 3.67440e-15
8411.00000 3.72440e-15
8416.52000 3.89670e-15
8422.04000 4.18260e-15
8427.55000 4.07690e-15
8433.07000 4.27180e-15
8438.58000 4.63550e-15
8444.10000 4.75180e-15
8449.61000 4.70290e-15
8455.13000 4.53490e-15
8460.64000 4.68190e-15
8466.16000 4.82400e-15
8471.68000 4.69740e-15
8477.19000 4.75310e-15
8482.71000 4.83550e-15
8488.22000 4.86360e-15
8493.74000 5.17180e-15
8499.25000 5.08620e-15
8504.77000 5.42530e-15
8510.28000 5.31710e-15
8515.80000 5.53280e-15
8521.31000 5.94640e-15
8526.83000 6.22520e-15
8532.35000 6.37910e-15
8537.86000 6.48730e-15
8543.38000 6.71180e-15
8548.89000 7.27320e-15
8554.41000 7.71820e-15
8559.92000 7.88310e-15
8565.44000 8.11060e-15
8570.95000 8.22060e-15
8576.47000 8.21840e-15
8581.99000 8.39480e-15
8587.50000 9.06520e-15
8593.02000 9.58440e-15
8598.53000 9.65830e-15
8604.05000 9.41290e-15
8609.56000 9.20970e-15
8615.08000 9.23650e-15
8620.59000 9.38140e-15
8626.11000 9.85220e-15
8631.62000 1.04930e-14
8637.14000 1.07330e-14
8642.66000 1.02940e-14
8648.17000 9.82820e-15
8653.69000 9.59910e-15
8659.20000 9.73110e-15
8664.72000 9.83450e-15
8670.23000 1.02860e-14
8675.75000 1.06080e-14
8681.26000 1.01310e-14
8686.78000 9.67160e-15
8692.30000 9.52620e-15
8697.81000 9.55850e-15
8703.33000 9.80260e-15
8708.84000 1.03420e-14
8714.36000 9.74840e-15
8719.87000 9.77700e-15
8725.39000 9.19460e-15
8730.90000 8.97900e-15
8736.42000 9.18130e-15
8741.93000 9.47080e-15
8747.45000 9.67210e-15
8752.97000 9.54690e-15
8758.48000 9.01100e-15
8764.00000 8.42010e-15
8769.51000 8.14360e-15
8775.03000 8.24440e-15
8780.54000 8.55490e-15
8786.06000 8.43440e-15
8791.57000 8.16490e-15
8797.09000 8.04730e-15
8802.61000 7.82680e-15
8808.12000 7.87500e-15
8813.64000 7.70710e-15
8819.15000 8.07440e-15
8824.67000 8.28760e-15
8830.18000 8.02130e-15
8835.70000 8.15290e-15
8841.21000 7.57970e-15
8846.73000 7.10810e-15
8852.24000 7.43120e-15
8857.76000 7.57600e-15
8863.28000 7.38040e-15
8868.79000 7.42740e-15
8874.31000 7.19750e-15
8879.82000 6.70570e-15
8885.34000 6.98040e-15
8890.85000 7.18840e-15
8896.37000 7.26300e-15
8901.88000 7.13340e-15
8907.40000 6.87290e-15
8912.92000 6.95120e-15
8918.43000 6.44520e-15
8923.95000 6.57370e-15
8929.46000 6.92050e-15
8934.98000 6.74740e-15
8940.49000 6.59910e-15
8946.01000 6.17860e-15
8951.52000 5.89970e-15
8957.04000 5.92770e-15
8962.55000 6.06420e-15
8968.07000 6.13170e-15
8973.59000 5.53490e-15
8979.10000 5.24510e-15
8984.62000 5.36100e-15
8990.13000 5.45470e-15
8995.65000 5.56880e-15
9001.16000 5.71030e-15
9006.68000 5.68590e-15
9012.19000 5.41260e-15
9017.71000 5.22610e-15
9023.23000 5.34610e-15
9028.74000 5.70220e-15
9034.26000 6.05150e-15
9039.77000 6.13460e-15
9045.29000 5.45340e-15
9050.80000 5.51310e-15
9056.32000 5.42210e-15
9061.83000 5.46310e-15
9067.35000 5.54140e-15
9072.86000 5.13780e-15
9078.38000 4.68990e-15
9083.90000 4.65210e-15
9089.41000 4.76460e-15
9094.93000 4.87460e-15
9100.44000 5.09640e-15
9105.96000 4.63400e-15
9111.47000 4.70750e-15
9116.99000 4.70580e-15
9122.50000 4.81030e-15
9128.02000 5.06950e-15
9133.54000 4.91420e-15
9139.05000 4.73230e-15
9144.57000 4.62240e-15
9150.08000 4.84390e-15
9155.60000 4.81900e-15
9161.11000 4.98470e-15
9166.63000 5.15480e-15
9172.14000 4.76580e-15
9177.66000 4.70090e-15
9183.17000 4.94470e-15
9188.69000 5.24740e-15
9194.21000 5.61940e-15
9199.72000 5.53960e-15
9205.24000 5.24440e-15
9210.75000 5.43640e-15
9216.27000 5.40890e-15
9221.78000 5.30540e-15
9227.30000 5.62650e-15
9232.81000 5.41670e-15
9238.33000 5.39350e-15
9243.85000 5.43470e-15
9249.36000 5.63000e-15
9254.88000 5.56370e-15
