4528.55000 3.45390e-15
4530.83000 2.43360e-15
4533.11000 3.01870e-15
4535.39000 2.91340e-15
4537.67000 3.27930e-15
4539.95000 3.63500e-15
4542.23000 2.71140e-15
4544.51000 3.95910e-15
4546.79000 4.09100e-15
4549.07000 5.32010e-15
4551.35000 4.73550e-15
4553.63000 5.41370e-15
4555.91000 5.23610e-15
4558.19000 5.34190e-15
4560.47000 6.24040e-15
4562.75000 7.22770e-15
4565.03000 8.14580e-15
4567.31000 8.37110e-15
4569.59000 9.19590e-15
4571.87000 9.96270e-15
4574.15000 1.05770e-14
4576.43000 1.03280e-14
4578.70000 1.05790e-14
4580.98000 1.13120e-14
4583.27000 1.11860e-14
4585.54000 1.14800e-14
4587.82000 1.07630e-14
4590.10000 9.43760e-15
4592.38000 9.53690e-15
4594.66000 8.50150e-15
4596.94000 8.96570e-15
4599.22000 8.41180e-15
4601.50000 8.00830e-15
4603.78000 7.79130e-15
4606.06000 8.52630e-15
4608.34000 8.47770e-15
4610.62000 9.08470e-15
4612.90000 9.33800e-15
4615.18000 1.06250e-14
4617.46000 1.08690e-14
4619.74000 1.09820e-14
4622.02000 1.06690e-14
4624.30000 1.13500e-14
4626.58000 1.06590e-14
4628.86000 1.09920e-14
4631.14000 1.00780e-14
4633.42000 9.42450e-15
4635.69000 9.82930e-15
4637.98000 9.91240e-15
4640.25000 9.24850e-15
4642.53000 9.92330e-15
4644.81000 9.75600e-15
4647.09000 1.04370e-14
4649.37000 1.11200e-14
4651.65000 1.14290e-14
4653.93000 1.19860e-14
4656.21000 1.21280e-14
4658.49000 1.29290e-14
4660.77000 1.39240e-14
4663.05000 1.35210e-14
4665.33000 1.38330e-14
4667.61000 1.32270e-14
4669.89000 1.36410e-14
4672.17000 1.41790e-14
4674.45000 1.39440e-14
4676.73000 1.34900e-14
4679.01000 1.38410e-14
4681.29000 1.30080e-14
4683.56000 1.27690e-14
4685.85000 1.30340e-14
4688.12000 1.33860e-14
4690.40000 1.33150e-14
4692.68000 1.29690e-14
4694.96000 1.32950e-14
4697.24000 1.34600e-14
4699.52000 1.30870e-14
4701.80000 1.24840e-14
4704.08000 1.23240e-14
4706.36000 1.16740e-14
4708.64000 1.17720e-14
4710.92000 1.14700e-14
4713.20000 1.21820e-14
4715.48000 1.22700e-14
4717.76000 1.24630e-14
4720.04000 1.27890e-14
4722.32000 1.33450e-14
4724.60000 1.28040e-14
4726.88000 1.35780e-14
4729.15000 1.25120e-14
4731.43000 1.31350e-14
4733.71000 1.13760e-14
4735.99000 1.13530e-14
4738.27000 1.09170e-14
4740.55000 1.06580e-14
4742.83000 1.03930e-14
4745.11000 9.91770e-15
4747.39000 1.01430e-14
4749.67000 9.52270e-15
4751.95000 9.59220e-15
4754.23000 9.03980e-15
4756.51000 7.74410e-15
4758.79000 8.01940e-15
4761.06000 7.34040e-15
4763.35000 7.52860e-15
4765.62000 7.17940e-15
4767.90000 7.49950e-15
4770.18000 7.09520e-15
4772.46000 6.61960e-15
4774.74000 6.33390e-15
4777.02000 5.59660e-15
4779.30000 5.26440e-15
4781.58000 5.32570e-15
4783.86000 5.31870e-15
4786.14000 4.70250e-15
4788.42000 5.36890e-15
4790.70000 5.25170e-15
4792.98000 5.58370e-15
4795.26000 5.48410e-15
4797.53000 5.74880e-15
4799.81000 5.82750e-15
4802.09000 6.14090e-15
4804.37000 6.34800e-15
4806.65000 6.55290e-15
4808.93000 7.05330e-15
4811.21000 7.33660e-15
4813.49000 7.63690e-15
4815.77000 7.59170e-15
4818.05000 6.90080e-15
4820.33000 7.14980e-15
4822.61000 6.94730e-15
4824.89000 7.56700e-15
4827.17000 6.89640e-15
4829.45000 6.80150e-15
4831.73000 6.67610e-15
4834.01000 6.33760e-15
4836.28000 7.36310e-15
4838.56000 7.17530e-15
4840.84000 7.93170e-15
4843.12000 7.84720e-15
4845.40000 8.20600e-15
4847.68000 9.36260e-15
4849.96000 9.40820e-15
4852.24000 1.02520e-14
4854.52000 1.02020e-14
4856.80000 9.62600e-15
4859.08000 9.82610e-15
4861.36000 9.78110e-15
4863.64000 9.28750e-15
4865.91000 9.92410e-15
4868.19000 9.24500e-15
4870.47000 8.73350e-15
4872.75000 8.43400e-15
4875.03000 8.68180e-15
4877.31000 7.47130e-15
4879.59000 7.68220e-15
4881.87000 6.75870e-15
4884.15000 7.28560e-15
4886.43000 7.02850e-15
4888.71000 7.09030e-15
4890.99000 7.12750e-15
4893.27000 6.95520e-15
4895.55000 6.54390e-15
4897.83000 7.25920e-15
4900.10000 8.57630e-15
4902.38000 9.65880e-15
4904.66000 1.04690e-14
4906.94000 1.16440e-14
4909.22000 1.24800e-14
4911.50000 1.40730e-14
4913.78000 1.49450e-14
4916.06000 1.54840e-14
4918.34000 1.60400e-14
4920.62000 1.61830e-14
4922.90000 1.71400e-14
4925.18000 1.80270e-14
4927.46000 1.96090e-14
4929.74000 1.91970e-14
4932.02000 1.99030e-14
4934.30000 1.92370e-14
4936.57000 1.98320e-14
4938.85000 1.85770e-14
4941.13000 1.87550e-14
4943.41000 1.84820e-14
4945.69000 1.85410e-14
4947.97000 1.79380e-14
4950.25000 1.71720e-14
4952.53000 1.59140e-14
4954.81000 1.47460e-14
4957.09000 1.40840e-14
4959.37000 1.34680e-14
4961.65000 1.23930e-14
4963.93000 1.17110e-14
4966.21000 1.00520e-14
4968.49000 9.06510e-15
4970.77000 8.27990e-15
4973.05000 7.78820e-15
4975.32000 7.28340e-15
4977.60000 6.84920e-15
4979.88000 6.25710e-15
4982.16000 6.13030e-15
4984.44000 6.02460e-15
4986.72000 6.55070e-15
4989.00000 6.84210e-15
4991.28000 7.50750e-15
4993.56000 8.21160e-15
4995.84000 9.05010e-15
4998.12000 9.44840e-15
5000.40000 9.88350e-15
5002.68000 1.04550e-14
5004.96000 1.11860e-14
5007.24000 1.18220e-14
5009.52000 1.26920e-14
5011.80000 1.36280e-14
5014.07000 1.48520e-14
5016.35000 1.56150e-14
5018.63000 1.69860e-14
5020.91000 1.73950e-14
5023.19000 1.81910e-14
5025.47000 1.88750e-14
5027.75000 1.94770e-14
5030.03000 1.87620e-14
5032.31000 1.86720e-14
5034.59000 1.80580e-14
5036.87000 1.80470e-14
5039.15000 1.81360e-14
5041.43000 1.71310e-14
5043.71000 1.78290e-14
5045.99000 1.63980e-14
5048.27000 1.63880e-14
5050.55000 1.59560e-14
5052.83000 1.49820e-14
5055.11000 1.54560e-14
5057.39000 1.49090e-14
5059.66000 1.50290e-14
5061.94000 1.49560e-14
5064.22000 1.45620e-14
5066.50000 1.40860e-14
5068.78000 1.40650e-14
5071.06000 1.35570e-14
5073.34000 1.38430e-14
5075.62000 1.32780e-14
5077.90000 1.33460e-14
5080.18000 1.30190e-14
5082.46000 1.23270e-14
5084.74000 1.18880e-14
5087.02000 1.10690e-14
5089.30000 1.05470e-14
5091.58000 1.01630e-14
5093.86000 1.03110e-14
5096.14000 9.75080e-15
5098.42000 9.00700e-15
5100.70000 8.20740e-15
5102.98000 7.99260e-15
5105.26000 6.96980e-15
5107.54000 6.49750e-15
5109.82000 6.32600e-15
5112.10000 5.59690e-15
5114.38000 5.57500e-15
5116.66000 4.77300e-15
5118.94000 4.63520e-15
5121.22000 4.58430e-15
5123.50000 4.65960e-15
5125.77000 4.22380e-15
5128.06000 4.28610e-15
5130.34000 4.65810e-15
5132.61000 4.91310e-15
5134.90000 4.91280e-15
5137.17000 4.98580e-15
5139.45000 4.76260e-15
5141.73000 4.64410e-15
5144.01000 4.93720e-15
5146.29000 5.33870e-15
5148.57000 5.49790e-15
5150.85000 5.96150e-15
5153.13000 5.81860e-15
5155.41000 6.19360e-15
5157.69000 6.54710e-15
5159.97000 7.08850e-15
5162.25000 7.02490e-15
5164.53000 7.73330e-15
5166.81000 8.16450e-15
5169.09000 8.38020e-15
5171.37000 8.76880e-15
5173.65000 8.70630e-15
5175.93000 9.37590e-15
5178.21000 9.38470e-15
5180.49000 9.80940e-15
5182.77000 9.89800e-15
5185.05000 9.86010e-15
5187.33000 9.84540e-15
5189.61000 9.92610e-15
5191.89000 9.65630e-15
5194.17000 9.56600e-15
5196.45000 9.29070e-15
5198.73000 9.34120e-15
5201.01000 9.03580e-15
5203.29000 9.04910e-15
5205.57000 8.67220e-15
5207.85000 9.15480e-15
5210.13000 9.37210e-15
5212.41000 9.72130e-15
5214.69000 1.00860e-14
5216.97000 1.00880e-14
5219.25000 1.03940e-14
5221.53000 1.04990e-14
5223.81000 1.04500e-14
5226.09000 1.05000e-14
5228.38000 1.02060e-14
5230.65000 1.07470e-14
5232.94000 1.04320e-14
5235.22000 9.79550e-15
5237.49000 9.68920e-15
5239.77000 1.00160e-14
5242.06000 9.48410e-15
5244.34000 9.74640e-15
5246.62000 9.36170e-15
5248.90000 9.67080e-15
5251.18000 1.00330e-14
5253.46000 1.01630e-14
5255.74000 1.00660e-14
5258.02000 1.00490e-14
5260.30000 9.91260e-15
5262.58000 1.02810e-14
5264.86000 1.02840e-14
5267.14000 1.04250e-14
5269.42000 1.06430e-14
5271.70000 1.02450e-14
5273.98000 1.02120e-14
5276.26000 9.82240e-15
5278.54000 9.40890e-15
5280.82000 9.25100e-15
5283.10000 8.64570e-15
5285.38000 8.89940e-15
5287.66000 8.54540e-15
5289.94000 9.14420e-15
5292.23000 9.11730e-15
5294.51000 9.55080e-15
5296.79000 1.02120e-14
5299.07000 9.88440e-15
5301.35000 1.02880e-14
5303.63000 1.04260e-14
5305.91000 1.09720e-14
5308.19000 1.08270e-14
5310.47000 1.09860e-14
5312.75000 1.14920e-14
5315.03000 1.19170e-14
5317.31000 1.24970e-14
5319.59000 1.25690e-14
5321.87000 1.27540e-14
5324.15000 1.23190e-14
5326.44000 1.25750e-14
5328.72000 1.29430e-14
5331.00000 1.28190e-14
5333.28000 1.26550e-14
5335.56000 1.25690e-14
5337.84000 1.29290e-14
5340.12000 1.27720e-14
5342.40000 1.29340e-14
5344.68000 1.29150e-14
5346.96000 1.33710e-14
5349.24000 1.37390e-14
5351.52000 1.39150e-14
5353.81000 1.38100e-14
5356.09000 1.43120e-14
5358.37000 1.44330e-14
5360.65000 1.42720e-14
5362.93000 1.48640e-14
5365.21000 1.47700e-14
5367.49000 1.47970e-14
5369.77000 1.47890e-14
5372.05000 1.47460e-14
5374.34000 1.44380e-14
5376.62000 1.46090e-14
5378.90000 1.42890e-14
5381.18000 1.38560e-14
5383.46000 1.40800e-14
5385.74000 1.39070e-14
5388.02000 1.36940e-14
5390.30000 1.33550e-14
5392.59000 1.33330e-14
5394.87000 1.33090e-14
5397.15000 1.33430e-14
5399.43000 1.36190e-14
5401.71000 1.39270e-14
5403.99000 1.42810e-14
5406.27000 1.45020e-14
5408.56000 1.50420e-14
5410.84000 1.54530e-14
5413.12000 1.56230e-14
5415.40000 1.60030e-14
5417.68000 1.64530e-14
5419.96000 1.74180e-14
5422.24000 1.76630e-14
5424.52000 1.81140e-14
5426.81000 1.81300e-14
5429.09000 1.83240e-14
5431.37000 1.90600e-14
5433.65000 1.84650e-14
5435.93000 1.81660e-14
5438.21000 1.81000e-14
5440.50000 1.75920e-14
5442.78000 1.76330e-14
5445.06000 1.73650e-14
5447.34000 1.72880e-14
5449.62000 1.68550e-14
5451.90000 1.67060e-14
5454.19000 1.61100e-14
5456.47000 1.58530e-14
5458.75000 1.56160e-14
5461.03000 1.54690e-14
5463.31000 1.51520e-14
5465.60000 1.52720e-14
5467.88000 1.42350e-14
5470.16000 1.45560e-14
5472.44000 1.37910e-14
5474.72000 1.37800e-14
5477.01000 1.34590e-14
5479.29000 1.32320e-14
5481.57000 1.29250e-14
5483.85000 1.27070e-14
5486.13000 1.20850e-14
5488.42000 1.18270e-14
5490.70000 1.16610e-14
5492.98000 1.10320e-14
5495.26000 1.10750e-14
5497.54000 1.05180e-14
5499.83000 1.06310e-14
5502.11000 1.06050e-14
5504.39000 1.10990e-14
5506.67000 1.16460e-14
5508.96000 1.22330e-14
5511.24000 1.31470e-14
5513.52000 1.39290e-14
5515.80000 1.50760e-14
5518.09000 1.57470e-14
5520.37000 1.66280e-14
5522.65000 1.70780e-14
5524.93000 1.75420e-14
5527.22000 1.79890e-14
5529.50000 1.83060e-14
5531.78000 1.86900e-14
5534.06000 1.89390e-14
5536.35000 1.91930e-14
5538.63000 1.94380e-14
5540.91000 1.93550e-14
5543.19000 1.93620e-14
5545.48000 1.91100e-14
5547.76000 1.95460e-14
5550.04000 1.92530e-14
5552.32000 1.93610e-14
5554.61000 1.92740e-14
5556.89000 1.88280e-14
5559.17000 1.87940e-14
5561.46000 1.85170e-14
5563.74000 1.80610e-14
5566.02000 1.78240e-14
5568.31000 1.74720e-14
5570.59000 1.72940e-14
5572.87000 1.73010e-14
5575.15000 1.71190e-14
5577.44000 1.72280e-14
5579.72000 1.70820e-14
5582.00000 1.64450e-14
5584.29000 1.59180e-14
5586.57000 1.54590e-14
5588.85000 1.48800e-14
5591.14000 1.49100e-14
5593.42000 1.46360e-14
5595.70000 1.43260e-14
5597.98000 1.37020e-14
5600.27000 1.33410e-14
5602.55000 1.25680e-14
5604.84000 1.19140e-14
5607.12000 1.17180e-14
5609.40000 1.08460e-14
5611.69000 1.07130e-14
5613.97000 1.02510e-14
5616.25000 9.72150e-15
5618.54000 9.13200e-15
5620.82000 8.78650e-15
5623.10000 8.71070e-15
5625.39000 8.52210e-15
5627.67000 8.43870e-15
5629.95000 8.48360e-15
5632.24000 8.30980e-15
5634.52000 8.26120e-15
5636.81000 8.65100e-15
5639.09000 9.36740e-15
5641.37000 9.90870e-15
5643.66000 1.05010e-14
5645.94000 1.08930e-14
5648.22000 1.12820e-14
5650.51000 1.18220e-14
5652.79000 1.19680e-14
5655.08000 1.25870e-14
5657.36000 1.30210e-14
5659.64000 1.33680e-14
5661.93000 1.40130e-14
5664.21000 1.46260e-14
5666.50000 1.52730e-14
5668.78000 1.54340e-14
5671.06000 1.58520e-14
5673.35000 1.65190e-14
5675.63000 1.61470e-14
5677.92000 1.66790e-14
5680.20000 1.66850e-14
5682.49000 1.69640e-14
5684.77000 1.69620e-14
5687.06000 1.67980e-14
5689.34000 1.68130e-14
5691.62000 1.69100e-14
5693.91000 1.65530e-14
5696.19000 1.64320e-14
5698.48000 1.62400e-14
5700.76000 1.60940e-14
5703.05000 1.56910e-14
5705.33000 1.59080e-14
5707.62000 1.55580e-14
5709.90000 1.55650e-14
5712.19000 1.52780e-14
5714.47000 1.50160e-14
5716.76000 1.44950e-14
5719.04000 1.48590e-14
5721.32000 1.47080e-14
5723.61000 1.48130e-14
5725.90000 1.47290e-14
5728.18000 1.43720e-14
5730.47000 1.38430e-14
5732.75000 1.34150e-14
5735.03000 1.34770e-14
5737.32000 1.30310e-14
5739.60000 1.28080e-14
5741.89000 1.26820e-14
5744.18000 1.21520e-14
5746.46000 1.22400e-14
5748.75000 1.16810e-14
5751.03000 1.12510e-14
5753.32000 1.10020e-14
5755.60000 1.03340e-14
5757.89000 1.01940e-14
5760.17000 9.65800e-15
5762.46000 9.40140e-15
5764.74000 8.90560e-15
5767.03000 8.88590e-15
5769.31000 8.21790e-15
5771.60000 7.95640e-15
5773.89000 7.48460e-15
5776.17000 7.38840e-15
5778.46000 6.88020e-15
5780.74000 6.71240e-15
5783.03000 6.58710e-15
5785.31000 6.45010e-15
5787.60000 5.98600e-15
5789.89000 5.51110e-15
5792.17000 5.45920e-15
5794.46000 5.42040e-15
5796.74000 5.30910e-15
5799.03000 4.62090e-15
5801.32000 4.89310e-15
5803.60000 4.78060e-15
5805.89000 4.98120e-15
5808.18000 5.02980e-15
5810.46000 5.20630e-15
5812.75000 5.10740e-15
5815.03000 4.87580e-15
5817.32000 4.95790e-15
5819.61000 4.59150e-15
5821.89000 4.72310e-15
5824.18000 4.97650e-15
5826.47000 5.01210e-15
5828.75000 4.61330e-15
5831.04000 4.97910e-15
5833.33000 4.85330e-15
5835.61000 5.11070e-15
5837.90000 5.34040e-15
5840.19000 5.78750e-15
5842.47000 6.12760e-15
5844.76000 6.40840e-15
5847.05000 6.63340e-15
5849.33000 6.99310e-15
5851.62000 6.89360e-15
5853.91000 6.88130e-15
5856.19000 7.27620e-15
5858.48000 7.56340e-15
5860.77000 8.12940e-15
5863.06000 8.78160e-15
5865.34000 9.63140e-15
5867.63000 1.02260e-14
5869.92000 1.11590e-14
5872.20000 1.20480e-14
5874.49000 1.30950e-14
5876.78000 1.41350e-14
5879.07000 1.49860e-14
5881.35000 1.57270e-14
5883.64000 1.64570e-14
5885.93000 1.69280e-14
5888.22000 1.70750e-14
5890.50000 1.77600e-14
5892.79000 1.82860e-14
5895.08000 1.85960e-14
5897.37000 1.90460e-14
5899.65000 1.93280e-14
5901.94000 1.95220e-14
5904.23000 1.98390e-14
5906.52000 1.99170e-14
5908.81000 2.00610e-14
5911.09000 1.97210e-14
5913.38000 2.00500e-14
5915.67000 2.00060e-14
5917.96000 1.99440e-14
5920.25000 1.99370e-14
5922.53000 2.00120e-14
5924.82000 1.98260e-14
5927.11000 2.00670e-14
5929.40000 2.03040e-14
5931.69000 2.02860e-14
5933.98000 1.98490e-14
5936.26000 1.96900e-14
5938.55000 1.91670e-14
5940.84000 1.88510e-14
5943.13000 1.82610e-14
5945.42000 1.84700e-14
5947.71000 1.80100e-14
5949.99000 1.78650e-14
5952.28000 1.79250e-14
5954.57000 1.77260e-14
5956.86000 1.78910e-14
5959.15000 1.76450e-14
5961.44000 1.74190e-14
5963.73000 1.71830e-14
5966.02000 1.70550e-14
5968.31000 1.69580e-14
5970.60000 1.69040e-14
5972.88000 1.70930e-14
5975.17000 1.71100e-14
5977.46000 1.71550e-14
5979.75000 1.69330e-14
5982.04000 1.71010e-14
5984.33000 1.72960e-14
5986.62000 1.71750e-14
5988.91000 1.68310e-14
5991.20000 1.68460e-14
5993.49000 1.65380e-14
5995.78000 1.68110e-14
5998.07000 1.63220e-14
6000.36000 1.65480e-14
6002.65000 1.65480e-14
6004.94000 1.63110e-14
6007.23000 1.63910e-14
6009.52000 1.62780e-14
6011.81000 1.61490e-14
6014.10000 1.61210e-14
6016.39000 1.55850e-14
6018.68000 1.54740e-14
6020.97000 1.55370e-14
6023.26000 1.54250e-14
6025.55000 1.51460e-14
6027.84000 1.52730e-14
6030.13000 1.52000e-14
6032.42000 1.52060e-14
6034.71000 1.50800e-14
6037.00000 1.45150e-14
6039.29000 1.48130e-14
6041.58000 1.47040e-14
6043.87000 1.46410e-14
6046.16000 1.45780e-14
6048.45000 1.41440e-14
6050.74000 1.43570e-14
6053.03000 1.42250e-14
6055.32000 1.42060e-14
6057.61000 1.39510e-14
6059.90000 1.38860e-14
6062.19000 1.35620e-14
6064.48000 1.39670e-14
6066.78000 1.37480e-14
6069.07000 1.37670e-14
6071.36000 1.35100e-14
6073.65000 1.37180e-14
6075.94000 1.32760e-14
6078.23000 1.32950e-14
6080.52000 1.29720e-14
6082.81000 1.27880e-14
6085.11000 1.26990e-14
6087.40000 1.23150e-14
6089.69000 1.20650e-14
6091.98000 1.15460e-14
6094.27000 1.13350e-14
6096.56000 1.14240e-14
6098.85000 1.12000e-14
6101.15000 1.12260e-14
6103.44000 1.10650e-14
6105.73000 1.09680e-14
6108.02000 1.07460e-14
6110.31000 1.06550e-14
6112.61000 1.03090e-14
6114.90000 1.03730e-14
6117.19000 1.02740e-14
6119.48000 1.05140e-14
6121.77000 1.10210e-14
6124.07000 1.16610e-14
6126.36000 1.17470e-14
6128.65000 1.23470e-14
6130.94000 1.27870e-14
6133.24000 1.31540e-14
6135.53000 1.33340e-14
6137.82000 1.39070e-14
6140.11000 1.44870e-14
6142.41000 1.48930e-14
6144.70000 1.50630e-14
6146.99000 1.48340e-14
6149.28000 1.49450e-14
6151.58000 1.48470e-14
6153.87000 1.49740e-14
6156.16000 1.53450e-14
6158.46000 1.53530e-14
6160.75000 1.51420e-14
6163.04000 1.49940e-14
6165.34000 1.53310e-14
6167.63000 1.53310e-14
6169.92000 1.53140e-14
6172.22000 1.53370e-14
6174.51000 1.51030e-14
6176.80000 1.47350e-14
6179.10000 1.43720e-14
6181.39000 1.41110e-14
6183.68000 1.38110e-14
6185.98000 1.35620e-14
6188.27000 1.32240e-14
6190.56000 1.26250e-14
6192.86000 1.23690e-14
6195.15000 1.19210e-14
6197.45000 1.17700e-14
6199.74000 1.10910e-14
6202.03000 1.06210e-14
6204.33000 1.02910e-14
6206.62000 9.69930e-15
6208.92000 9.82150e-15
6211.21000 9.62570e-15
6213.51000 9.54440e-15
6215.80000 9.46850e-15
6218.10000 9.78460e-15
6220.39000 1.01090e-14
6222.68000 1.03330e-14
6224.98000 1.09980e-14
6227.27000 1.15260e-14
6229.57000 1.18860e-14
6231.86000 1.22500e-14
6234.16000 1.26280e-14
6236.45000 1.30190e-14
6238.75000 1.33180e-14
6241.04000 1.34980e-14
6243.34000 1.35570e-14
6245.63000 1.38840e-14
6247.93000 1.40530e-14
6250.22000 1.43500e-14
6252.52000 1.42590e-14
6254.81000 1.45000e-14
6257.11000 1.45540e-14
6259.40000 1.47100e-14
6261.70000 1.45940e-14
6264.00000 1.44830e-14
6266.29000 1.45970e-14
6268.59000 1.42470e-14
6270.88000 1.40750e-14
6273.18000 1.40320e-14
6275.47000 1.34810e-14
6277.77000 1.32200e-14
6280.07000 1.29740e-14
6282.36000 1.30410e-14
6284.66000 1.32910e-14
6286.95000 1.34310e-14
6289.25000 1.33500e-14
6291.55000 1.34260e-14
6293.84000 1.31350e-14
6296.14000 1.32470e-14
6298.44000 1.31740e-14
6300.73000 1.33120e-14
6303.03000 1.28770e-14
6305.33000 1.29820e-14
6307.62000 1.29510e-14
6309.92000 1.30280e-14
6312.22000 1.24030e-14
6314.51000 1.20830e-14
6316.81000 1.18340e-14
6319.11000 1.19400e-14
6321.40000 1.20670e-14
6323.70000 1.21490e-14
6326.00000 1.22350e-14
6328.30000 1.23590e-14
6330.59000 1.23690e-14
6332.89000 1.23450e-14
6335.19000 1.22800e-14
6337.48000 1.22690e-14
6339.78000 1.22370e-14
6342.08000 1.19210e-14
6344.38000 1.20020e-14
6346.68000 1.21070e-14
6348.97000 1.20560e-14
6351.27000 1.20680e-14
6353.57000 1.21160e-14
6355.87000 1.21000e-14
6358.16000 1.21970e-14
6360.46000 1.22030e-14
6362.76000 1.25620e-14
6365.06000 1.25400e-14
6367.36000 1.22980e-14
6369.66000 1.20660e-14
6371.95000 1.16110e-14
6374.25000 1.12930e-14
6376.55000 1.08160e-14
6378.85000 1.09780e-14
6381.15000 1.05490e-14
6383.45000 1.01290e-14
6385.75000 9.72760e-15
6388.05000 9.76440e-15
6390.34000 9.49230e-15
6392.64000 9.56850e-15
6394.94000 8.96400e-15
6397.24000 8.67390e-15
6399.54000 8.61610e-15
6401.84000 8.31840e-15
6404.14000 7.99980e-15
6406.44000 7.47320e-15
6408.74000 7.03610e-15
6411.04000 6.73960e-15
6413.34000 6.68450e-15
6415.64000 6.34370e-15
6417.94000 6.16460e-15
6420.23000 5.70310e-15
6422.53000 5.61210e-15
6424.84000 5.16560e-15
6427.14000 4.81330e-15
6429.44000 4.53660e-15
6431.73000 4.18730e-15
6434.03000 4.25820e-15
6436.34000 4.08940e-15
6438.64000 4.15060e-15
6440.94000 4.09380e-15
6443.24000 3.86360e-15
6445.54000 3.83720e-15
6447.84000 3.72660e-15
6450.14000 3.93190e-15
6452.44000 3.98850e-15
6454.74000 4.08940e-15
6457.04000 4.08240e-15
6459.34000 4.07330e-15
6461.64000 4.06880e-15
6463.94000 3.96090e-15
6466.24000 4.02930e-15
6468.55000 4.06710e-15
6470.85000 3.98090e-15
6473.15000 4.19140e-15
6475.45000 4.35480e-15
6477.75000 4.68410e-15
6480.05000 4.60120e-15
6482.35000 4.69120e-15
6484.65000 5.08280e-15
6486.96000 5.53280e-15
6489.26000 6.10190e-15
6491.56000 6.38890e-15
6493.86000 6.82640e-15
6496.16000 7.28570e-15
6498.47000 7.81860e-15
6500.77000 8.46250e-15
6503.07000 8.91450e-15
6505.37000 9.26300e-15
6507.67000 9.39830e-15
6509.98000 9.52090e-15
6512.28000 9.79570e-15
6514.58000 1.01010e-14
6516.88000 1.09310e-14
6519.19000 1.17980e-14
6521.49000 1.30110e-14
6523.79000 1.46090e-14
6526.10000 1.59650e-14
6528.40000 1.76490e-14
6530.70000 1.88800e-14
6533.00000 2.02940e-14
6535.31000 2.15830e-14
6537.61000 2.29790e-14
6539.91000 2.41280e-14
6542.22000 2.49850e-14
6544.52000 2.57290e-14
6546.82000 2.60030e-14
6549.13000 2.64620e-14
6551.43000 2.72830e-14
6553.73000 2.77930e-14
6556.04000 2.82860e-14
6558.34000 2.91290e-14
6560.65000 2.93920e-14
6562.95000 2.95570e-14
6565.25000 2.96890e-14
6567.56000 2.98650e-14
6569.86000 3.01040e-14
6572.17000 2.99500e-14
6574.47000 2.96990e-14
6576.77000 2.93490e-14
6579.08000 2.88210e-14
6581.38000 2.87070e-14
6583.69000 2.81460e-14
6585.99000 2.82240e-14
6588.30000 2.84180e-14
6590.60000 2.81560e-14
6592.91000 2.78340e-14
6595.21000 2.81350e-14
6597.52000 2.76470e-14
6599.82000 2.76190e-14
6602.13000 2.73290e-14
6604.43000 2.70620e-14
6606.74000 2.63080e-14
6609.04000 2.57070e-14
6611.35000 2.52330e-14
6613.65000 2.48650e-14
6615.96000 2.44890e-14
6618.27000 2.39540e-14
6620.57000 2.31760e-14
6622.88000 2.30520e-14
6625.18000 2.23150e-14
6627.49000 2.27260e-14
6629.80000 2.21470e-14
6632.10000 2.18370e-14
6634.41000 2.12560e-14
6636.71000 2.08130e-14
6639.02000 2.03900e-14
6641.33000 2.02500e-14
6643.63000 1.93800e-14
6645.94000 1.92340e-14
6648.25000 1.83980e-14
6650.55000 1.84390e-14
6652.86000 1.78490e-14
6655.17000 1.73730e-14
6657.47000 1.71080e-14
6659.78000 1.68820e-14
6662.09000 1.66820e-14
6664.40000 1.67020e-14
6666.70000 1.63500e-14
6669.01000 1.61860e-14
6671.32000 1.61610e-14
6673.62000 1.59510e-14
6675.93000 1.62100e-14
6678.24000 1.55630e-14
6680.55000 1.50730e-14
6682.85000 1.48680e-14
6685.16000 1.44430e-14
6687.47000 1.43970e-14
6689.78000 1.40610e-14
6692.09000 1.40100e-14
6694.39000 1.36250e-14
6696.70000 1.36770e-14
6699.01000 1.39240e-14
6701.32000 1.40940e-14
6703.63000 1.41470e-14
6705.94000 1.36820e-14
6708.24000 1.36960e-14
6710.55000 1.33640e-14
6712.86000 1.33160e-14
6715.17000 1.33520e-14
6717.48000 1.33800e-14
6719.79000 1.33910e-14
6722.10000 1.30390e-14
6724.41000 1.24800e-14
6726.72000 1.22070e-14
6729.02000 1.17820e-14
6731.33000 1.17570e-14
6733.64000 1.16050e-14
6735.95000 1.14740e-14
6738.26000 1.15940e-14
6740.57000 1.15000e-14
6742.88000 1.19770e-14
6745.19000 1.19230e-14
6747.50000 1.17890e-14
6749.81000 1.18160e-14
6752.12000 1.15050e-14
6754.43000 1.16870e-14
6756.74000 1.17230e-14
6759.05000 1.12860e-14
6761.36000 1.11060e-14
6763.67000 1.09860e-14
6765.98000 1.08340e-14
6768.30000 1.07380e-14
6770.60000 1.07900e-14
6772.92000 1.06570e-14
6775.23000 1.09070e-14
6777.54000 1.11440e-14
6779.85000 1.14350e-14
6782.16000 1.16170e-14
6784.47000 1.12550e-14
6786.78000 1.11070e-14
6789.09000 1.12860e-14
6791.40000 1.11750e-14
6793.72000 1.13450e-14
6796.03000 1.10730e-14
6798.34000 1.11750e-14
6800.65000 1.06240e-14
6802.96000 1.04560e-14
6805.27000 1.04220e-14
6807.59000 1.04710e-14
6809.90000 1.07260e-14
6812.21000 1.08980e-14
6814.52000 1.09700e-14
6816.84000 1.11270e-14
6819.15000 1.12970e-14
6821.46000 1.12850e-14
6823.77000 1.12780e-14
6826.09000 1.14000e-14
6828.40000 1.12300e-14
6830.71000 1.10860e-14
6833.02000 1.04770e-14
6835.34000 1.07180e-14
6837.65000 1.01090e-14
6839.96000 1.02760e-14
6842.28000 1.02470e-14
6844.59000 1.05650e-14
6846.90000 1.07260e-14
6849.22000 1.03470e-14
6851.53000 1.05510e-14
6853.84000 1.07700e-14
6856.16000 1.10040e-14
6858.47000 1.08160e-14
6860.78000 1.06680e-14
6863.10000 1.01650e-14
6865.41000 8.97810e-15
6867.73000 8.10350e-15
6870.04000 6.73010e-15
6872.35000 6.53330e-15
6874.67000 6.67600e-15
6876.98000 7.06920e-15
6879.30000 7.82250e-15
6881.61000 8.34890e-15
6883.93000 8.46380e-15
6886.24000 8.47190e-15
6888.56000 8.37700e-15
6890.87000 8.46490e-15
6893.19000 8.43800e-15
6895.50000 8.72730e-15
6897.82000 8.59840e-15
6900.13000 8.82840e-15
6902.45000 8.91280e-15
6904.76000 8.85440e-15
6907.08000 8.81430e-15
6909.39000 8.74610e-15
6911.71000 8.92580e-15
6914.02000 8.80220e-15
6916.34000 8.97580e-15
6918.66000 9.11940e-15
6920.97000 9.06980e-15
6923.29000 8.96210e-15
6925.60000 8.98440e-15
6927.92000 8.86960e-15
6930.24000 8.73920e-15
6932.55000 8.85600e-15
6934.87000 8.67170e-15
6937.19000 8.79350e-15
6939.50000 8.56320e-15
6941.82000 8.70910e-15
6944.14000 8.62210e-15
6946.45000 8.47930e-15
6948.77000 8.92610e-15
6951.09000 8.77600e-15
6953.40000 8.54950e-15
6955.72000 8.29370e-15
6958.04000 8.16620e-15
6960.36000 8.19640e-15
6962.67000 8.46290e-15
6964.99000 8.37740e-15
6967.31000 8.96910e-15
6969.63000 8.98850e-15
6971.94000 8.87490e-15
6974.26000 9.16320e-15
6976.58000 9.39240e-15
6978.90000 9.45120e-15
6981.22000 9.53510e-15
6983.53000 9.18590e-15
6985.85000 9.34450e-15
6988.17000 9.21760e-15
6990.49000 9.40540e-15
6992.81000 9.22560e-15
6995.13000 9.11440e-15
6997.45000 9.21260e-15
6999.77000 9.53000e-15
7002.08000 9.61240e-15
7004.40000 9.83300e-15
7006.72000 9.87790e-15
7009.04000 9.69390e-15
7011.36000 9.68420e-15
7013.68000 9.74430e-15
7016.00000 9.78510e-15
7018.32000 9.50290e-15
7020.64000 9.73730e-15
7022.96000 9.89870e-15
7025.28000 9.65960e-15
7027.60000 9.69750e-15
7029.92000 9.63880e-15
7032.24000 9.74270e-15
7034.56000 9.91690e-15
7036.88000 9.84930e-15
7039.20000 9.61800e-15
7041.52000 9.59080e-15
7043.84000 9.79760e-15
7046.16000 9.85530e-15
7048.48000 9.60230e-15
7050.80000 9.24910e-15
7053.12000 9.15640e-15
7055.44000 9.25780e-15
7057.77000 9.42530e-15
7060.09000 9.62380e-15
7062.41000 9.36610e-15
7064.73000 9.44640e-15
7067.05000 9.57240e-15
7069.37000 9.86160e-15
7071.69000 1.00910e-14
7074.02000 1.02630e-14
7076.34000 1.05500e-14
7078.66000 1.02610e-14
7080.98000 1.02650e-14
7083.30000 9.90210e-15
7085.62000 1.00250e-14
7087.95000 9.67220e-15
7090.27000 9.53940e-15
7092.59000 9.54540e-15
7094.91000 9.59120e-15
7097.24000 9.67800e-15
7099.56000 9.79100e-15
7101.88000 1.00280e-14
7104.20000 9.74470e-15
7106.53000 9.67380e-15
7108.85000 9.97950e-15
7111.17000 1.00750e-14
7113.50000 9.84240e-15
7115.82000 9.55160e-15
7118.14000 9.47160e-15
7120.47000 9.57100e-15
7122.79000 9.37050e-15
7125.11000 9.47300e-15
7127.44000 9.61670e-15
7129.76000 9.74750e-15
7132.08000 1.05120e-14
7134.41000 1.00750e-14
7136.73000 9.99340e-15
7139.06000 9.65900e-15
7141.38000 9.49170e-15
7143.71000 9.18160e-15
7146.03000 8.94390e-15
7148.35000 8.48300e-15
7150.68000 8.53700e-15
7153.00000 8.61070e-15
7155.33000 8.97260e-15
7157.65000 9.46300e-15
7159.98000 9.57740e-15
7162.30000 9.71680e-15
7164.63000 9.44070e-15
7166.95000 8.92630e-15
7169.28000 8.16780e-15
7171.60000 7.55650e-15
7173.93000 7.03320e-15
7176.26000 6.78090e-15
7178.58000 6.59450e-15
7180.91000 6.63350e-15
7183.23000 6.52730e-15
7185.56000 6.18970e-15
7187.89000 6.26760e-15
7190.21000 6.66560e-15
7192.54000 6.98250e-15
7194.86000 7.18670e-15
7197.19000 7.02360e-15
7199.52000 7.23530e-15
7201.84000 7.43680e-15
7204.17000 7.93030e-15
7206.50000 8.36070e-15
7208.82000 8.84840e-15
7211.15000 9.14220e-15
7213.48000 9.34300e-15
7215.80000 9.46150e-15
7218.13000 9.63030e-15
7220.46000 9.65430e-15
7222.79000 9.84450e-15
7225.11000 9.94120e-15
7227.44000 9.72970e-15
7229.77000 9.32050e-15
7232.10000 8.84840e-15
7234.43000 8.69510e-15
7236.75000 8.36870e-15
7239.08000 8.36670e-15
7241.41000 8.27380e-15
7243.74000 8.60310e-15
7246.06000 8.54290e-15
7248.39000 8.55470e-15
7250.72000 8.42690e-15
7253.05000 8.04690e-15
7255.38000 7.87650e-15
7257.71000 7.98970e-15
7260.04000 8.02010e-15
7262.37000 7.78400e-15
7264.69000 8.08780e-15
7267.02000 8.26350e-15
7269.35000 8.72540e-15
7271.68000 8.46920e-15
7274.01000 8.04940e-15
7276.34000 7.70820e-15
7278.67000 7.71360e-15
7281.00000 8.15430e-15
7283.33000 9.01850e-15
7285.66000 9.19500e-15
7287.99000 9.31330e-15
7290.32000 8.78420e-15
7292.65000 8.41720e-15
7294.98000 8.31150e-15
7297.31000 8.47110e-15
7299.64000 8.67200e-15
7301.97000 8.45520e-15
7304.30000 8.61160e-15
7306.63000 8.90920e-15
7308.97000 9.43480e-15
7311.30000 9.72620e-15
7313.63000 9.87770e-15
7315.96000 9.97830e-15
7318.29000 1.01350e-14
7320.62000 1.02250e-14
7322.95000 1.05470e-14
7325.28000 1.07060e-14
7327.61000 1.05980e-14
7329.95000 1.02680e-14
7332.28000 1.01700e-14
7334.61000 9.80760e-15
7336.94000 1.03010e-14
7339.27000 1.07930e-14
7341.61000 1.13300e-14
7343.94000 1.10770e-14
7346.27000 1.09930e-14
7348.60000 1.11970e-14
7350.94000 1.12310e-14
7353.27000 1.12950e-14
7355.60000 1.11140e-14
7357.94000 1.14670e-14
7360.27000 1.10060e-14
7362.60000 1.08540e-14
7364.93000 1.06130e-14
7367.27000 1.07880e-14
7369.60000 9.94600e-15
7371.93000 9.75510e-15
7374.27000 9.47410e-15
7376.60000 9.22100e-15
7378.93000 9.12240e-15
7381.27000 9.35420e-15
7383.60000 9.01330e-15
7385.94000 9.20630e-15
7388.27000 9.03280e-15
7390.60000 9.43830e-15
7392.94000 9.49510e-15
7395.27000 9.80770e-15
7397.61000 1.00910e-14
7399.94000 9.48150e-15
7402.27000 9.44510e-15
7404.61000 8.94400e-15
7406.94000 8.73020e-15
7409.28000 8.57030e-15
7411.61000 8.65700e-15
7413.95000 8.23980e-15
7416.28000 8.42980e-15
7418.62000 8.48210e-15
7420.96000 8.55920e-15
7423.29000 8.53260e-15
7425.63000 8.88240e-15
7427.96000 9.12160e-15
7430.30000 9.20380e-15
7432.63000 9.21940e-15
7434.97000 9.52330e-15
7437.31000 9.67160e-15
7439.64000 9.79970e-15
7441.98000 9.73770e-15
7444.31000 9.81200e-15
7446.65000 9.53260e-15
7448.99000 9.40590e-15
7451.32000 9.34080e-15
7453.66000 9.16500e-15
7456.00000 9.09370e-15
7458.33000 8.87260e-15
7460.67000 9.02090e-15
7463.01000 9.02600e-15
7465.35000 9.57500e-15
7467.68000 9.49870e-15
7470.02000 9.88360e-15
7472.36000 9.80720e-15
7474.69000 1.01720e-14
7477.03000 1.03990e-14
7479.37000 1.02050e-14
7481.71000 1.04170e-14
7484.05000 1.03400e-14
7486.38000 1.00220e-14
7488.72000 9.88750e-15
7491.06000 9.35560e-15
7493.40000 9.48310e-15
7495.74000 8.96960e-15
7498.07000 8.94500e-15
7500.41000 8.88730e-15
7502.75000 8.91830e-15
7505.09000 8.88950e-15
7507.43000 8.92390e-15
7509.77000 9.46380e-15
7512.11000 9.44270e-15
7514.45000 9.74320e-15
7516.79000 1.00560e-14
7519.13000 9.92500e-15
7521.47000 1.03110e-14
7523.81000 1.02180e-14
7526.15000 9.93660e-15
7528.48000 9.79370e-15
7530.82000 9.56020e-15
7533.16000 9.26130e-15
7535.50000 8.88340e-15
7537.84000 8.71950e-15
7540.19000 8.62780e-15
7542.52000 8.28000e-15
7544.86000 8.27740e-15
7547.21000 8.52140e-15
7549.55000 8.92540e-15
7551.89000 8.94200e-15
7554.23000 9.02420e-15
7556.57000 9.29350e-15
7558.91000 9.14750e-15
7561.25000 9.42220e-15
7563.59000 9.19420e-15
7565.93000 9.10990e-15
7568.27000 9.13400e-15
7570.62000 9.05440e-15
7572.96000 8.89450e-15
7575.30000 8.82490e-15
7577.64000 8.35640e-15
7579.98000 8.16180e-15
7582.32000 8.01780e-15
7584.67000 7.83070e-15
7587.01000 7.65900e-15
7589.35000 7.47880e-15
7591.69000 6.63870e-15
7594.04000 5.47360e-15
7596.38000 4.10490e-15
7598.72000 2.82920e-15
7601.06000 2.07450e-15
7603.41000 1.59170e-15
7605.75000 1.48610e-15
7608.09000 1.50990e-15
7610.44000 1.95980e-15
7612.78000 2.41610e-15
7615.12000 3.32050e-15
7617.47000 3.96240e-15
7619.81000 4.18000e-15
7622.15000 4.08660e-15
7624.50000 3.28640e-15
7626.84000 2.72640e-15
7629.18000 2.52660e-15
7631.53000 2.43200e-15
7633.87000 2.70530e-15
7636.22000 2.89490e-15
7638.56000 3.26640e-15
7640.90000 3.70680e-15
7643.25000 4.13710e-15
7645.59000 4.65450e-15
7647.94000 4.94850e-15
7650.28000 5.40140e-15
7652.63000 5.53250e-15
7654.97000 5.65240e-15
7657.32000 5.93620e-15
7659.66000 6.02070e-15
7662.01000 6.26000e-15
7664.35000 6.05200e-15
7666.70000 6.35390e-15
7669.04000 5.73450e-15
7671.39000 5.86870e-15
7673.73000 5.89290e-15
7676.08000 5.91040e-15
7678.43000 5.93120e-15
7680.77000 5.87510e-15
7683.12000 5.99330e-15
7685.47000 6.88570e-15
7687.81000 7.36130e-15
7690.16000 7.56820e-15
7692.50000 7.90340e-15
7694.85000 8.01120e-15
7697.20000 8.22910e-15
7699.54000 8.08160e-15
7701.89000 8.05370e-15
7704.24000 8.35070e-15
7706.58000 8.09040e-15
7708.93000 7.84470e-15
7711.28000 7.67890e-15
7713.63000 7.44940e-15
7715.97000 6.99690e-15
7718.32000 7.34340e-15
7720.67000 6.93870e-15
7723.02000 6.91590e-15
7725.36000 7.42990e-15
7727.71000 7.29840e-15
7730.06000 7.58230e-15
7732.41000 7.50640e-15
7734.76000 7.35250e-15
7737.10000 7.41270e-15
7739.45000 7.45780e-15
7741.80000 7.57040e-15
7744.15000 7.84810e-15
7746.50000 7.69870e-15
7748.85000 7.84040e-15
7751.20000 7.33820e-15
7753.55000 7.23210e-15
7755.90000 6.74950e-15
7758.24000 6.82920e-15
7760.59000 7.05200e-15
7762.94000 7.51880e-15
7765.29000 7.86510e-15
7767.64000 8.41210e-15
7769.99000 9.35750e-15
7772.34000 9.26550e-15
7774.69000 9.38650e-15
7777.04000 9.72490e-15
7779.39000 9.97170e-15
7781.74000 9.66890e-15
7784.09000 1.00860e-14
7786.44000 9.45620e-15
7788.79000 9.07270e-15
7791.14000 9.25650e-15
7793.49000 8.74830e-15
7795.84000 8.57430e-15
7798.19000 8.36660e-15
7800.54000 8.13600e-15
7802.90000 7.96630e-15
7805.25000 7.70730e-15
7807.60000 7.87430e-15
7809.95000 8.01770e-15
7812.30000 8.51030e-15
7814.65000 8.78080e-15
7817.00000 8.99630e-15
7819.35000 9.00340e-15
7821.71000 8.89780e-15
7824.06000 9.00730e-15
7826.41000 8.95790e-15
7828.76000 9.11820e-15
7831.11000 8.54660e-15
7833.47000 8.18040e-15
7835.82000 7.97380e-15
7838.17000 7.41440e-15
7840.52000 7.15960e-15
7842.88000 7.26990e-15
7845.23000 7.34740e-15
7847.58000 7.59050e-15
7849.93000 8.25120e-15
7852.29000 8.26740e-15
7854.64000 8.51200e-15
7856.99000 8.94050e-15
7859.35000 8.80530e-15
7861.70000 8.98990e-15
7864.05000 8.85810e-15
7866.41000 8.12700e-15
7868.76000 8.02760e-15
7871.11000 7.58710e-15
7873.47000 7.29790e-15
7875.82000 7.22860e-15
7878.18000 7.13940e-15
7880.53000 7.06220e-15
7882.88000 7.60150e-15
7885.24000 7.69840e-15
7887.59000 7.80740e-15
7889.95000 7.93080e-15
7892.30000 7.87570e-15
7894.66000 8.06550e-15
7897.01000 7.84660e-15
7899.36000 7.86850e-15
7901.72000 7.94350e-15
7904.07000 7.60820e-15
7906.43000 7.63380e-15
7908.79000 7.38110e-15
7911.14000 7.05410e-15
7913.50000 6.83370e-15
7915.85000 6.93040e-15
7918.21000 6.62460e-15
7920.56000 6.93790e-15
7922.92000 7.03790e-15
7925.27000 7.23980e-15
7927.63000 7.49970e-15
7929.99000 7.35890e-15
7932.34000 7.56940e-15
7934.70000 7.84810e-15
7937.06000 8.13440e-15
7939.41000 8.10650e-15
7941.77000 8.48880e-15
7944.12000 8.11650e-15
7946.48000 7.64250e-15
7948.84000 7.47560e-15
7951.19000 7.31360e-15
7953.55000 6.73310e-15
7955.91000 6.52530e-15
7958.27000 6.53800e-15
7960.62000 6.36450e-15
7962.98000 6.52900e-15
7965.34000 6.94650e-15
7967.70000 7.21730e-15
7970.05000 7.69470e-15
7972.41000 7.73060e-15
7974.77000 7.82560e-15
7977.13000 7.81310e-15
7979.48000 7.63870e-15
7981.84000 7.23600e-15
7984.20000 6.58140e-15
7986.56000 6.20500e-15
7988.92000 5.83410e-15
7991.28000 5.71680e-15
7993.64000 6.19260e-15
7995.99000 6.14330e-15
7998.35000 6.68930e-15
8000.71000 7.14170e-15
8003.07000 7.37930e-15
8005.43000 7.58830e-15
8007.79000 8.09250e-15
8010.15000 7.57410e-15
8012.51000 7.56920e-15
8014.87000 7.08390e-15
8017.23000 6.25080e-15
8019.59000 5.98730e-15
8021.94000 5.93100e-15
