3500.86 3.4328e-14
3501.72 3.4067e-14
3502.59 3.405e-14
3503.45 3.3699e-14
3504.31 3.3289e-14
3505.17 3.3869e-14
3506.03 3.4282e-14
3506.90 3.3818e-14
3507.76 3.3498e-14
3508.62 3.4286e-14
3509.48 3.4432e-14
3510.34 3.4208e-14
3511.21 3.3692e-14
3512.07 3.3122e-14
3512.93 3.426e-14
3513.79 3.4247e-14
3514.66 3.2857e-14
3515.52 3.2781e-14
3516.38 3.3958e-14
3517.24 3.4279e-14
3518.10 3.3582e-14
3518.97 3.4034e-14
3519.83 3.4333e-14
3520.69 3.3148e-14
3521.55 3.2546e-14
3522.41 3.3965e-14
3523.28 3.4e-14
3524.14 3.2623e-14
3525.00 3.3061e-14
3525.86 3.3206e-14
3526.72 3.3114e-14
3527.59 3.2679e-14
3528.45 3.2144e-14
3529.31 3.1739e-14
3530.17 3.2229e-14
3531.03 3.3335e-14
3531.90 3.3022e-14
3532.76 3.2399e-14
3533.62 3.2338e-14
3534.48 3.2995e-14
3535.34 3.3761e-14
3536.21 3.2925e-14
3537.07 3.1923e-14
3537.93 3.1092e-14
3538.79 3.1587e-14
3539.66 3.2279e-14
3540.52 3.2335e-14
3541.38 3.2824e-14
3542.24 3.2484e-14
3543.10 3.2244e-14
3543.97 3.2837e-14
3544.83 3.2936e-14
3545.69 3.2525e-14
3546.55 3.2447e-14
3547.41 3.2162e-14
3548.28 3.1903e-14
3549.14 3.1941e-14
3550.00 3.2505e-14
3550.86 3.2127e-14
3551.72 3.1742e-14
3552.59 3.199e-14
3553.45 3.1822e-14
3554.31 3.214e-14
3555.17 3.1915e-14
3556.03 3.1641e-14
3556.90 3.163e-14
3557.76 3.1103e-14
3558.62 3.1248e-14
3559.48 3.2437e-14
3560.34 3.3282e-14
3561.21 3.3143e-14
3562.07 3.2773e-14
3562.93 3.2929e-14
3563.79 3.2264e-14
3564.66 3.2635e-14
3565.52 3.2405e-14
3566.38 3.2232e-14
3567.24 3.1659e-14
3568.10 3.1514e-14
3568.97 3.1328e-14
3569.83 3.0993e-14
3570.69 3.102e-14
3571.55 3.1903e-14
3572.41 3.2331e-14
3573.28 3.2233e-14
3574.14 3.2032e-14
3575.00 3.1275e-14
3575.86 3.1445e-14
3576.72 3.0927e-14
3577.59 3.1173e-14
3578.45 3.2339e-14
3579.31 3.0857e-14
3580.17 3.1305e-14
3581.03 3.1713e-14
3581.90 3.1064e-14
3582.76 3.0845e-14
3583.62 3.1132e-14
3584.48 3.1049e-14
3585.34 3.0576e-14
3586.21 3.1489e-14
3587.07 3.2323e-14
3587.93 3.247e-14
3588.79 3.1803e-14
3589.66 3.1676e-14
3590.52 3.1456e-14
3591.38 3.0984e-14
3592.24 3.1015e-14
3593.10 3.1386e-14
3593.97 3.1142e-14
3594.83 3.1091e-14
3595.69 3.0483e-14
3596.55 3.0391e-14
3597.41 3.0911e-14
3598.28 3.0932e-14
3599.14 3.0881e-14
3600.00 3.0273e-14
3600.86 3.0271e-14
3601.72 3.0404e-14
3602.59 3.0817e-14
3603.45 2.994e-14
3604.31 3.0144e-14
3605.17 3.0056e-14
3606.03 2.9841e-14
3606.90 3.0001e-14
3607.76 2.9693e-14
3608.62 3.0185e-14
3609.48 3.0539e-14
3610.34 3.0614e-14
3611.21 3.0585e-14
3612.07 2.9828e-14
3612.93 2.9433e-14
3613.79 2.9867e-14
3614.66 2.9293e-14
3615.52 3.0151e-14
3616.38 3.0435e-14
3617.24 3.0721e-14
3618.10 3.0533e-14
3618.97 2.9593e-14
3619.83 2.9615e-14
3620.69 2.959e-14
3621.55 2.9363e-14
3622.41 2.9514e-14
3623.28 2.9967e-14
3624.14 3.0116e-14
3625.00 2.9482e-14
3625.86 2.8892e-14
3626.72 2.8884e-14
3627.59 2.8866e-14
3628.45 2.8723e-14
3629.31 2.8969e-14
3630.17 2.9142e-14
3631.03 2.8588e-14
3631.90 2.8299e-14
3632.76 2.8712e-14
3633.62 2.9234e-14
3634.48 2.9026e-14
3635.34 2.842e-14
3636.21 2.8358e-14
3637.07 2.9163e-14
3637.93 2.8993e-14
3638.79 2.8922e-14
3639.66 2.8914e-14
3640.52 2.8087e-14
3641.38 2.8093e-14
3642.24 2.8701e-14
3643.10 2.8395e-14
3643.97 2.8186e-14
3644.83 2.8647e-14
3645.69 2.8937e-14
3646.55 2.8345e-14
3647.41 2.8127e-14
3648.28 2.7872e-14
3649.14 2.8274e-14
3650.00 2.8269e-14
3650.86 2.7966e-14
3651.72 2.8164e-14
3652.59 2.8152e-14
3653.45 2.8249e-14
3654.31 2.84e-14
3655.17 2.8388e-14
3656.03 2.8744e-14
3656.90 2.8304e-14
3657.76 2.8027e-14
3658.62 2.7987e-14
3659.48 2.8206e-14
3660.34 2.8272e-14
3661.21 2.7943e-14
3662.07 2.8147e-14
3662.93 2.8519e-14
3663.79 2.796e-14
3664.66 2.7469e-14
3665.52 2.799e-14
3666.38 2.7605e-14
3667.24 2.6801e-14
3668.10 2.7278e-14
3668.97 2.8165e-14
3669.83 2.7975e-14
3670.69 2.7574e-14
3671.55 2.7755e-14
3672.41 2.7705e-14
3673.28 2.8075e-14
3674.14 2.798e-14
3675.00 2.8103e-14
3675.86 2.8422e-14
3676.72 2.8302e-14
3677.59 2.7675e-14
3678.45 2.7494e-14
3679.31 2.7751e-14
3680.17 2.7425e-14
3681.03 2.6895e-14
3681.90 2.7447e-14
3682.76 2.7539e-14
3683.62 2.7067e-14
3684.48 2.7056e-14
3685.34 2.7592e-14
3686.21 2.8021e-14
3687.07 2.7478e-14
3687.93 2.7491e-14
3688.79 2.8192e-14
3689.66 2.8306e-14
3690.52 2.7535e-14
3691.38 2.7139e-14
3692.24 2.7319e-14
3693.10 2.7112e-14
3693.97 2.7617e-14
3694.83 2.7569e-14
3695.69 2.7153e-14
3696.55 2.7667e-14
3697.41 2.7817e-14
3698.28 2.791e-14
3699.14 2.8208e-14
3700.00 2.7571e-14
3700.86 2.7229e-14
3701.72 2.7328e-14
3702.59 2.7679e-14
3703.45 2.779e-14
3704.31 2.7496e-14
3705.17 2.7464e-14
3706.03 2.7215e-14
3706.90 2.7192e-14
3707.76 2.7276e-14
3708.62 2.8007e-14
3709.48 2.834e-14
3710.34 2.7724e-14
3711.21 2.7354e-14
3712.07 2.7439e-14
3712.93 2.7789e-14
3713.79 2.8034e-14
3714.66 2.7931e-14
3715.52 2.7072e-14
3716.38 2.7478e-14
3717.24 2.7936e-14
3718.10 2.7282e-14
3718.97 2.7409e-14
3719.83 2.7725e-14
3720.69 2.7335e-14
3721.55 2.6426e-14
3722.41 2.624e-14
3723.28 2.719e-14
3724.14 2.7837e-14
3725.00 2.7273e-14
3725.86 2.6902e-14
3726.72 2.7396e-14
3727.59 2.7756e-14
3728.45 2.7103e-14
3729.31 2.6857e-14
3730.17 2.7031e-14
3731.03 2.7006e-14
3731.90 2.6811e-14
3732.76 2.6523e-14
3733.62 2.678e-14
3734.48 2.6993e-14
3735.34 2.6546e-14
3736.21 2.6422e-14
3737.07 2.6996e-14
3737.93 2.6638e-14
3738.79 2.6272e-14
3739.66 2.6526e-14
3740.52 2.6275e-14
3741.38 2.593e-14
3742.24 2.6228e-14
3743.10 2.6313e-14
3743.97 2.621e-14
3744.83 2.6037e-14
3745.69 2.56e-14
3746.55 2.5718e-14
3747.41 2.5169e-14
3748.28 2.5082e-14
3749.14 2.5588e-14
3750.00 2.541e-14
3750.86 2.5624e-14
3751.72 2.5402e-14
3752.59 2.4913e-14
3753.45 2.5028e-14
3754.31 2.5023e-14
3755.17 2.4612e-14
3756.03 2.4336e-14
3756.90 2.4789e-14
3757.76 2.501e-14
3758.62 2.4635e-14
3759.48 2.4773e-14
3760.34 2.5103e-14
3761.21 2.534e-14
3762.07 2.5136e-14
3762.93 2.5287e-14
3763.79 2.5631e-14
3764.66 2.5143e-14
3765.52 2.4826e-14
3766.38 2.4567e-14
3767.24 2.4583e-14
3768.10 2.4449e-14
3768.97 2.4686e-14
3769.83 2.4658e-14
3770.69 2.4387e-14
3771.55 2.4744e-14
3772.41 2.4561e-14
3773.28 2.3543e-14
3774.14 2.32e-14
3775.00 2.3797e-14
3775.86 2.4242e-14
3776.72 2.3836e-14
3777.59 2.3506e-14
3778.45 2.3392e-14
3779.31 2.3535e-14
3780.17 2.4098e-14
3781.03 2.3995e-14
3781.90 2.3496e-14
3782.76 2.3525e-14
3783.62 2.343e-14
3784.48 2.3087e-14
3785.34 2.3016e-14
3786.21 2.3328e-14
3787.07 2.4012e-14
3787.93 2.4053e-14
3788.79 2.3918e-14
3789.66 2.3886e-14
3790.52 2.3938e-14
3791.38 2.372e-14
3792.24 2.298e-14
3793.10 2.3085e-14
3793.97 2.3816e-14
3794.83 2.3456e-14
3795.69 2.3544e-14
3796.55 2.3831e-14
3797.41 2.3508e-14
3798.28 2.3592e-14
3799.14 2.3209e-14
3800.00 2.3008e-14
3800.86 2.3501e-14
3801.72 2.3343e-14
3802.59 2.3134e-14
3803.45 2.298e-14
3804.31 2.2787e-14
3805.17 2.2972e-14
3806.03 2.297e-14
3806.90 2.2645e-14
3807.76 2.2415e-14
3808.62 2.2461e-14
3809.48 2.2475e-14
3810.34 2.2569e-14
3811.21 2.2617e-14
3812.07 2.3034e-14
3812.93 2.3111e-14
3813.79 2.2911e-14
3814.66 2.2873e-14
3815.52 2.2952e-14
3816.38 2.2985e-14
3817.24 2.2563e-14
3818.10 2.2259e-14
3818.97 2.2064e-14
3819.83 2.2325e-14
3820.69 2.258e-14
3821.55 2.2476e-14
3822.41 2.2482e-14
3823.28 2.2457e-14
3824.14 2.251e-14
3825.00 2.2631e-14
3825.86 2.2965e-14
3826.72 2.2785e-14
3827.59 2.2517e-14
3828.45 2.2663e-14
3829.31 2.255e-14
3830.17 2.2371e-14
3831.03 2.2596e-14
3831.90 2.2478e-14
3832.76 2.264e-14
3833.62 2.3068e-14
3834.48 2.2561e-14
3835.34 2.2516e-14
3836.21 2.25e-14
3837.07 2.2591e-14
3837.93 2.2807e-14
3838.79 2.2955e-14
3839.66 2.2197e-14
3840.52 2.2436e-14
3841.38 2.2889e-14
3842.24 2.264e-14
3843.10 2.2302e-14
3843.97 2.2584e-14
3844.83 2.2562e-14
3845.69 2.2401e-14
3846.55 2.2442e-14
3847.41 2.2503e-14
3848.28 2.2402e-14
3849.14 2.2522e-14
3850.00 2.2446e-14
3850.86 2.2082e-14
3851.72 2.2069e-14
3852.59 2.2328e-14
3853.45 2.1958e-14
3854.31 2.2045e-14
3855.17 2.2017e-14
3856.03 2.2223e-14
3856.90 2.2148e-14
3857.76 2.1892e-14
3858.62 2.1988e-14
3859.48 2.1761e-14
3860.34 2.1965e-14
3861.21 2.2867e-14
3862.07 2.2652e-14
3862.93 2.2339e-14
3863.79 2.2531e-14
3864.66 2.2372e-14
3865.52 2.1976e-14
3866.38 2.2352e-14
3867.24 2.2459e-14
3868.10 2.2654e-14
3868.97 2.3216e-14
3869.83 2.2883e-14
3870.69 2.2778e-14
3871.55 2.2625e-14
3872.41 2.2576e-14
3873.28 2.2783e-14
3874.14 2.3216e-14
3875.00 2.3274e-14
3875.86 2.3143e-14
3876.72 2.2765e-14
3877.59 2.2762e-14
3878.45 2.3128e-14
3879.31 2.339e-14
3880.17 2.362e-14
3881.03 2.2937e-14
3881.90 2.2848e-14
3882.76 2.3513e-14
3883.62 2.3581e-14
3884.48 2.3295e-14
3885.34 2.3317e-14
3886.21 2.392e-14
3887.07 2.374e-14
3887.93 2.3861e-14
3888.79 2.4464e-14
3889.66 2.4519e-14
3890.52 2.4724e-14
3891.38 2.4648e-14
3892.24 2.4437e-14
3893.10 2.4026e-14
3893.97 2.4225e-14
3894.83 2.472e-14
3895.69 2.5065e-14
3896.55 2.4923e-14
3897.41 2.4857e-14
3898.28 2.5017e-14
3899.14 2.5129e-14
3900.00 2.5745e-14
3900.86 2.6221e-14
3901.72 2.6368e-14
3902.59 2.6086e-14
3903.45 2.581e-14
3904.31 2.585e-14
3905.17 2.6092e-14
3906.03 2.5872e-14
3906.90 2.6012e-14
3907.76 2.6396e-14
3908.62 2.6139e-14
3909.48 2.6245e-14
3910.34 2.6434e-14
3911.21 2.6819e-14
3912.07 2.6861e-14
3912.93 2.663e-14
3913.79 2.6601e-14
3914.66 2.6823e-14
3915.52 2.707e-14
3916.38 2.7368e-14
3917.24 2.733e-14
3918.10 2.7597e-14
3918.97 2.7931e-14
3919.83 2.8204e-14
3920.69 2.8093e-14
3921.55 2.7743e-14
3922.41 2.7496e-14
3923.28 2.7848e-14
3924.14 2.8031e-14
3925.00 2.8023e-14
3925.86 2.8256e-14
3926.72 2.853e-14
3927.59 2.802e-14
3928.45 2.8155e-14
3929.31 2.7797e-14
3930.17 2.7715e-14
3931.03 2.7554e-14
3931.90 2.7302e-14
3932.76 2.7036e-14
3933.62 2.6974e-14
3934.48 2.6945e-14
3935.34 2.7263e-14
3936.21 2.7758e-14
3937.07 2.7808e-14
3937.93 2.8163e-14
3938.79 2.8641e-14
3939.66 2.8693e-14
3940.52 2.8686e-14
3941.38 2.8582e-14
3942.24 2.8693e-14
3943.10 2.7769e-14
3943.97 2.7277e-14
3944.83 2.7352e-14
3945.69 2.7332e-14
3946.55 2.748e-14
3947.41 2.8352e-14
3948.28 2.92e-14
3949.14 2.8934e-14
3950.00 2.878e-14
3950.86 2.8343e-14
3951.72 2.8493e-14
3952.59 2.8972e-14
3953.45 2.8925e-14
3954.31 2.8956e-14
3955.17 2.8873e-14
3956.03 2.8684e-14
3956.90 2.8618e-14
3957.76 2.8884e-14
3958.62 2.8248e-14
3959.48 2.8208e-14
3960.34 2.8375e-14
3961.21 2.8141e-14
3962.07 2.7734e-14
3962.93 2.7999e-14
3963.79 2.7936e-14
3964.66 2.7746e-14
3965.52 2.768e-14
3966.38 2.8098e-14
3967.24 2.7438e-14
3968.10 2.6982e-14
3968.97 2.6963e-14
3969.83 2.6765e-14
3970.69 2.6854e-14
3971.55 2.7104e-14
3972.41 2.7165e-14
3973.28 2.7997e-14
3974.14 2.8168e-14
3975.00 2.6718e-14
3975.86 2.6767e-14
3976.72 2.7116e-14
3977.59 2.6705e-14
3978.45 2.6123e-14
3979.31 2.6079e-14
3980.17 2.6348e-14
3981.03 2.608e-14
3981.90 2.6275e-14
3982.76 2.6693e-14
3983.62 2.6592e-14
3984.48 2.667e-14
3985.34 2.6415e-14
3986.21 2.5915e-14
3987.07 2.6408e-14
3987.93 2.6132e-14
3988.79 2.6364e-14
3989.66 2.6782e-14
3990.52 2.5919e-14
3991.38 2.5282e-14
3992.24 2.6087e-14
3993.10 2.6498e-14
3993.97 2.6055e-14
3994.83 2.5788e-14
3995.69 2.5766e-14
3996.55 2.5355e-14
3997.41 2.5519e-14
3998.28 2.5795e-14
3999.14 2.5333e-14
4000.00 2.4872e-14
4000.86 2.5268e-14
4001.72 2.5337e-14
4002.59 2.5736e-14
4003.45 2.5498e-14
4004.31 2.502e-14
4005.17 2.5452e-14
4006.03 2.5121e-14
4006.90 2.47e-14
4007.76 2.5264e-14
4008.62 2.5477e-14
4009.48 2.5247e-14
4010.34 2.5254e-14
4011.21 2.5029e-14
4012.07 2.4647e-14
4012.93 2.5168e-14
4013.79 2.5708e-14
4014.66 2.5689e-14
4015.52 2.5463e-14
4016.38 2.4921e-14
4017.24 2.5631e-14
4018.10 2.6071e-14
4018.97 2.5906e-14
4019.83 2.5802e-14
4020.69 2.5569e-14
4021.55 2.5511e-14
4022.41 2.5476e-14
4023.28 2.5747e-14
4024.14 2.5791e-14
4025.00 2.5462e-14
4025.86 2.5821e-14
4026.72 2.5689e-14
4027.59 2.5809e-14
4028.45 2.6233e-14
4029.31 2.5929e-14
4030.17 2.5447e-14
4031.03 2.6063e-14
4031.90 2.6181e-14
4032.76 2.5942e-14
4033.62 2.6017e-14
4034.48 2.6249e-14
4035.34 2.6624e-14
4036.21 2.6197e-14
4037.07 2.6019e-14
4037.93 2.6515e-14
4038.79 2.6533e-14
4039.66 2.6494e-14
4040.52 2.6837e-14
4041.38 2.604e-14
4042.24 2.5973e-14
4043.10 2.6594e-14
4043.97 2.6995e-14
4044.83 2.6774e-14
4045.69 2.6529e-14
4046.55 2.6505e-14
4047.41 2.6863e-14
4048.28 2.6821e-14
4049.14 2.6636e-14
4050.00 2.657e-14
4050.86 2.6729e-14
4051.72 2.7147e-14
4052.59 2.7232e-14
4053.45 2.7545e-14
4054.31 2.7242e-14
4055.17 2.7054e-14
4056.03 2.7034e-14
4056.90 2.7523e-14
4057.76 2.7419e-14
4058.62 2.7279e-14
4059.48 2.758e-14
4060.34 2.7382e-14
4061.21 2.7295e-14
4062.07 2.7375e-14
4062.93 2.7522e-14
4063.79 2.7491e-14
4064.66 2.7671e-14
4065.52 2.8459e-14
4066.38 2.8023e-14
4067.24 2.7506e-14
4068.10 2.7354e-14
4068.97 2.7414e-14
4069.83 2.796e-14
4070.69 2.8244e-14
4071.55 2.8166e-14
4072.41 2.7397e-14
4073.28 2.7558e-14
4074.14 2.7802e-14
4075.00 2.8124e-14
4075.86 2.8155e-14
4076.72 2.7843e-14
4077.59 2.7795e-14
4078.45 2.8259e-14
4079.31 2.8427e-14
4080.17 2.8297e-14
4081.03 2.8066e-14
4081.90 2.7889e-14
4082.76 2.8246e-14
4083.62 2.8275e-14
4084.48 2.8188e-14
4085.34 2.8336e-14
4086.21 2.8383e-14
4087.07 2.8555e-14
4087.93 2.8424e-14
4088.79 2.8223e-14
4089.66 2.8529e-14
4090.52 2.865e-14
4091.38 2.8281e-14
4092.24 2.8231e-14
4093.10 2.8109e-14
4093.97 2.8412e-14
4094.83 2.8791e-14
4095.69 2.8469e-14
4096.55 2.8547e-14
4097.41 2.8607e-14
4098.28 2.861e-14
4099.14 2.8321e-14
4100.00 2.8181e-14
4100.86 2.8526e-14
4101.72 2.8499e-14
4102.59 2.8312e-14
4103.45 2.8634e-14
4104.31 2.8436e-14
4105.17 2.8489e-14
4106.03 2.8219e-14
4106.90 2.8252e-14
4107.76 2.8409e-14
4108.62 2.8038e-14
4109.48 2.8264e-14
4110.34 2.8673e-14
4111.21 2.8936e-14
4112.07 2.882e-14
4112.93 2.8683e-14
4113.79 2.8504e-14
4114.66 2.8432e-14
4115.52 2.8799e-14
4116.38 2.8563e-14
4117.24 2.811e-14
4118.10 2.8271e-14
4118.97 2.875e-14
4119.83 2.8163e-14
4120.69 2.7927e-14
4121.55 2.8689e-14
4122.41 2.9057e-14
4123.28 2.8134e-14
4124.14 2.7874e-14
4125.00 2.8144e-14
4125.86 2.846e-14
4126.72 2.8594e-14
4127.59 2.8212e-14
4128.45 2.7897e-14
4129.31 2.8174e-14
4130.17 2.8409e-14
4131.03 2.7546e-14
4131.90 2.7709e-14
4132.76 2.8271e-14
4133.62 2.8139e-14
4134.48 2.7729e-14
4135.34 2.7575e-14
4136.21 2.7464e-14
4137.07 2.7933e-14
4137.93 2.7702e-14
4138.79 2.7926e-14
4139.66 2.8047e-14
4140.52 2.8078e-14
4141.38 2.8208e-14
4142.24 2.793e-14
4143.10 2.8147e-14
4143.97 2.7976e-14
4144.83 2.7697e-14
4145.69 2.7982e-14
4146.55 2.8634e-14
4147.41 2.8416e-14
4148.28 2.8637e-14
4149.14 2.8339e-14
4150.00 2.7977e-14
4150.86 2.7786e-14
4151.72 2.837e-14
4152.59 2.8412e-14
4153.45 2.8248e-14
4154.31 2.7724e-14
4155.17 2.7729e-14
4156.03 2.8023e-14
4156.90 2.8006e-14
4157.76 2.7739e-14
4158.62 2.8002e-14
4159.48 2.7626e-14
4160.34 2.7789e-14
4161.21 2.7746e-14
4162.07 2.7713e-14
4162.93 2.7399e-14
4163.79 2.7699e-14
4164.66 2.7994e-14
4165.52 2.7685e-14
4166.38 2.7718e-14
4167.24 2.7909e-14
4168.10 2.7779e-14
4168.97 2.7161e-14
4169.83 2.7129e-14
4170.69 2.7347e-14
4171.55 2.7332e-14
4172.41 2.7262e-14
4173.28 2.7655e-14
4174.14 2.7611e-14
4175.00 2.7463e-14
4175.86 2.7274e-14
4176.72 2.739e-14
4177.59 2.7036e-14
4178.45 2.6837e-14
4179.31 2.7035e-14
4180.17 2.6979e-14
4181.03 2.7199e-14
4181.90 2.7638e-14
4182.76 2.696e-14
4183.62 2.719e-14
4184.48 2.6725e-14
4185.34 2.6825e-14
4186.21 2.6797e-14
4187.07 2.6717e-14
4187.93 2.6815e-14
4188.79 2.6526e-14
4189.66 2.6505e-14
4190.52 2.6434e-14
4191.38 2.6777e-14
4192.24 2.6402e-14
4193.10 2.6148e-14
4193.97 2.599e-14
4194.83 2.6528e-14
4195.69 2.6484e-14
4196.55 2.6751e-14
4197.41 2.6294e-14
4198.28 2.5982e-14
4199.14 2.6063e-14
4200.00 2.5971e-14
4200.86 2.5781e-14
4201.72 2.6464e-14
4202.59 2.6477e-14
4203.45 2.6047e-14
4204.31 2.5695e-14
4205.17 2.5506e-14
4206.03 2.5506e-14
4206.90 2.542e-14
4207.76 2.5176e-14
4208.62 2.5254e-14
4209.48 2.561e-14
4210.34 2.5188e-14
4211.21 2.5086e-14
4212.07 2.5058e-14
4212.93 2.5226e-14
4213.79 2.4902e-14
4214.66 2.4554e-14
4215.52 2.5099e-14
4216.38 2.5469e-14
4217.24 2.5337e-14
4218.10 2.4639e-14
4218.97 2.4275e-14
4219.83 2.4795e-14
4220.69 2.5155e-14
4221.55 2.4817e-14
4222.41 2.4519e-14
4223.28 2.4598e-14
4224.14 2.4709e-14
4225.00 2.4334e-14
4225.86 2.408e-14
4226.72 2.4449e-14
4227.59 2.4412e-14
4228.45 2.4747e-14
4229.31 2.4543e-14
4230.17 2.4537e-14
4231.03 2.4968e-14
4231.90 2.5058e-14
4232.76 2.4768e-14
4233.62 2.4883e-14
4234.48 2.4682e-14
4235.34 2.4813e-14
4236.21 2.5165e-14
4237.07 2.5083e-14
4237.93 2.4781e-14
4238.79 2.5242e-14
4239.66 2.5456e-14
4240.52 2.5622e-14
4241.38 2.5113e-14
4242.24 2.5022e-14
4243.10 2.5768e-14
4243.97 2.5838e-14
4244.83 2.6152e-14
4245.69 2.6478e-14
4246.55 2.5563e-14
4247.41 2.5265e-14
4248.28 2.6296e-14
4249.14 2.7123e-14
4250.00 2.6692e-14
4250.86 2.6921e-14
4251.72 2.7164e-14
4252.59 2.7433e-14
4253.45 2.7243e-14
4254.31 2.7098e-14
4255.17 2.7369e-14
4256.03 2.756e-14
4256.90 2.7671e-14
4257.76 2.8053e-14
4258.62 2.8481e-14
4259.48 2.8327e-14
4260.34 2.8082e-14
4261.21 2.8595e-14
4262.07 2.9144e-14
4262.93 2.8991e-14
4263.79 2.8599e-14
4264.66 2.8638e-14
4265.52 2.8896e-14
4266.38 2.9189e-14
4267.24 2.9588e-14
4268.10 2.9874e-14
4268.97 3.0237e-14
4269.83 2.9776e-14
4270.69 2.9706e-14
4271.55 3.0322e-14
4272.41 2.9981e-14
4273.28 3.0322e-14
4274.14 3.0336e-14
4275.00 3.0434e-14
4275.86 3.0887e-14
4276.72 3.0788e-14
4277.59 3.1352e-14
4278.45 3.1081e-14
4279.31 3.1387e-14
4280.17 3.1768e-14
4281.03 3.1071e-14
4281.90 3.1456e-14
4282.76 3.1635e-14
4283.62 3.1561e-14
4284.48 3.1549e-14
4285.34 3.2044e-14
4286.21 3.2168e-14
4287.07 3.159e-14
4287.93 3.2133e-14
4288.79 3.2496e-14
4289.66 3.2752e-14
4290.52 3.2918e-14
4291.38 3.3186e-14
4292.24 3.3169e-14
4293.10 3.2551e-14
4293.97 3.2832e-14
4294.83 3.322e-14
4295.69 3.3642e-14
4296.55 3.387e-14
4297.41 3.3806e-14
4298.28 3.3645e-14
4299.14 3.4245e-14
4300.00 3.4308e-14
4300.86 3.3924e-14
4301.72 3.3758e-14
4302.59 3.3543e-14
4303.45 3.3719e-14
4304.31 3.374e-14
4305.17 3.3891e-14
4306.03 3.4234e-14
4306.90 3.4053e-14
4307.76 3.4145e-14
4308.62 3.4417e-14
4309.48 3.4241e-14
4310.34 3.4066e-14
4311.21 3.4618e-14
4312.07 3.4666e-14
4312.93 3.4771e-14
4313.79 3.453e-14
4314.66 3.4226e-14
4315.52 3.4045e-14
4316.38 3.439e-14
4317.24 3.4128e-14
4318.10 3.4413e-14
4318.97 3.492e-14
4319.83 3.4984e-14
4320.69 3.4674e-14
4321.55 3.4461e-14
4322.41 3.4643e-14
4323.28 3.4593e-14
4324.14 3.4313e-14
4325.00 3.4773e-14
4325.86 3.5598e-14
4326.72 3.5385e-14
4327.59 3.4828e-14
4328.45 3.4093e-14
4329.31 3.4348e-14
4330.17 3.451e-14
4331.03 3.4327e-14
4331.90 3.437e-14
4332.76 3.4098e-14
4333.62 3.3896e-14
4334.48 3.3847e-14
4335.34 3.4228e-14
4336.21 3.4066e-14
4337.07 3.3409e-14
4337.93 3.3894e-14
4338.79 3.3821e-14
4339.66 3.376e-14
4340.52 3.3237e-14
4341.38 3.3429e-14
4342.24 3.4108e-14
4343.10 3.3394e-14
4343.97 3.3361e-14
4344.83 3.3909e-14
4345.69 3.3943e-14
4346.55 3.3246e-14
4347.41 3.3387e-14
4348.28 3.3196e-14
4349.14 3.2913e-14
4350.00 3.3113e-14
4350.86 3.3191e-14
4351.72 3.2943e-14
4352.59 3.2572e-14
4353.45 3.2528e-14
4354.31 3.2555e-14
4355.17 3.2712e-14
4356.03 3.2546e-14
4356.90 3.2451e-14
4357.76 3.2178e-14
4358.62 3.1989e-14
4359.48 3.1816e-14
4360.34 3.1335e-14
4361.21 3.1697e-14
4362.07 3.1958e-14
4362.93 3.1716e-14
4363.79 3.1637e-14
4364.66 3.1606e-14
4365.52 3.1543e-14
4366.38 3.1283e-14
4367.24 3.1155e-14
4368.10 3.1181e-14
4368.97 3.1347e-14
4369.83 3.1377e-14
4370.69 3.0767e-14
4371.55 3.0626e-14
4372.41 3.1234e-14
4373.28 3.0862e-14
4374.14 3.0344e-14
4375.00 3.0798e-14
4375.86 3.0687e-14
4376.72 3.0187e-14
4377.59 2.9829e-14
4378.45 2.9576e-14
4379.31 2.9734e-14
4380.17 2.9613e-14
4381.03 2.9493e-14
4381.90 2.9986e-14
4382.76 2.9637e-14
4383.62 2.9316e-14
4384.48 2.9183e-14
4385.34 2.9449e-14
4386.21 2.9541e-14
4387.07 2.8928e-14
4387.93 2.8786e-14
4388.79 2.8817e-14
4389.66 2.8802e-14
4390.52 2.8736e-14
4391.38 2.8807e-14
4392.24 2.9155e-14
4393.10 2.8556e-14
4393.97 2.8446e-14
4394.83 2.872e-14
4395.69 2.907e-14
4396.55 2.8997e-14
4397.41 2.8592e-14
4398.28 2.8504e-14
4399.14 2.8635e-14
4400.00 2.856e-14
4400.86 2.8656e-14
4401.72 2.8286e-14
4402.59 2.829e-14
4403.45 2.8962e-14
4404.31 2.9046e-14
4405.17 2.8581e-14
4406.03 2.8424e-14
4406.90 2.8504e-14
4407.76 2.8079e-14
4408.62 2.7859e-14
4409.48 2.832e-14
4410.34 2.8639e-14
4411.21 2.8732e-14
4412.07 2.8699e-14
4412.93 2.7854e-14
4413.79 2.8055e-14
4414.66 2.8673e-14
4415.52 2.818e-14
4416.38 2.807e-14
4417.24 2.8477e-14
4418.10 2.8533e-14
4418.97 2.8298e-14
4419.83 2.8497e-14
4420.69 2.82e-14
4421.55 2.8196e-14
4422.41 2.8523e-14
4423.28 2.8335e-14
4424.14 2.8201e-14
4425.00 2.8185e-14
4425.86 2.841e-14
4426.72 2.8414e-14
4427.59 2.8429e-14
4428.45 2.8555e-14
4429.31 2.8604e-14
4430.17 2.8732e-14
4431.03 2.8749e-14
4431.90 2.8624e-14
4432.76 2.8257e-14
4433.62 2.8409e-14
4434.48 2.893e-14
4435.34 2.8909e-14
4436.21 2.8987e-14
4437.07 2.9196e-14
4437.93 2.8568e-14
4438.79 2.8113e-14
4439.66 2.852e-14
4440.52 2.8563e-14
4441.38 2.8661e-14
4442.24 2.872e-14
4443.10 2.854e-14
4443.97 2.8716e-14
4444.83 2.8648e-14
4445.69 2.862e-14
4446.55 2.8656e-14
4447.41 2.884e-14
4448.28 2.8893e-14
4449.14 2.9015e-14
4450.00 2.9146e-14
4450.86 2.9119e-14
4451.72 2.9257e-14
4452.59 2.902e-14
4453.45 2.8578e-14
4454.31 2.8643e-14
4455.17 2.9124e-14
4456.03 2.8939e-14
4456.90 2.8664e-14
4457.76 2.9093e-14
4458.62 2.9376e-14
4459.48 2.953e-14
4460.34 2.9047e-14
4461.21 2.8641e-14
4462.07 2.8804e-14
4462.93 2.9074e-14
4463.79 2.9105e-14
4464.66 2.9035e-14
4465.52 2.9231e-14
4466.38 2.9216e-14
4467.24 2.9243e-14
4468.10 2.9222e-14
4468.97 2.8698e-14
4469.83 2.8634e-14
4470.69 2.9296e-14
4471.55 2.9529e-14
4472.41 2.9364e-14
4473.28 2.9544e-14
4474.14 2.9605e-14
4475.00 2.9701e-14
4475.86 2.9949e-14
4476.72 2.9622e-14
4477.59 2.9413e-14
4478.45 2.9164e-14
4479.31 2.9381e-14
4480.17 2.9491e-14
4481.03 2.9701e-14
4481.90 2.9811e-14
4482.76 2.9436e-14
4483.62 2.9699e-14
4484.48 2.9572e-14
4485.34 2.9248e-14
4486.21 2.9518e-14
4487.07 2.9707e-14
4487.93 2.9789e-14
4488.79 2.9633e-14
4489.66 2.9245e-14
4490.52 2.9662e-14
4491.38 2.9949e-14
4492.24 2.9555e-14
4493.10 2.9706e-14
4493.97 2.9558e-14
4494.83 2.9473e-14
4495.69 2.9355e-14
4496.55 2.9636e-14
4497.41 2.975e-14
4498.28 2.9698e-14
4499.14 2.9905e-14
4500.00 2.9307e-14
4500.86 2.9597e-14
4501.72 2.9883e-14
4502.59 2.9206e-14
4503.45 2.9152e-14
4504.31 2.9905e-14
4505.17 2.9961e-14
4506.03 2.9406e-14
4506.90 2.9181e-14
4507.76 2.8994e-14
4508.62 2.9013e-14
4509.48 2.9222e-14
4510.34 2.9175e-14
4511.21 2.9026e-14
4512.07 2.9207e-14
4512.93 2.9159e-14
4513.79 2.8993e-14
4514.66 2.8666e-14
4515.52 2.9251e-14
4516.38 2.9031e-14
4517.24 2.8977e-14
4518.10 2.9339e-14
4518.97 2.8643e-14
4519.83 2.8502e-14
4520.69 2.8907e-14
4521.55 2.9044e-14
4522.41 2.9176e-14
4523.28 2.8795e-14
4524.14 2.8219e-14
4525.00 2.8284e-14
4525.86 2.8135e-14
4526.72 2.8293e-14
4527.59 2.8686e-14
4528.45 2.9234e-14
4529.31 2.8754e-14
4530.17 2.8187e-14
4531.03 2.8588e-14
4531.90 2.8884e-14
4532.76 2.8253e-14
4533.62 2.8084e-14
4534.48 2.8117e-14
4535.34 2.8332e-14
4536.21 2.8549e-14
4537.07 2.8195e-14
4537.93 2.8363e-14
4538.79 2.8023e-14
4539.66 2.7808e-14
4540.52 2.8012e-14
4541.38 2.8217e-14
4542.24 2.8215e-14
4543.10 2.7815e-14
4543.97 2.7923e-14
4544.83 2.7929e-14
4545.69 2.7245e-14
4546.55 2.7651e-14
4547.41 2.7515e-14
4548.28 2.7228e-14
4549.14 2.7181e-14
4550.00 2.6924e-14
4550.86 2.726e-14
4551.72 2.7369e-14
4552.59 2.7152e-14
4553.45 2.7124e-14
4554.31 2.7062e-14
4555.17 2.6885e-14
4556.03 2.7027e-14
4556.90 2.7113e-14
4557.76 2.6976e-14
4558.62 2.6955e-14
4559.48 2.683e-14
4560.34 2.6741e-14
4561.21 2.6783e-14
4562.07 2.6638e-14
4562.93 2.6678e-14
4563.79 2.6941e-14
4564.66 2.7153e-14
4565.52 2.6895e-14
4566.38 2.6542e-14
4567.24 2.6398e-14
4568.10 2.6063e-14
4568.97 2.5798e-14
4569.83 2.5654e-14
4570.69 2.57e-14
4571.55 2.5965e-14
4572.41 2.6143e-14
4573.28 2.571e-14
4574.14 2.545e-14
4575.00 2.5687e-14
4575.86 2.6001e-14
4576.72 2.6083e-14
4577.59 2.6258e-14
4578.45 2.6092e-14
4579.31 2.555e-14
4580.17 2.5177e-14
4581.03 2.5338e-14
4581.90 2.5208e-14
4582.76 2.5101e-14
4583.62 2.5164e-14
4584.48 2.5169e-14
4585.34 2.5193e-14
4586.21 2.4928e-14
4587.07 2.4807e-14
4587.93 2.4726e-14
4588.79 2.4499e-14
4589.66 2.4883e-14
4590.52 2.5127e-14
4591.38 2.5146e-14
4592.24 2.4411e-14
4593.10 2.4043e-14
4593.97 2.4683e-14
4594.83 2.4882e-14
4595.69 2.4511e-14
4596.55 2.4613e-14
4597.41 2.4743e-14
4598.28 2.4391e-14
4599.14 2.3731e-14
4600.00 2.3988e-14
4600.86 2.3964e-14
4601.72 2.372e-14
4602.59 2.3814e-14
4603.45 2.3881e-14
4604.31 2.3514e-14
4605.17 2.3538e-14
4606.03 2.3222e-14
4606.90 2.2871e-14
4607.76 2.3147e-14
4608.62 2.3162e-14
4609.48 2.324e-14
4610.34 2.3018e-14
4611.21 2.2777e-14
4612.07 2.2536e-14
4612.93 2.252e-14
4613.79 2.2461e-14
4614.66 2.2375e-14
4615.52 2.2285e-14
4616.38 2.2344e-14
4617.24 2.2239e-14
4618.10 2.2222e-14
4618.97 2.2274e-14
4619.83 2.2025e-14
4620.69 2.1898e-14
4621.55 2.2028e-14
4622.41 2.1974e-14
4623.28 2.2009e-14
4624.14 2.1831e-14
4625.00 2.1627e-14
4625.86 2.1233e-14
4626.72 2.094e-14
4627.59 2.1075e-14
4628.45 2.1156e-14
4629.31 2.1051e-14
4630.17 2.1512e-14
4631.03 2.1297e-14
4631.90 2.1e-14
4632.76 2.0702e-14
4633.62 2.0518e-14
4634.48 2.0706e-14
4635.34 2.0622e-14
4636.21 2.0791e-14
4637.07 2.112e-14
4637.93 2.097e-14
4638.79 2.0576e-14
4639.66 2.0659e-14
4640.52 2.0974e-14
4641.38 2.0738e-14
4642.24 2.0474e-14
4643.10 2.0471e-14
4643.97 2.036e-14
4644.83 2.0005e-14
4645.69 1.9869e-14
4646.55 2.0054e-14
4647.41 1.9828e-14
4648.28 1.9964e-14
4649.14 2.0023e-14
4650.00 1.977e-14
4650.86 2.0071e-14
4651.72 1.9912e-14
4652.59 1.9825e-14
4653.45 1.9418e-14
4654.31 1.9671e-14
4655.17 1.9822e-14
4656.03 1.9493e-14
4656.90 1.9519e-14
4657.76 1.916e-14
4658.62 1.8889e-14
4659.48 1.9077e-14
4660.34 1.925e-14
4661.21 1.9476e-14
4662.07 1.9392e-14
4662.93 1.9042e-14
4663.79 1.8833e-14
4664.66 1.8478e-14
4665.52 1.8225e-14
4666.38 1.8413e-14
4667.24 1.8537e-14
4668.10 1.8094e-14
4668.97 1.7678e-14
4669.83 1.8178e-14
4670.69 1.868e-14
4671.55 1.8235e-14
4672.41 1.7507e-14
4673.28 1.7771e-14
4674.14 1.8106e-14
4675.00 1.7608e-14
4675.86 1.7386e-14
4676.72 1.7797e-14
4677.59 1.7525e-14
4678.45 1.7238e-14
4679.31 1.7326e-14
4680.17 1.7234e-14
4681.03 1.7049e-14
4681.90 1.7103e-14
4682.76 1.7226e-14
4683.62 1.7211e-14
4684.48 1.7073e-14
4685.34 1.6635e-14
4686.21 1.6317e-14
4687.07 1.6433e-14
4687.93 1.6338e-14
4688.79 1.6129e-14
4689.66 1.6234e-14
4690.52 1.6058e-14
4691.38 1.6006e-14
4692.24 1.6225e-14
4693.10 1.5973e-14
4693.97 1.599e-14
4694.83 1.6064e-14
4695.69 1.5804e-14
4696.55 1.5501e-14
4697.41 1.5536e-14
4698.28 1.5675e-14
4699.14 1.5512e-14
4700.00 1.534e-14
4700.86 1.5268e-14
4701.72 1.5101e-14
4702.59 1.4809e-14
4703.45 1.4672e-14
4704.31 1.4655e-14
4705.17 1.456e-14
4706.03 1.4578e-14
4706.90 1.4545e-14
4707.76 1.4132e-14
4708.62 1.4002e-14
4709.48 1.4068e-14
4710.34 1.4125e-14
4711.21 1.4047e-14
4712.07 1.4039e-14
4712.93 1.3904e-14
4713.79 1.3749e-14
4714.66 1.3916e-14
4715.52 1.3489e-14
4716.38 1.3651e-14
4717.24 1.3632e-14
4718.10 1.3491e-14
4718.97 1.3579e-14
4719.83 1.3403e-14
4720.69 1.3113e-14
4721.55 1.3552e-14
4722.41 1.361e-14
4723.28 1.32e-14
4724.14 1.2925e-14
4725.00 1.3131e-14
4725.86 1.3261e-14
4726.72 1.3183e-14
4727.59 1.3163e-14
4728.45 1.288e-14
4729.31 1.2776e-14
4730.17 1.2763e-14
4731.03 1.2786e-14
4731.90 1.295e-14
4732.76 1.3023e-14
4733.62 1.2919e-14
4734.48 1.2951e-14
4735.34 1.2805e-14
4736.21 1.2892e-14
4737.07 1.3001e-14
4737.93 1.2772e-14
4738.79 1.2978e-14
4739.65 1.2922e-14
4740.52 1.2724e-14
4741.38 1.303e-14
4742.24 1.3072e-14
4743.10 1.3021e-14
4743.97 1.3174e-14
4744.83 1.3162e-14
4745.69 1.3251e-14
4746.55 1.3116e-14
4747.41 1.3185e-14
4748.28 1.3605e-14
4749.14 1.3626e-14
4750.00 1.341e-14
4750.86 1.3451e-14
4751.72 1.3773e-14
4752.59 1.379e-14
4753.45 1.3636e-14
4754.31 1.3752e-14
4755.17 1.3924e-14
4756.03 1.402e-14
4756.90 1.4026e-14
4757.76 1.4081e-14
4758.62 1.4366e-14
4759.48 1.4508e-14
4760.34 1.4373e-14
4761.21 1.44e-14
4762.07 1.4569e-14
4762.93 1.4683e-14
4763.79 1.4823e-14
4764.65 1.4846e-14
4765.52 1.5032e-14
4766.38 1.5169e-14
4767.24 1.5008e-14
4768.10 1.5375e-14
4768.97 1.5493e-14
4769.83 1.5631e-14
4770.69 1.5717e-14
4771.55 1.5548e-14
4772.41 1.5573e-14
4773.28 1.5537e-14
4774.14 1.5511e-14
4775.00 1.5588e-14
4775.86 1.5865e-14
4776.72 1.5884e-14
4777.59 1.6038e-14
4778.45 1.6186e-14
4779.31 1.5984e-14
4780.17 1.6041e-14
4781.03 1.6206e-14
4781.90 1.6128e-14
4782.76 1.6194e-14
4783.62 1.6283e-14
4784.48 1.6365e-14
4785.34 1.644e-14
4786.21 1.6261e-14
4787.07 1.6391e-14
4787.93 1.648e-14
4788.79 1.6486e-14
4789.65 1.6693e-14
4790.52 1.6591e-14
4791.38 1.6433e-14
4792.24 1.6654e-14
4793.10 1.6815e-14
4793.97 1.6939e-14
4794.83 1.6753e-14
4795.69 1.6802e-14
4796.55 1.7055e-14
4797.41 1.6911e-14
4798.28 1.6554e-14
4799.14 1.7122e-14
4800.00 1.7425e-14
4800.86 1.7269e-14
4801.72 1.7366e-14
4802.59 1.7189e-14
4803.45 1.6947e-14
4804.31 1.7101e-14
4805.17 1.7366e-14
4806.03 1.7202e-14
4806.90 1.7331e-14
4807.76 1.7522e-14
4808.62 1.7584e-14
4809.48 1.7581e-14
4810.34 1.7446e-14
4811.21 1.7569e-14
4812.07 1.7715e-14
4812.93 1.7579e-14
4813.79 1.7517e-14
4814.65 1.7382e-14
4815.52 1.7515e-14
4816.38 1.7631e-14
4817.24 1.7831e-14
4818.10 1.7657e-14
4818.97 1.7255e-14
4819.83 1.7336e-14
4820.69 1.7446e-14
4821.55 1.7391e-14
4822.41 1.7547e-14
4823.28 1.7409e-14
4824.14 1.7345e-14
4825.00 1.7274e-14
4825.86 1.746e-14
4826.72 1.7749e-14
4827.59 1.7579e-14
4828.45 1.749e-14
4829.31 1.7387e-14
4830.17 1.7614e-14
4831.03 1.7465e-14
4831.90 1.7386e-14
4832.76 1.7609e-14
4833.62 1.7671e-14
4834.48 1.7778e-14
4835.34 1.782e-14
4836.21 1.7608e-14
4837.07 1.7645e-14
4837.93 1.7635e-14
4838.79 1.7747e-14
4839.65 1.7575e-14
4840.52 1.7066e-14
4841.38 1.7476e-14
4842.24 1.7516e-14
4843.10 1.75e-14
4843.97 1.7668e-14
4844.83 1.7727e-14
4845.69 1.7408e-14
4846.55 1.7324e-14
4847.41 1.7219e-14
4848.28 1.7371e-14
4849.14 1.7498e-14
4850.00 1.7305e-14
4850.86 1.6802e-14
4851.72 1.6829e-14
4852.59 1.7549e-14
4853.45 1.7667e-14
4854.31 1.7216e-14
4855.17 1.7298e-14
4856.03 1.7438e-14
4856.90 1.7189e-14
4857.76 1.6938e-14
4858.62 1.7015e-14
4859.48 1.7204e-14
4860.34 1.7039e-14
4861.21 1.673e-14
4862.07 1.6732e-14
4862.93 1.675e-14
4863.79 1.6767e-14
4864.65 1.695e-14
4865.52 1.6772e-14
4866.38 1.6546e-14
4867.24 1.6642e-14
4868.10 1.7014e-14
4868.97 1.7077e-14
4869.83 1.7005e-14
4870.69 1.688e-14
4871.55 1.6573e-14
4872.41 1.6625e-14
4873.28 1.6643e-14
4874.14 1.6786e-14
4875.00 1.658e-14
4875.86 1.6245e-14
4876.72 1.6674e-14
4877.59 1.6547e-14
4878.45 1.64e-14
4879.31 1.6663e-14
4880.17 1.6462e-14
4881.03 1.6165e-14
4881.90 1.6114e-14
4882.76 1.6477e-14
4883.62 1.6762e-14
4884.48 1.6405e-14
4885.34 1.631e-14
4886.21 1.6279e-14
4887.07 1.6215e-14
4887.93 1.608e-14
4888.79 1.6045e-14
4889.65 1.5932e-14
4890.52 1.5898e-14
4891.38 1.6086e-14
4892.24 1.6056e-14
4893.10 1.5914e-14
4893.97 1.5869e-14
4894.83 1.6136e-14
4895.69 1.6163e-14
4896.55 1.6187e-14
4897.41 1.5956e-14
4898.28 1.6089e-14
4899.14 1.6188e-14
4900.00 1.5889e-14
4900.86 1.5637e-14
4901.72 1.5948e-14
4902.59 1.6129e-14
4903.45 1.5661e-14
4904.31 1.575e-14
4905.17 1.5468e-14
4906.03 1.5461e-14
4906.90 1.5812e-14
4907.76 1.5669e-14
4908.62 1.5617e-14
4909.48 1.5803e-14
4910.34 1.5845e-14
4911.21 1.5563e-14
4912.07 1.5517e-14
4912.93 1.552e-14
4913.79 1.5459e-14
4914.65 1.5619e-14
4915.52 1.5519e-14
4916.38 1.5505e-14
4917.24 1.5603e-14
4918.10 1.5659e-14
4918.97 1.5638e-14
4919.83 1.5469e-14
4920.69 1.542e-14
4921.55 1.575e-14
4922.41 1.5592e-14
4923.28 1.5365e-14
4924.14 1.5268e-14
4925.00 1.5336e-14
4925.86 1.5398e-14
4926.72 1.5351e-14
4927.59 1.5473e-14
4928.45 1.5333e-14
4929.31 1.5131e-14
4930.17 1.5181e-14
4931.03 1.5208e-14
4931.90 1.5241e-14
4932.76 1.5178e-14
4933.62 1.5215e-14
4934.48 1.5354e-14
4935.34 1.5296e-14
4936.21 1.5278e-14
4937.07 1.5342e-14
4937.93 1.5367e-14
4938.79 1.517e-14
4939.65 1.4987e-14
4940.52 1.4998e-14
4941.38 1.5299e-14
4942.24 1.5154e-14
4943.10 1.4907e-14
4943.97 1.4799e-14
4944.83 1.4865e-14
4945.69 1.5087e-14
4946.55 1.4931e-14
4947.41 1.4838e-14
4948.28 1.4988e-14
4949.14 1.4795e-14
4950.00 1.4668e-14
4950.86 1.4915e-14
4951.72 1.5001e-14
4952.59 1.4964e-14
4953.45 1.5191e-14
4954.31 1.5135e-14
4955.17 1.5124e-14
4956.03 1.4847e-14
4956.90 1.4725e-14
4957.76 1.4916e-14
4958.62 1.4774e-14
4959.48 1.4717e-14
4960.34 1.4556e-14
4961.21 1.4645e-14
4962.07 1.4703e-14
4962.93 1.4978e-14
4963.79 1.5061e-14
4964.65 1.4916e-14
4965.52 1.4922e-14
4966.38 1.4934e-14
4967.24 1.4869e-14
4968.10 1.4604e-14
4968.97 1.4793e-14
4969.83 1.4662e-14
4970.69 1.4682e-14
4971.55 1.4969e-14
4972.41 1.4986e-14
4973.28 1.4496e-14
4974.14 1.4263e-14
4975.00 1.4589e-14
4975.86 1.4776e-14
4976.72 1.472e-14
4977.59 1.4691e-14
4978.45 1.4601e-14
4979.31 1.4399e-14
4980.17 1.4335e-14
4981.03 1.4472e-14
4981.90 1.4593e-14
4982.76 1.4274e-14
4983.62 1.4462e-14
4984.48 1.4787e-14
4985.34 1.4889e-14
4986.21 1.4666e-14
4987.07 1.4678e-14
4987.93 1.4623e-14
4988.79 1.4535e-14
4989.65 1.4423e-14
4990.52 1.4657e-14
4991.38 1.4636e-14
4992.24 1.4378e-14
4993.10 1.4333e-14
4993.97 1.4515e-14
4994.83 1.4439e-14
4995.69 1.4429e-14
4996.55 1.4626e-14
4997.41 1.4605e-14
4998.28 1.4171e-14
4999.14 1.4384e-14
5000.00 1.4575e-14
5000.86 1.4449e-14
5001.72 1.4433e-14
5002.59 1.4405e-14
5003.45 1.4526e-14
5004.31 1.4155e-14
5005.17 1.4168e-14
5006.03 1.4148e-14
5006.90 1.4128e-14
5007.76 1.4387e-14
5008.62 1.4267e-14
5009.48 1.4237e-14
5010.34 1.4317e-14
5011.21 1.4219e-14
5012.07 1.4024e-14
5012.93 1.429e-14
5013.79 1.4377e-14
5014.65 1.4338e-14
5015.52 1.415e-14
5016.38 1.4215e-14
5017.24 1.4355e-14
5018.10 1.4174e-14
5018.97 1.4036e-14
5019.83 1.4076e-14
5020.69 1.3948e-14
5021.55 1.4041e-14
5022.41 1.4338e-14
5023.28 1.4071e-14
5024.14 1.401e-14
5025.00 1.433e-14
5025.86 1.4305e-14
5026.72 1.4227e-14
5027.59 1.3964e-14
5028.45 1.3985e-14
5029.31 1.4312e-14
5030.17 1.444e-14
5031.03 1.4233e-14
5031.90 1.419e-14
5032.76 1.4152e-14
5033.62 1.4201e-14
5034.48 1.4395e-14
5035.34 1.4592e-14
5036.21 1.4518e-14
5037.07 1.446e-14
5037.93 1.4512e-14
5038.79 1.4421e-14
5039.65 1.4374e-14
5040.52 1.4336e-14
5041.38 1.4303e-14
5042.24 1.4579e-14
5043.10 1.4835e-14
5043.97 1.4655e-14
5044.83 1.4751e-14
5045.69 1.4746e-14
5046.55 1.4858e-14
5047.41 1.4875e-14
5048.28 1.4846e-14
5049.14 1.4579e-14
5050.00 1.4999e-14
5050.86 1.5019e-14
5051.72 1.5061e-14
5052.59 1.52e-14
5053.45 1.5254e-14
5054.31 1.5343e-14
5055.17 1.4984e-14
5056.03 1.5107e-14
5056.90 1.5086e-14
5057.76 1.5136e-14
5058.62 1.5319e-14
5059.48 1.5213e-14
5060.34 1.5268e-14
5061.21 1.5669e-14
5062.07 1.5774e-14
5062.93 1.563e-14
5063.79 1.5631e-14
5064.65 1.5557e-14
5065.52 1.6006e-14
5066.38 1.5855e-14
5067.24 1.5815e-14
5068.10 1.5632e-14
5068.97 1.5724e-14
5069.83 1.6433e-14
5070.69 1.6287e-14
5071.55 1.5818e-14
5072.41 1.6059e-14
5073.28 1.6012e-14
5074.14 1.6394e-14
5075.00 1.647e-14
5075.86 1.6425e-14
5076.72 1.6616e-14
5077.59 1.6228e-14
5078.45 1.6199e-14
5079.31 1.6532e-14
5080.17 1.6561e-14
5081.03 1.6281e-14
5081.90 1.61e-14
5082.76 1.6521e-14
5083.62 1.6765e-14
5084.48 1.6692e-14
5085.34 1.7007e-14
5086.21 1.7051e-14
5087.07 1.7005e-14
5087.93 1.7181e-14
5088.79 1.7395e-14
5089.65 1.7065e-14
5090.52 1.7024e-14
5091.38 1.7192e-14
5092.24 1.7242e-14
5093.10 1.7608e-14
5093.97 1.8082e-14
5094.83 1.7522e-14
5095.69 1.7524e-14
5096.55 1.7794e-14
5097.41 1.7914e-14
5098.28 1.8065e-14
5099.14 1.8137e-14
5100.00 1.8085e-14
5100.86 1.7796e-14
5101.72 1.8e-14
5102.59 1.807e-14
5103.45 1.8209e-14
5104.31 1.8219e-14
5105.17 1.85e-14
5106.03 1.8402e-14
5106.90 1.8222e-14
5107.76 1.8557e-14
5108.62 1.9023e-14
5109.48 1.8733e-14
5110.34 1.8787e-14
5111.21 1.8803e-14
5112.07 1.8654e-14
5112.93 1.8539e-14
5113.79 1.8641e-14
5114.65 1.9033e-14
5115.52 1.8951e-14
5116.38 1.9238e-14
5117.24 1.9165e-14
5118.10 1.9174e-14
5118.97 1.9345e-14
5119.83 1.9315e-14
5120.69 1.951e-14
5121.55 1.9743e-14
5122.41 1.9668e-14
5123.28 1.9727e-14
5124.14 1.9794e-14
5125.00 1.9826e-14
5125.86 1.9861e-14
5126.72 2e-14
5127.59 1.9877e-14
5128.45 2.0088e-14
5129.31 2.0572e-14
5130.17 2.1101e-14
5131.03 2.0703e-14
5131.90 2.031e-14
5132.76 2.044e-14
5133.62 2.0331e-14
5134.48 2.0254e-14
5135.34 2.0417e-14
5136.21 2.0596e-14
5137.07 2.0403e-14
5137.93 2.0826e-14
5138.79 2.0919e-14
5139.65 2.071e-14
5140.52 2.133e-14
5141.38 2.1195e-14
5142.24 2.1084e-14
5143.10 2.1084e-14
5143.97 2.108e-14
5144.83 2.1071e-14
5145.69 2.087e-14
5146.55 2.1063e-14
5147.41 2.0831e-14
5148.28 2.0413e-14
5149.14 2.0885e-14
5150.00 2.1411e-14
5150.86 2.1488e-14
5151.72 2.1419e-14
5152.59 2.1461e-14
5153.45 2.1231e-14
5154.31 2.1417e-14
5155.17 2.1809e-14
5156.03 2.1389e-14
5156.90 2.1557e-14
5157.76 2.161e-14
5158.62 2.1526e-14
5159.48 2.1963e-14
5160.34 2.215e-14
5161.21 2.2168e-14
5162.07 2.2081e-14
5162.93 2.1966e-14
5163.79 2.1788e-14
5164.65 2.1777e-14
5165.52 2.179e-14
5166.38 2.2135e-14
5167.24 2.236e-14
5168.10 2.2415e-14
5168.97 2.2276e-14
5169.83 2.2757e-14
5170.69 2.2398e-14
5171.55 2.2033e-14
5172.41 2.2294e-14
5173.28 2.2889e-14
5174.14 2.2596e-14
5175.00 2.2488e-14
5175.86 2.2663e-14
5176.72 2.2703e-14
5177.59 2.246e-14
5178.45 2.2279e-14
5179.31 2.2534e-14
5180.17 2.2814e-14
5181.03 2.3142e-14
5181.90 2.2626e-14
5182.76 2.2478e-14
5183.62 2.3005e-14
5184.48 2.3288e-14
5185.34 2.3156e-14
5186.21 2.3209e-14
5187.07 2.3319e-14
5187.93 2.3371e-14
5188.79 2.3366e-14
5189.65 2.4064e-14
5190.52 2.4063e-14
5191.38 2.3599e-14
5192.24 2.3469e-14
5193.10 2.3218e-14
5193.97 2.3488e-14
5194.83 2.3771e-14
5195.69 2.3787e-14
5196.55 2.3817e-14
5197.41 2.3598e-14
5198.28 2.3895e-14
5199.14 2.4549e-14
