3500.09000 3.34420e-14
3503.04000 3.31030e-14
3505.99000 3.30260e-14
3508.94000 3.34700e-14
3511.89000 3.36370e-14
3514.85000 3.35100e-14
3517.80000 3.28150e-14
3520.75000 3.29370e-14
3523.70000 3.38650e-14
3526.65000 3.28980e-14
3529.60000 3.33320e-14
3532.55000 3.32880e-14
3535.50000 3.37580e-14
3538.45000 3.31400e-14
3541.40000 3.28590e-14
3544.36000 3.35040e-14
3547.31000 3.32560e-14
3550.26000 3.28190e-14
3553.21000 3.18060e-14
3556.16000 3.18600e-14
3559.11000 3.16640e-14
3562.06000 3.21100e-14
3565.01000 3.19550e-14
3567.96000 3.19340e-14
3570.91000 3.15690e-14
3573.87000 3.12680e-14
3576.82000 3.08590e-14
3579.77000 3.07910e-14
3582.72000 3.05800e-14
3585.67000 3.10390e-14
3588.62000 3.13950e-14
3591.57000 3.14410e-14
3594.52000 3.14260e-14
3597.47000 3.05950e-14
3600.43000 3.02550e-14
3603.38000 3.02980e-14
3606.33000 3.01480e-14
3609.28000 2.99260e-14
3612.23000 2.98350e-14
3615.18000 3.00620e-14
3618.13000 2.94740e-14
3621.08000 2.92060e-14
3624.03000 2.96210e-14
3626.98000 2.95560e-14
3629.94000 2.86670e-14
3632.89000 2.90480e-14
3635.84000 2.86270e-14
3638.79000 2.86120e-14
3641.74000 2.85560e-14
3644.69000 2.82260e-14
3647.64000 2.84830e-14
3650.59000 2.84730e-14
3653.54000 2.82850e-14
3656.49000 2.84840e-14
3659.45000 2.85040e-14
3662.40000 2.87570e-14
3665.35000 2.88020e-14
3668.30000 2.89200e-14
3671.25000 2.89400e-14
3674.20000 2.84760e-14
3677.15000 2.86230e-14
3680.10000 2.84960e-14
3683.05000 2.85930e-14
3686.01000 2.88450e-14
3688.96000 2.85160e-14
3691.91000 2.83440e-14
3694.86000 2.81720e-14
3697.81000 2.82560e-14
3700.76000 2.86210e-14
3703.71000 2.84930e-14
3706.66000 2.89970e-14
3709.61000 2.96650e-14
3712.56000 2.96200e-14
3715.52000 2.93890e-14
3718.47000 2.98320e-14
3721.42000 2.98480e-14
3724.37000 2.99190e-14
3727.32000 2.97870e-14
3730.27000 2.96010e-14
3733.22000 2.97150e-14
3736.17000 2.93980e-14
3739.12000 2.91950e-14
3742.07000 2.90780e-14
3745.03000 2.85090e-14
3747.98000 2.83140e-14
3750.93000 2.81910e-14
3753.88000 2.84100e-14
3756.83000 2.79860e-14
3759.78000 2.76330e-14
3762.73000 2.74830e-14
3765.68000 2.72750e-14
3768.63000 2.72230e-14
3771.59000 2.69850e-14
3774.54000 2.67510e-14
3777.49000 2.66400e-14
3780.44000 2.66470e-14
3783.39000 2.68520e-14
3786.34000 2.67210e-14
3789.29000 2.65000e-14
3792.24000 2.67540e-14
3795.19000 2.68110e-14
3798.14000 2.64240e-14
3801.10000 2.62950e-14
3804.05000 2.63980e-14
3807.00000 2.65170e-14
3809.95000 2.61200e-14
3812.90000 2.59550e-14
3815.85000 2.59260e-14
3818.80000 2.60800e-14
3821.75000 2.57650e-14
3824.70000 2.61280e-14
3827.65000 2.61650e-14
3830.61000 2.59710e-14
3833.56000 2.58360e-14
3836.51000 2.61350e-14
3839.46000 2.58800e-14
3842.41000 2.57410e-14
3845.36000 2.55320e-14
3848.31000 2.56590e-14
3851.26000 2.57370e-14
3854.21000 2.55170e-14
3857.17000 2.55900e-14
3860.12000 2.56060e-14
3863.07000 2.59240e-14
3866.02000 2.61390e-14
3868.97000 2.59800e-14
3871.92000 2.63460e-14
3874.87000 2.67620e-14
3877.82000 2.70010e-14
3880.77000 2.69490e-14
3883.72000 2.74050e-14
3886.68000 2.76380e-14
3889.63000 2.78020e-14
3892.58000 2.78630e-14
3895.53000 2.80290e-14
3898.48000 2.81810e-14
3901.43000 2.86910e-14
3904.38000 2.90940e-14
3907.33000 2.92240e-14
3910.28000 2.93120e-14
3913.23000 2.98980e-14
3916.19000 3.01070e-14
3919.14000 3.03100e-14
3922.09000 3.05190e-14
3925.04000 3.05030e-14
3927.99000 3.02390e-14
3930.94000 3.00900e-14
3933.89000 3.04190e-14
3936.84000 2.99440e-14
3939.79000 2.98620e-14
3942.75000 3.03690e-14
3945.70000 3.04890e-14
3948.65000 2.99670e-14
3951.60000 3.00210e-14
3954.55000 3.02710e-14
3957.50000 3.01580e-14
3960.45000 2.96920e-14
3963.40000 2.92660e-14
3966.35000 2.91300e-14
3969.30000 2.87390e-14
3972.26000 2.79470e-14
3975.21000 2.78180e-14
3978.16000 2.79600e-14
3981.11000 2.75980e-14
3984.06000 2.73080e-14
3987.01000 2.70570e-14
3989.96000 2.69950e-14
3992.91000 2.68790e-14
3995.86000 2.67660e-14
3998.81000 2.67460e-14
4001.77000 2.65480e-14
4004.72000 2.64070e-14
4007.67000 2.64370e-14
4010.62000 2.64340e-14
4013.57000 2.66010e-14
4016.52000 2.66510e-14
4019.47000 2.67380e-14
4022.42000 2.68840e-14
4025.37000 2.71250e-14
4028.33000 2.73720e-14
4031.28000 2.75230e-14
4034.23000 2.76710e-14
4037.18000 2.78890e-14
4040.13000 2.80480e-14
4043.08000 2.79370e-14
4046.03000 2.82870e-14
4048.98000 2.82540e-14
4051.93000 2.83940e-14
4054.88000 2.85780e-14
4057.84000 2.85130e-14
4060.79000 2.86080e-14
4063.74000 2.88860e-14
4066.69000 2.88650e-14
4069.64000 2.88260e-14
4072.59000 2.87860e-14
4075.54000 2.89500e-14
4078.49000 2.88250e-14
4081.44000 2.90700e-14
4084.39000 2.89480e-14
4087.35000 2.88520e-14
4090.30000 2.89900e-14
4093.25000 2.87730e-14
4096.20000 2.87210e-14
4099.15000 2.87750e-14
4102.10000 2.85320e-14
4105.05000 2.86360e-14
4108.00000 2.83780e-14
4110.95000 2.82540e-14
4113.91000 2.79440e-14
4116.86000 2.79360e-14
4119.81000 2.78350e-14
4122.76000 2.75960e-14
4125.71000 2.74290e-14
4128.66000 2.71660e-14
4131.61000 2.68510e-14
4134.56000 2.67230e-14
4137.51000 2.66570e-14
4140.46000 2.63810e-14
4143.42000 2.65590e-14
4146.37000 2.64340e-14
4149.32000 2.61610e-14
4152.27000 2.61760e-14
4155.22000 2.60760e-14
4158.17000 2.59470e-14
4161.12000 2.55660e-14
4164.07000 2.53980e-14
4167.02000 2.53120e-14
4169.97000 2.52870e-14
4172.93000 2.50600e-14
4175.88000 2.49030e-14
4178.83000 2.46220e-14
4181.78000 2.46300e-14
4184.73000 2.44260e-14
4187.68000 2.41370e-14
4190.63000 2.40410e-14
4193.58000 2.37530e-14
4196.53000 2.34690e-14
4199.49000 2.31790e-14
4202.44000 2.29570e-14
4205.39000 2.26070e-14
4208.34000 2.24260e-14
4211.29000 2.22550e-14
4214.24000 2.20660e-14
4217.19000 2.19260e-14
4220.14000 2.18330e-14
4223.09000 2.18020e-14
4226.04000 2.17030e-14
4229.00000 2.17220e-14
4231.95000 2.17330e-14
4234.90000 2.19460e-14
4237.85000 2.26420e-14
4240.80000 2.28080e-14
4243.75000 2.25560e-14
4246.70000 2.29240e-14
4249.65000 2.31990e-14
4252.60000 2.36490e-14
4255.55000 2.40620e-14
4258.51000 2.45020e-14
4261.46000 2.48720e-14
4264.41000 2.52330e-14
4267.36000 2.55800e-14
4270.31000 2.59260e-14
4273.26000 2.63200e-14
4276.21000 2.64130e-14
4279.16000 2.68080e-14
4282.11000 2.72820e-14
4285.07000 2.77130e-14
4288.02000 2.78620e-14
4290.97000 2.78740e-14
4293.92000 2.81180e-14
4296.87000 2.84170e-14
4299.82000 2.85260e-14
4302.77000 2.86040e-14
4305.72000 2.86940e-14
4308.67000 2.86740e-14
4311.62000 2.86960e-14
4314.58000 2.87050e-14
4317.53000 2.87860e-14
4320.48000 2.87420e-14
4323.43000 2.85580e-14
4326.38000 2.86460e-14
4329.33000 2.84790e-14
4332.28000 2.83970e-14
4335.23000 2.81190e-14
4338.18000 2.80420e-14
4341.13000 2.79060e-14
4344.09000 2.77230e-14
4347.04000 2.75130e-14
4349.99000 2.73480e-14
4352.94000 2.72010e-14
4355.89000 2.70400e-14
4358.84000 2.67990e-14
4361.79000 2.66420e-14
4364.74000 2.63450e-14
4367.69000 2.62510e-14
4370.65000 2.60500e-14
4373.60000 2.58120e-14
4376.55000 2.57450e-14
4379.50000 2.55620e-14
4382.45000 2.54390e-14
4385.40000 2.53440e-14
4388.35000 2.52650e-14
4391.30000 2.52870e-14
4394.25000 2.51350e-14
4397.20000 2.50310e-14
4400.16000 2.49730e-14
4403.11000 2.48510e-14
4406.06000 2.48580e-14
4409.01000 2.48740e-14
4411.96000 2.49610e-14
4414.91000 2.49650e-14
4417.86000 2.48820e-14
4420.81000 2.46760e-14
4423.76000 2.46640e-14
4426.71000 2.46360e-14
4429.67000 2.48210e-14
4432.62000 2.48500e-14
4435.57000 2.48070e-14
4438.52000 2.49670e-14
4441.47000 2.48380e-14
4444.42000 2.48520e-14
4447.37000 2.48550e-14
4450.32000 2.48920e-14
4453.27000 2.49870e-14
4456.23000 2.51570e-14
4459.18000 2.52250e-14
4462.13000 2.50390e-14
4465.08000 2.50220e-14
4468.03000 2.47120e-14
4470.98000 2.47090e-14
4473.93000 2.51510e-14
4476.88000 2.51250e-14
4479.83000 2.51490e-14
4482.78000 2.52750e-14
4485.74000 2.53620e-14
4488.69000 2.53160e-14
4491.64000 2.51570e-14
4494.59000 2.52370e-14
4497.54000 2.53460e-14
4500.49000 2.54430e-14
4503.44000 2.53320e-14
4506.39000 2.53060e-14
4509.34000 2.51920e-14
4512.29000 2.54510e-14
4515.25000 2.54610e-14
4518.20000 2.53560e-14
4521.15000 2.53240e-14
4524.10000 2.53550e-14
4527.05000 2.52840e-14
4530.00000 2.52280e-14
4532.95000 2.50750e-14
4535.90000 2.52160e-14
4538.85000 2.51810e-14
4541.81000 2.50530e-14
4544.76000 2.47780e-14
4547.71000 2.48640e-14
4550.66000 2.48570e-14
4553.61000 2.47150e-14
4556.56000 2.46940e-14
4559.51000 2.46090e-14
4562.46000 2.45990e-14
4565.41000 2.43740e-14
4568.36000 2.42830e-14
4571.32000 2.41750e-14
4574.27000 2.41900e-14
4577.22000 2.40720e-14
4580.17000 2.39190e-14
4583.12000 2.37580e-14
4586.07000 2.36180e-14
4589.02000 2.35040e-14
4591.97000 2.33370e-14
4594.92000 2.32490e-14
4597.87000 2.31580e-14
4600.83000 2.30950e-14
4603.78000 2.27720e-14
4606.73000 2.26270e-14
4609.68000 2.24780e-14
4612.63000 2.23180e-14
4615.58000 2.20550e-14
4618.53000 2.18880e-14
4621.48000 2.16040e-14
4624.43000 2.16060e-14
4627.39000 2.14280e-14
4630.34000 2.14570e-14
4633.29000 2.13920e-14
4636.24000 2.12080e-14
4639.19000 2.11710e-14
4642.14000 2.10140e-14
4645.09000 2.10000e-14
4648.04000 2.09300e-14
4650.99000 2.07180e-14
4653.94000 2.07160e-14
4656.90000 2.04860e-14
4659.85000 2.02520e-14
4662.80000 2.00050e-14
4665.75000 1.98170e-14
4668.70000 1.97170e-14
4671.65000 1.94070e-14
4674.60000 1.93700e-14
4677.55000 1.90580e-14
4680.50000 1.90590e-14
4683.45000 1.88510e-14
4686.41000 1.86580e-14
4689.36000 1.84810e-14
4692.31000 1.82250e-14
4695.26000 1.79320e-14
4698.21000 1.77600e-14
4701.16000 1.75630e-14
4704.11000 1.72920e-14
4707.06000 1.71920e-14
4710.01000 1.69580e-14
4712.97000 1.67510e-14
4715.92000 1.65820e-14
4718.87000 1.65860e-14
4721.82000 1.64760e-14
4724.77000 1.65280e-14
4727.72000 1.65490e-14
4730.67000 1.66200e-14
4733.62000 1.67180e-14
4736.57000 1.69260e-14
4739.52000 1.71540e-14
4742.48000 1.74560e-14
4745.43000 1.77240e-14
4748.38000 1.80510e-14
4751.33000 1.83830e-14
4754.28000 1.87400e-14
4757.23000 1.92770e-14
4760.18000 1.95800e-14
4763.13000 2.01040e-14
4766.08000 2.06410e-14
4769.03000 2.10870e-14
4771.99000 2.15030e-14
4774.94000 2.19860e-14
4777.89000 2.22770e-14
4780.84000 2.25870e-14
4783.79000 2.28970e-14
4786.74000 2.32600e-14
4789.69000 2.36010e-14
4792.64000 2.39490e-14
4795.59000 2.41940e-14
4798.55000 2.43990e-14
4801.50000 2.46600e-14
4804.45000 2.49460e-14
4807.40000 2.51440e-14
4810.35000 2.54270e-14
4813.30000 2.54370e-14
4816.25000 2.55580e-14
4819.20000 2.58630e-14
4822.15000 2.57890e-14
4825.10000 2.59130e-14
4828.06000 2.60120e-14
4831.01000 2.60810e-14
4833.96000 2.62250e-14
4836.91000 2.62460e-14
4839.86000 2.62680e-14
4842.81000 2.61440e-14
4845.76000 2.61650e-14
4848.71000 2.61490e-14
4851.66000 2.62270e-14
4854.61000 2.60830e-14
4857.57000 2.59490e-14
4860.52000 2.58720e-14
4863.47000 2.57980e-14
4866.42000 2.56770e-14
4869.37000 2.56580e-14
4872.32000 2.55020e-14
4875.27000 2.52830e-14
4878.22000 2.52920e-14
4881.17000 2.52040e-14
4884.13000 2.50170e-14
4887.08000 2.49140e-14
4890.03000 2.48470e-14
4892.98000 2.46990e-14
4895.93000 2.45960e-14
4898.88000 2.44160e-14
4901.83000 2.43540e-14
4904.78000 2.42300e-14
4907.73000 2.41750e-14
4910.68000 2.40670e-14
4913.64000 2.38710e-14
4916.59000 2.37380e-14
4919.54000 2.36290e-14
4922.49000 2.36140e-14
4925.44000 2.34110e-14
4928.39000 2.32970e-14
4931.34000 2.31820e-14
4934.29000 2.31870e-14
4937.24000 2.31310e-14
4940.19000 2.30230e-14
4943.15000 2.28150e-14
4946.10000 2.27930e-14
4949.05000 2.27810e-14
4952.00000 2.26770e-14
4954.95000 2.23610e-14
4957.90000 2.22920e-14
4960.85000 2.22550e-14
4963.80000 2.21420e-14
4966.75000 2.20360e-14
4969.71000 2.20690e-14
4972.66000 2.17900e-14
4975.61000 2.16260e-14
4978.56000 2.15950e-14
4981.51000 2.15050e-14
4984.46000 2.14110e-14
4987.41000 2.13500e-14
4990.36000 2.10980e-14
4993.31000 2.11110e-14
4996.26000 2.09720e-14
4999.22000 2.08830e-14
5002.17000 2.07880e-14
5005.12000 2.06490e-14
5008.07000 2.04250e-14
5011.02000 2.04160e-14
5013.97000 2.03900e-14
5016.92000 2.02250e-14
5019.87000 2.01030e-14
5022.82000 2.00960e-14
5025.77000 2.01130e-14
5028.73000 1.99680e-14
5031.68000 1.98140e-14
5034.63000 1.98020e-14
5037.58000 1.98610e-14
5040.53000 1.98700e-14
5043.48000 1.98640e-14
5046.43000 1.98010e-14
5049.38000 1.98420e-14
5052.33000 1.97210e-14
5055.29000 1.95540e-14
5058.24000 1.97440e-14
5061.19000 1.97890e-14
5064.14000 1.98240e-14
5067.09000 1.98880e-14
5070.04000 1.97970e-14
5072.99000 1.98240e-14
5075.94000 1.98090e-14
5078.89000 1.98910e-14
5081.84000 1.99180e-14
5084.80000 1.98890e-14
5087.75000 1.98930e-14
5090.70000 1.98620e-14
5093.65000 1.97640e-14
5096.60000 1.98720e-14
5099.55000 1.99410e-14
5102.50000 1.98720e-14
5105.45000 1.99090e-14
5108.40000 1.99190e-14
5111.35000 1.99790e-14
5114.31000 1.98760e-14
5117.26000 1.98070e-14
5120.21000 1.98780e-14
5123.16000 1.99170e-14
5126.11000 1.99170e-14
5129.06000 1.99130e-14
5132.01000 1.98390e-14
5134.96000 1.98940e-14
5137.91000 1.98030e-14
5140.87000 1.98150e-14
5143.82000 1.98060e-14
5146.77000 1.96680e-14
5149.72000 1.97240e-14
5152.67000 1.96280e-14
5155.62000 1.97160e-14
5158.57000 1.97500e-14
5161.52000 1.97080e-14
5164.47000 1.96300e-14
5167.42000 1.95390e-14
5170.38000 1.95390e-14
5173.33000 1.95350e-14
5176.28000 1.94910e-14
5179.23000 1.95600e-14
5182.18000 1.95730e-14
5185.13000 1.95210e-14
5188.08000 1.94990e-14
5191.03000 1.94860e-14
5193.98000 1.93550e-14
5196.93000 1.92600e-14
5199.89000 1.94010e-14
5202.84000 1.93280e-14
5205.79000 1.92910e-14
5208.74000 1.92390e-14
5211.69000 1.92800e-14
5214.64000 1.92240e-14
5217.59000 1.91650e-14
5220.54000 1.91620e-14
5223.49000 1.91590e-14
5226.45000 1.90930e-14
5229.40000 1.90190e-14
5232.35000 1.89850e-14
5235.30000 1.88900e-14
5238.25000 1.88420e-14
5241.20000 1.87850e-14
5244.15000 1.87450e-14
5247.10000 1.87930e-14
5250.05000 1.86710e-14
5253.00000 1.85890e-14
5255.96000 1.86320e-14
5258.91000 1.86220e-14
5261.86000 1.85930e-14
5264.81000 1.84290e-14
5267.76000 1.84170e-14
5270.71000 1.83960e-14
5273.66000 1.83190e-14
5276.61000 1.83300e-14
5279.56000 1.83170e-14
5282.51000 1.81680e-14
5285.47000 1.80440e-14
5288.42000 1.80610e-14
5291.37000 1.80110e-14
5294.32000 1.79530e-14
5297.27000 1.80020e-14
5300.22000 1.79600e-14
5303.17000 1.78580e-14
5306.12000 1.78580e-14
5309.07000 1.78530e-14
5312.03000 1.76690e-14
5314.98000 1.77410e-14
5317.93000 1.75990e-14
5320.88000 1.76280e-14
5323.83000 1.75550e-14
5326.78000 1.75750e-14
5329.73000 1.75430e-14
5332.68000 1.74490e-14
5335.63000 1.73660e-14
5338.58000 1.74140e-14
5341.54000 1.74130e-14
5344.49000 1.73090e-14
5347.44000 1.73280e-14
5350.39000 1.72070e-14
5353.34000 1.71580e-14
5356.29000 1.71350e-14
5359.24000 1.70250e-14
5362.19000 1.70020e-14
5365.14000 1.69330e-14
5368.09000 1.68890e-14
5371.05000 1.69420e-14
5374.00000 1.69430e-14
5376.95000 1.69310e-14
5379.90000 1.68540e-14
5382.85000 1.67990e-14
5385.80000 1.68070e-14
5388.75000 1.67300e-14
5391.70000 1.67760e-14
5394.65000 1.67020e-14
5397.61000 1.66750e-14
5400.56000 1.66190e-14
5403.51000 1.65910e-14
5406.46000 1.66650e-14
5409.41000 1.65990e-14
5412.36000 1.64600e-14
5415.31000 1.64250e-14
5418.26000 1.64620e-14
5421.21000 1.63470e-14
5424.16000 1.64490e-14
5427.12000 1.64220e-14
5430.07000 1.57850e-14
5433.02000 1.50860e-14
5435.97000 1.55630e-14
5438.92000 1.62280e-14
5441.87000 1.62430e-14
5444.82000 1.62030e-14
5447.77000 1.62510e-14
5450.72000 1.62050e-14
5453.67000 1.60640e-14
5456.63000 1.60590e-14
5459.58000 1.60580e-14
5462.53000 1.60460e-14
5465.48000 1.60470e-14
5468.43000 1.58440e-14
5471.38000 1.58380e-14
5474.33000 1.59020e-14
5477.28000 1.59430e-14
5480.23000 1.58410e-14
5483.19000 1.58600e-14
5486.14000 1.60800e-14
5489.09000 1.60100e-14
5492.04000 1.58490e-14
5494.99000 1.58500e-14
5497.94000 1.61580e-14
5500.89000 1.59240e-14
5503.84000 1.57190e-14
5506.79000 1.56890e-14
5509.74000 1.56680e-14
5512.70000 1.56260e-14
5515.65000 1.55810e-14
5518.60000 1.56070e-14
5521.55000 1.55300e-14
5524.50000 1.54920e-14
5527.45000 1.54740e-14
5530.40000 1.55040e-14
5533.35000 1.54620e-14
5536.30000 1.54590e-14
5539.25000 1.53980e-14
5542.21000 1.52860e-14
5545.16000 1.53090e-14
5548.11000 1.53420e-14
5551.06000 1.52840e-14
5554.01000 1.52600e-14
5556.96000 1.52610e-14
5559.91000 1.52430e-14
5562.86000 1.51280e-14
5565.81000 1.50280e-14
5568.77000 1.50770e-14
5571.72000 1.50880e-14
5574.67000 1.50490e-14
5577.62000 1.49620e-14
5580.57000 1.49010e-14
5583.52000 1.48360e-14
5586.47000 1.47330e-14
5589.42000 1.47880e-14
5592.37000 1.47940e-14
5595.32000 1.48280e-14
5598.28000 1.47350e-14
5601.23000 1.46530e-14
5604.18000 1.46340e-14
5607.13000 1.46460e-14
5610.08000 1.46510e-14
5613.03000 1.46520e-14
5615.98000 1.46370e-14
5618.93000 1.46490e-14
5621.88000 1.46920e-14
5624.83000 1.46780e-14
5627.79000 1.46550e-14
5630.74000 1.46250e-14
5633.69000 1.45540e-14
5636.64000 1.45190e-14
5639.59000 1.44300e-14
5642.54000 1.43950e-14
5645.49000 1.45170e-14
5648.44000 1.45400e-14
5651.39000 1.44690e-14
5654.35000 1.44270e-14
5657.30000 1.45250e-14
5660.25000 1.43620e-14
5663.20000 1.43670e-14
5666.15000 1.43610e-14
5669.10000 1.44370e-14
5672.05000 1.43750e-14
5675.00000 1.43070e-14
5677.95000 1.42330e-14
5680.90000 1.42330e-14
5683.86000 1.42160e-14
5686.81000 1.42970e-14
5689.76000 1.42970e-14
5692.71000 1.42350e-14
5695.66000 1.41820e-14
5698.61000 1.41340e-14
5701.56000 1.41460e-14
5704.51000 1.40920e-14
5707.46000 1.40050e-14
5710.41000 1.39960e-14
5713.37000 1.40270e-14
5716.32000 1.39710e-14
5719.27000 1.41010e-14
5722.22000 1.39510e-14
5725.17000 1.37580e-14
5728.12000 1.37540e-14
5731.07000 1.38540e-14
5734.02000 1.38190e-14
5736.97000 1.37540e-14
5739.93000 1.37340e-14
5742.88000 1.36930e-14
5745.83000 1.36900e-14
5748.78000 1.36920e-14
5751.73000 1.36350e-14
5754.68000 1.36550e-14
5757.63000 1.37870e-14
5760.58000 1.38500e-14
5763.53000 1.38520e-14
5766.48000 1.39370e-14
5769.44000 1.39680e-14
5772.39000 1.39540e-14
5775.34000 1.40900e-14
5778.29000 1.40120e-14
5781.24000 1.40670e-14
5784.19000 1.41730e-14
5787.14000 1.43140e-14
5790.09000 1.43600e-14
5793.04000 1.43310e-14
5795.99000 1.44530e-14
5798.95000 1.44980e-14
5801.90000 1.44900e-14
5804.85000 1.45440e-14
5807.80000 1.45830e-14
5810.75000 1.46480e-14
5813.70000 1.46550e-14
5816.65000 1.46050e-14
5819.60000 1.45610e-14
5822.55000 1.45670e-14
5825.51000 1.46210e-14
5828.46000 1.47050e-14
5831.41000 1.47880e-14
5834.36000 1.46680e-14
5837.31000 1.47940e-14
5840.26000 1.47350e-14
5843.21000 1.47200e-14
5846.16000 1.46710e-14
5849.11000 1.46400e-14
5852.06000 1.47230e-14
5855.02000 1.46800e-14
5857.97000 1.46440e-14
5860.92000 1.46970e-14
5863.87000 1.46480e-14
5866.82000 1.46660e-14
5869.77000 1.46910e-14
5872.72000 1.46430e-14
5875.67000 1.45920e-14
5878.62000 1.45560e-14
5881.57000 1.44510e-14
5884.53000 1.43490e-14
5887.48000 1.42050e-14
5890.43000 1.41640e-14
5893.38000 1.41270e-14
5896.33000 1.41660e-14
5899.28000 1.40900e-14
5902.23000 1.39630e-14
5905.18000 1.38950e-14
5908.13000 1.37710e-14
5911.09000 1.37550e-14
5914.04000 1.38280e-14
5916.99000 1.38310e-14
5919.94000 1.39030e-14
5922.89000 1.39110e-14
5925.84000 1.39540e-14
5928.79000 1.39690e-14
5931.74000 1.40030e-14
5934.69000 1.39890e-14
5937.64000 1.38250e-14
5940.60000 1.38510e-14
5943.55000 1.38340e-14
5946.50000 1.37050e-14
5949.45000 1.37250e-14
5952.40000 1.37970e-14
5955.35000 1.38020e-14
5958.30000 1.37800e-14
5961.25000 1.36660e-14
5964.20000 1.36090e-14
5967.15000 1.36690e-14
5970.11000 1.35400e-14
5973.06000 1.35020e-14
5976.01000 1.34920e-14
5978.96000 1.34550e-14
5981.91000 1.34280e-14
5984.86000 1.35090e-14
5987.81000 1.35600e-14
5990.76000 1.35520e-14
5993.71000 1.34830e-14
5996.67000 1.34700e-14
5999.62000 1.34770e-14
6002.57000 1.34900e-14
6005.52000 1.35120e-14
6008.47000 1.34710e-14
6011.42000 1.35100e-14
6014.37000 1.34430e-14
6017.32000 1.34660e-14
6020.27000 1.33820e-14
6023.22000 1.33090e-14
6026.18000 1.32640e-14
6029.13000 1.32700e-14
6032.08000 1.33650e-14
6035.03000 1.33760e-14
6037.98000 1.32600e-14
6040.93000 1.32350e-14
6043.88000 1.32840e-14
6046.83000 1.32330e-14
6049.78000 1.31720e-14
6052.73000 1.31950e-14
6055.69000 1.31660e-14
6058.64000 1.30710e-14
6061.59000 1.30270e-14
6064.54000 1.31150e-14
6067.49000 1.31550e-14
6070.44000 1.32220e-14
6073.39000 1.32280e-14
6076.34000 1.31660e-14
6079.29000 1.31700e-14
6082.25000 1.30600e-14
6085.20000 1.30110e-14
6088.15000 1.30470e-14
6091.10000 1.29850e-14
6094.05000 1.29100e-14
6097.00000 1.28920e-14
6099.95000 1.29210e-14
6102.90000 1.29030e-14
6105.85000 1.27890e-14
6108.80000 1.28010e-14
6111.76000 1.28480e-14
6114.71000 1.28070e-14
6117.66000 1.27990e-14
6120.61000 1.27600e-14
6123.56000 1.27090e-14
6126.51000 1.26390e-14
6129.46000 1.26880e-14
6132.41000 1.26410e-14
6135.36000 1.25340e-14
6138.31000 1.25810e-14
6141.27000 1.25180e-14
6144.22000 1.24590e-14
6147.17000 1.24330e-14
6150.12000 1.23340e-14
6153.07000 1.23630e-14
6156.02000 1.23400e-14
6158.97000 1.22900e-14
6161.92000 1.21940e-14
6164.87000 1.21970e-14
6167.83000 1.21780e-14
6170.78000 1.21070e-14
6173.73000 1.20180e-14
6176.68000 1.18920e-14
6179.63000 1.18640e-14
6182.58000 1.18760e-14
6185.53000 1.17180e-14
6188.48000 1.16160e-14
6191.43000 1.16050e-14
6194.38000 1.15530e-14
6197.34000 1.15230e-14
6200.29000 1.14440e-14
6203.24000 1.14070e-14
6206.19000 1.13680e-14
6209.14000 1.13330e-14
6212.09000 1.12570e-14
6215.04000 1.11880e-14
6217.99000 1.11430e-14
6220.94000 1.11240e-14
6223.89000 1.10820e-14
6226.85000 1.09480e-14
6229.80000 1.08840e-14
6232.75000 1.08480e-14
6235.70000 1.08460e-14
6238.65000 1.08100e-14
6241.60000 1.08440e-14
6244.55000 1.07460e-14
6247.50000 1.07670e-14
6250.45000 1.07450e-14
6253.41000 1.06640e-14
6256.36000 1.06450e-14
6259.31000 1.06580e-14
6262.26000 1.06530e-14
6265.21000 1.06260e-14
6268.16000 1.05390e-14
6271.11000 1.03930e-14
6274.06000 1.03710e-14
6277.01000 1.03490e-14
6279.96000 1.02940e-14
6282.92000 1.03190e-14
6285.87000 1.03240e-14
6288.82000 1.02080e-14
6291.77000 1.00980e-14
6294.72000 1.01890e-14
6297.67000 1.02110e-14
6300.62000 1.01090e-14
6303.57000 1.00880e-14
6306.52000 1.00170e-14
6309.47000 9.90500e-15
6312.43000 9.88960e-15
6315.38000 9.80710e-15
6318.33000 9.70170e-15
6321.28000 9.65350e-15
6324.23000 9.69690e-15
6327.18000 9.70440e-15
6330.13000 9.67010e-15
6333.08000 9.67920e-15
6336.03000 9.63280e-15
6338.99000 9.55920e-15
6341.94000 9.56780e-15
6344.89000 9.58280e-15
6347.84000 9.56210e-15
6350.79000 9.56540e-15
6353.74000 9.57130e-15
6356.69000 9.57070e-15
6359.64000 9.64360e-15
6362.59000 9.61470e-15
6365.54000 9.70010e-15
6368.50000 9.85250e-15
6371.45000 9.96420e-15
6374.40000 1.00650e-14
6377.35000 1.01930e-14
6380.30000 1.03850e-14
6383.25000 1.05570e-14
6386.20000 1.06640e-14
6389.15000 1.09040e-14
6392.10000 1.11850e-14
6395.05000 1.13380e-14
6398.01000 1.16990e-14
6400.96000 1.19970e-14
6403.91000 1.22850e-14
6406.86000 1.25490e-14
6409.81000 1.28590e-14
6412.76000 1.32470e-14
6415.71000 1.36850e-14
6418.66000 1.40420e-14
6421.61000 1.44090e-14
6424.57000 1.48500e-14
6427.52000 1.52300e-14
6430.47000 1.56740e-14
6433.42000 1.58930e-14
6436.37000 1.61720e-14
6439.32000 1.65370e-14
6442.27000 1.68520e-14
6445.22000 1.71950e-14
6448.17000 1.77140e-14
6451.12000 1.78700e-14
6454.08000 1.80380e-14
6457.03000 1.83070e-14
6459.98000 1.83910e-14
6462.93000 1.86750e-14
6465.88000 1.89810e-14
6468.83000 1.90460e-14
6471.78000 1.92300e-14
6474.73000 1.94420e-14
6477.68000 1.97380e-14
6480.63000 1.99370e-14
6483.59000 2.01410e-14
6486.54000 2.03080e-14
6489.49000 2.04530e-14
6492.44000 2.05850e-14
6495.39000 2.07540e-14
6498.34000 2.08320e-14
6501.29000 2.08360e-14
6504.24000 2.10190e-14
6507.19000 2.10560e-14
6510.15000 2.11250e-14
6513.10000 2.11420e-14
6516.05000 2.10070e-14
6519.00000 2.10450e-14
6521.95000 2.09840e-14
6524.90000 2.09530e-14
6527.85000 2.10260e-14
6530.80000 2.10790e-14
6533.75000 2.11240e-14
6536.70000 2.10570e-14
6539.66000 2.09520e-14
6542.61000 2.10630e-14
6545.56000 2.10020e-14
6548.51000 2.08840e-14
6551.46000 2.08300e-14
6554.41000 2.06760e-14
6557.36000 2.07580e-14
6560.31000 2.07230e-14
6563.26000 2.06890e-14
6566.21000 2.06200e-14
6569.17000 2.05290e-14
6572.12000 2.04970e-14
6575.07000 2.03710e-14
6578.02000 2.02760e-14
6580.97000 2.01980e-14
6583.92000 1.99610e-14
6586.87000 1.98140e-14
6589.82000 1.98550e-14
6592.77000 1.98500e-14
6595.73000 1.97410e-14
6598.68000 1.96590e-14
6601.63000 1.95610e-14
6604.58000 1.93680e-14
6607.53000 1.91530e-14
6610.48000 1.89780e-14
6613.43000 1.88220e-14
6616.38000 1.87090e-14
6619.33000 1.86380e-14
6622.28000 1.84970e-14
6625.24000 1.83110e-14
6628.19000 1.80750e-14
6631.14000 1.78470e-14
6634.09000 1.78050e-14
6637.04000 1.77370e-14
6639.99000 1.75160e-14
6642.94000 1.73970e-14
6645.89000 1.73820e-14
6648.84000 1.72190e-14
6651.79000 1.69580e-14
6654.75000 1.67590e-14
6657.70000 1.67120e-14
6660.65000 1.65420e-14
6663.60000 1.63330e-14
6666.55000 1.60870e-14
6669.50000 1.59300e-14
6672.45000 1.59000e-14
6675.40000 1.58340e-14
6678.35000 1.57010e-14
6681.31000 1.56010e-14
6684.26000 1.54590e-14
6687.21000 1.52170e-14
6690.16000 1.50970e-14
6693.11000 1.50870e-14
6696.06000 1.50450e-14
6699.01000 1.49090e-14
6701.96000 1.47630e-14
6704.91000 1.47410e-14
6707.86000 1.46410e-14
6710.82000 1.44650e-14
6713.77000 1.42780e-14
6716.72000 1.41940e-14
6719.67000 1.41860e-14
6722.62000 1.40160e-14
6725.57000 1.39250e-14
6728.52000 1.39220e-14
6731.47000 1.38220e-14
6734.42000 1.37950e-14
6737.37000 1.36070e-14
6740.33000 1.35150e-14
6743.28000 1.34630e-14
6746.23000 1.34090e-14
6749.18000 1.34600e-14
6752.13000 1.34160e-14
6755.08000 1.32450e-14
6758.03000 1.32160e-14
6760.98000 1.31570e-14
6763.93000 1.29840e-14
6766.89000 1.28730e-14
6769.84000 1.28510e-14
6772.79000 1.28350e-14
6775.74000 1.28180e-14
6778.69000 1.27370e-14
6781.64000 1.26450e-14
6784.59000 1.25390e-14
6787.54000 1.24710e-14
6790.49000 1.24000e-14
6793.44000 1.21940e-14
6796.40000 1.21700e-14
6799.35000 1.21930e-14
6802.30000 1.21740e-14
6805.25000 1.21500e-14
6808.20000 1.21770e-14
6811.15000 1.21810e-14
6814.10000 1.21850e-14
6817.05000 1.20790e-14
6820.00000 1.20150e-14
6822.95000 1.20300e-14
6825.91000 1.18940e-14
6828.86000 1.18090e-14
6831.81000 1.17860e-14
6834.76000 1.17720e-14
6837.71000 1.17970e-14
6840.66000 1.16830e-14
6843.61000 1.16830e-14
6846.56000 1.17070e-14
6849.51000 1.16470e-14
6852.47000 1.16430e-14
6855.42000 1.16160e-14
6858.37000 1.14640e-14
6861.32000 1.12180e-14
6864.27000 1.08130e-14
6867.22000 1.04260e-14
6870.17000 9.95520e-15
6873.12000 9.62790e-15
6876.07000 9.44080e-15
6879.02000 9.49510e-15
6881.98000 9.66790e-15
6884.93000 9.91800e-15
6887.88000 1.00240e-14
6890.83000 9.96110e-15
6893.78000 9.95640e-15
6896.73000 9.93760e-15
6899.68000 9.94360e-15
6902.63000 9.98010e-15
6905.58000 1.01370e-14
6908.53000 1.03510e-14
6911.49000 1.04300e-14
6914.44000 1.05070e-14
6917.39000 1.05370e-14
6920.34000 1.05710e-14
6923.29000 1.06370e-14
6926.24000 1.05930e-14
6929.19000 1.05100e-14
6932.14000 1.05010e-14
6935.09000 1.04790e-14
6938.05000 1.05110e-14
6941.00000 1.05110e-14
6943.95000 1.04380e-14
6946.90000 1.05050e-14
6949.85000 1.05060e-14
6952.80000 1.05970e-14
6955.75000 1.06410e-14
6958.70000 1.06190e-14
6961.65000 1.06670e-14
6964.60000 1.05420e-14
6967.56000 1.05920e-14
6970.51000 1.05690e-14
6973.46000 1.05400e-14
6976.41000 1.06440e-14
6979.36000 1.05650e-14
6982.31000 1.05550e-14
6985.26000 1.06370e-14
6988.21000 1.05850e-14
6991.16000 1.05620e-14
6994.11000 1.05940e-14
6997.07000 1.04710e-14
7000.02000 1.03850e-14
7002.97000 1.03340e-14
7005.92000 1.02490e-14
7008.87000 1.01850e-14
7011.82000 1.02080e-14
7014.77000 1.01920e-14
7017.72000 1.01530e-14
7020.67000 1.02050e-14
7023.63000 1.02720e-14
7026.58000 1.02950e-14
7029.53000 1.03800e-14
7032.48000 1.04190e-14
7035.43000 1.02780e-14
7038.38000 1.03040e-14
7041.33000 1.02890e-14
7044.28000 1.03730e-14
7047.23000 1.02510e-14
7050.18000 1.01230e-14
7053.14000 1.01120e-14
7056.09000 1.01100e-14
7059.04000 1.01180e-14
7061.99000 1.01210e-14
7064.94000 1.01260e-14
7067.89000 1.02100e-14
7070.84000 1.02450e-14
7073.79000 1.01740e-14
7076.74000 1.02410e-14
7079.69000 1.01930e-14
7082.65000 1.00750e-14
7085.60000 1.00270e-14
7088.55000 9.97140e-15
7091.50000 9.94820e-15
7094.45000 1.00050e-14
7097.40000 1.00720e-14
7100.35000 1.01890e-14
7103.30000 1.01450e-14
7106.25000 1.01880e-14
7109.21000 1.02390e-14
7112.16000 1.02050e-14
7115.11000 1.01480e-14
7118.06000 1.01210e-14
7121.01000 1.00860e-14
7123.96000 1.00230e-14
7126.91000 9.97730e-15
7129.86000 9.96620e-15
7132.81000 9.96030e-15
7135.76000 9.96190e-15
7138.72000 1.00110e-14
7141.67000 1.00190e-14
7144.62000 1.00970e-14
7147.57000 1.01270e-14
7150.52000 9.98960e-15
7153.47000 9.90730e-15
7156.42000 9.83170e-15
7159.37000 9.69040e-15
7162.32000 9.73140e-15
7165.27000 9.72870e-15
7168.23000 9.55260e-15
7171.18000 9.46790e-15
7174.13000 9.38030e-15
7177.08000 9.22150e-15
7180.03000 9.13420e-15
7182.98000 9.04800e-15
7185.93000 8.92520e-15
7188.88000 8.87880e-15
7191.83000 8.87530e-15
7194.79000 8.81360e-15
7197.74000 8.74150e-15
7200.69000 8.67080e-15
7203.64000 8.64660e-15
7206.59000 8.77510e-15
7209.54000 8.89700e-15
7212.49000 9.01520e-15
7215.44000 9.18310e-15
7218.39000 9.35480e-15
7221.34000 9.41050e-15
7224.30000 9.39130e-15
7227.25000 9.35940e-15
7230.20000 9.18500e-15
7233.15000 9.08010e-15
7236.10000 8.97030e-15
7239.05000 8.77360e-15
7242.00000 8.75620e-15
7244.95000 8.69890e-15
7247.90000 8.73270e-15
7250.85000 8.77570e-15
7253.81000 8.79650e-15
7256.76000 8.88280e-15
7259.71000 8.84370e-15
7262.66000 8.86290e-15
7265.61000 8.76120e-15
7268.56000 8.74020e-15
7271.51000 8.64820e-15
7274.46000 8.61980e-15
7277.41000 8.72710e-15
7280.37000 8.76210e-15
7283.32000 8.76340e-15
7286.27000 8.78320e-15
7289.22000 8.78260e-15
7292.17000 8.88000e-15
7295.12000 8.90690e-15
7298.07000 8.78550e-15
7301.02000 8.76070e-15
7303.97000 8.73190e-15
7306.92000 8.84830e-15
7309.88000 8.79990e-15
7312.83000 8.75620e-15
7315.78000 8.86490e-15
7318.73000 8.88270e-15
7321.68000 8.91210e-15
7324.63000 9.04820e-15
7327.58000 9.04770e-15
7330.53000 9.12840e-15
7333.48000 9.08450e-15
7336.43000 9.12680e-15
7339.39000 9.20390e-15
7342.34000 9.17140e-15
7345.29000 9.02570e-15
7348.24000 8.90340e-15
7351.19000 8.89160e-15
7354.14000 8.92150e-15
7357.09000 8.98830e-15
7360.04000 9.05710e-15
7362.99000 8.89560e-15
7365.95000 9.01310e-15
7368.90000 9.02470e-15
7371.85000 9.02550e-15
7374.80000 9.05770e-15
7377.75000 9.04830e-15
7380.70000 8.98680e-15
7383.65000 8.90130e-15
7386.60000 8.86070e-15
7389.55000 8.78770e-15
7392.50000 8.69690e-15
7395.46000 8.71170e-15
7398.41000 8.75830e-15
7401.36000 8.81130e-15
7404.31000 8.85370e-15
7407.26000 8.89130e-15
7410.21000 8.95060e-15
7413.16000 8.90410e-15
7416.11000 8.81680e-15
7419.06000 8.85440e-15
7422.01000 8.76340e-15
7424.97000 8.80610e-15
7427.92000 8.64810e-15
7430.87000 8.61380e-15
7433.82000 8.58190e-15
7436.77000 8.54710e-15
7439.72000 8.55020e-15
7442.67000 8.61170e-15
7445.62000 8.68840e-15
7448.57000 8.64230e-15
7451.53000 8.60140e-15
7454.48000 8.69080e-15
7457.43000 8.65890e-15
7460.38000 8.66500e-15
7463.33000 8.56400e-15
7466.28000 8.52190e-15
7469.23000 8.52830e-15
7472.18000 8.43340e-15
7475.13000 8.34870e-15
7478.08000 8.36700e-15
7481.04000 8.35700e-15
7483.99000 8.36130e-15
7486.94000 8.49110e-15
7489.89000 8.51100e-15
7492.84000 8.55910e-15
7495.79000 8.62920e-15
7498.74000 8.53310e-15
7501.69000 8.49590e-15
7504.64000 8.44380e-15
7507.59000 8.30210e-15
7510.55000 8.28060e-15
7513.50000 8.20170e-15
7516.45000 8.14860e-15
7519.40000 8.21640e-15
7522.35000 8.23750e-15
7525.30000 8.17090e-15
7528.25000 8.15020e-15
7531.20000 8.26130e-15
7534.15000 8.31230e-15
7537.11000 8.23470e-15
7540.06000 8.23700e-15
7543.01000 8.29530e-15
7545.96000 8.20910e-15
7548.91000 8.14110e-15
7551.86000 8.07740e-15
7554.81000 7.92730e-15
7557.76000 8.70790e-15
7560.71000 8.64320e-15
7563.66000 7.97100e-15
7566.62000 7.84980e-15
7569.57000 7.89320e-15
7572.52000 7.88090e-15
7575.47000 7.93520e-15
7578.42000 7.95680e-15
7581.37000 7.98530e-15
7584.32000 7.90010e-15
7587.27000 7.68830e-15
7590.22000 7.37450e-15
7593.17000 6.95080e-15
7596.13000 6.21010e-15
7599.08000 5.21420e-15
7602.03000 4.29100e-15
7604.98000 3.57570e-15
7607.93000 3.18050e-15
7610.88000 3.16840e-15
7613.83000 3.57530e-15
7616.78000 4.16740e-15
7619.73000 4.77130e-15
7622.69000 5.03600e-15
7625.64000 5.02000e-15
7628.59000 4.85290e-15
7631.54000 4.63450e-15
7634.49000 4.51640e-15
7637.44000 4.42940e-15
7640.39000 4.50540e-15
7643.34000 4.76670e-15
7646.29000 5.09650e-15
7649.24000 5.35850e-15
7652.20000 5.68580e-15
7655.15000 6.02860e-15
7658.10000 6.38070e-15
7661.05000 6.75930e-15
7664.00000 6.99380e-15
7666.95000 7.07800e-15
7669.90000 7.22290e-15
7672.85000 7.35150e-15
7675.80000 7.37510e-15
7678.75000 7.46590e-15
7681.71000 7.41520e-15
7684.66000 7.48680e-15
7687.61000 7.71360e-15
7690.56000 7.88180e-15
7693.51000 8.01410e-15
7696.46000 8.10850e-15
7699.41000 8.07420e-15
7702.36000 8.00030e-15
7705.31000 8.00850e-15
7708.27000 8.00380e-15
7711.22000 8.02700e-15
7714.17000 7.91630e-15
7717.12000 7.90670e-15
7720.07000 8.03990e-15
7723.02000 8.15040e-15
7725.97000 8.21150e-15
7728.92000 8.12630e-15
7731.87000 8.06690e-15
7734.82000 8.15590e-15
7737.78000 8.24440e-15
7740.73000 8.29900e-15
7743.68000 8.40040e-15
7746.63000 8.40960e-15
7749.58000 8.42570e-15
7752.53000 8.45600e-15
7755.48000 8.39630e-15
7758.43000 8.35750e-15
7761.38000 8.25510e-15
7764.33000 8.14190e-15
7767.29000 8.04430e-15
7770.24000 8.04590e-15
7773.19000 8.05250e-15
7776.14000 8.13800e-15
7779.09000 8.24540e-15
7782.04000 8.41300e-15
7784.99000 8.59820e-15
7787.94000 8.60460e-15
7790.89000 8.59990e-15
7793.85000 8.60040e-15
7796.80000 8.51340e-15
7799.75000 8.44650e-15
7802.70000 8.43470e-15
7805.65000 8.28520e-15
7808.60000 8.13720e-15
7811.55000 8.17270e-15
7814.50000 8.15220e-15
7817.45000 7.99350e-15
7820.40000 8.00290e-15
7823.36000 8.11080e-15
7826.31000 8.27380e-15
7829.26000 8.45960e-15
7832.21000 8.51470e-15
7835.16000 8.48320e-15
7838.11000 8.38670e-15
7841.06000 8.31210e-15
7844.01000 8.23420e-15
7846.96000 8.11560e-15
7849.91000 8.03160e-15
7852.87000 7.90020e-15
7855.82000 7.89460e-15
7858.77000 7.89660e-15
7861.72000 7.94890e-15
7864.67000 8.06310e-15
7867.62000 8.22960e-15
7870.57000 8.24180e-15
7873.52000 8.15440e-15
7876.47000 8.19390e-15
7879.43000 8.24650e-15
7882.38000 8.17280e-15
7885.33000 8.06090e-15
7888.28000 8.05120e-15
7891.23000 7.85960e-15
7894.18000 7.78480e-15
7897.13000 7.72800e-15
7900.08000 7.65290e-15
7903.03000 7.62670e-15
7905.98000 7.60340e-15
7908.94000 7.61340e-15
7911.89000 7.70370e-15
7914.84000 7.83660e-15
7917.79000 7.93340e-15
7920.74000 8.06050e-15
7923.69000 8.02240e-15
7926.64000 8.00430e-15
7929.59000 8.10000e-15
7932.54000 8.08800e-15
7935.49000 7.93650e-15
7938.45000 7.84000e-15
7941.40000 7.77820e-15
7944.35000 7.64550e-15
7947.30000 7.55220e-15
7950.25000 7.44410e-15
7953.20000 7.44200e-15
7956.15000 7.51500e-15
7959.10000 7.50160e-15
7962.05000 7.56700e-15
7965.01000 7.65800e-15
7967.96000 7.67500e-15
7970.91000 7.78490e-15
7973.86000 7.79570e-15
7976.81000 7.87580e-15
7979.76000 7.87760e-15
7982.71000 7.87860e-15
7985.66000 7.85140e-15
7988.61000 7.88160e-15
7991.56000 7.83780e-15
7994.52000 7.66910e-15
7997.47000 7.55850e-15
8000.42000 7.50040e-15
8003.37000 7.40340e-15
8006.32000 7.31590e-15
8009.27000 7.25000e-15
8012.22000 7.27090e-15
8015.17000 7.30380e-15
8018.12000 7.38870e-15
8021.07000 7.42680e-15
8024.03000 7.53730e-15
8026.98000 7.62840e-15
8029.93000 7.60000e-15
8032.88000 7.82910e-15
8035.83000 7.84290e-15
8038.78000 7.73500e-15
8041.73000 7.70720e-15
8044.68000 7.66970e-15
8047.63000 7.61120e-15
8050.59000 7.58340e-15
8053.54000 7.58960e-15
8056.49000 7.54820e-15
8059.44000 7.42410e-15
8062.39000 7.39050e-15
8065.34000 7.49250e-15
8068.29000 7.41800e-15
8071.24000 7.38120e-15
8074.19000 7.38490e-15
8077.14000 7.55160e-15
8080.10000 7.59510e-15
8083.05000 7.62990e-15
8086.00000 7.79000e-15
8088.95000 7.80450e-15
8091.90000 7.74100e-15
8094.85000 7.72370e-15
8097.80000 7.69570e-15
8100.75000 7.62400e-15
8103.70000 7.59400e-15
8106.65000 7.49710e-15
8109.61000 7.41650e-15
8112.56000 7.20990e-15
8115.51000 7.05510e-15
8118.46000 7.08230e-15
8121.41000 6.98550e-15
8124.36000 7.03200e-15
8127.31000 7.06910e-15
8130.26000 7.03360e-15
8133.21000 7.13190e-15
8136.17000 7.21590e-15
8139.12000 7.24420e-15
8142.07000 7.31280e-15
8145.02000 7.25860e-15
8147.97000 7.12420e-15
8150.92000 7.07450e-15
8153.87000 6.90500e-15
8156.82000 6.86710e-15
8159.77000 6.72880e-15
8162.72000 6.73420e-15
8165.68000 6.68990e-15
8168.63000 6.62060e-15
8171.58000 6.60870e-15
8174.53000 6.55000e-15
8177.48000 6.51300e-15
8180.43000 6.57240e-15
8183.38000 6.50400e-15
8186.33000 6.41830e-15
8189.28000 6.59450e-15
8192.23000 6.73000e-15
8195.19000 6.80320e-15
8198.14000 6.88270e-15
8201.09000 6.97050e-15
8204.04000 7.14070e-15
8206.99000 7.34910e-15
8209.94000 7.45830e-15
8212.89000 7.49080e-15
8215.84000 7.45790e-15
8218.79000 7.37730e-15
8221.75000 7.05120e-15
8224.70000 6.66780e-15
8227.65000 6.44390e-15
8230.60000 6.27190e-15
8233.55000 6.21700e-15
8236.50000 6.31850e-15
8239.45000 6.38320e-15
8242.40000 6.43920e-15
8245.35000 6.59470e-15
8248.30000 6.71780e-15
8251.26000 6.76090e-15
8254.21000 6.91980e-15
8257.16000 7.12500e-15
8260.11000 7.14320e-15
8263.06000 7.21800e-15
8266.01000 7.36250e-15
8268.96000 7.34750e-15
8271.91000 7.27330e-15
8274.86000 7.07330e-15
8277.81000 6.89860e-15
8280.77000 6.79660e-15
8283.72000 6.63370e-15
8286.67000 6.56590e-15
8289.62000 6.54120e-15
8292.57000 6.50810e-15
8295.52000 6.49980e-15
8298.47000 6.49510e-15
8301.42000 6.51770e-15
8304.37000 6.63550e-15
8307.33000 6.79520e-15
8310.28000 6.84270e-15
8313.23000 6.96180e-15
8316.18000 7.00410e-15
8319.13000 7.23060e-15
8322.08000 7.36740e-15
8325.03000 7.34630e-15
8327.98000 7.27020e-15
8330.93000 7.01880e-15
8333.88000 6.93970e-15
8336.84000 6.88650e-15
8339.79000 6.65110e-15
8342.74000 6.63820e-15
8345.69000 6.53370e-15
8348.64000 6.56050e-15
8351.59000 6.66050e-15
8354.54000 6.80770e-15
8357.49000 6.98960e-15
8360.44000 7.10670e-15
8363.39000 7.37070e-15
8366.35000 7.51690e-15
8369.30000 7.42770e-15
8372.25000 7.35900e-15
8375.20000 7.20500e-15
8378.15000 7.04960e-15
8381.10000 6.93130e-15
8384.05000 6.79850e-15
8387.00000 6.68620e-15
8389.95000 6.76600e-15
8392.91000 7.10250e-15
8395.86000 7.22510e-15
8398.81000 6.78750e-15
8401.76000 6.72970e-15
8404.71000 6.92100e-15
8407.66000 7.13190e-15
8410.61000 7.40060e-15
8413.56000 7.47170e-15
8416.51000 7.45330e-15
8419.46000 7.47310e-15
8422.42000 7.31200e-15
8425.37000 7.27310e-15
8428.32000 7.13890e-15
8431.27000 6.90120e-15
8434.22000 6.70240e-15
8437.17000 6.65050e-15
8440.12000 6.67340e-15
8443.07000 6.55150e-15
8446.02000 6.44770e-15
8448.97000 6.61810e-15
8451.93000 6.84270e-15
8454.88000 6.92800e-15
8457.83000 7.02490e-15
8460.78000 7.13700e-15
8463.73000 7.18470e-15
8466.68000 7.14400e-15
8469.63000 7.04620e-15
8472.58000 6.93250e-15
8475.53000 6.77920e-15
8478.49000 6.62550e-15
8481.44000 6.55600e-15
8484.39000 6.48030e-15
8487.34000 6.35920e-15
8490.29000 6.38380e-15
8493.24000 6.41420e-15
8496.19000 6.65640e-15
8499.14000 6.96020e-15
8502.09000 7.16790e-15
8505.04000 7.25560e-15
8508.00000 7.28110e-15
8510.95000 7.21580e-15
8513.90000 7.01290e-15
8516.85000 6.89670e-15
8519.80000 6.74470e-15
8522.75000 6.62870e-15
8525.70000 6.49510e-15
8528.65000 6.46210e-15
8531.60000 6.33910e-15
8534.55000 6.26830e-15
8537.51000 6.37110e-15
8540.46000 6.48750e-15
8543.41000 6.62960e-15
8546.36000 6.74090e-15
8549.31000 6.86870e-15
8552.26000 7.09410e-15
8555.21000 7.09000e-15
8558.16000 7.12450e-15
8561.11000 7.09090e-15
8564.07000 6.91480e-15
8567.02000 6.73630e-15
8569.97000 6.56010e-15
8572.92000 6.41840e-15
8575.87000 6.38280e-15
8578.82000 6.31620e-15
8581.77000 6.28800e-15
8584.72000 6.23790e-15
8587.67000 6.30660e-15
8590.62000 6.32750e-15
8593.58000 6.52790e-15
8596.53000 6.88360e-15
8599.48000 7.05260e-15
8602.43000 7.05700e-15
8605.38000 7.08570e-15
8608.33000 7.16090e-15
8611.28000 7.03390e-15
8614.23000 6.81890e-15
8617.18000 6.65230e-15
8620.13000 6.45200e-15
8623.09000 6.33390e-15
8626.04000 6.30560e-15
8628.99000 6.25100e-15
8631.94000 6.18410e-15
8634.89000 6.15710e-15
8637.84000 6.14610e-15
8640.79000 6.08100e-15
8643.74000 6.10310e-15
8646.69000 6.21880e-15
8649.65000 6.35000e-15
8652.60000 6.47000e-15
8655.55000 6.62270e-15
8658.50000 6.81860e-15
8661.45000 6.93470e-15
8664.40000 6.87000e-15
8667.35000 6.74950e-15
8670.30000 6.66420e-15
8673.25000 6.48490e-15
8676.20000 6.41360e-15
8679.16000 6.36490e-15
8682.11000 6.25850e-15
8685.06000 6.17330e-15
8688.01000 6.03780e-15
8690.96000 5.88970e-15
8693.91000 5.83890e-15
8696.86000 5.81940e-15
8699.81000 5.92870e-15
8702.76000 6.04400e-15
8705.71000 6.20700e-15
8708.67000 6.45490e-15
8711.62000 6.71500e-15
8714.57000 6.70780e-15
8717.52000 6.74980e-15
8720.47000 6.86100e-15
8723.42000 6.74800e-15
8726.37000 6.61220e-15
8729.32000 6.48250e-15
8732.27000 6.36690e-15
8735.23000 6.19600e-15
8738.18000 6.01970e-15
8741.13000 5.93930e-15
8744.08000 5.82810e-15
8747.03000 5.69670e-15
8749.98000 5.64020e-15
8752.93000 5.54830e-15
8755.88000 5.50020e-15
8758.83000 5.73380e-15
8761.78000 5.93490e-15
8764.74000 6.05220e-15
8767.69000 6.23060e-15
8770.64000 6.51480e-15
8773.59000 6.64510e-15
8776.54000 6.62670e-15
8779.49000 6.64450e-15
8782.44000 6.51340e-15
8785.39000 6.27260e-15
8788.34000 6.22590e-15
8791.29000 6.07590e-15
8794.25000 5.91300e-15
8797.20000 5.81660e-15
8800.15000 5.67040e-15
8803.10000 5.51130e-15
8806.05000 5.42900e-15
8809.00000 5.27710e-15
8811.95000 5.13800e-15
8814.90000 5.29260e-15
8817.85000 5.67260e-15
8820.81000 6.00920e-15
8823.76000 6.24240e-15
8826.71000 6.41360e-15
8829.66000 6.56380e-15
8832.61000 6.56050e-15
8835.56000 6.61020e-15
8838.51000 6.52280e-15
8841.46000 6.33460e-15
8844.41000 6.18850e-15
8847.36000 6.04690e-15
8850.32000 5.93210e-15
8853.27000 5.75150e-15
8856.22000 5.60140e-15
8859.17000 5.56450e-15
8862.12000 5.54950e-15
8865.07000 5.57040e-15
8868.02000 5.82520e-15
8870.97000 6.04010e-15
8873.92000 6.19280e-15
8876.87000 6.34690e-15
8879.83000 6.57210e-15
8882.78000 6.87240e-15
8885.73000 6.59860e-15
8888.68000 6.54500e-15
8891.63000 6.60980e-15
8894.58000 6.82910e-15
8897.53000 6.59610e-15
8900.48000 6.37920e-15
8903.43000 6.40810e-15
8906.39000 6.25430e-15
8909.34000 5.95230e-15
8912.29000 5.80840e-15
8915.24000 5.76340e-15
8918.19000 5.71840e-15
8921.14000 5.80510e-15
8924.09000 5.84620e-15
8927.04000 5.71050e-15
8929.99000 5.93010e-15
8932.94000 6.13860e-15
8935.90000 6.17510e-15
8938.85000 6.29080e-15
8941.80000 6.43590e-15
8944.75000 6.54200e-15
8947.70000 6.50430e-15
8950.65000 6.40540e-15
8953.60000 6.23020e-15
8956.55000 5.76020e-15
8959.50000 5.75380e-15
8962.45000 5.71640e-15
8965.41000 5.48920e-15
8968.36000 5.35170e-15
8971.31000 5.23590e-15
8974.26000 5.12920e-15
8977.21000 5.03730e-15
8980.16000 4.93020e-15
8983.11000 5.09220e-15
8986.06000 5.30790e-15
8989.01000 5.52390e-15
8991.97000 5.84370e-15
8994.92000 6.14610e-15
8997.87000 6.12620e-15
9000.82000 6.16600e-15
9003.77000 6.33860e-15
9006.72000 6.32350e-15
9009.67000 6.47090e-15
9012.62000 6.43630e-15
9015.57000 6.28860e-15
9018.52000 6.11290e-15
9021.48000 6.17770e-15
9024.43000 6.14350e-15
9027.38000 5.98980e-15
9030.33000 5.90540e-15
9033.28000 5.88810e-15
9036.23000 5.77770e-15
9039.18000 5.67520e-15
9042.13000 5.75840e-15
9045.08000 5.55030e-15
9048.03000 5.43370e-15
9050.99000 5.43470e-15
9053.94000 5.56450e-15
9056.89000 5.87060e-15
9059.84000 5.93840e-15
9062.79000 5.88650e-15
9065.74000 6.01220e-15
9068.69000 6.13850e-15
9071.64000 6.20560e-15
9074.59000 6.21940e-15
9077.55000 6.02290e-15
