# wavelength flux
3719.99538 8.87565e-18
3721.50320 1.25618e-17
3723.00084 1.28267e-17
3724.49848 7.31966e-18
3725.99611 9.25827e-18
3727.50394 1.24859e-17
3729.00157 8.07217e-18
3730.49921 7.06993e-18
3731.99684 6.41626e-18
3733.50467 4.83434e-18
3735.00230 4.34577e-18
3736.49994 8.09545e-18
3737.99758 1.06033e-17
3739.49521 5.87785e-18
3741.00304 9.61194e-18
3742.50067 1.30185e-17
3743.99831 1.09517e-17
3745.49594 8.26123e-18
3747.00377 7.77013e-18
3748.50140 4.25972e-18
3749.99904 9.05699e-18
3751.49668 9.82500e-18
3753.00450 1.05762e-17
3754.50214 1.38834e-17
3755.99977 9.20864e-18
3757.49741 6.37184e-18
3758.99504 8.88570e-18
3760.50287 5.43425e-18
3762.00050 6.43216e-18
3763.49814 8.39337e-18
3764.99578 7.74955e-18
3766.50360 6.97395e-18
3768.00124 6.74900e-18
3769.49887 5.40733e-18
3770.99651 5.95106e-18
3772.50433 6.53489e-18
3774.00197 1.12042e-17
3775.49960 7.63165e-18
3776.99724 5.97680e-18
3778.49488 6.06847e-18
3780.00270 6.16016e-18
3781.50034 6.31155e-18
3782.99797 6.46295e-18
3784.49561 6.61433e-18
3786.00343 6.76567e-18
3787.50107 6.91702e-18
3788.99870 7.06835e-18
3790.49634 7.21963e-18
3792.00416 7.37093e-18
3793.50180 7.52218e-18
3794.99944 7.67344e-18
3796.49707 7.82468e-18
3798.00490 7.97588e-18
3799.50253 8.12709e-18
3801.00017 8.27828e-18
3802.49780 8.42943e-18
3803.99544 8.58058e-18
3805.50326 8.73170e-18
3807.00090 8.88282e-18
3808.49854 9.03393e-18
3809.99617 9.18499e-18
3811.50400 9.33606e-18
3813.00163 9.48712e-18
3814.49927 9.63813e-18
3815.99690 9.78915e-18
3817.50473 9.94014e-18
3819.00236 8.83121e-18
3820.50000 5.91993e-18
3821.99764 4.88214e-18
3823.49527 1.19041e-18
3825.00310 8.58708e-18
3826.50073 7.47739e-18
3827.99837 5.35480e-18
3829.49600 1.05442e-17
3831.00383 9.19443e-18
3832.50146 2.69998e-18
3833.99910 1.57789e-18
3835.49674 6.54992e-18
3837.00456 8.44444e-18
3838.50220 8.46298e-18
3839.99983 9.93831e-18
3841.49747 7.90432e-18
3842.99510 2.78929e-18
3844.50293 6.03244e-18
3846.00056 7.56851e-18
3847.49820 4.97163e-18
3848.99584 4.88267e-18
3850.50366 9.20369e-18
3852.00130 8.22806e-18
3853.49893 4.88348e-18
3854.99657 6.95871e-18
3856.50439 4.51075e-18
3858.00203 5.73391e-18
3859.49966 3.77963e-18
3860.99730 5.78400e-18
3862.49494 5.91171e-18
3864.00276 7.31013e-18
3865.50040 9.74162e-18
3866.99803 8.75802e-18
3868.49567 8.30555e-18
3870.00349 7.28455e-18
3871.50113 7.31807e-18
3872.99876 5.04281e-18
3874.49640 5.29509e-18
3876.00422 5.95289e-18
3877.50186 3.22203e-18
3878.99950 7.88345e-18
3880.49713 8.61264e-18
3881.99477 7.56666e-18
3883.50259 8.80292e-18
3885.00023 1.17493e-17
3886.49786 1.26734e-17
3887.99550 1.29106e-17
3889.50332 9.25835e-18
3891.00096 7.00333e-18
3892.49860 7.06819e-18
3893.99623 1.00470e-17
3895.50406 1.22338e-17
3897.00169 1.00562e-17
3898.49933 7.67810e-18
3899.99696 4.16192e-18
3901.50479 6.56162e-18
3903.00242 8.66870e-18
3904.50006 1.41080e-17
3905.99770 1.35223e-17
3907.49533 8.50520e-18
3909.00316 6.71954e-18
3910.50079 7.70592e-18
3911.99843 1.06269e-17
3913.49606 1.13085e-17
3915.00389 9.49465e-18
3916.50152 1.07026e-17
3917.99916 1.22756e-17
3919.49680 8.12311e-18
3921.00462 6.44148e-18
3922.50226 8.83061e-18
3923.99989 1.15555e-17
3925.49753 1.30812e-17
3926.99516 1.12108e-17
3928.50299 7.98354e-18
3930.00062 6.93144e-18
3931.49826 8.78205e-18
3932.99590 6.84558e-18
3934.50372 7.89988e-18
3936.00136 1.16636e-17
3937.49899 1.27947e-17
3938.99663 1.24467e-17
3940.50445 1.31322e-17
3942.00209 1.17737e-17
3943.49972 1.20455e-17
3944.99736 1.26757e-17
3946.49500 1.07018e-17
3948.00282 1.37269e-17
3949.50046 1.36691e-17
3950.99809 1.30683e-17
3952.49573 1.21447e-17
3954.00355 1.09332e-17
3955.50119 9.99456e-18
3956.99882 1.07500e-17
3958.49646 1.26510e-17
3960.00428 1.40422e-17
3961.50192 1.54244e-17
3962.99956 1.14385e-17
3964.49719 1.11652e-17
3965.99483 1.16338e-17
3967.50265 1.04669e-17
3969.00029 9.80824e-18
3970.49792 8.24685e-18
3971.99556 1.05856e-17
3973.50338 1.37688e-17
3975.00102 1.54808e-17
3976.49866 1.48029e-17
3977.99629 1.52033e-17
3979.50412 1.30466e-17
3981.00175 1.38401e-17
3982.49939 1.85446e-17
3983.99702 1.69091e-17
3985.50485 1.19056e-17
3987.00248 8.15974e-18
3988.50012 1.10777e-17
3989.99776 1.40050e-17
3991.49539 1.43897e-17
3993.00322 1.55037e-17
3994.50085 1.45465e-17
3995.99849 1.58003e-17
3997.49612 1.61805e-17
3999.00395 1.34427e-17
4000.50158 1.22632e-17
4001.99922 1.41635e-17
4003.49686 1.13708e-17
4005.00468 7.96200e-18
4006.50232 1.09371e-17
4007.99995 1.08952e-17
4009.49759 1.12083e-17
4010.99522 1.43345e-17
4012.50305 1.57258e-17
4014.00068 1.63282e-17
4015.49832 1.67878e-17
4016.99596 1.56504e-17
4018.50378 1.26909e-17
4020.00142 9.77678e-18
4021.49905 1.08355e-17
4022.99669 1.47753e-17
4024.50451 1.39054e-17
4026.00215 1.42176e-17
4027.49978 1.36825e-17
4028.99742 1.37489e-17
4030.49506 1.25701e-17
4032.00288 1.34794e-17
4033.50052 1.46881e-17
4034.99815 1.08796e-17
4036.49579 1.25543e-17
4038.00361 8.70758e-18
4039.50125 1.07840e-17
4040.99888 1.34922e-17
4042.49652 1.45720e-17
4044.00434 1.28111e-17
4045.50198 1.34213e-17
4046.99962 1.11450e-17
4048.49725 1.15794e-17
4049.99489 1.05223e-17
4051.50271 1.44218e-17
4053.00035 1.39607e-17
4054.49798 1.34479e-17
4055.99562 1.26879e-17
4057.50344 1.21884e-17
4059.00108 1.35762e-17
4060.49872 1.26376e-17
4061.99635 1.04332e-17
4063.50418 1.02024e-17
4065.00181 9.52698e-18
4066.49945 1.40898e-17
4067.99708 1.03019e-17
4069.50491 1.07978e-17
4071.00254 1.32310e-17
4072.50018 1.21478e-17
4073.99782 1.27227e-17
4075.49545 1.70085e-17
4077.00328 1.54893e-17
4078.50091 1.43330e-17
4079.99855 1.44722e-17
4081.49618 1.01860e-17
4083.00401 9.50563e-18
4084.50164 1.25020e-17
4085.99928 1.32437e-17
4087.49692 1.19753e-17
4089.00474 1.27944e-17
4090.50238 1.20915e-17
4092.00001 1.30116e-17
4093.49765 1.41901e-17
4094.99528 1.39801e-17
4096.50311 1.05804e-17
4098.00074 1.12253e-17
4099.49838 1.32982e-17
4100.99602 1.01175e-17
4102.50384 1.07877e-17
4104.00148 1.58697e-17
4105.49911 1.22212e-17
4106.99675 1.46388e-17
4108.50457 1.40860e-17
4110.00221 1.10067e-17
4111.49984 1.22855e-17
4112.99748 1.24544e-17
4114.49512 1.47029e-17
4116.00294 1.47228e-17
4117.50058 1.18216e-17
4118.99821 1.35024e-17
4120.49585 1.35176e-17
4122.00367 1.21396e-17
4123.50131 1.31138e-17
4124.99894 1.37553e-17
4126.49658 1.31478e-17
4128.00440 1.17198e-17
4129.50204 1.21613e-17
4130.99968 1.51588e-17
4132.49731 1.35598e-17
4133.99495 1.18818e-17
4135.50277 1.26623e-17
4137.00041 1.22579e-17
4138.49804 1.29474e-17
4139.99568 1.57016e-17
4141.50350 1.59234e-17
4143.00114 1.50930e-17
4144.49878 1.36734e-17
4145.99641 1.13400e-17
4147.50424 1.07956e-17
4149.00187 1.12794e-17
4150.49951 1.15674e-17
4151.99714 1.22914e-17
4153.49478 1.10175e-17
4155.00260 1.36203e-17
4156.50024 1.23728e-17
4157.99788 8.86372e-18
4159.49551 1.33242e-17
4161.00334 1.15748e-17
4162.50097 1.04734e-17
4163.99861 1.22741e-17
4165.49624 1.25448e-17
4167.00407 1.37727e-17
4168.50170 1.20335e-17
4169.99934 8.79336e-18
4171.49698 1.12648e-17
4173.00480 1.12329e-17
4174.50244 1.42176e-17
4176.00007 1.53717e-17
4177.49771 1.36624e-17
4178.99534 1.28455e-17
4180.50317 1.04384e-17
4182.00080 1.20450e-17
4183.49844 8.61300e-18
4184.99608 8.21730e-18
4186.50390 9.97068e-18
4188.00154 1.05523e-17
4189.49917 8.00288e-18
4190.99681 1.02139e-17
4192.50463 1.10092e-17
4194.00227 1.18072e-17
4195.49990 1.33657e-17
4196.99754 1.02748e-17
4198.49518 1.01587e-17
4200.00300 1.34905e-17
4201.50064 1.27016e-17
4202.99827 1.30915e-17
4204.49591 1.19756e-17
4206.00373 1.07396e-17
4207.50137 1.30849e-17
4208.99900 1.23200e-17
4210.49664 9.95710e-18
4212.00446 1.11627e-17
4213.50210 1.16439e-17
4214.99974 1.21161e-17
4216.49737 1.26304e-17
4218.00520 1.10679e-17
4219.50283 1.14158e-17
4221.00047 1.06178e-17
4222.49810 1.00432e-17
4223.99574 1.01302e-17
4225.50356 1.06756e-17
4227.00120 1.17553e-17
4228.49884 1.32563e-17
4229.99647 1.51139e-17
4231.50430 1.11580e-17
4233.00193 9.29784e-18
4234.49957 1.06096e-17
4235.99720 1.01440e-17
4237.50503 1.04276e-17
4239.00266 9.44707e-18
4240.50030 1.07722e-17
4241.99794 9.47522e-18
4243.49557 8.53056e-18
4245.00340 9.95821e-18
4246.50103 1.31613e-17
4247.99867 1.26013e-17
4249.49630 1.14494e-17
4251.00413 1.29082e-17
4252.50176 1.23698e-17
4253.99940 1.11222e-17
4255.49704 9.69704e-18
4257.00486 1.01273e-17
4258.50250 1.10578e-17
4260.00013 1.03659e-17
4261.49777 1.07463e-17
4262.99540 9.81188e-18
4264.50323 1.10308e-17
4266.00086 1.18789e-17
4267.49850 1.26858e-17
4268.99614 1.37858e-17
4270.50396 1.27066e-17
4272.00160 1.17112e-17
4273.49923 1.12603e-17
4274.99687 1.07007e-17
4276.50469 1.19067e-17
4278.00233 1.20378e-17
4279.49996 1.12685e-17
4280.99760 9.74201e-18
4282.49524 1.06318e-17
4284.00306 1.35638e-17
4285.50070 1.22688e-17
4286.99833 1.08243e-17
4288.49597 9.56989e-18
4290.00379 8.68574e-18
4291.50143 1.23052e-17
4292.99906 1.18820e-17
4294.49670 8.24491e-18
4296.00452 9.78311e-18
4297.50216 1.18390e-17
4298.99980 1.14322e-17
4300.49743 1.14057e-17
4301.99507 1.06563e-17
4303.50289 1.01830e-17
4305.00053 1.09470e-17
4306.49816 1.14766e-17
4307.99580 1.20304e-17
4309.50362 1.25074e-17
4311.00126 1.01073e-17
4312.49890 8.82896e-18
4313.99653 7.86018e-18
4315.50436 1.14351e-17
4317.00199 1.09949e-17
4318.49963 1.12252e-17
4319.99726 1.01462e-17
4321.49490 9.90966e-18
4323.00272 1.24401e-17
4324.50036 1.16879e-17
4325.99800 1.01821e-17
4327.49563 9.41151e-18
4329.00346 1.08674e-17
4330.50109 1.10810e-17
4331.99873 8.98621e-18
4333.49636 9.71332e-18
4335.00419 1.17779e-17
4336.50182 1.20118e-17
4337.99946 1.19825e-17
4339.49710 1.14200e-17
4341.00492 9.61035e-18
4342.50256 1.09544e-17
4344.00019 1.11319e-17
4345.49783 1.06975e-17
4346.99546 9.67012e-18
4348.50329 9.90655e-18
4350.00092 9.14658e-18
4351.49856 8.42265e-18
4352.99620 9.59162e-18
4354.50402 8.72074e-18
4356.00166 9.37285e-18
4357.49929 1.03609e-17
4358.99693 1.00373e-17
4360.50475 1.09475e-17
4362.00239 1.29048e-17
4363.50002 1.15064e-17
4364.99766 1.00871e-17
4366.49530 8.49684e-18
4368.00312 8.81697e-18
4369.50076 9.69302e-18
4370.99839 8.65928e-18
4372.49603 7.92734e-18
4374.00385 8.27379e-18
4375.50149 8.67164e-18
4376.99912 8.59516e-18
4378.49676 9.28786e-18
4380.00458 9.70896e-18
4381.50222 8.67688e-18
4382.99986 7.66597e-18
4384.49749 8.79986e-18
4385.99513 1.06682e-17
4387.50295 9.01571e-18
4389.00059 9.19588e-18
4390.49822 8.91297e-18
4391.99586 1.03891e-17
4393.50368 9.43947e-18
4395.00132 8.54864e-18
4396.49896 9.80169e-18
4397.99659 9.74530e-18
4399.50442 8.60084e-18
4401.00205 8.58348e-18
4402.49969 9.60446e-18
4403.99732 9.62974e-18
4405.50515 1.02965e-17
4407.00278 1.14556e-17
4408.50042 1.07898e-17
4409.99806 1.05227e-17
4411.49569 9.59087e-18
4413.00352 7.35039e-18
4414.50115 7.52688e-18
4415.99879 7.61435e-18
4417.49642 7.70178e-18
4419.00425 7.78920e-18
4420.50188 7.87664e-18
4421.99952 7.96404e-18
4423.49716 8.05143e-18
4425.00498 8.13884e-18
4426.50262 8.22622e-18
4428.00025 8.31358e-18
4429.49789 8.40096e-18
4430.99552 8.48830e-18
4432.50335 8.57563e-18
4434.00098 8.66296e-18
4435.49862 8.75030e-18
4436.99626 8.83760e-18
4438.50408 8.92489e-18
4440.00172 9.01221e-18
4441.49935 9.09948e-18
4442.99699 9.18674e-18
4444.50481 9.27403e-18
4446.00245 9.36127e-18
4447.50008 9.44851e-18
4448.99772 9.53576e-18
4450.49536 9.62297e-18
4452.00318 9.71018e-18
4453.50082 9.79740e-18
4454.99845 9.88459e-18
4456.49609 9.97176e-18
4458.00391 1.00589e-17
4459.50155 1.01461e-17
4460.99918 1.02333e-17
4462.49682 1.03204e-17
4464.00464 1.04075e-17
4465.50228 1.04947e-17
4466.99992 1.05818e-17
4468.49755 1.06689e-17
4469.99519 1.07560e-17
4471.50301 1.08430e-17
4473.00065 1.09301e-17
4474.49828 1.10172e-17
4475.99592 1.11042e-17
4477.50374 1.03207e-17
4479.00138 9.54856e-18
4480.49902 1.13591e-17
4481.99665 1.03198e-17
4483.50448 9.81756e-18
4485.00211 1.09200e-17
4486.49975 9.93199e-18
4487.99738 9.95126e-18
4489.49502 9.77167e-18
4491.00284 9.19533e-18
4492.50048 1.13036e-17
4493.99812 1.21926e-17
4495.49575 1.09639e-17
4497.00358 9.43046e-18
4498.50121 8.96617e-18
4499.99885 1.02366e-17
4501.49648 9.84010e-18
4503.00431 1.08727e-17
4504.50194 1.20612e-17
4505.99958 1.15551e-17
4507.49722 9.99376e-18
4508.99485 1.02155e-17
4510.50268 1.12578e-17
4512.00031 1.05919e-17
4513.49795 1.03878e-17
4514.99558 1.19210e-17
4516.50341 1.03527e-17
4518.00104 1.05284e-17
4519.49868 1.11097e-17
4520.99632 1.05668e-17
4522.50414 1.14316e-17
4524.00178 1.23911e-17
4525.49941 1.14308e-17
4526.99705 1.21938e-17
4528.50487 1.16080e-17
4530.00251 1.14740e-17
4531.50014 1.19901e-17
4532.99778 1.05773e-17
4534.49542 1.12338e-17
4536.00324 1.23304e-17
4537.50088 1.18704e-17
4538.99851 1.04910e-17
4540.49615 1.19434e-17
4542.00397 1.22107e-17
4543.50161 1.24394e-17
4544.99924 1.04769e-17
4546.49688 1.12110e-17
4548.00470 1.17865e-17
4549.50234 1.01566e-17
4550.99998 1.18401e-17
4552.49761 1.31162e-17
4553.99525 1.39554e-17
4555.50307 1.35761e-17
4557.00071 1.30941e-17
4558.49834 1.28669e-17
4559.99598 1.14249e-17
4561.50380 1.18768e-17
4563.00144 1.32730e-17
4564.49908 1.24390e-17
4565.99671 1.16938e-17
4567.50454 1.07586e-17
4569.00217 1.26193e-17
4570.49981 1.45570e-17
4571.99744 1.35378e-17
4573.49508 1.50790e-17
4575.00290 1.43368e-17
4576.50054 1.30440e-17
4577.99818 1.33215e-17
4579.49581 1.42171e-17
4581.00364 1.29798e-17
4582.50127 1.33192e-17
4583.99891 1.39947e-17
4585.49654 1.44586e-17
4587.00437 1.55393e-17
4588.50200 1.27463e-17
4589.99964 1.21170e-17
4591.49728 1.45558e-17
4593.00510 1.59174e-17
4594.50274 1.43236e-17
4596.00037 1.37013e-17
4597.49801 1.39691e-17
4598.99564 1.28524e-17
4600.50347 1.50890e-17
4602.00110 1.44827e-17
4603.49874 1.53281e-17
4604.99638 1.49584e-17
4606.50420 1.47123e-17
4608.00184 1.33442e-17
4609.49947 1.27916e-17
4610.99711 1.38686e-17
4612.50493 1.50311e-17
4614.00257 1.32610e-17
4615.50020 1.43051e-17
4616.99784 1.66369e-17
4618.49548 1.51080e-17
4620.00330 1.46504e-17
4621.50094 1.53404e-17
4622.99857 1.58900e-17
4624.49621 1.55149e-17
4626.00403 1.42171e-17
4627.50167 1.49227e-17
4628.99930 1.65689e-17
4630.49694 1.56316e-17
4632.00476 1.53520e-17
4633.50240 1.62064e-17
4635.00004 1.67215e-17
4636.49767 1.58340e-17
4637.99531 1.67523e-17
4639.50313 1.60142e-17
4641.00077 1.34931e-17
4642.49840 1.40205e-17
4643.99604 1.65741e-17
4645.50386 1.62325e-17
4647.00150 1.79084e-17
4648.49914 1.61367e-17
4649.99677 1.45389e-17
4651.50460 1.65352e-17
4653.00223 1.63252e-17
4654.49987 1.54147e-17
4655.99750 1.43156e-17
4657.49514 1.42707e-17
4659.00296 1.62455e-17
4660.50060 1.67034e-17
4661.99824 1.75050e-17
4663.49587 1.72474e-17
4665.00370 1.63779e-17
4666.50133 1.62594e-17
4667.99897 1.81416e-17
4669.49660 1.81407e-17
4671.00443 1.56544e-17
4672.50206 1.51426e-17
4673.99970 1.56167e-17
4675.49734 1.60594e-17
4676.99497 1.62545e-17
4678.50280 1.47429e-17
4680.00043 1.51312e-17
4681.49807 1.43576e-17
4682.99570 1.51597e-17
4684.50353 1.57341e-17
4686.00116 1.50534e-17
4687.49880 1.56962e-17
4688.99644 1.35912e-17
4690.50426 1.39625e-17
4692.00190 1.62568e-17
4693.49953 1.34021e-17
4694.99717 1.27549e-17
4696.49480 1.36881e-17
4698.00263 1.40475e-17
4699.50026 1.59330e-17
4700.99790 1.45443e-17
4702.49554 1.33584e-17
4704.00336 1.34741e-17
4705.50100 1.36191e-17
4706.99863 1.43538e-17
4708.49627 1.36628e-17
4710.00409 1.23733e-17
4711.50173 1.22890e-17
4712.99936 1.39995e-17
4714.49700 1.53382e-17
4716.00482 1.38462e-17
4717.50246 1.33012e-17
4719.00010 1.31528e-17
4720.49773 1.17905e-17
4721.99537 1.20712e-17
4723.50319 1.32428e-17
4725.00083 1.23988e-17
4726.49846 1.21416e-17
4727.99610 1.42429e-17
4729.50392 1.39722e-17
4731.00156 1.35347e-17
4732.49920 1.32766e-17
4733.99683 1.28249e-17
4735.50466 1.23567e-17
4737.00229 1.34209e-17
4738.49993 1.22816e-17
4739.99756 1.10939e-17
4741.49520 1.22891e-17
4743.00302 1.20270e-17
4744.50066 1.16373e-17
4745.99830 1.09446e-17
4747.49593 1.19292e-17
4749.00376 1.02567e-17
4750.50139 9.86683e-18
4751.99903 1.00991e-17
4753.49666 9.32542e-18
4755.00449 1.05815e-17
4756.50212 1.32060e-17
4757.99976 1.19822e-17
4759.49740 1.13287e-17
4761.00522 1.13344e-17
4762.50286 1.15433e-17
4764.00049 1.30674e-17
4765.49813 1.12495e-17
4766.99576 1.00817e-17
4768.50359 1.17826e-17
4770.00122 1.31345e-17
4771.49886 1.22148e-17
4772.99650 1.19585e-17
4774.50432 1.10243e-17
4776.00196 1.05292e-17
4777.49959 1.06448e-17
4778.99723 1.09280e-17
4780.50505 1.07502e-17
4782.00269 9.80075e-18
4783.50032 1.06246e-17
4784.99796 1.08022e-17
4786.49560 1.03769e-17
4788.00342 9.14600e-18
4789.50106 1.04256e-17
4790.99869 1.08485e-17
4792.49633 9.51772e-18
4794.00415 1.06550e-17
4795.50179 9.63687e-18
4796.99942 9.45209e-18
4798.49706 1.00583e-17
4800.00488 1.05439e-17
4801.50252 9.70061e-18
4803.00016 1.04602e-17
4804.49779 1.18792e-17
4805.99543 1.05832e-17
4807.50325 1.02546e-17
4809.00089 9.80150e-18
4810.49852 8.85119e-18
4811.99616 1.07394e-17
4813.50398 1.13889e-17
4815.00162 1.10838e-17
4816.49926 1.18139e-17
4817.99689 9.98758e-18
4819.50472 1.07828e-17
4821.00235 1.11157e-17
4822.49999 1.08110e-17
4823.99762 1.01202e-17
4825.49526 9.78831e-18
4827.00308 1.00303e-17
4828.50072 1.05994e-17
4829.99836 1.24124e-17
4831.49599 1.22953e-17
4833.00382 1.08090e-17
4834.50145 9.22560e-18
4835.99909 9.06823e-18
4837.49672 9.87034e-18
4839.00455 1.07508e-17
4840.50218 1.25230e-17
4841.99982 1.17068e-17
4843.49746 1.06655e-17
4844.99509 1.17064e-17
4846.50292 1.20435e-17
4848.00055 1.13290e-17
4849.49819 1.16012e-17
4850.99582 9.89685e-18
4852.50365 9.59438e-18
4854.00128 1.17131e-17
4855.49892 1.13239e-17
4856.99656 1.15887e-17
4858.50438 1.13112e-17
4860.00202 1.14676e-17
4861.49965 1.07378e-17
4862.99729 1.00408e-17
4864.49492 9.91874e-18
4866.00275 1.06458e-17
4867.50038 1.09533e-17
4868.99802 1.03443e-17
4870.49566 1.06862e-17
4872.00348 1.02608e-17
4873.50112 1.00578e-17
4874.99875 9.85474e-18
4876.49639 8.73850e-18
4878.00421 1.16414e-17
4879.50185 1.18470e-17
4880.99948 1.15625e-17
4882.49712 1.23153e-17
4884.00494 8.94631e-18
4885.50258 9.10835e-18
4887.00022 1.04506e-17
4888.49785 1.10981e-17
4889.99549 1.03220e-17
4891.50331 8.89255e-18
4893.00095 9.65773e-18
4894.49858 1.05673e-17
4895.99622 8.00734e-18
4897.50404 8.45391e-18
4899.00168 1.12258e-17
4900.49932 1.04305e-17
4901.99695 8.95350e-18
4903.50478 9.80990e-18
4905.00241 1.02903e-17
4906.50005 1.09718e-17
4907.99768 1.19342e-17
4909.49532 1.07590e-17
4911.00314 1.00958e-17
4912.50078 1.04338e-17
4913.99842 9.81501e-18
4915.49605 9.66735e-18
4917.00388 1.04602e-17
4918.50151 1.05890e-17
4919.99915 1.06960e-17
4921.49678 1.05966e-17
4923.00461 1.03379e-17
4924.50224 9.13066e-18
4925.99988 9.18074e-18
4927.49752 1.17456e-17
4928.99515 1.17189e-17
4930.50298 1.02735e-17
4932.00061 1.09595e-17
4933.49825 1.04601e-17
4934.99588 1.05243e-17
4936.50371 1.05885e-17
4938.00134 1.06526e-17
4939.49898 1.07168e-17
4940.99662 1.07810e-17
4942.50444 1.08451e-17
4944.00208 1.09093e-17
4945.49971 1.09734e-17
4946.99735 1.10376e-17
4948.50517 1.11017e-17
4950.00281 1.11658e-17
4951.50044 1.12300e-17
4952.99808 1.12941e-17
4954.49572 1.13582e-17
4956.00354 1.14223e-17
4957.50118 1.14863e-17
4958.99881 1.15504e-17
4960.49645 1.16145e-17
4962.00427 1.16785e-17
4963.50191 1.17426e-17
4964.99954 1.18067e-17
4966.49718 1.18707e-17
4968.00500 1.19347e-17
4969.50264 1.19988e-17
4971.00028 1.20628e-17
4972.49791 1.21268e-17
4973.99555 1.28994e-17
4975.50337 1.38376e-17
4977.00101 1.27271e-17
4978.49864 1.27136e-17
4979.99628 1.24279e-17
4981.50410 1.21184e-17
4983.00174 1.24773e-17
4984.49938 1.25487e-17
4985.99701 1.41773e-17
4987.50484 1.44456e-17
4989.00247 1.30489e-17
4990.50011 1.29218e-17
4991.99774 1.31329e-17
4993.49538 1.16747e-17
4995.00320 1.15418e-17
4996.50084 1.17902e-17
4997.99848 1.14129e-17
4999.49611 1.21285e-17
5001.00394 1.21110e-17
5002.50157 1.08694e-17
5003.99921 1.04268e-17
5005.49684 1.03125e-17
5007.00467 1.06165e-17
5008.50230 1.07759e-17
5009.99994 1.17819e-17
5011.49758 1.14009e-17
5012.99521 9.88565e-18
5014.50304 1.15667e-17
5016.00067 1.19995e-17
5017.49831 1.18458e-17
5018.99594 9.47342e-18
5020.50377 1.04996e-17
5022.00140 1.08075e-17
5023.49904 1.16216e-17
5024.99668 1.20745e-17
5026.50450 1.21525e-17
5028.00214 1.17225e-17
5029.49977 1.08945e-17
5030.99741 1.06069e-17
5032.49504 1.01779e-17
5034.00287 1.00959e-17
5035.50050 1.00139e-17
5036.99814 9.93187e-18
5038.49578 9.84990e-18
5040.00360 9.76792e-18
5041.50124 9.68596e-18
5042.99887 9.60402e-18
5044.49651 9.52209e-18
5046.00433 9.44014e-18
5047.50197 9.35823e-18
5048.99960 9.27633e-18
5050.49724 9.19441e-18
5051.99488 9.11253e-18
5053.50270 9.03066e-18
5055.00034 8.94876e-18
5056.49797 8.86691e-18
5057.99561 8.78507e-18
5059.50343 8.70320e-18
5061.00107 8.62138e-18
5062.49870 8.53956e-18
5063.99634 8.45773e-18
5065.50416 8.37593e-18
5067.00180 8.29415e-18
5068.49944 8.21237e-18
5069.99707 8.13057e-18
5071.50490 8.04882e-18
5073.00253 8.67695e-18
5074.50017 8.10649e-18
5075.99780 1.03737e-17
5077.49544 1.00484e-17
5079.00326 9.39308e-18
5080.50090 1.01878e-17
5081.99854 8.96033e-18
5083.49617 8.99502e-18
5085.00400 9.02969e-18
5086.50163 9.06436e-18
5087.99927 9.09903e-18
5089.49690 9.13369e-18
5091.00473 9.16835e-18
5092.50236 9.20300e-18
5094.00000 9.23767e-18
5095.49764 9.27231e-18
5096.99527 9.30696e-18
5098.50310 9.34161e-18
5100.00073 9.37624e-18
5101.49837 9.41087e-18
5102.99600 9.44551e-18
5104.50383 9.48014e-18
5106.00146 9.51476e-18
5107.49910 9.54939e-18
5108.99674 9.58400e-18
5110.50456 9.61861e-18
5112.00220 9.65323e-18
5113.49983 9.68783e-18
5114.99747 9.72243e-18
5116.49510 9.75702e-18
5118.00293 9.79163e-18
5119.50056 9.82621e-18
5120.99820 9.87722e-18
5122.49584 1.07402e-17
5124.00366 1.03822e-17
5125.50130 1.07276e-17
5126.99893 1.12740e-17
5128.49657 1.05169e-17
5130.00439 9.42934e-18
5131.50203 1.07462e-17
5132.99966 9.90644e-18
5134.49730 9.56104e-18
5136.00512 9.98154e-18
5137.50276 9.58432e-18
5139.00040 1.12665e-17
5140.49803 1.15277e-17
5141.99567 9.46615e-18
5143.50349 9.46958e-18
5145.00113 1.05048e-17
5146.49876 1.12323e-17
5147.99640 1.03059e-17
5149.50422 1.03484e-17
5151.00186 1.09424e-17
5152.49950 1.03275e-17
5153.99713 1.13902e-17
5155.50496 1.11268e-17
5157.00259 1.13000e-17
5158.50023 9.86179e-18
5159.99786 1.03849e-17
5161.49550 1.11726e-17
5163.00332 1.12269e-17
5164.50096 1.12228e-17
5165.99860 1.04575e-17
5167.49623 1.01313e-17
5169.00406 1.14913e-17
5170.50169 1.12857e-17
5171.99933 1.11948e-17
5173.49696 1.24109e-17
5175.00479 1.15851e-17
5176.50242 1.05443e-17
5178.00006 1.04160e-17
5179.49770 1.04404e-17
5180.99533 9.82386e-18
5182.50316 1.03691e-17
5184.00079 1.22822e-17
5185.49843 1.30870e-17
5186.99606 1.23309e-17
5188.50389 1.12706e-17
5190.00152 1.03368e-17
5191.49916 1.06625e-17
5192.99680 1.13045e-17
5194.50462 1.14699e-17
5196.00226 1.27684e-17
5197.49989 1.23048e-17
5198.99753 1.10578e-17
5200.49516 1.09786e-17
5202.00299 9.75843e-18
5203.50062 9.42722e-18
5204.99826 1.07008e-17
5206.49590 1.19794e-17
5208.00372 1.16582e-17
5209.50136 1.18083e-17
5210.99899 1.12714e-17
5212.49663 1.17658e-17
5214.00445 1.24973e-17
5215.50209 1.09585e-17
5216.99972 1.12047e-17
5218.49736 1.28210e-17
5219.99500 1.20689e-17
5221.50282 1.18061e-17
5223.00046 1.11719e-17
5224.49809 1.12389e-17
5225.99573 1.10581e-17
5227.50355 1.19416e-17
5229.00119 1.29179e-17
5230.49882 1.18156e-17
5231.99646 1.20073e-17
5233.50428 1.33930e-17
5235.00192 1.15473e-17
5236.49956 1.17460e-17
5237.99719 1.18877e-17
5239.49483 1.22820e-17
5241.00265 1.23421e-17
5242.50029 1.17108e-17
5243.99792 1.11189e-17
5245.49556 1.20178e-17
5247.00338 1.19870e-17
5248.50102 1.28731e-17
5249.99866 1.26974e-17
5251.49629 1.22091e-17
5253.00412 1.23496e-17
5254.50175 1.36612e-17
5255.99939 1.32210e-17
5257.49702 1.28286e-17
5259.00485 1.28370e-17
5260.50248 1.25784e-17
5262.00012 1.33059e-17
5263.49776 1.33557e-17
5264.99539 1.24234e-17
5266.50322 1.20336e-17
5268.00085 1.10417e-17
5269.49849 1.21914e-17
5270.99612 1.21798e-17
5272.50395 1.21119e-17
5274.00158 1.25112e-17
5275.49922 1.15897e-17
5276.99686 1.14390e-17
5278.50468 1.28281e-17
5280.00232 1.32685e-17
5281.49995 1.23278e-17
5282.99759 1.32174e-17
5284.49522 1.38583e-17
5286.00305 1.28750e-17
5287.50068 1.53027e-17
5288.99832 1.46603e-17
5290.49596 1.38148e-17
5292.00378 1.54962e-17
5293.50142 1.37460e-17
5294.99905 1.32864e-17
5296.49669 1.40061e-17
5298.00451 1.28882e-17
5299.50215 1.41369e-17
5300.99978 1.46885e-17
5302.49742 1.39674e-17
5303.99506 1.36303e-17
5305.50288 1.32930e-17
5307.00052 1.47313e-17
5308.49815 1.53120e-17
5309.99579 1.46135e-17
5311.50361 1.42436e-17
5313.00125 1.45413e-17
5314.49888 1.47004e-17
5315.99652 1.48303e-17
5317.50434 1.46233e-17
5319.00198 1.43776e-17
5320.49962 1.46463e-17
5321.99725 1.46794e-17
5323.50508 1.39212e-17
5325.00271 1.40936e-17
5326.50035 1.47067e-17
5327.99798 1.50108e-17
5329.49562 1.53783e-17
5331.00344 1.52092e-17
5332.50108 1.46783e-17
5333.99872 1.44476e-17
5335.49635 1.52490e-17
5337.00418 1.50872e-17
5338.50181 1.43126e-17
5339.99945 1.49494e-17
5341.49708 1.55727e-17
5343.00491 1.64972e-17
5344.50254 1.61197e-17
5346.00018 1.50933e-17
5347.49782 1.45863e-17
5348.99545 1.48396e-17
5350.50328 1.65259e-17
5352.00091 1.54400e-17
5353.49855 1.40879e-17
5354.99618 1.50359e-17
5356.50401 1.49265e-17
5358.00164 1.68405e-17
5359.49928 1.76257e-17
5360.99692 1.49000e-17
5362.50474 1.48296e-17
5364.00238 1.59966e-17
5365.50001 1.55054e-17
5366.99765 1.52537e-17
5368.49528 1.46801e-17
5370.00311 1.36601e-17
5371.50074 1.44401e-17
5372.99838 1.64048e-17
5374.49602 1.70217e-17
5376.00384 1.60785e-17
5377.50148 1.45998e-17
5378.99911 1.43713e-17
5380.49675 1.49612e-17
5382.00457 1.49524e-17
5383.50221 1.49460e-17
5384.99984 1.50978e-17
5386.49748 1.47602e-17
5387.99512 1.45803e-17
5389.50294 1.43016e-17
5391.00058 1.44084e-17
5392.49821 1.46716e-17
5393.99585 1.49720e-17
5395.50367 1.53665e-17
5397.00131 1.59690e-17
5398.49894 1.58069e-17
5399.99658 1.57380e-17
5401.50440 1.65232e-17
5403.00204 1.60106e-17
5404.49968 1.53042e-17
5405.99731 1.59780e-17
5407.49495 1.67113e-17
5409.00277 1.72503e-17
5410.50041 1.68464e-17
5411.99804 1.46171e-17
5413.49568 1.44807e-17
5415.00350 1.57753e-17
5416.50114 1.63337e-17
5417.99878 1.53677e-17
5419.49641 1.45980e-17
5421.00424 1.50523e-17
5422.50187 1.61743e-17
5423.99951 1.66936e-17
5425.49714 1.54759e-17
5426.99478 1.56043e-17
5428.50260 1.60539e-17
5430.00024 1.53288e-17
5431.49788 1.46088e-17
5432.99551 1.52699e-17
5434.50334 1.64457e-17
5436.00097 1.52607e-17
5437.49861 1.57708e-17
5438.99624 1.54765e-17
5440.50407 1.46852e-17
5442.00170 1.41826e-17
5443.49934 1.41238e-17
5444.99698 1.61631e-17
5446.50480 1.61011e-17
5448.00244 1.42643e-17
5449.50007 1.66364e-17
5450.99771 1.75156e-17
5452.49534 1.75682e-17
5454.00317 1.59985e-17
5455.50080 1.64063e-17
5456.99844 1.58455e-17
5458.49608 1.46020e-17
5460.00390 1.55293e-17
5461.50154 1.62029e-17
5462.99917 1.63222e-17
5464.49681 1.67314e-17
5466.00463 1.63298e-17
5467.50227 1.57499e-17
5468.99990 1.59815e-17
5470.49754 1.68032e-17
5471.99518 1.71321e-17
5473.50300 1.55888e-17
5475.00064 1.53597e-17
5476.49827 1.68611e-17
5477.99591 1.66755e-17
5479.50373 1.59086e-17
5481.00137 1.46501e-17
5482.49900 1.42253e-17
5483.99664 1.65272e-17
5485.50446 1.69702e-17
5487.00210 1.61170e-17
5488.49974 1.63739e-17
5489.99737 1.68882e-17
5491.49501 1.68219e-17
5493.00283 1.62255e-17
5494.50047 1.70125e-17
5495.99810 1.61229e-17
5497.49574 1.55298e-17
5499.00356 1.67328e-17
5500.50120 1.81184e-17
5501.99884 1.68517e-17
5503.49647 1.72259e-17
5505.00430 1.82430e-17
5506.50193 1.73117e-17
5507.99957 1.65479e-17
5509.49720 1.66081e-17
5511.00503 1.68002e-17
5512.50266 1.61461e-17
5514.00030 1.67627e-17
5515.49794 1.79300e-17
5516.99557 1.84625e-17
5518.50340 1.91522e-17
5520.00103 1.78671e-17
5521.49867 1.72812e-17
5522.99630 1.76760e-17
5524.50413 1.67634e-17
5526.00176 1.73289e-17
5527.49940 1.71955e-17
5528.99704 1.82669e-17
5530.50486 1.80417e-17
5532.00250 1.79191e-17
5533.50013 1.89460e-17
5534.99777 1.77938e-17
5536.49540 1.69018e-17
5538.00323 1.68053e-17
5539.50086 1.74056e-17
5540.99850 1.86240e-17
5542.49614 1.81239e-17
5544.00396 1.77642e-17
5545.50160 1.77501e-17
5546.99923 1.87402e-17
5548.49687 1.83884e-17
5550.00469 1.77956e-17
5551.50233 1.77630e-17
5552.99996 1.72576e-17
5554.49760 1.72552e-17
5555.99524 1.73392e-17
5557.50306 1.67408e-17
5559.00070 1.81234e-17
5560.49833 1.71217e-17
5561.99597 1.54390e-17
5563.50379 1.69112e-17
5565.00143 1.77613e-17
5566.49906 1.74401e-17
5567.99670 1.60016e-17
5569.50452 1.61257e-17
5571.00216 1.49814e-17
5572.49980 1.74019e-17
5573.99743 1.45148e-17
5575.49507 1.45889e-17
5577.00289 1.48813e-17
5578.50053 1.63523e-17
5579.99816 1.68472e-17
5581.49580 1.48869e-17
5583.00362 1.55651e-17
5584.50126 1.56283e-17
5585.99890 1.58743e-17
5587.49653 1.61351e-17
5589.00436 1.54520e-17
5590.50199 1.48045e-17
5591.99963 1.51572e-17
5593.49726 1.65078e-17
5594.99490 1.58769e-17
5596.50272 1.63608e-17
5598.00036 1.71987e-17
5599.49800 1.70632e-17
5600.99563 1.67719e-17
5602.50346 1.52420e-17
5604.00109 1.47658e-17
5605.49873 1.50716e-17
5606.99636 1.57674e-17
5608.50419 1.60334e-17
5610.00182 1.50612e-17
5611.49946 1.35048e-17
5612.99710 1.36101e-17
5614.50492 1.49048e-17
5616.00256 1.49788e-17
5617.50019 1.45685e-17
5618.99783 1.40497e-17
5620.49546 1.42988e-17
5622.00329 1.43848e-17
5623.50092 1.40132e-17
5624.99856 1.58868e-17
5626.49620 1.54949e-17
5628.00402 1.42208e-17
5629.50166 1.41682e-17
5630.99929 1.32859e-17
5632.49693 1.13527e-17
5634.00475 1.20857e-17
5635.50239 1.32979e-17
5637.00002 1.36365e-17
5638.49766 1.21939e-17
5639.99530 1.22260e-17
5641.50312 1.41203e-17
5643.00076 1.59716e-17
5644.49839 1.54239e-17
5645.99603 1.41213e-17
5647.50385 1.42704e-17
5649.00149 1.35177e-17
5650.49912 1.24383e-17
5651.99676 1.39347e-17
5653.50458 1.40623e-17
5655.00222 1.22485e-17
5656.49986 1.31757e-17
5657.99749 1.32024e-17
5659.49513 1.24759e-17
5661.00295 1.27309e-17
5662.50059 1.19918e-17
5663.99822 1.31077e-17
5665.49586 1.44107e-17
5667.00368 1.38867e-17
5668.50132 1.29650e-17
5669.99896 1.24845e-17
5671.49659 1.23628e-17
5673.00442 1.19071e-17
5674.50205 1.19826e-17
5675.99969 1.23982e-17
5677.49732 1.24130e-17
5679.00515 1.23992e-17
5680.50278 1.24949e-17
5682.00042 1.21144e-17
5683.49806 1.23864e-17
5684.99569 1.26598e-17
5686.50352 1.23425e-17
5688.00115 1.19592e-17
5689.49879 1.24833e-17
5690.99642 1.26662e-17
5692.50425 1.19163e-17
5694.00188 1.26945e-17
5695.49952 1.38104e-17
5696.99716 1.25660e-17
5698.50498 1.14681e-17
5700.00262 1.14634e-17
5701.50025 1.13340e-17
5702.99789 1.19180e-17
5704.49552 1.11800e-17
5706.00335 1.12665e-17
5707.50098 1.22554e-17
5708.99862 1.15666e-17
5710.49626 1.23880e-17
5712.00408 1.21560e-17
5713.50172 1.03279e-17
5714.99935 1.17028e-17
5716.49699 1.22240e-17
5718.00481 1.06230e-17
5719.50245 1.05512e-17
5721.00008 1.15294e-17
5722.49772 1.03520e-17
5723.99536 1.01495e-17
5725.50318 1.03592e-17
5727.00082 1.00269e-17
5728.49845 9.93039e-18
5729.99609 1.02755e-17
5731.50391 1.10347e-17
5733.00155 1.16887e-17
5734.49918 1.04240e-17
5735.99682 1.15830e-17
5737.50464 1.20618e-17
5739.00228 1.08921e-17
5740.49992 1.10668e-17
5741.99755 1.15507e-17
5743.49519 1.13802e-17
5745.00301 1.04182e-17
5746.50065 1.09852e-17
5747.99828 1.13172e-17
5749.49592 1.00237e-17
5751.00374 8.61355e-18
5752.50138 9.86768e-18
5753.99902 1.16240e-17
5755.49665 1.02143e-17
5757.00448 9.51282e-18
5758.50211 9.63163e-18
5759.99975 1.01877e-17
5761.49738 1.12173e-17
5762.99502 1.01442e-17
5764.50284 1.00700e-17
5766.00048 1.02082e-17
5767.49812 9.82639e-18
5768.99575 1.04763e-17
5770.50358 1.23584e-17
5772.00121 1.11667e-17
5773.49885 1.03482e-17
5774.99648 1.04692e-17
5776.50431 1.00537e-17
5778.00194 1.04528e-17
5779.49958 1.09749e-17
5780.99722 9.10717e-18
5782.49485 1.08932e-17
5784.00268 1.04224e-17
5785.50031 1.08374e-17
5786.99795 1.10438e-17
5788.49558 9.53493e-18
5790.00341 9.93545e-18
5791.50104 1.05551e-17
5792.99868 1.06797e-17
5794.49632 1.05943e-17
5796.00414 1.04415e-17
5797.50178 9.75863e-18
5798.99941 9.37060e-18
5800.49705 9.18786e-18
5802.00487 1.02669e-17
5803.50251 1.15347e-17
5805.00014 1.14408e-17
5806.49778 1.12631e-17
5807.99542 1.04257e-17
5809.50324 9.43479e-18
5811.00088 9.82161e-18
5812.49851 1.01579e-17
5813.99615 9.75692e-18
5815.50397 1.06672e-17
5817.00161 9.73695e-18
5818.49924 9.38012e-18
5819.99688 1.11021e-17
5821.50470 1.09224e-17
5823.00234 1.07947e-17
5824.49998 9.73175e-18
5825.99761 9.33687e-18
5827.49525 9.42373e-18
5829.00307 1.05516e-17
5830.50071 1.15641e-17
5831.99834 1.14677e-17
5833.49598 1.14321e-17
5835.00380 1.11487e-17
5836.50144 9.41812e-18
5837.99908 1.14645e-17
5839.49671 1.14467e-17
5841.00454 9.44887e-18
5842.50217 1.01740e-17
5843.99981 1.07824e-17
5845.49744 1.04433e-17
5846.99508 1.02421e-17
5848.50290 9.82043e-18
5850.00054 1.17323e-17
5851.49818 1.09238e-17
5852.99581 1.14775e-17
5854.50364 1.20583e-17
5856.00127 1.05619e-17
5857.49891 1.14894e-17
5858.99654 1.00515e-17
5860.50437 1.01997e-17
5862.00200 1.11710e-17
5863.49964 9.52995e-18
5864.99728 1.06098e-17
5866.50510 1.28194e-17
5868.00274 1.08369e-17
5869.50037 1.01389e-17
5870.99801 1.16720e-17
5872.49564 1.11116e-17
5874.00347 1.07393e-17
5875.50110 1.19893e-17
5876.99874 1.20826e-17
5878.49638 1.19827e-17
5880.00420 1.16402e-17
5881.50184 1.05993e-17
5882.99947 1.05428e-17
5884.49711 1.16498e-17
5886.00493 1.25762e-17
5887.50257 1.15167e-17
5889.00020 1.12280e-17
5890.49784 1.16134e-17
5891.99548 1.15449e-17
5893.50330 1.33408e-17
5895.00094 1.43264e-17
5896.49857 1.31901e-17
5897.99621 1.24491e-17
5899.50403 1.19459e-17
5901.00167 1.13982e-17
5902.49930 1.10655e-17
5903.99694 1.24080e-17
5905.50476 1.22698e-17
5907.00240 1.12410e-17
5908.50004 1.21346e-17
5909.99767 1.28910e-17
5911.49531 1.41083e-17
5913.00313 1.28816e-17
5914.50077 1.31368e-17
5915.99840 1.54316e-17
5917.49604 1.32488e-17
5919.00386 1.24730e-17
5920.50150 1.42362e-17
5921.99914 1.32280e-17
5923.49677 1.20063e-17
5925.00460 1.13149e-17
5926.50223 1.19641e-17
5927.99987 1.16172e-17
5929.49750 1.21966e-17
5930.99514 1.20585e-17
5932.50296 1.40781e-17
5934.00060 1.07526e-17
5935.49824 1.25574e-17
5936.99587 1.25780e-17
5938.50370 1.32176e-17
5940.00133 1.35736e-17
5941.49897 1.27397e-17
5942.99660 1.17350e-17
5944.50443 1.23005e-17
5946.00206 1.16144e-17
5947.49970 9.37371e-18
5948.99734 9.67121e-18
5950.49497 1.15807e-17
5952.00280 1.25721e-17
5953.50043 1.16791e-17
5954.99807 1.08519e-17
5956.49570 1.08651e-17
5958.00353 1.08783e-17
5959.50116 1.08915e-17
5960.99880 1.09047e-17
5962.49644 1.09178e-17
5964.00426 1.09310e-17
5965.50190 1.09442e-17
5966.99953 1.09574e-17
5968.49717 1.09706e-17
5969.99480 1.09837e-17
5971.50263 1.09969e-17
5973.00026 1.10101e-17
5974.49790 1.10233e-17
5975.99554 1.10365e-17
5977.50336 1.10496e-17
5979.00100 1.10628e-17
5980.49863 1.10760e-17
5981.99627 1.10892e-17
5983.50409 1.11023e-17
5985.00173 1.11155e-17
5986.49936 1.11287e-17
5987.99700 1.11419e-17
5989.50482 1.11550e-17
5991.00246 1.11682e-17
5992.50010 1.11814e-17
5993.99773 1.11945e-17
5995.49537 1.12077e-17
5997.00319 1.12209e-17
5998.50083 1.12340e-17
5999.99846 1.12472e-17
6001.49610 1.12604e-17
6003.00392 1.12736e-17
6004.50156 1.12867e-17
6005.99920 1.12999e-17
6007.49683 1.13131e-17
6009.00466 1.13262e-17
6010.50229 1.13394e-17
6011.99993 1.13525e-17
6013.49756 1.13657e-17
6014.99520 1.13789e-17
6016.50302 1.13920e-17
6018.00066 1.14052e-17
6019.49830 1.15497e-17
6020.99593 1.18308e-17
6022.50376 1.15697e-17
6024.00139 1.13687e-17
6025.49903 1.20797e-17
6026.99666 1.15892e-17
6028.50449 1.12266e-17
6030.00212 1.13307e-17
6031.49976 1.14737e-17
6032.99740 1.08246e-17
6034.49503 1.01958e-17
6036.00286 1.10133e-17
6037.50049 1.10967e-17
6038.99813 1.17250e-17
6040.49576 1.16417e-17
6042.00359 1.04048e-17
6043.50122 1.13638e-17
6044.99886 1.18499e-17
6046.49650 1.07493e-17
6048.00432 1.11619e-17
6049.50196 1.14424e-17
6050.99959 1.12506e-17
6052.49723 1.16478e-17
6054.00505 1.05861e-17
6055.50269 1.06336e-17
6057.00032 1.17911e-17
6058.49796 1.09153e-17
6059.99560 1.19677e-17
6061.50342 1.30236e-17
6063.00106 1.28899e-17
6064.49869 1.09593e-17
6065.99633 1.18538e-17
6067.50415 1.15510e-17
6069.00179 1.03392e-17
6070.49942 1.17536e-17
6071.99706 1.16879e-17
6073.50488 1.10066e-17
6075.00252 1.12829e-17
6076.50016 1.20204e-17
6077.99779 1.21136e-17
6079.49543 1.14190e-17
6081.00325 1.07451e-17
6082.50089 1.15315e-17
6083.99852 1.24481e-17
6085.49616 1.31859e-17
6087.00398 1.22156e-17
6088.50162 1.16990e-17
6089.99926 1.17539e-17
6091.49689 1.18722e-17
6093.00472 1.27545e-17
6094.50235 1.14087e-17
6095.99999 1.12719e-17
6097.49762 1.17925e-17
6098.99526 1.13171e-17
6100.50308 1.21059e-17
6102.00072 1.24950e-17
6103.49836 1.10548e-17
6104.99599 1.11982e-17
6106.50382 1.12302e-17
6108.00145 1.19887e-17
6109.49909 1.27945e-17
6110.99672 1.36752e-17
6112.50455 1.31761e-17
6114.00218 1.13977e-17
6115.49982 1.13424e-17
6116.99746 1.11370e-17
6118.49509 1.15287e-17
6120.00292 1.19663e-17
6121.50055 1.19873e-17
6122.99819 1.13391e-17
6124.49582 1.18497e-17
6126.00365 1.15223e-17
6127.50128 1.24400e-17
6128.99892 1.19236e-17
6130.49656 1.22679e-17
6132.00438 1.16298e-17
6133.50202 1.15132e-17
6134.99965 1.16447e-17
6136.49729 1.30769e-17
6137.99492 1.22787e-17
6139.50275 1.07868e-17
6141.00038 1.02223e-17
6142.49802 1.30133e-17
6143.99566 1.33252e-17
6145.50348 1.09474e-17
6147.00112 1.12972e-17
6148.49875 1.15579e-17
6149.99639 1.14810e-17
6151.50421 1.17399e-17
6153.00185 1.19988e-17
6154.49948 1.24101e-17
6155.99712 1.18313e-17
6157.50494 1.04258e-17
6159.00258 1.11929e-17
6160.50022 1.17868e-17
6161.99785 1.19864e-17
6163.49549 1.24738e-17
6165.00331 1.26081e-17
6166.50095 1.19007e-17
6167.99858 1.24044e-17
6169.49622 1.29238e-17
6171.00404 1.19091e-17
6172.50168 1.22665e-17
6173.99932 1.17713e-17
6175.49695 1.07741e-17
6177.00478 1.20605e-17
6178.50241 1.21611e-17
6180.00005 1.11989e-17
6181.49768 1.11253e-17
6182.99532 9.92736e-18
6184.50314 1.17237e-17
6186.00078 1.30496e-17
6187.49842 1.13057e-17
6188.99605 1.14493e-17
6190.50388 1.13215e-17
6192.00151 1.08377e-17
6193.49915 1.22972e-17
6194.99678 1.34331e-17
6196.50461 1.35443e-17
6198.00224 1.20884e-17
6199.49988 1.17378e-17
6200.99752 1.21251e-17
6202.49515 1.02358e-17
6204.00298 1.14815e-17
6205.50061 1.27853e-17
6206.99825 1.20685e-17
6208.49588 1.11862e-17
6210.00371 1.17676e-17
6211.50134 1.09403e-17
6212.99898 1.19943e-17
6214.49662 1.21685e-17
6216.00444 9.75311e-18
6217.50208 1.07825e-17
6218.99971 1.17164e-17
6220.49735 1.15466e-17
6221.99498 1.24197e-17
6223.50281 1.16802e-17
6225.00044 1.11799e-17
6226.49808 1.17447e-17
6227.99572 1.29122e-17
6229.50354 1.34815e-17
6231.00118 1.27686e-17
6232.49881 1.35517e-17
6233.99645 1.32114e-17
6235.50427 1.36154e-17
6237.00191 1.30750e-17
6238.49954 1.19289e-17
6239.99718 1.29797e-17
6241.50500 1.25651e-17
6243.00264 1.28908e-17
6244.50028 1.31245e-17
6245.99791 1.11601e-17
6247.49555 1.15972e-17
6249.00337 1.21384e-17
6250.50101 1.16431e-17
6251.99864 1.17893e-17
6253.49628 1.23247e-17
6255.00410 1.16591e-17
6256.50174 1.28862e-17
6257.99938 1.33704e-17
6259.49701 1.24294e-17
6261.00484 1.32850e-17
6262.50247 1.37146e-17
6264.00011 1.27272e-17
6265.49774 1.27720e-17
6266.99538 1.21100e-17
6268.50320 1.11437e-17
6270.00084 1.13904e-17
6271.49848 1.19226e-17
6272.99611 1.17593e-17
6274.50394 1.11955e-17
6276.00157 1.18277e-17
6277.49921 1.17453e-17
6278.99684 9.47514e-18
6280.50467 9.71862e-18
6282.00230 1.17444e-17
6283.49994 1.20732e-17
6284.99758 1.17449e-17
6286.49521 1.13347e-17
6288.00304 1.15888e-17
6289.50067 1.20770e-17
6290.99831 1.22502e-17
6292.49594 1.16026e-17
6294.00377 1.14658e-17
6295.50140 1.09103e-17
6296.99904 1.04231e-17
6298.49668 1.36203e-17
6300.00450 1.48822e-17
6301.50214 1.37965e-17
6302.99977 1.25167e-17
6304.49741 1.13058e-17
6305.99504 1.17562e-17
6307.50287 1.10556e-17
6309.00050 1.18159e-17
6310.49814 1.27372e-17
6311.99578 1.14188e-17
6313.50360 1.08413e-17
6315.00124 1.08206e-17
6316.49887 1.11677e-17
6317.99651 1.11074e-17
6319.50433 1.15744e-17
6321.00197 1.11515e-17
6322.49960 1.05695e-17
6323.99724 1.14541e-17
6325.49488 1.17561e-17
6327.00270 1.19664e-17
6328.50034 1.22685e-17
6329.99797 1.02147e-17
6331.49561 1.03045e-17
6333.00343 1.11081e-17
6334.50107 1.08091e-17
6335.99870 1.03288e-17
6337.49634 1.13899e-17
6339.00416 1.09263e-17
6340.50180 1.20471e-17
6341.99944 1.24838e-17
6343.49707 1.33799e-17
6345.00490 1.14586e-17
6346.50253 1.12845e-17
6348.00017 1.05123e-17
6349.49780 1.05607e-17
6350.99544 1.18695e-17
6352.50326 1.06796e-17
6354.00090 1.19775e-17
6355.49854 1.12580e-17
6356.99617 9.69686e-18
6358.50400 9.70555e-18
6360.00163 1.08080e-17
6361.49927 1.09134e-17
6362.99690 1.19684e-17
6364.50473 1.22784e-17
6366.00236 1.23792e-17
6367.50000 1.16779e-17
6368.99764 1.15981e-17
6370.49527 1.19101e-17
6372.00310 1.22322e-17
6373.50073 1.15233e-17
6374.99837 9.96720e-18
6376.49600 1.15027e-17
6378.00383 1.13707e-17
6379.50146 1.03835e-17
6380.99910 1.09702e-17
6382.49674 1.13833e-17
6384.00456 1.11845e-17
6385.50220 1.05767e-17
6386.99983 1.07180e-17
6388.49747 1.15152e-17
6389.99510 1.13444e-17
6391.50293 1.03423e-17
6393.00056 1.10682e-17
6394.49820 1.23298e-17
6395.99584 1.16063e-17
6397.50366 1.16078e-17
6399.00130 1.22780e-17
6400.49893 1.24650e-17
6401.99657 1.21114e-17
6403.50439 1.13718e-17
6405.00203 1.17138e-17
6406.49966 1.11361e-17
6407.99730 1.11603e-17
6409.49494 1.32546e-17
6411.00276 1.23025e-17
6412.50040 1.24875e-17
6413.99803 1.19562e-17
6415.49567 1.21564e-17
6417.00349 1.37842e-17
6418.50113 1.43580e-17
6419.99876 1.27475e-17
6421.49640 1.14455e-17
6423.00422 1.31483e-17
6424.50186 1.33051e-17
6425.99950 1.12203e-17
6427.49713 1.12788e-17
6429.00496 1.26588e-17
6430.50259 1.29614e-17
6432.00023 1.22239e-17
6433.49786 1.23930e-17
6434.99550 1.34951e-17
6436.50332 1.32616e-17
6438.00096 1.26018e-17
6439.49860 1.25351e-17
6440.99623 1.22011e-17
6442.50406 1.26915e-17
6444.00169 1.24872e-17
6445.49933 1.24851e-17
6446.99696 1.31739e-17
6448.50479 1.28143e-17
6450.00242 1.17692e-17
6451.50006 1.15611e-17
6452.99770 1.19351e-17
6454.49533 1.32071e-17
6456.00316 1.38168e-17
6457.50079 1.32770e-17
6458.99843 1.38161e-17
6460.49606 1.39700e-17
6462.00389 1.31713e-17
6463.50152 1.34752e-17
6464.99916 1.30812e-17
6466.49680 1.01993e-17
6468.00462 1.02904e-17
6469.50226 1.29404e-17
6470.99989 1.34210e-17
6472.49753 1.26306e-17
6473.99516 1.35163e-17
6475.50299 1.37163e-17
6477.00062 1.26462e-17
6478.49826 1.35924e-17
6479.99590 1.44455e-17
6481.50372 1.43439e-17
6483.00136 1.36980e-17
6484.49899 1.27588e-17
6485.99663 1.24173e-17
6487.50445 1.30000e-17
6489.00209 1.32397e-17
6490.49972 1.26799e-17
6491.99736 1.27591e-17
6493.49500 1.36288e-17
6495.00282 1.40029e-17
6496.50046 1.35409e-17
6497.99809 1.22253e-17
6499.49573 1.23757e-17
6501.00355 1.38342e-17
6502.50119 1.44262e-17
6503.99882 1.48734e-17
6505.49646 1.35430e-17
6507.00428 1.30111e-17
6508.50192 1.32893e-17
6509.99956 1.31928e-17
6511.49719 1.37043e-17
6512.99483 1.36956e-17
6514.50265 1.36813e-17
6516.00029 1.39703e-17
6517.49792 1.33274e-17
6518.99556 1.23152e-17
6520.50338 1.20989e-17
6522.00102 1.29250e-17
6523.49866 1.30185e-17
6524.99629 1.32748e-17
6526.50412 1.28013e-17
6528.00175 1.23510e-17
6529.49939 1.29006e-17
6530.99702 1.28078e-17
6532.50485 1.28567e-17
6534.00248 1.41514e-17
6535.50012 1.39042e-17
6536.99776 1.22788e-17
6538.49539 1.19770e-17
6540.00322 1.42678e-17
6541.50085 1.41996e-17
6542.99849 1.51800e-17
6544.49612 1.37100e-17
6546.00395 1.25610e-17
6547.50158 1.36058e-17
6548.99922 1.41722e-17
6550.49686 1.47622e-17
6552.00468 1.33401e-17
6553.50232 1.20942e-17
6554.99995 1.24699e-17
6556.49759 1.28314e-17
6557.99522 1.19926e-17
6559.50305 1.40109e-17
6561.00068 1.27722e-17
6562.49832 1.28711e-17
6563.99596 1.40707e-17
6565.50378 1.32108e-17
6567.00142 1.22578e-17
6568.49905 1.26104e-17
6569.99669 1.22912e-17
6571.50451 1.27509e-17
6573.00215 1.23365e-17
6574.49978 1.15282e-17
6575.99742 1.14513e-17
6577.49506 1.29492e-17
6579.00288 1.43849e-17
6580.50052 1.25447e-17
6581.99815 1.09816e-17
6583.49579 1.09440e-17
6585.00361 1.19423e-17
6586.50125 1.28375e-17
6587.99888 1.27460e-17
6589.49652 1.26361e-17
6591.00434 1.17477e-17
6592.50198 1.12227e-17
6593.99962 1.22762e-17
6595.49725 1.19261e-17
6596.99489 1.20066e-17
6598.50271 1.24686e-17
6600.00035 1.23891e-17
6601.49798 1.25169e-17
6602.99562 1.26399e-17
6604.50344 1.14536e-17
6606.00108 1.16329e-17
6607.49872 1.24064e-17
6608.99635 1.17480e-17
6610.50418 1.23497e-17
6612.00181 1.14602e-17
6613.49945 1.14093e-17
6614.99708 1.10598e-17
6616.50491 1.15527e-17
6618.00254 1.24502e-17
6619.50018 1.15698e-17
6620.99782 9.76541e-18
6622.49545 1.16223e-17
6624.00328 1.20681e-17
6625.50091 1.00762e-17
6626.99855 1.22674e-17
6628.49618 1.16333e-17
6630.00401 9.89636e-18
6631.50164 1.16600e-17
6632.99928 1.21318e-17
6634.49692 1.10225e-17
6636.00474 1.06631e-17
6637.50238 1.00907e-17
6639.00001 1.11124e-17
6640.49765 1.15277e-17
6641.99528 1.00611e-17
6643.50311 9.92296e-18
6645.00074 1.10981e-17
6646.49838 1.06933e-17
6647.99602 1.02602e-17
6649.50384 1.04103e-17
6651.00148 1.08401e-17
6652.49911 1.06687e-17
6653.99675 1.06067e-17
6655.50457 1.05446e-17
6657.00221 1.04826e-17
6658.49984 1.04206e-17
6659.99748 1.03586e-17
6661.49512 1.02966e-17
6663.00294 1.02347e-17
6664.50058 1.01727e-17
6665.99821 1.01107e-17
6667.49585 1.00487e-17
6669.00367 9.98674e-18
6670.50131 9.92475e-18
6671.99894 9.86279e-18
6673.49658 9.80082e-18
6675.00440 9.73884e-18
6676.50204 9.67689e-18
6677.99968 9.61494e-18
6679.49731 9.55297e-18
6680.99495 9.49102e-18
6682.50277 9.42908e-18
6684.00041 9.36712e-18
6685.49804 9.30518e-18
6686.99568 9.24325e-18
6688.50350 9.18130e-18
6690.00114 9.11937e-18
6691.49878 9.10158e-18
6692.99641 9.08378e-18
6694.50424 9.06599e-18
6696.00187 9.04819e-18
6697.49951 9.03040e-18
6698.99714 9.01260e-18
6700.49478 8.99481e-18
6702.00260 8.97702e-18
6703.50024 8.95923e-18
6704.99788 8.94144e-18
6706.49551 8.92366e-18
6708.00334 8.90587e-18
6709.50097 8.88808e-18
6710.99861 8.87030e-18
6712.49624 8.85251e-18
6714.00407 8.83473e-18
6715.50170 8.81694e-18
6716.99934 8.79917e-18
6718.49698 8.78138e-18
6720.00480 8.76360e-18
6721.50244 8.74582e-18
6723.00007 8.72804e-18
6724.49771 8.71027e-18
6725.99534 8.69249e-18
6727.50317 9.18544e-18
6729.00080 9.91424e-18
6730.49844 9.82316e-18
6731.99608 9.56178e-18
6733.50390 9.31253e-18
6735.00154 9.05581e-18
6736.49917 9.79380e-18
6737.99681 1.00118e-17
6739.50463 9.49146e-18
6741.00227 8.33953e-18
6742.49990 9.29881e-18
6743.99754 1.00548e-17
6745.49518 9.68875e-18
6747.00300 8.83639e-18
6748.50064 8.76528e-18
6749.99827 9.09078e-18
6751.49591 9.37647e-18
6753.00373 9.51246e-18
6754.50137 8.49715e-18
6755.99900 8.69533e-18
6757.49664 9.26721e-18
6759.00446 9.36881e-18
6760.50210 8.96501e-18
6761.99974 7.45620e-18
6763.49737 9.32299e-18
6764.99501 9.34014e-18
6766.50283 8.80291e-18
6768.00047 8.58555e-18
6769.49810 9.29300e-18
6770.99574 8.65229e-18
6772.50356 8.31576e-18
6774.00120 8.54199e-18
6775.49884 8.16591e-18
6776.99647 8.91825e-18
6778.50430 7.37047e-18
6780.00193 7.82953e-18
6781.49957 1.03344e-17
6782.99720 1.00923e-17
6784.50503 8.57067e-18
6786.00266 8.51458e-18
6787.50030 8.24308e-18
6788.99794 8.60578e-18
6790.49557 8.85788e-18
6792.00340 7.78590e-18
6793.50103 8.03655e-18
6794.99867 7.48648e-18
6796.49630 6.44994e-18
6798.00413 7.94293e-18
6799.50176 9.22332e-18
6800.99940 9.67316e-18
6802.49704 9.23154e-18
6804.00486 8.95483e-18
6805.50250 9.56225e-18
6807.00013 7.65556e-18
6808.49777 7.13435e-18
6809.99540 8.13187e-18
6811.50323 9.40496e-18
6813.00086 9.14357e-18
6814.49850 6.92439e-18
6815.99614 6.58169e-18
6817.50396 7.25819e-18
6819.00160 8.45724e-18
6820.49923 6.47725e-18
6821.99687 7.66009e-18
6823.50469 9.45141e-18
6825.00233 9.42593e-18
6826.49996 9.40044e-18
6827.99760 9.37494e-18
6829.49524 9.34946e-18
6831.00306 9.32397e-18
6832.50070 9.29849e-18
6833.99833 9.27300e-18
6835.49597 9.24752e-18
6837.00379 9.22204e-18
6838.50143 9.19656e-18
6839.99906 9.08692e-18
6841.49670 8.97728e-18
6843.00452 8.86762e-18
6844.50216 8.75799e-18
6845.99980 8.64838e-18
6847.49743 8.53873e-18
6848.99507 8.42912e-18
6850.50289 8.31952e-18
6852.00053 8.20989e-18
6853.49816 8.10030e-18
6854.99580 7.99071e-18
6856.50362 7.88113e-18
6858.00126 7.77152e-18
6859.49890 7.66196e-18
6860.99653 7.55239e-18
6862.50436 7.44280e-18
6864.00199 7.33325e-18
6865.49963 7.22370e-18
6866.99726 7.11413e-18
6868.49490 7.00459e-18
6870.00272 6.89506e-18
6871.50036 6.78550e-18
6872.99800 6.67598e-18
6874.49563 6.56647e-18
6876.00346 6.45693e-18
6877.50109 7.23970e-18
6878.99873 6.80934e-18
6880.49636 7.33911e-18
6882.00419 8.15915e-18
6883.50182 6.94386e-18
6884.99946 6.76768e-18
6886.49710 6.38399e-18
6888.00492 6.30460e-18
6889.50256 6.89555e-18
6891.00019 8.18488e-18
6892.49783 8.03066e-18
6893.99546 7.55532e-18
6895.50329 8.30762e-18
6897.00092 7.98782e-18
6898.49856 6.92571e-18
6899.99620 7.38688e-18
6901.50402 7.70582e-18
6903.00166 7.08151e-18
6904.49929 6.56039e-18
6905.99693 6.01535e-18
6907.50475 7.23437e-18
6909.00239 8.86111e-18
6910.50002 7.80393e-18
6911.99766 6.96658e-18
6913.49530 6.85579e-18
6915.00312 6.50638e-18
6916.50076 6.36581e-18
6917.99839 6.33262e-18
6919.49603 6.75430e-18
6921.00385 6.68079e-18
6922.50149 7.00590e-18
6923.99912 8.59382e-18
6925.49676 8.29713e-18
6927.00458 7.01523e-18
6928.50222 7.98703e-18
6929.99986 8.32680e-18
6931.49749 6.51607e-18
6932.99513 5.42536e-18
6934.50295 6.39783e-18
6936.00059 8.40793e-18
6937.49822 9.00230e-18
6938.99586 7.64442e-18
6940.50368 6.95081e-18
6942.00132 6.82477e-18
6943.49896 7.05734e-18
6944.99659 7.46073e-18
6946.50442 7.55269e-18
6948.00205 7.62719e-18
6949.49969 6.75926e-18
6950.99732 6.68213e-18
6952.49496 7.55900e-18
6954.00278 7.33356e-18
6955.50042 7.33046e-18
6956.99806 6.96289e-18
6958.49569 7.31574e-18
6960.00352 7.48519e-18
6961.50115 6.50857e-18
6962.99879 5.36719e-18
6964.49642 5.73445e-18
6966.00425 6.74389e-18
6967.50188 8.40019e-18
6968.99952 8.29825e-18
6970.49716 7.76119e-18
6972.00498 7.73330e-18
6973.50262 7.70586e-18
6975.00025 7.85011e-18
6976.49789 7.77481e-18
6977.99552 7.68972e-18
6979.50335 8.11845e-18
6981.00098 8.07324e-18
6982.49862 8.51415e-18
6983.99626 8.12687e-18
6985.50408 7.68317e-18
6987.00172 7.20107e-18
6988.49935 7.08877e-18
6989.99699 6.66093e-18
6991.50481 7.40906e-18
6993.00245 8.02021e-18
6994.50008 7.87239e-18
6995.99772 8.12204e-18
6997.49536 8.02306e-18
6999.00318 8.27144e-18
7000.50082 8.19186e-18
7001.99845 7.70153e-18
7003.49609 8.85739e-18
7005.00391 9.79786e-18
7006.50155 8.91885e-18
7007.99918 8.57329e-18
7009.49682 8.53017e-18
7011.00464 9.54738e-18
7012.50228 1.01208e-17
7013.99992 9.08548e-18
7015.49755 8.27889e-18
7016.99519 8.41038e-18
7018.50301 8.27429e-18
7020.00065 8.01990e-18
7021.49828 8.91320e-18
7022.99592 9.56613e-18
7024.50374 8.12722e-18
7026.00138 8.48544e-18
7027.49902 8.71176e-18
7028.99665 9.15135e-18
7030.50448 8.79170e-18
7032.00211 8.36236e-18
7033.49975 8.63653e-18
7034.99738 8.87217e-18
7036.49502 9.07622e-18
7038.00284 8.18583e-18
7039.50048 8.61360e-18
7040.99812 9.25692e-18
7042.49575 7.84619e-18
7044.00358 8.85760e-18
7045.50121 8.35657e-18
7046.99885 8.61666e-18
7048.49648 8.33018e-18
7050.00431 7.94960e-18
7051.50194 6.62384e-18
7052.99958 8.44462e-18
7054.49722 8.94828e-18
7055.99485 7.82739e-18
7057.50268 7.80944e-18
7059.00031 7.64279e-18
7060.49795 8.58580e-18
7061.99558 8.94858e-18
7063.50341 8.76783e-18
7065.00104 9.46156e-18
7066.49868 1.01205e-17
7067.99632 8.72757e-18
7069.50414 8.07668e-18
7071.00178 8.17492e-18
7072.49941 8.50072e-18
7073.99705 7.72562e-18
7075.50487 7.81427e-18
7077.00251 7.62879e-18
7078.50014 6.88476e-18
7079.99778 7.63477e-18
7081.49542 8.06074e-18
7083.00324 7.55721e-18
7084.50088 7.78718e-18
7085.99851 7.95625e-18
7087.49615 7.50223e-18
7089.00397 5.95648e-18
7090.50161 6.34923e-18
7091.99924 7.78964e-18
7093.49688 8.04720e-18
7095.00470 8.60761e-18
7096.50234 8.13572e-18
7097.99998 9.09230e-18
7099.49761 8.19604e-18
7100.99525 8.54874e-18
7102.50307 7.87267e-18
7104.00071 7.27283e-18
7105.49834 6.51692e-18
7106.99598 6.94373e-18
7108.50380 7.87197e-18
7110.00144 8.10720e-18
7111.49908 8.52353e-18
7112.99671 8.09492e-18
7114.50454 8.19819e-18
7116.00217 9.05836e-18
7117.49981 7.79438e-18
7118.99744 8.00459e-18
7120.49508 7.67675e-18
7122.00290 8.15563e-18
7123.50054 8.90705e-18
7124.99818 8.31680e-18
7126.49581 8.04169e-18
7128.00364 8.26321e-18
7129.50127 8.58175e-18
7130.99891 8.84587e-18
7132.49654 8.36696e-18
7134.00437 8.44346e-18
7135.50200 8.74002e-18
7136.99964 9.49107e-18
7138.49728 8.96933e-18
7139.99491 8.39927e-18
7141.50274 7.50999e-18
7143.00037 7.30740e-18
7144.49801 8.53034e-18
7145.99564 7.69060e-18
7147.50347 6.75327e-18
7149.00110 7.19243e-18
7150.49874 6.57494e-18
7151.99638 6.41785e-18
7153.50420 7.61579e-18
7155.00184 8.62682e-18
7156.49947 8.62218e-18
7157.99711 7.59483e-18
7159.50493 7.85374e-18
7161.00257 8.17047e-18
7162.50020 7.36274e-18
7163.99784 7.12570e-18
7165.49548 8.14419e-18
7167.00330 8.12205e-18
7168.50094 7.36625e-18
7169.99857 7.69895e-18
7171.49621 8.91336e-18
7173.00403 8.06449e-18
7174.50167 8.74652e-18
7175.99930 8.15062e-18
7177.49694 7.23853e-18
7179.00476 8.63553e-18
7180.50240 9.71026e-18
7182.00004 9.90741e-18
7183.49767 8.25737e-18
7184.99531 8.18453e-18
7186.50313 9.13226e-18
7188.00077 8.54630e-18
7189.49840 8.39354e-18
7190.99604 8.41926e-18
7192.50386 8.97089e-18
7194.00150 9.11046e-18
7195.49914 8.51362e-18
7196.99677 9.70473e-18
7198.50460 9.49082e-18
7200.00223 8.54757e-18
7201.49987 8.81961e-18
7202.99750 8.47056e-18
7204.49514 8.06700e-18
7206.00296 7.96598e-18
7207.50060 8.87313e-18
7208.99824 8.79187e-18
7210.49587 9.05366e-18
7212.00370 1.07566e-17
7213.50133 1.07579e-17
7214.99897 9.68999e-18
7216.49660 9.29146e-18
7218.00443 9.80800e-18
7219.50206 1.00362e-17
7220.99970 9.31155e-18
7222.49734 8.37422e-18
7223.99497 8.15938e-18
7225.50280 8.55447e-18
7227.00043 9.20608e-18
7228.49807 1.06240e-17
7229.99570 1.11764e-17
7231.50353 1.11633e-17
7233.00116 1.03626e-17
7234.49880 1.08683e-17
7235.99644 1.21767e-17
7237.50426 1.19453e-17
7239.00190 9.96285e-18
7240.49953 7.81588e-18
7241.99717 9.92866e-18
7243.49480 1.03959e-17
7245.00263 9.32022e-18
7246.50026 1.04445e-17
7247.99790 9.31117e-18
7249.49554 1.00872e-17
7251.00336 9.97028e-18
7252.50100 8.76740e-18
7253.99863 9.35244e-18
7255.49627 9.67389e-18
7257.00409 1.13482e-17
7258.50173 1.06406e-17
7259.99936 1.05962e-17
7261.49700 1.05675e-17
7263.00482 9.78537e-18
7264.50246 9.86284e-18
7266.00010 1.10865e-17
7267.49773 1.15395e-17
7268.99537 1.19738e-17
7270.50319 1.21221e-17
7272.00083 1.19981e-17
7273.49846 1.09826e-17
7274.99610 9.91513e-18
7276.50392 9.38189e-18
7278.00156 9.16992e-18
7279.49920 9.91477e-18
7280.99683 9.50940e-18
7282.50466 1.00056e-17
7284.00229 1.12316e-17
7285.49993 1.18895e-17
7286.99756 1.06956e-17
7288.49520 9.74148e-18
7290.00302 9.68860e-18
7291.50066 1.05156e-17
7292.99830 1.14121e-17
7294.49593 1.10009e-17
7296.00376 1.03884e-17
7297.50139 1.06131e-17
7298.99903 1.10030e-17
7300.49666 1.12230e-17
7302.00449 9.87400e-18
7303.50212 1.10525e-17
7304.99976 1.13849e-17
7306.49740 1.10317e-17
7307.99503 1.14597e-17
7309.50286 1.19049e-17
7311.00049 1.07064e-17
7312.49813 1.01723e-17
7313.99576 1.06125e-17
7315.50359 9.53957e-18
7317.00122 1.02375e-17
7318.49886 1.09243e-17
7319.99650 1.06491e-17
7321.50432 1.07372e-17
7323.00196 1.00642e-17
7324.49959 1.02138e-17
7325.99723 1.00845e-17
7327.49486 1.14488e-17
7329.00269 1.11277e-17
7330.50032 1.09339e-17
7331.99796 9.63233e-18
7333.49560 9.84609e-18
7335.00342 1.08625e-17
7336.50106 1.11289e-17
7337.99869 1.14016e-17
7339.49633 1.13139e-17
7341.00415 1.11156e-17
7342.50179 1.05438e-17
7343.99942 1.07782e-17
7345.49706 1.01451e-17
7347.00488 1.13599e-17
7348.50252 1.31101e-17
7350.00016 1.20357e-17
7351.49779 1.12078e-17
7352.99543 1.10903e-17
7354.50325 1.10089e-17
7356.00089 1.10875e-17
7357.49852 1.23327e-17
7358.99616 1.09433e-17
7360.50398 1.13685e-17
7362.00162 1.32567e-17
7363.49926 1.07503e-17
7364.99689 8.82794e-18
7366.50472 1.08577e-17
7368.00235 1.19171e-17
7369.49999 1.05885e-17
7370.99762 9.88032e-18
7372.49526 9.19953e-18
7374.00308 9.70628e-18
7375.50072 1.15306e-17
7376.99836 1.24948e-17
7378.49599 1.07328e-17
7380.00382 1.00502e-17
7381.50145 1.04185e-17
7382.99909 1.15135e-17
7384.49672 1.05237e-17
7386.00455 1.02811e-17
7387.50218 8.63467e-18
7388.99982 1.07940e-17
7390.49746 1.05349e-17
7391.99509 1.03081e-17
7393.50292 9.07415e-18
7395.00055 1.07096e-17
7396.49819 1.01174e-17
7397.99582 9.83486e-18
7399.50365 1.05032e-17
7401.00128 1.03206e-17
7402.49892 9.46270e-18
7403.99656 9.98523e-18
7405.50438 1.01308e-17
7407.00202 1.07539e-17
7408.49965 9.25434e-18
7409.99729 9.15773e-18
7411.49492 1.04076e-17
7413.00275 9.75683e-18
7414.50038 9.84995e-18
7415.99802 1.00934e-17
7417.49566 1.00748e-17
7419.00348 9.42246e-18
7420.50112 9.27645e-18
7421.99875 1.05794e-17
7423.49639 1.11831e-17
7425.00421 1.14567e-17
7426.50185 1.12285e-17
7427.99948 1.04970e-17
7429.49712 9.68445e-18
7431.00494 9.03939e-18
7432.50258 1.08542e-17
7434.00022 1.07683e-17
7435.49785 1.13443e-17
7436.99549 1.04276e-17
7438.50331 9.07256e-18
7440.00095 1.02312e-17
7441.49858 1.10423e-17
7442.99622 1.21774e-17
7444.50404 9.76309e-18
7446.00168 8.28646e-18
7447.49932 9.76575e-18
7448.99695 1.10595e-17
7450.50478 1.17248e-17
7452.00241 1.09159e-17
7453.50005 1.14548e-17
7454.99768 1.24635e-17
7456.49532 1.17565e-17
7458.00314 1.07961e-17
7459.50078 1.01309e-17
7460.99842 1.00240e-17
7462.49605 1.11471e-17
7464.00388 1.01572e-17
7465.50151 1.09721e-17
7466.99915 1.24199e-17
7468.49678 9.43619e-18
7470.00461 1.05627e-17
7471.50224 1.19441e-17
7472.99988 1.23414e-17
7474.49752 9.82930e-18
7475.99515 1.04558e-17
7477.50298 1.07718e-17
7479.00061 1.00943e-17
7480.49825 1.07680e-17
7481.99588 1.17215e-17
