      3430.28  1.45106e-17
      3433.21  9.87354e-18
      3436.14  1.15787e-17
      3439.07  1.40396e-17
      3442.00  1.63761e-17
      3444.93  1.47448e-17
      3447.86  1.27494e-17
      3450.79  1.45425e-17
      3453.72  1.43174e-17
      3456.65  1.42032e-17
      3459.58  1.42345e-17
      3462.51  1.42083e-17
      3465.44  1.49978e-17
      3468.37  1.47876e-17
      3471.30  1.42081e-17
      3474.23  1.53532e-17
      3477.16  1.51250e-17
      3480.09  1.36703e-17
      3483.02  1.29053e-17
      3485.95  1.38994e-17
      3488.88  1.46297e-17
      3491.81  1.47043e-17
      3494.74  1.35408e-17
      3497.67  1.28910e-17
      3500.60  1.41853e-17
      3503.53  1.50887e-17
      3506.46  1.54835e-17
      3509.39  1.42087e-17
      3512.32  1.31204e-17
      3515.25  1.40518e-17
      3518.17  1.50319e-17
      3521.10  1.57904e-17
      3524.03  1.61385e-17
      3526.96  1.53221e-17
      3529.89  1.47561e-17
      3532.82  1.46664e-17
      3535.75  1.41899e-17
      3538.68  1.39380e-17
      3541.61  1.36598e-17
      3544.54  1.26297e-17
      3547.47  1.33265e-17
      3550.40  1.54881e-17
      3553.33  1.52793e-17
      3556.26  1.44419e-17
      3559.19  1.36051e-17
      3562.12  1.34613e-17
      3565.05  1.34614e-17
      3567.98  1.29420e-17
      3570.91  1.35047e-17
      3573.84  1.40834e-17
      3576.77  1.42869e-17
      3579.70  1.42839e-17
      3582.63  1.36224e-17
      3585.56  1.37318e-17
      3588.49  1.44496e-17
      3591.42  1.46327e-17
      3594.35  1.47963e-17
      3597.28  1.48015e-17
      3600.21  1.47027e-17
      3603.14  1.48641e-17
      3606.07  1.50936e-17
      3609.00  1.55591e-17
      3611.93  1.57522e-17
      3614.86  1.59999e-17
      3617.79  1.55524e-17
      3620.71  1.47930e-17
      3623.64  1.43763e-17
      3626.57  1.53682e-17
      3629.50  1.57005e-17
      3632.43  1.57706e-17
      3635.36  1.59649e-17
      3638.29  1.57879e-17
      3641.22  1.51298e-17
      3644.15  1.48246e-17
      3647.08  1.55168e-17
      3650.01  1.51174e-17
      3652.94  1.49049e-17
      3655.87  1.52755e-17
      3658.80  1.55188e-17
      3661.73  1.61793e-17
      3664.66  1.67850e-17
      3667.59  1.58433e-17
      3670.52  1.54100e-17
      3673.45  1.62086e-17
      3676.38  1.66811e-17
      3679.31  1.64738e-17
      3682.24  1.58632e-17
      3685.17  1.64410e-17
      3688.10  1.69178e-17
      3691.03  1.68333e-17
      3693.96  1.62142e-17
      3696.89  1.62944e-17
      3699.82  1.68295e-17
      3702.75  1.71799e-17
      3705.68  1.65849e-17
      3708.61  1.66758e-17
      3711.54  1.67476e-17
      3714.47  1.68193e-17
      3717.40  1.68910e-17
      3720.33  1.69628e-17
      3723.26  1.70345e-17
      3726.18  1.71062e-17
      3729.11  1.71779e-17
      3732.04  1.72495e-17
      3734.97  1.73212e-17
      3737.90  1.73928e-17
      3740.83  1.74645e-17
      3743.76  1.75361e-17
      3746.69  1.76077e-17
      3749.62  1.76793e-17
      3752.55  1.72186e-17
      3755.48  1.72779e-17
      3758.41  1.70393e-17
      3761.34  1.68384e-17
      3764.27  1.66661e-17
      3767.20  1.70275e-17
      3770.13  1.72648e-17
      3773.06  1.73120e-17
      3775.99  1.70014e-17
      3778.92  1.64732e-17
      3781.85  1.67870e-17
      3784.78  1.77835e-17
      3787.71  1.74734e-17
      3790.64  1.66301e-17
      3793.57  1.65081e-17
      3796.50  1.69856e-17
      3799.43  1.77034e-17
      3802.36  1.76907e-17
      3805.29  1.71499e-17
      3808.22  1.68498e-17
      3811.15  1.77285e-17
      3814.08  1.76825e-17
      3817.01  1.73644e-17
      3819.94  1.79031e-17
      3822.87  1.81298e-17
      3825.80  1.80507e-17
      3828.73  1.86281e-17
      3831.65  1.82477e-17
      3834.58  1.75385e-17
      3837.51  1.74781e-17
      3840.44  1.81266e-17
      3843.37  1.81554e-17
      3846.30  1.86511e-17
      3849.23  1.92614e-17
      3852.16  1.89311e-17
      3855.09  1.84672e-17
      3858.02  1.86179e-17
      3860.95  1.88430e-17
      3863.88  1.86918e-17
      3866.81  1.86650e-17
      3869.74  1.88055e-17
      3872.67  1.92325e-17
      3875.60  1.91666e-17
      3878.53  1.93235e-17
      3881.46  1.99211e-17
      3884.39  1.97464e-17
      3887.32  1.94303e-17
      3890.25  1.99652e-17
      3893.18  1.98388e-17
      3896.11  1.91314e-17
      3899.04  1.90092e-17
      3901.97  1.91738e-17
      3904.90  1.99485e-17
      3907.83  1.98649e-17
      3910.76  1.98054e-17
      3913.69  2.00551e-17
      3916.62  2.01319e-17
      3919.55  2.00658e-17
      3922.48  2.02664e-17
      3925.41  2.04510e-17
      3928.34  2.02253e-17
      3931.27  1.96803e-17
      3934.20  1.94891e-17
      3937.12  1.92701e-17
      3940.05  1.94806e-17
      3942.98  2.03640e-17
      3945.91  2.04381e-17
      3948.84  2.01619e-17
      3951.77  2.01662e-17
      3954.70  1.99687e-17
      3957.63  2.02161e-17
      3960.56  2.02311e-17
      3963.49  2.01689e-17
      3966.42  2.02864e-17
      3969.35  1.99421e-17
      3972.28  1.99082e-17
      3975.21  1.98744e-17
      3978.14  1.98406e-17
      3981.07  1.98068e-17
      3984.00  1.97730e-17
      3986.93  1.97392e-17
      3989.86  1.97054e-17
      3992.79  1.96717e-17
      3995.72  1.96379e-17
      3998.65  2.01042e-17
      4001.58  2.05952e-17
      4004.51  2.05309e-17
      4007.44  2.02133e-17
      4010.37  1.99147e-17
      4013.30  1.99957e-17
      4016.23  2.03623e-17
      4019.16  2.07133e-17
      4022.09  2.05055e-17
      4025.02  2.06840e-17
      4027.95  2.06564e-17
      4030.88  2.04847e-17
      4033.81  2.04142e-17
      4036.74  2.03803e-17
      4039.66  2.01966e-17
      4042.59  2.03349e-17
      4045.52  2.05409e-17
      4048.45  2.04272e-17
      4051.38  2.06039e-17
      4054.31  2.09863e-17
      4057.24  2.09978e-17
      4060.17  2.05325e-17
      4063.10  1.99425e-17
      4066.03  1.99202e-17
      4068.96  2.01480e-17
      4071.89  2.02790e-17
      4074.82  2.00816e-17
      4077.75  2.00838e-17
      4080.68  2.00127e-17
      4083.61  1.96466e-17
      4086.54  1.96168e-17
      4089.47  1.99581e-17
      4092.40  2.00982e-17
      4095.33  1.96362e-17
      4098.26  1.93341e-17
      4101.19  1.98765e-17
      4104.12  2.01819e-17
      4107.05  1.99141e-17
      4109.98  1.95910e-17
      4112.91  1.94092e-17
      4115.84  1.93805e-17
      4118.77  1.96818e-17
      4121.70  1.99854e-17
      4124.63  1.99370e-17
      4127.56  1.96474e-17
      4130.49  1.94734e-17
      4133.42  1.97192e-17
      4136.35  1.98377e-17
      4139.28  1.96301e-17
      4142.21  1.96773e-17
      4145.14  1.93753e-17
      4148.06  1.93779e-17
      4150.99  1.97879e-17
      4153.92  2.00568e-17
      4156.85  1.96242e-17
      4159.78  1.94876e-17
      4162.71  2.00658e-17
      4165.64  2.01487e-17
      4168.57  2.00254e-17
      4171.50  2.00732e-17
      4174.43  2.00252e-17
      4177.36  2.00315e-17
      4180.29  2.02435e-17
      4183.22  2.01336e-17
      4186.15  1.99782e-17
      4189.08  1.98816e-17
      4192.01  1.99439e-17
      4194.94  1.99501e-17
      4197.87  2.01383e-17
      4200.80  2.01056e-17
      4203.73  2.01087e-17
      4206.66  2.00631e-17
      4209.59  2.02613e-17
      4212.52  2.05351e-17
      4215.45  2.01742e-17
      4218.38  1.96746e-17
      4221.31  1.99425e-17
      4224.24  2.04932e-17
      4227.17  2.04649e-17
      4230.10  2.02979e-17
      4233.03  2.02953e-17
      4235.96  2.01372e-17
      4238.89  2.00782e-17
      4241.82  2.01660e-17
      4244.75  2.00794e-17
      4247.68  2.02351e-17
      4250.60  2.05182e-17
      4253.53  2.02543e-17
      4256.46  1.99831e-17
      4259.39  2.00005e-17
      4262.32  1.99550e-17
      4265.25  2.01071e-17
      4268.18  1.99809e-17
      4271.11  2.00180e-17
      4274.04  1.99700e-17
      4276.97  1.97989e-17
      4279.90  1.97944e-17
      4282.83  2.00053e-17
      4285.76  2.00898e-17
      4288.69  2.01514e-17
      4291.62  2.02318e-17
      4294.55  1.99510e-17
      4297.48  1.97705e-17
      4300.41  1.98435e-17
      4303.34  1.98601e-17
      4306.27  1.99766e-17
      4309.20  1.99998e-17
      4312.13  1.98862e-17
      4315.06  1.98586e-17
      4317.99  1.97847e-17
      4320.92  1.97687e-17
      4323.85  1.98828e-17
      4326.78  1.99506e-17
      4329.71  1.99072e-17
      4332.64  1.95143e-17
      4335.57  1.93564e-17
      4338.50  1.96598e-17
      4341.43  1.95054e-17
      4344.36  1.94178e-17
      4347.29  1.94356e-17
      4350.22  1.94534e-17
      4353.15  1.94713e-17
      4356.08  1.94891e-17
      4359.00  1.95069e-17
      4361.93  1.95247e-17
      4364.86  1.95425e-17
      4367.79  1.95602e-17
      4370.72  1.95780e-17
      4373.65  1.95958e-17
      4376.58  1.96135e-17
      4379.51  1.96312e-17
      4382.44  1.96490e-17
      4385.37  1.94844e-17
      4388.30  1.92682e-17
      4391.23  1.93031e-17
      4394.16  1.96225e-17
      4397.09  1.98620e-17
      4400.02  1.99452e-17
      4402.95  1.98552e-17
      4405.88  1.96982e-17
      4408.81  1.97473e-17
      4411.74  1.99438e-17
      4414.67  1.99293e-17
      4417.60  1.99334e-17
      4420.53  1.98712e-17
      4423.46  1.97430e-17
      4426.39  1.97082e-17
      4429.32  1.97502e-17
      4432.25  1.97155e-17
      4435.18  1.96825e-17
      4438.11  1.99172e-17
      4441.04  2.03755e-17
      4443.97  2.03748e-17
      4446.90  2.00575e-17
      4449.83  1.99860e-17
      4452.76  2.02105e-17
      4455.69  2.04588e-17
      4458.62  2.04461e-17
      4461.54  2.04714e-17
      4464.47  2.04871e-17
      4467.40  2.04721e-17
      4470.33  2.06621e-17
      4473.26  2.07265e-17
      4476.19  2.07895e-17
      4479.12  2.07966e-17
      4482.05  2.08661e-17
      4484.98  2.08602e-17
      4487.91  2.09418e-17
      4490.84  2.10696e-17
      4493.77  2.08493e-17
      4496.70  2.04665e-17
      4499.63  2.07193e-17
      4502.56  2.09192e-17
      4505.49  2.07485e-17
      4508.42  2.06576e-17
      4511.35  2.06623e-17
      4514.28  2.08745e-17
      4517.21  2.10452e-17
      4520.14  2.08884e-17
      4523.07  2.07182e-17
      4526.00  2.08469e-17
      4528.93  2.06309e-17
      4531.86  2.05579e-17
      4534.79  2.08259e-17
      4537.72  2.07900e-17
      4540.65  2.06663e-17
      4543.58  2.04994e-17
      4546.51  2.04631e-17
      4549.44  2.03129e-17
      4552.37  2.03558e-17
      4555.30  2.04248e-17
      4558.23  2.04510e-17
      4561.16  2.04108e-17
      4564.08  2.01431e-17
      4567.02  1.99966e-17
      4569.94  1.99598e-17
      4572.87  1.99494e-17
      4575.80  1.97724e-17
      4578.73  1.96976e-17
      4581.66  1.97058e-17
      4584.59  2.01770e-17
      4587.52  2.02237e-17
      4590.45  2.00880e-17
      4593.38  1.98772e-17
      4596.31  1.97415e-17
      4599.24  1.97686e-17
      4602.17  1.97773e-17
      4605.10  1.98014e-17
      4608.03  1.99424e-17
      4610.96  1.99365e-17
      4613.89  1.97332e-17
      4616.82  1.96804e-17
      4619.75  1.97039e-17
      4622.68  1.96378e-17
      4625.61  1.94730e-17
      4628.54  1.94673e-17
      4631.47  1.95215e-17
      4634.40  1.94914e-17
      4637.33  1.95368e-17
      4640.26  1.95474e-17
      4643.19  1.94016e-17
      4646.12  1.91802e-17
      4649.05  1.91266e-17
      4651.98  1.93143e-17
      4654.91  1.94916e-17
      4657.84  1.94096e-17
      4660.77  1.91658e-17
      4663.70  1.89577e-17
      4666.63  1.90656e-17
      4669.56  1.91843e-17
      4672.48  1.92872e-17
      4675.41  1.93877e-17
      4678.34  1.94927e-17
      4681.27  1.94729e-17
      4684.20  1.93029e-17
      4687.13  1.91449e-17
      4690.06  1.91771e-17
      4692.99  1.93330e-17
      4695.92  1.93568e-17
      4698.85  1.93420e-17
      4701.78  1.95336e-17
      4704.71  1.95049e-17
      4707.64  1.95199e-17
      4710.57  1.94818e-17
      4713.50  1.92782e-17
      4716.43  1.94709e-17
      4719.36  1.95212e-17
      4722.29  1.92633e-17
      4725.22  1.94673e-17
      4728.15  1.95391e-17
      4731.08  1.91961e-17
      4734.01  1.93381e-17
      4736.94  1.95838e-17
      4739.87  1.93886e-17
      4742.80  1.95046e-17
      4745.73  1.97575e-17
      4748.66  1.95608e-17
      4751.59  1.95064e-17
      4754.52  1.96731e-17
      4757.45  1.95495e-17
      4760.38  1.95688e-17
      4763.31  1.96726e-17
      4766.24  1.95636e-17
      4769.17  1.94046e-17
      4772.10  1.93122e-17
      4775.02  1.94999e-17
      4777.95  1.98327e-17
      4780.88  1.98857e-17
      4783.81  1.99282e-17
      4786.74  1.98908e-17
      4789.67  1.96346e-17
      4792.60  1.95790e-17
      4795.53  1.98065e-17
      4798.46  1.98128e-17
      4801.39  1.98458e-17
      4804.32  2.00045e-17
      4807.25  1.99024e-17
      4810.18  1.97114e-17
      4813.11  1.96298e-17
      4816.04  1.98291e-17
      4818.97  1.99119e-17
      4821.90  1.99102e-17
      4824.83  2.01134e-17
      4827.76  2.01437e-17
      4830.69  2.02118e-17
      4833.62  2.02618e-17
      4836.55  2.01622e-17
      4839.48  2.01545e-17
      4842.41  2.04217e-17
      4845.34  2.04251e-17
      4848.27  2.04285e-17
      4851.20  2.04320e-17
      4854.13  2.04354e-17
      4857.06  2.04388e-17
      4859.99  2.04423e-17
      4862.92  2.04457e-17
      4865.85  2.04491e-17
      4868.78  2.04526e-17
      4871.71  2.04560e-17
      4874.64  2.04594e-17
      4877.57  2.04628e-17
      4880.50  2.04663e-17
      4883.42  2.03466e-17
      4886.35  2.04142e-17
      4889.28  2.05841e-17
      4892.21  2.05516e-17
      4895.14  2.06069e-17
      4898.07  2.08556e-17
      4901.00  2.07535e-17
      4903.93  2.08352e-17
      4906.86  2.09615e-17
      4909.79  2.10375e-17
      4912.72  2.10936e-17
      4915.65  2.09112e-17
      4918.58  2.08507e-17
      4921.51  2.09612e-17
      4924.44  2.13266e-17
      4927.37  2.14055e-17
      4930.30  2.12486e-17
      4933.23  2.12845e-17
      4936.16  2.13156e-17
      4939.09  2.13245e-17
      4942.02  2.13672e-17
      4944.95  2.14100e-17
      4947.88  2.14528e-17
      4950.81  2.14955e-17
      4953.74  2.15383e-17
      4956.67  2.15810e-17
      4959.60  2.16237e-17
      4962.53  2.16664e-17
      4965.46  2.17091e-17
      4968.39  2.17518e-17
      4971.32  2.17945e-17
      4974.25  2.18371e-17
      4977.18  2.18798e-17
      4980.11  2.15574e-17
      4983.04  2.17114e-17
      4985.96  2.20053e-17
      4988.89  2.20973e-17
      4991.82  2.21893e-17
      4994.75  2.22812e-17
      4997.68  2.23732e-17
      5000.61  2.24651e-17
      5003.54  2.25569e-17
      5006.47  2.26488e-17
      5009.40  2.27406e-17
      5012.33  2.28324e-17
      5015.26  2.29242e-17
      5018.19  2.30159e-17
      5021.12  2.31077e-17
      5024.05  2.31994e-17
      5026.98  2.32910e-17
      5029.91  2.32273e-17
      5032.84  2.30806e-17
      5035.77  2.29889e-17
      5038.70  2.31565e-17
      5041.63  2.34002e-17
      5044.56  2.35891e-17
      5047.49  2.36558e-17
      5050.42  2.37440e-17
      5053.35  2.37883e-17
      5056.28  2.36673e-17
      5059.21  2.36012e-17
      5062.14  2.39988e-17
      5065.07  2.40811e-17
      5068.00  2.40647e-17
      5070.93  2.40980e-17
      5073.86  2.43106e-17
      5076.79  2.43068e-17
      5079.72  2.42073e-17
      5082.65  2.42053e-17
      5085.58  2.42384e-17
      5088.51  2.45496e-17
      5091.44  2.46551e-17
      5094.36  2.45543e-17
      5097.29  2.45013e-17
      5100.22  2.45203e-17
      5103.15  2.44274e-17
      5106.08  2.44474e-17
      5109.01  2.45152e-17
      5111.94  2.43375e-17
      5114.87  2.44129e-17
      5117.80  2.43828e-17
      5120.73  2.43279e-17
      5123.66  2.44542e-17
      5126.59  2.46519e-17
      5129.52  2.45962e-17
      5132.45  2.45534e-17
      5135.38  2.46365e-17
      5138.31  2.47262e-17
      5141.24  2.46499e-17
      5144.17  2.46604e-17
      5147.10  2.50992e-17
      5150.03  2.50177e-17
      5152.96  2.46687e-17
      5155.89  2.44675e-17
      5158.82  2.45805e-17
      5161.75  2.47101e-17
      5164.68  2.49259e-17
      5167.61  2.48878e-17
      5170.54  2.49396e-17
      5173.47  2.50212e-17
      5176.40  2.50351e-17
      5179.33  2.49556e-17
      5182.26  2.47605e-17
      5185.19  2.47314e-17
      5188.12  2.48738e-17
      5191.04  2.48562e-17
      5193.97  2.48305e-17
      5196.90  2.48384e-17
      5199.83  2.47912e-17
      5202.76  2.48695e-17
      5205.69  2.47224e-17
      5208.62  2.44249e-17
      5211.55  2.42634e-17
      5214.48  2.43364e-17
      5217.41  2.42521e-17
      5220.34  2.44607e-17
      5223.27  2.44607e-17
      5226.20  2.43534e-17
      5229.13  2.41405e-17
      5232.06  2.41637e-17
      5234.99  2.42678e-17
      5237.92  2.40573e-17
      5240.85  2.38862e-17
      5243.78  2.38953e-17
      5246.71  2.38203e-17
      5249.64  2.38551e-17
      5252.57  2.37313e-17
      5255.50  2.37724e-17
      5258.43  2.36767e-17
      5261.36  2.35202e-17
      5264.29  2.34054e-17
      5267.22  2.33716e-17
      5270.15  2.34084e-17
      5273.08  2.32880e-17
      5276.01  2.31695e-17
      5278.94  2.31282e-17
      5281.87  2.31245e-17
      5284.80  2.32090e-17
      5287.73  2.32049e-17
      5290.66  2.30418e-17
      5293.58  2.29297e-17
      5296.52  2.28759e-17
      5299.44  2.28522e-17
      5302.37  2.27523e-17
      5305.30  2.25989e-17
      5308.23  2.25441e-17
      5311.16  2.24429e-17
      5314.09  2.23106e-17
      5317.02  2.22410e-17
      5319.95  2.22180e-17
      5322.88  2.20906e-17
      5325.81  2.20402e-17
      5328.74  2.21807e-17
      5331.67  2.21963e-17
      5334.60  2.21532e-17
      5337.53  2.20211e-17
      5340.46  2.18090e-17
      5343.39  2.18450e-17
      5346.32  2.19636e-17
      5349.25  2.18319e-17
      5352.18  2.14245e-17
      5355.11  2.12080e-17
      5358.04  2.13005e-17
      5360.97  2.14792e-17
      5363.90  2.14318e-17
      5366.83  2.12453e-17
      5369.76  2.11745e-17
      5372.69  2.11680e-17
      5375.62  2.12129e-17
      5378.55  2.10744e-17
      5381.48  2.08900e-17
      5384.41  2.08214e-17
      5387.34  2.06554e-17
      5390.27  2.05466e-17
      5393.20  2.06382e-17
      5396.13  2.06618e-17
      5399.06  2.04926e-17
      5401.98  2.03978e-17
      5404.91  2.02639e-17
      5407.84  2.00641e-17
      5410.77  2.00784e-17
      5413.70  2.01346e-17
      5416.63  2.00630e-17
      5419.56  1.99779e-17
      5422.49  1.99698e-17
      5425.42  2.00217e-17
      5428.35  1.99462e-17
      5431.28  1.97699e-17
      5434.21  1.96762e-17
      5437.14  1.95492e-17
      5440.07  1.95075e-17
      5443.00  1.95540e-17
      5445.93  1.95552e-17
      5448.86  1.95090e-17
      5451.79  1.93709e-17
      5454.72  1.91519e-17
      5457.65  1.90632e-17
      5460.58  1.90488e-17
      5463.51  1.89417e-17
      5466.44  1.90132e-17
      5469.37  1.91479e-17
      5472.30  1.90241e-17
      5475.23  1.89816e-17
      5478.16  1.90222e-17
      5481.09  1.89012e-17
      5484.02  1.88011e-17
      5486.95  1.87912e-17
      5489.88  1.86419e-17
      5492.81  1.85619e-17
      5495.74  1.85477e-17
      5498.67  1.84954e-17
      5501.60  1.84260e-17
      5504.52  1.85329e-17
      5507.45  1.85866e-17
      5510.38  1.84265e-17
      5513.31  1.83244e-17
      5516.24  1.83685e-17
      5519.17  1.83406e-17
      5522.10  1.81576e-17
      5525.03  1.80747e-17
      5527.96  1.81949e-17
      5530.89  1.82399e-17
      5533.82  1.80820e-17
      5536.75  1.78481e-17
      5539.68  1.76453e-17
      5542.61  1.75898e-17
      5545.54  1.76261e-17
      5548.47  1.77689e-17
      5551.40  1.78696e-17
      5554.33  1.78478e-17
      5557.26  1.78553e-17
      5560.19  1.78438e-17
      5563.12  1.77127e-17
      5566.05  1.76051e-17
      5568.98  1.75902e-17
      5571.91  1.75094e-17
      5574.84  1.75673e-17
      5577.77  1.75777e-17
      5580.70  1.74389e-17
      5583.63  1.73956e-17
      5586.56  1.73121e-17
      5589.49  1.71522e-17
      5592.42  1.72080e-17
      5595.35  1.72577e-17
      5598.28  1.70848e-17
      5601.21  1.70441e-17
      5604.14  1.70526e-17
      5607.07  1.70668e-17
      5610.00  1.71339e-17
      5612.92  1.71357e-17
      5615.85  1.70519e-17
      5618.78  1.69349e-17
      5621.71  1.68946e-17
      5624.64  1.67915e-17
      5627.57  1.67067e-17
      5630.50  1.66626e-17
      5633.43  1.66733e-17
      5636.36  1.67184e-17
      5639.29  1.66765e-17
      5642.22  1.66249e-17
      5645.15  1.67502e-17
      5648.08  1.67737e-17
      5651.01  1.66385e-17
      5653.94  1.66342e-17
      5656.87  1.66105e-17
      5659.80  1.66148e-17
      5662.73  1.66848e-17
      5665.66  1.66880e-17
      5668.59  1.66094e-17
      5671.52  1.64541e-17
      5674.45  1.63982e-17
      5677.38  1.65215e-17
      5680.31  1.64947e-17
      5683.24  1.63920e-17
      5686.17  1.63144e-17
      5689.10  1.62405e-17
      5692.03  1.62349e-17
      5694.96  1.62709e-17
      5697.89  1.61796e-17
      5700.82  1.61215e-17
      5703.75  1.61721e-17
      5706.68  1.61548e-17
      5709.61  1.59715e-17
      5712.54  1.57498e-17
      5715.46  1.58387e-17
      5718.39  1.59430e-17
      5721.32  1.57821e-17
      5724.25  1.56631e-17
      5727.18  1.55920e-17
      5730.11  1.55011e-17
      5733.04  1.54057e-17
      5735.97  1.53068e-17
      5738.90  1.53227e-17
      5741.83  1.52320e-17
      5744.76  1.51287e-17
      5747.69  1.50715e-17
      5750.62  1.51601e-17
      5753.55  1.51731e-17
      5756.48  1.51154e-17
      5759.41  1.50435e-17
      5762.34  1.50344e-17
      5765.27  1.50763e-17
      5768.20  1.50729e-17
      5771.13  1.50534e-17
      5774.06  1.50409e-17
      5776.99  1.50126e-17
      5779.92  1.49921e-17
      5782.85  1.49759e-17
      5785.78  1.48989e-17
      5788.71  1.48024e-17
      5791.64  1.47884e-17
      5794.57  1.47917e-17
      5797.50  1.47798e-17
      5800.43  1.47418e-17
      5803.36  1.47161e-17
      5806.29  1.46666e-17
      5809.22  1.45229e-17
      5812.15  1.44623e-17
      5815.08  1.45509e-17
      5818.01  1.45320e-17
      5820.94  1.44326e-17
      5823.86  1.44206e-17
      5826.79  1.42966e-17
      5829.72  1.41701e-17
      5832.65  1.41220e-17
      5835.58  1.40045e-17
      5838.51  1.38988e-17
      5841.44  1.39158e-17
      5844.37  1.38221e-17
      5847.30  1.37479e-17
      5850.23  1.36816e-17
      5853.16  1.37643e-17
      5856.09  1.39784e-17
      5859.02  1.40969e-17
      5861.95  1.39939e-17
      5864.88  1.39944e-17
      5867.81  1.41703e-17
      5870.74  1.42971e-17
      5873.67  1.42745e-17
      5876.60  1.42577e-17
      5879.53  1.43029e-17
      5882.46  1.42714e-17
      5885.39  1.41584e-17
      5888.32  1.40843e-17
      5891.25  1.39822e-17
      5894.18  1.39513e-17
      5897.11  1.40965e-17
      5900.04  1.41379e-17
      5902.97  1.40510e-17
      5905.90  1.40580e-17
      5908.83  1.40777e-17
      5911.76  1.40162e-17
      5914.69  1.39937e-17
      5917.62  1.39090e-17
      5920.55  1.38447e-17
      5923.48  1.39537e-17
      5926.40  1.40412e-17
      5929.33  1.39855e-17
      5932.26  1.40178e-17
      5935.19  1.40827e-17
      5938.12  1.40861e-17
      5941.05  1.40845e-17
      5943.98  1.40311e-17
      5946.91  1.40149e-17
      5949.84  1.40172e-17
      5952.77  1.40326e-17
      5955.70  1.41213e-17
      5958.63  1.42293e-17
      5961.56  1.42356e-17
      5964.49  1.42083e-17
      5967.42  1.41643e-17
      5970.35  1.41067e-17
      5973.28  1.41152e-17
      5976.21  1.41021e-17
      5979.14  1.40380e-17
      5982.07  1.40233e-17
      5985.00  1.40217e-17
      5987.93  1.41082e-17
      5990.86  1.41910e-17
      5993.79  1.41891e-17
      5996.72  1.41509e-17
      5999.65  1.41596e-17
      6002.58  1.41280e-17
      6005.51  1.41754e-17
      6008.44  1.42726e-17
      6011.37  1.42304e-17
      6014.30  1.41706e-17
      6017.23  1.41780e-17
      6020.16  1.41101e-17
      6023.09  1.40745e-17
      6026.02  1.41239e-17
      6028.95  1.41076e-17
      6031.88  1.40360e-17
      6034.80  1.40591e-17
      6037.73  1.41005e-17
      6040.66  1.40404e-17
      6043.59  1.39918e-17
      6046.52  1.40489e-17
      6049.45  1.41581e-17
      6052.38  1.42557e-17
      6055.31  1.42604e-17
      6058.24  1.41455e-17
      6061.17  1.41835e-17
      6064.10  1.42086e-17
      6067.03  1.41445e-17
      6069.96  1.42423e-17
      6072.89  1.43053e-17
      6075.82  1.43452e-17
      6078.75  1.44036e-17
      6081.68  1.43657e-17
      6084.61  1.43746e-17
      6087.54  1.45510e-17
      6090.47  1.46048e-17
      6093.40  1.44966e-17
      6096.33  1.44598e-17
      6099.26  1.45446e-17
      6102.19  1.46430e-17
      6105.12  1.46604e-17
      6108.05  1.46337e-17
      6110.98  1.46056e-17
      6113.91  1.45999e-17
      6116.84  1.45902e-17
      6119.77  1.45377e-17
      6122.70  1.45631e-17
      6125.63  1.46459e-17
      6128.56  1.47436e-17
      6131.49  1.48737e-17
      6134.42  1.48992e-17
      6137.34  1.47336e-17
      6140.27  1.47469e-17
      6143.20  1.47872e-17
      6146.13  1.47642e-17
      6149.06  1.48175e-17
      6151.99  1.49051e-17
      6154.92  1.49120e-17
      6157.85  1.48074e-17
      6160.78  1.47461e-17
      6163.71  1.47449e-17
      6166.64  1.47036e-17
      6169.57  1.47298e-17
      6172.50  1.47402e-17
      6175.43  1.47320e-17
      6178.36  1.47438e-17
      6181.29  1.47173e-17
      6184.22  1.48117e-17
      6187.15  1.48717e-17
      6190.08  1.47976e-17
      6193.01  1.47398e-17
      6195.94  1.47512e-17
      6198.87  1.48853e-17
      6201.80  1.49743e-17
      6204.73  1.48756e-17
      6207.66  1.48642e-17
      6210.59  1.49355e-17
      6213.52  1.50359e-17
      6216.45  1.49884e-17
      6219.38  1.48383e-17
      6222.31  1.46801e-17
      6225.24  1.45287e-17
      6228.17  1.44684e-17
      6231.10  1.45287e-17
      6234.03  1.45805e-17
      6236.96  1.46202e-17
      6239.89  1.47308e-17
      6242.81  1.47476e-17
      6245.74  1.46636e-17
      6248.67  1.47960e-17
      6251.60  1.49412e-17
      6254.53  1.48230e-17
      6257.46  1.47486e-17
      6260.39  1.48078e-17
      6263.32  1.48279e-17
      6266.25  1.48555e-17
      6269.18  1.49262e-17
      6272.11  1.49505e-17
      6275.04  1.49167e-17
      6277.97  1.48346e-17
      6280.90  1.48139e-17
      6283.83  1.49106e-17
      6286.76  1.49397e-17
      6289.69  1.47897e-17
      6292.62  1.47239e-17
      6295.55  1.46633e-17
      6298.48  1.46240e-17
      6301.41  1.47357e-17
      6304.34  1.46766e-17
      6307.27  1.45639e-17
      6310.20  1.45921e-17
      6313.13  1.45874e-17
      6316.06  1.45774e-17
      6318.99  1.45796e-17
      6321.92  1.45957e-17
      6324.85  1.46123e-17
      6327.78  1.47421e-17
      6330.71  1.47199e-17
      6333.64  1.46242e-17
      6336.57  1.45478e-17
      6339.50  1.44812e-17
      6342.43  1.44170e-17
      6345.35  1.44678e-17
      6348.28  1.45269e-17
      6351.21  1.45308e-17
      6354.14  1.45332e-17
      6357.07  1.44815e-17
      6360.00  1.44070e-17
      6362.93  1.43143e-17
      6365.86  1.41534e-17
      6368.79  1.41971e-17
      6371.72  1.43050e-17
      6374.65  1.43735e-17
      6377.58  1.43097e-17
      6380.51  1.41808e-17
      6383.44  1.41802e-17
      6386.37  1.42363e-17
      6389.30  1.43021e-17
      6392.23  1.42934e-17
      6395.16  1.41224e-17
      6398.09  1.40270e-17
      6401.02  1.40864e-17
      6403.95  1.40919e-17
      6406.88  1.40103e-17
      6409.81  1.40364e-17
      6412.74  1.40728e-17
      6415.67  1.39285e-17
      6418.60  1.38011e-17
      6421.53  1.38053e-17
      6424.46  1.37945e-17
      6427.39  1.37531e-17
      6430.32  1.37747e-17
      6433.25  1.38286e-17
      6436.18  1.38332e-17
      6439.11  1.38311e-17
      6442.04  1.37678e-17
      6444.97  1.37741e-17
      6447.90  1.38529e-17
      6450.82  1.39012e-17
      6453.75  1.39088e-17
      6456.68  1.37873e-17
      6459.61  1.36619e-17
      6462.54  1.36513e-17
      6465.47  1.36869e-17
      6468.40  1.37991e-17
      6471.33  1.38315e-17
      6474.26  1.36848e-17
      6477.19  1.35628e-17
      6480.12  1.35250e-17
      6483.05  1.35335e-17
      6485.98  1.35356e-17
      6488.91  1.34896e-17
      6491.84  1.34402e-17
      6494.77  1.33992e-17
      6497.70  1.33766e-17
      6500.63  1.33500e-17
      6503.56  1.32509e-17
      6506.49  1.31572e-17
      6509.42  1.31800e-17
      6512.35  1.31715e-17
      6515.28  1.30840e-17
      6518.21  1.30186e-17
      6521.14  1.30057e-17
      6524.07  1.29949e-17
      6527.00  1.29603e-17
      6529.93  1.29578e-17
      6532.86  1.29273e-17
      6535.79  1.28967e-17
      6538.72  1.28662e-17
      6541.65  1.28357e-17
      6544.58  1.28052e-17
      6547.51  1.27747e-17
      6550.44  1.27442e-17
      6553.37  1.27137e-17
      6556.29  1.26832e-17
      6559.22  1.26528e-17
      6562.15  1.26223e-17
      6565.08  1.25918e-17
      6568.01  1.25613e-17
      6570.94  1.25309e-17
      6573.87  1.25004e-17
      6576.80  1.24700e-17
      6579.73  1.24395e-17
      6582.66  1.24091e-17
      6585.59  1.23786e-17
      6588.52  1.23482e-17
      6591.45  1.23177e-17
      6594.38  1.22873e-17
      6597.31  1.22429e-17
      6600.24  1.22356e-17
      6603.17  1.21357e-17
      6606.10  1.20798e-17
      6609.03  1.21477e-17
      6611.96  1.21956e-17
      6614.89  1.21456e-17
      6617.82  1.21114e-17
      6620.75  1.20967e-17
      6623.68  1.20460e-17
      6626.61  1.19761e-17
      6629.54  1.19176e-17
      6632.47  1.19780e-17
      6635.40  1.19942e-17
      6638.33  1.19121e-17
      6641.26  1.18056e-17
      6644.19  1.17147e-17
      6647.12  1.16354e-17
      6650.05  1.15928e-17
      6652.98  1.15720e-17
      6655.91  1.16328e-17
      6658.83  1.17046e-17
      6661.76  1.16462e-17
      6664.69  1.15219e-17
      6667.62  1.14717e-17
      6670.55  1.14890e-17
      6673.48  1.14872e-17
      6676.41  1.14601e-17
      6679.34  1.14437e-17
      6682.27  1.14643e-17
      6685.20  1.14411e-17
      6688.13  1.14260e-17
      6691.06  1.14067e-17
      6693.99  1.13474e-17
      6696.92  1.12974e-17
      6699.85  1.12561e-17
      6702.78  1.12322e-17
      6705.71  1.12031e-17
      6708.64  1.11166e-17
      6711.57  1.10637e-17
      6714.50  1.10773e-17
      6717.43  1.10774e-17
      6720.36  1.10739e-17
      6723.29  1.11182e-17
      6726.22  1.11998e-17
      6729.15  1.11771e-17
      6732.08  1.10933e-17
      6735.01  1.09729e-17
      6737.94  1.08279e-17
      6740.87  1.07332e-17
      6743.80  1.07423e-17
      6746.73  1.07982e-17
      6749.66  1.08052e-17
      6752.59  1.08109e-17
      6755.52  1.07181e-17
      6758.45  1.05699e-17
      6761.38  1.04553e-17
      6764.31  1.03433e-17
      6767.23  1.03878e-17
      6770.16  1.04345e-17
      6773.09  1.03651e-17
      6776.02  1.03752e-17
      6778.95  1.05026e-17
      6781.88  1.03612e-17
      6784.81  1.02332e-17
      6787.74  1.01950e-17
      6790.67  1.01568e-17
      6793.60  1.01187e-17
      6796.53  1.00805e-17
      6799.46  1.00424e-17
      6802.39  1.00042e-17
      6805.32  9.96610e-18
      6808.25  9.92797e-18
      6811.18  9.88984e-18
      6814.11  9.85172e-18
      6817.04  9.81360e-18
      6819.97  9.77548e-18
      6822.90  9.73738e-18
      6825.83  9.69927e-18
      6828.76  9.66117e-18
      6831.69  9.62308e-18
      6834.62  9.58499e-18
      6837.55  9.54690e-18
      6840.48  9.50882e-18
      6843.41  9.47074e-18
      6846.34  9.43267e-18
      6849.27  9.39461e-18
      6852.20  9.35655e-18
      6855.13  9.31849e-18
      6858.06  9.28044e-18
      6860.99  9.24240e-18
      6863.92  9.20435e-18
      6866.85  9.16632e-18
      6869.77  9.12829e-18
      6872.70  9.09026e-18
      6875.63  9.05224e-18
      6878.56  9.01422e-18
      6881.49  9.02441e-18
      6884.42  8.97825e-18
      6887.35  8.91248e-18
      6890.28  8.92009e-18
      6893.21  8.86180e-18
      6896.14  8.70678e-18
      6899.07  8.61125e-18
      6902.00  8.57774e-18
      6904.93  8.56760e-18
      6907.86  8.52638e-18
      6910.79  8.60617e-18
      6913.72  8.68605e-18
      6916.65  8.67404e-18
      6919.58  8.67180e-18
      6922.51  8.58546e-18
      6925.44  8.37645e-18
      6928.37  8.23227e-18
      6931.30  8.14067e-18
      6934.23  8.02906e-18
      6937.16  8.00731e-18
      6940.09  8.07806e-18
      6943.02  8.07769e-18
      6945.95  8.06706e-18
      6948.88  8.00571e-18
      6951.81  7.86638e-18
      6954.74  7.71942e-18
      6957.67  7.67251e-18
      6960.60  7.69304e-18
      6963.53  7.73874e-18
      6966.46  7.77863e-18
      6969.39  7.70643e-18
      6972.32  7.59994e-18
      6975.25  7.57523e-18
      6978.17  7.53690e-18
      6981.10  7.48844e-18
      6984.03  7.46750e-18
      6986.96  7.44072e-18
      6989.89  7.44216e-18
      6992.82  7.45611e-18
      6995.75  7.50105e-18
      6998.68  7.55060e-18
      7001.61  7.53876e-18
      7004.54  7.43164e-18
      7007.47  7.32505e-18
      7010.40  7.31829e-18
      7013.33  7.32395e-18
      7016.26  7.30855e-18
      7019.19  7.29542e-18
      7022.12  7.28677e-18
      7025.05  7.29411e-18
      7027.98  7.33165e-18
      7030.91  7.37151e-18
      7033.84  7.34087e-18
      7036.77  7.30787e-18
      7039.70  7.25085e-18
      7042.63  7.12583e-18
      7045.56  7.01020e-18
      7048.49  7.00421e-18
      7051.42  6.98503e-18
      7054.35  6.92497e-18
      7057.28  6.91308e-18
      7060.21  6.93786e-18
      7063.14  6.97116e-18
      7066.07  6.94866e-18
      7069.00  6.87833e-18
      7071.93  6.81212e-18
      7074.86  6.70848e-18
      7077.79  6.61045e-18
      7080.71  6.49649e-18
      7083.64  6.40561e-18
      7086.57  6.38303e-18
      7089.50  6.43237e-18
      7092.43  6.43344e-18
      7095.36  6.40881e-18
      7098.29  6.42189e-18
      7101.22  6.41886e-18
      7104.15  6.37346e-18
      7107.08  6.34618e-18
      7110.01  6.34027e-18
      7112.94  6.25730e-18
      7115.87  6.12259e-18
      7118.80  6.04349e-18
      7121.73  6.12181e-18
      7124.66  6.17660e-18
      7127.59  6.09166e-18
      7130.52  6.03778e-18
      7133.45  6.02510e-18
      7136.38  6.01414e-18
      7139.31  5.97594e-18
      7142.24  5.91016e-18
      7145.17  5.82265e-18
      7148.10  5.75480e-18
      7151.03  5.77315e-18
      7153.96  5.86312e-18
      7156.89  5.95720e-18
      7159.82  6.00050e-18
      7162.75  5.96268e-18
      7165.68  5.86972e-18
      7168.61  5.83531e-18
      7171.54  5.78809e-18
      7174.47  5.76491e-18
      7177.40  5.72870e-18
      7180.33  5.68555e-18
      7183.26  5.73816e-18
      7186.19  5.76795e-18
      7189.11  5.70205e-18
      7192.04  5.64802e-18
      7194.97  5.69678e-18
      7197.90  5.78940e-18
      7200.83  5.80598e-18
      7203.76  5.71575e-18
      7206.69  5.67245e-18
      7209.62  5.75872e-18
      7212.55  5.86501e-18
      7215.48  5.80560e-18
      7218.41  5.69129e-18
      7221.34  5.66631e-18
      7224.27  5.63647e-18
      7227.20  5.59385e-18
      7230.13  5.60271e-18
      7233.06  5.54359e-18
      7235.99  5.48240e-18
      7238.92  5.46374e-18
      7241.85  5.47087e-18
      7244.78  5.48911e-18
      7247.71  5.47296e-18
      7250.64  5.49792e-18
      7253.57  5.55358e-18
      7256.50  5.56038e-18
      7259.43  5.46486e-18
      7262.36  5.39018e-18
      7265.29  5.44966e-18
      7268.22  5.54430e-18
      7271.15  5.52839e-18
      7274.08  5.47833e-18
      7277.01  5.52498e-18
      7279.94  5.56736e-18
      7282.87  5.52456e-18
      7285.80  5.51288e-18
      7288.73  5.51120e-18
      7291.65  5.48524e-18
      7294.58  5.49313e-18
      7297.51  5.49781e-18
      7300.44  5.41853e-18
      7303.37  5.32903e-18
      7306.30  5.32902e-18
      7309.23  5.39967e-18
      7312.16  5.51736e-18
      7315.09  5.60322e-18
      7318.02  5.58946e-18
      7320.95  5.58601e-18
      7323.88  5.60578e-18
      7326.81  5.61064e-18
      7329.74  5.56841e-18
      7332.67  5.44490e-18
      7335.60  5.34740e-18
      7338.53  5.32786e-18
      7341.46  5.34197e-18
      7344.39  5.38164e-18
      7347.32  5.44927e-18
      7350.25  5.50260e-18
      7353.18  5.51631e-18
      7356.11  5.52898e-18
      7359.04  5.54616e-18
      7361.97  5.51444e-18
      7364.90  5.41255e-18
      7367.83  5.30748e-18
      7370.76  5.32912e-18
      7373.69  5.38722e-18
      7376.62  5.36889e-18
      7379.55  5.36098e-18
      7382.48  5.39213e-18
      7385.41  5.45176e-18
      7388.34  5.52897e-18
      7391.27  5.51826e-18
      7394.19  5.44974e-18
      7397.12  5.41063e-18
      7400.05  5.32087e-18
      7402.98  5.24087e-18
      7405.91  5.20468e-18
      7408.84  5.21329e-18
      7411.77  5.28860e-18
      7414.70  5.35220e-18
      7417.63  5.44288e-18
      7420.56  5.51705e-18
      7423.49  5.51759e-18
      7426.42  5.47651e-18
      7429.35  5.38848e-18
      7432.28  5.30539e-18
      7435.21  5.26087e-18
      7438.14  5.17061e-18
      7441.07  5.07972e-18
      7444.00  5.13115e-18
      7446.93  5.28446e-18
      7449.86  5.38848e-18
      7452.79  5.40797e-18
      7455.72  5.41757e-18
      7458.65  5.49216e-18
      7461.58  5.51916e-18
      7464.51  5.44587e-18
      7467.44  5.35183e-18
      7470.37  5.27748e-18
      7473.30  5.23484e-18
      7476.23  5.20828e-18
      7479.16  5.23011e-18
      7482.09  5.32778e-18
      7485.02  5.36537e-18
      7487.95  5.36413e-18
      7490.88  5.36288e-18
      7493.81  5.36163e-18
      7496.74  5.36038e-18
      7499.67  5.35914e-18
      7502.59  5.35789e-18
      7505.52  5.35664e-18
      7508.45  5.35540e-18
      7511.38  5.35415e-18
      7514.31  5.35290e-18
      7517.24  5.35165e-18
      7520.17  5.35041e-18
      7523.10  5.34916e-18
      7526.03  5.34791e-18
      7528.96  5.34667e-18
      7531.89  5.34542e-18
      7534.82  5.34417e-18
      7537.75  5.34293e-18
      7540.68  5.34168e-18
      7543.61  5.34043e-18
      7546.54  5.33918e-18
      7549.47  5.33794e-18
      7552.40  5.33669e-18
      7555.33  5.33544e-18
      7558.26  5.33420e-18
      7561.19  5.33295e-18
      7564.12  5.33170e-18
      7567.05  5.33046e-18
      7569.98  5.32921e-18
      7572.91  5.32796e-18
      7575.84  5.32672e-18
      7578.77  5.32547e-18
      7581.70  5.32422e-18
      7584.63  5.32298e-18
      7587.56  5.32173e-18
      7590.49  5.32049e-18
      7593.42  5.31924e-18
      7596.35  5.31799e-18
      7599.28  5.31675e-18
      7602.21  5.31550e-18
      7605.13  5.31425e-18
      7608.06  5.31301e-18
      7610.99  5.31176e-18
      7613.92  5.31052e-18
      7616.85  5.30927e-18
      7619.78  5.36680e-18
      7622.71  5.52411e-18
      7625.64  5.57292e-18
      7628.57  5.51484e-18
      7631.50  5.48198e-18
      7634.43  5.49156e-18
      7637.36  5.46405e-18
      7640.29  5.46284e-18
      7643.22  5.54342e-18
      7646.15  5.64791e-18
      7649.08  5.68684e-18
      7652.01  5.63864e-18
      7654.94  5.55546e-18
      7657.87  5.51059e-18
      7660.80  5.58407e-18
      7663.73  5.71808e-18
      7666.66  5.75679e-18
      7669.59  5.73944e-18
      7672.52  5.79768e-18
      7675.45  5.75867e-18
      7678.38  5.59636e-18
      7681.31  5.51670e-18
      7684.24  5.59609e-18
      7687.17  5.67249e-18
      7690.10  5.69507e-18
      7693.03  5.71435e-18
      7695.96  5.76074e-18
      7698.89  5.84481e-18
      7701.82  5.85347e-18
      7704.75  5.82423e-18
      7707.68  5.85118e-18
      7710.60  5.78607e-18
      7713.53  5.61732e-18
      7716.46  5.58114e-18
      7719.39  5.53323e-18
      7722.32  5.48524e-18
      7725.25  5.67077e-18
      7728.18  5.90595e-18
      7731.11  5.99946e-18
      7734.04  6.03007e-18
      7736.97  5.97879e-18
      7739.90  5.93984e-18
      7742.83  5.99011e-18
      7745.76  5.89589e-18
      7748.69  5.71849e-18
      7751.62  5.66965e-18
      7754.55  5.69197e-18
      7757.48  5.76429e-18
      7760.41  5.84157e-18
      7763.34  5.83374e-18
      7766.27  5.84779e-18
      7769.20  5.93719e-18
      7772.13  6.00267e-18
      7775.06  6.02317e-18
      7777.99  6.00168e-18
      7780.92  5.89441e-18
      7783.85  5.77210e-18
      7786.78  5.76693e-18
      7789.71  5.76306e-18
      7792.64  5.72017e-18
      7795.57  5.69421e-18
      7798.50  5.76294e-18
      7801.43  6.02201e-18
      7804.36  6.25326e-18
      7807.29  6.27168e-18
      7810.22  6.21738e-18
      7813.15  6.09358e-18
      7816.07  5.89500e-18
      7819.00  5.78333e-18
      7821.93  5.79309e-18
      7824.86  5.78223e-18
      7827.79  5.74757e-18
      7830.72  5.77229e-18
      7833.65  5.90814e-18
      7836.58  6.07075e-18
      7839.51  6.17504e-18
      7842.44  6.34796e-18
      7845.37  6.56531e-18
      7848.30  6.58134e-18
      7851.23  6.36810e-18
      7854.16  6.09170e-18
      7857.09  5.87928e-18
      7860.02  5.82046e-18
      7862.95  5.89546e-18
      7865.88  6.02801e-18
      7868.81  6.19288e-18
      7871.74  6.40143e-18
      7874.67  6.63272e-18
      7877.60  6.78830e-18
      7880.53  6.83705e-18
      7883.46  6.79097e-18
      7886.39  6.65778e-18
      7889.32  6.38937e-18
      7892.25  6.17241e-18
      7895.18  6.10357e-18
      7898.11  6.12028e-18
      7901.04  6.24034e-18
      7903.97  6.35203e-18
      7906.90  6.50467e-18
      7909.83  6.74289e-18
      7912.76  6.89685e-18
      7915.69  6.90140e-18
      7918.62  6.80362e-18
      7921.54  6.67328e-18
      7924.47  6.62010e-18
      7927.40  6.59962e-18
      7930.33  6.42920e-18
      7933.26  6.21314e-18
      7936.19  6.17088e-18
      7939.12  6.33196e-18
      7942.05  6.60436e-18
      7944.98  6.89010e-18
      7947.91  7.08539e-18
      7950.84  7.14533e-18
      7953.77  7.09021e-18
      7956.70  6.97683e-18
      7959.63  6.88578e-18
      7962.56  6.82817e-18
      7965.49  6.70169e-18
      7968.42  6.49890e-18
      7971.35  6.49048e-18
      7974.28  6.68310e-18
      7977.21  6.78559e-18
      7980.14  6.86777e-18
      7983.07  7.04414e-18
      7986.00  7.21876e-18
      7988.93  7.32873e-18
      7991.86  7.35183e-18
      7994.79  7.32795e-18
      7997.72  7.25778e-18
      8000.65  7.08212e-18
      8003.58  6.94148e-18
      8006.51  6.87758e-18
      8009.44  6.87530e-18
      8012.37  6.93997e-18
      8015.30  6.91184e-18
      8018.23  6.86072e-18
      8021.16  6.97312e-18
      8024.08  7.18745e-18
      8027.01  7.35341e-18
      8029.94  7.43306e-18
      8032.87  7.47000e-18
      8035.80  7.50366e-18
      8038.73  7.47213e-18
      8041.66  7.24722e-18
      8044.59  6.94331e-18
      8047.52  6.68909e-18
      8050.45  6.51830e-18
      8053.38  6.54270e-18
      8056.31  6.69048e-18
      8059.24  6.80603e-18
      8062.17  6.89419e-18
      8065.10  7.08133e-18
      8068.03  7.28700e-18
      8070.96  7.30942e-18
      8073.89  7.21585e-18
      8076.82  7.06789e-18
      8079.75  6.84194e-18
      8082.68  6.61349e-18
      8085.61  6.36367e-18
      8088.54  6.10681e-18
      8091.47  5.96552e-18
      8094.40  6.00230e-18
      8097.33  6.16222e-18
      8100.26  6.39712e-18
      8103.19  6.76089e-18
      8106.12  7.04440e-18
      8109.05  7.03947e-18
      8111.98  6.94064e-18
      8114.91  6.90123e-18
      8117.84  6.91077e-18
      8120.77  6.84099e-18
      8123.70  6.75026e-18
      8126.62  6.66246e-18
      8129.56  6.60248e-18
      8132.48  6.66959e-18
      8135.41  6.89448e-18
      8138.34  7.15814e-18
      8141.27  7.28494e-18
      8144.20  7.34305e-18
      8147.13  7.45139e-18
      8150.06  7.50306e-18
      8152.99  7.44514e-18
      8155.92  7.17290e-18
      8158.85  6.68091e-18
      8161.78  6.36840e-18
      8164.71  6.44508e-18
      8167.64  6.70380e-18
      8170.57  6.91271e-18
      8173.50  6.99074e-18
      8176.43  7.00401e-18
      8179.36  7.08060e-18
      8182.29  7.13081e-18
      8185.22  7.12221e-18
      8188.15  7.20574e-18
      8191.08  7.17817e-18
      8194.01  6.99659e-18
      8196.94  7.01566e-18
      8199.87  7.15630e-18
      8202.80  7.36472e-18
      8205.73  7.53936e-18
      8208.66  7.44037e-18
      8211.59  7.28310e-18
      8214.52  7.22702e-18
      8217.45  7.06666e-18
      8220.38  6.85566e-18
      8223.31  6.80225e-18
      8226.24  6.97121e-18
      8229.17  7.16840e-18
      8232.10  7.25503e-18
      8235.03  7.47692e-18
      8237.96  7.86153e-18
      8240.88  8.12785e-18
      8243.81  8.09717e-18
      8246.74  7.85225e-18
      8249.67  7.60492e-18
      8252.60  7.42465e-18
      8255.53  7.27888e-18
      8258.46  7.21369e-18
      8261.39  7.27582e-18
      8264.32  7.11221e-18
      8267.25  6.96883e-18
      8270.18  7.25067e-18
      8273.11  7.66699e-18
      8276.04  7.97241e-18
      8278.97  8.19138e-18
      8281.90  8.27712e-18
      8284.83  8.28263e-18
      8287.76  8.24701e-18
      8290.69  8.08659e-18
      8293.62  7.90086e-18
      8296.55  7.77421e-18
      8299.48  7.67540e-18
      8302.41  7.55232e-18
      8305.34  7.50552e-18
      8308.27  7.68160e-18
      8311.20  7.86008e-18
      8314.13  7.86579e-18
      8317.06  7.81096e-18
      8319.99  7.88445e-18
      8322.92  8.07486e-18
      8325.85  8.29580e-18
      8328.78  8.48873e-18
      8331.71  8.50031e-18
      8334.64  8.24581e-18
      8337.57  8.02380e-18
      8340.50  7.99351e-18
      8343.42  7.90028e-18
      8346.35  7.74995e-18
      8349.28  7.61294e-18
      8352.21  7.55430e-18
      8355.14  7.65023e-18
      8358.07  7.83128e-18
      8361.00  7.94928e-18
      8363.93  7.93989e-18
      8366.86  7.93042e-18
      8369.79  8.06743e-18
      8372.72  8.33948e-18
      8375.65  8.46944e-18
      8378.58  8.40592e-18
      8381.51  8.20045e-18
      8384.44  8.01261e-18
      8387.37  7.82488e-18
      8390.30  7.61597e-18
      8393.23  7.46997e-18
      8396.16  7.32684e-18
      8399.09  7.22236e-18
      8402.02  7.26186e-18
      8404.95  7.37592e-18
      8407.88  7.53178e-18
      8410.81  7.76931e-18
      8413.74  8.13697e-18
      8416.67  8.41592e-18
      8419.60  8.44330e-18
      8422.53  8.33157e-18
      8425.46  8.17746e-18
      8428.39  7.97933e-18
      8431.32  7.80403e-18
      8434.25  7.62962e-18
      8437.18  7.39668e-18
      8440.10  7.17441e-18
      8443.04  6.98795e-18
      8445.96  6.91479e-18
      8448.89  7.01735e-18
      8451.82  7.18938e-18
      8454.75  7.42507e-18
      8457.68  7.64665e-18
      8460.61  7.75338e-18
      8463.54  7.81203e-18
      8466.47  7.86533e-18
      8469.40  7.79647e-18
      8472.33  7.60029e-18
      8475.26  7.43409e-18
      8478.19  7.28762e-18
      8481.12  7.02664e-18
      8484.05  6.85473e-18
      8486.98  6.88980e-18
      8489.91  6.98046e-18
      8492.84  7.05898e-18
      8495.77  6.99312e-18
      8498.70  6.97929e-18
      8501.63  7.16736e-18
      8504.56  7.35606e-18
      8507.49  7.42432e-18
      8510.42  7.46328e-18
      8513.35  7.56352e-18
      8516.28  7.52219e-18
      8519.21  7.37610e-18
      8522.14  7.31237e-18
      8525.07  7.27023e-18
      8528.00  7.14197e-18
      8530.93  6.97419e-18
      8533.86  6.83247e-18
      8536.79  6.69242e-18
      8539.72  6.62606e-18
      8542.65  6.63077e-18
      8545.58  6.71801e-18
      8548.50  6.96376e-18
      8551.43  7.19643e-18
      8554.36  7.37456e-18
      8557.29  7.53080e-18
      8560.22  7.51696e-18
      8563.15  7.43040e-18
      8566.08  7.32262e-18
      8569.01  7.14345e-18
      8571.94  6.93005e-18
      8574.87  6.71492e-18
      8577.80  6.51456e-18
      8580.73  6.39103e-18
      8583.66  6.34461e-18
      8586.59  6.36700e-18
      8589.52  6.45267e-18
      8592.45  6.52939e-18
      8595.38  6.72296e-18
      8598.31  6.90217e-18
      8601.24  6.90605e-18
      8604.17  6.84147e-18
      8607.10  6.75213e-18
      8610.03  6.66456e-18
      8612.96  6.64944e-18
      8615.89  6.60763e-18
      8618.82  6.43757e-18
      8621.75  6.25186e-18
      8624.68  6.15278e-18
      8627.61  6.16721e-18
      8630.54  6.18113e-18
      8633.47  6.24422e-18
      8636.40  6.52912e-18
      8639.33  6.90844e-18
      8642.26  7.14279e-18
      8645.19  7.13987e-18
      8648.12  7.06277e-18
      8651.04  7.01258e-18
      8653.97  6.91201e-18
      8656.90  6.71611e-18
      8659.83  6.47985e-18
      8662.76  6.36235e-18
      8665.69  6.31331e-18
      8668.62  6.23610e-18
      8671.55  6.16012e-18
      8674.48  6.25495e-18
      8677.41  6.37032e-18
      8680.34  6.44654e-18
      8683.27  6.61087e-18
      8686.20  6.78274e-18
      8689.13  6.90533e-18
      8692.06  6.99467e-18
      8694.99  6.98854e-18
      8697.92  6.98322e-18
      8700.85  6.94734e-18
      8703.78  6.72531e-18
      8706.71  6.51797e-18
      8709.64  6.42547e-18
      8712.57  6.24348e-18
      8715.50  6.22191e-18
      8718.43  6.39772e-18
      8721.36  6.47880e-18
      8724.29  6.50508e-18
      8727.22  6.62489e-18
      8730.15  6.71479e-18
      8733.08  6.71935e-18
      8736.01  6.76752e-18
      8738.94  6.84983e-18
      8741.87  6.92879e-18
      8744.80  6.78266e-18
      8747.73  6.64728e-18
      8750.66  6.63982e-18
      8753.59  6.52115e-18
      8756.51  6.33938e-18
      8759.45  6.21182e-18
      8762.37  6.19922e-18
      8765.30  6.20107e-18
      8768.23  6.06267e-18
      8771.16  6.08229e-18
      8774.09  6.36246e-18
      8777.02  6.51164e-18
      8779.95  6.57986e-18
      8782.88  6.59789e-18
      8785.81  6.65569e-18
      8788.74  6.80352e-18
      8791.67  6.86129e-18
      8794.60  6.82387e-18
      8797.53  6.72823e-18
      8800.46  6.56338e-18
      8803.39  6.41070e-18
      8806.32  6.20834e-18
      8809.25  6.04702e-18
      8812.18  6.00577e-18
      8815.11  5.90128e-18
      8818.04  5.88126e-18
      8820.97  5.94093e-18
      8823.90  6.06674e-18
      8826.83  6.28402e-18
      8829.76  6.51540e-18
      8832.69  6.71848e-18
      8835.62  6.83711e-18
      8838.55  6.87254e-18
      8841.48  6.73370e-18
      8844.41  6.42931e-18
      8847.34  6.19113e-18
      8850.27  5.99159e-18
      8853.20  5.73336e-18
      8856.12  5.47518e-18
      8859.06  5.41140e-18
      8861.98  5.36693e-18
      8864.92  5.41833e-18
      8867.84  5.65645e-18
      8870.77  5.84140e-18
      8873.70  5.92835e-18
      8876.63  6.12913e-18
      8879.56  6.30572e-18
      8882.49  6.17180e-18
      8885.42  5.87616e-18
      8888.35  5.53429e-18
      8891.28  5.21282e-18
      8894.21  5.05281e-18
      8897.14  5.01068e-18
      8900.07  4.84558e-18
      8903.00  4.77737e-18
      8905.93  4.92604e-18
      8908.86  5.01734e-18
      8911.79  5.07564e-18
      8914.72  5.18205e-18
      8917.65  5.31629e-18
      8920.58  5.50763e-18
      8923.51  6.06354e-18
      8926.44  6.04574e-18
      8929.37  5.70968e-18
      8932.30  5.46494e-18
      8935.23  5.29010e-18
      8938.16  5.08731e-18
      8941.09  4.84451e-18
      8944.02  4.69874e-18
      8946.95  4.64515e-18
      8949.88  4.64466e-18
      8952.81  4.82001e-18
      8955.74  5.14793e-18
      8958.67  5.59076e-18
      8961.60  6.09936e-18
      8964.53  6.51041e-18
      8967.46  6.84917e-18
      8970.38  7.05631e-18
      8973.31  6.82413e-18
      8976.24  6.33760e-18
      8979.17  5.90685e-18
      8982.10  5.56445e-18
      8985.03  5.31224e-18
      8987.96  5.01735e-18
      8990.89  4.70340e-18
      8993.82  4.61294e-18
      8996.75  4.67842e-18
      8999.68  4.82559e-18
      9002.61  5.16176e-18
      9005.54  5.49158e-18
      9008.47  5.73353e-18
      9011.40  6.04372e-18
      9014.33  6.09924e-18
      9017.26  5.90840e-18
      9020.19  5.95224e-18
      9023.12  5.76789e-18
      9026.05  5.21837e-18
      9028.98  4.92639e-18
      9031.91  4.87281e-18
      9034.84  4.84690e-18
      9037.77  4.76388e-18
      9040.70  4.69993e-18
      9043.63  4.78459e-18
      9046.56  4.96559e-18
      9049.49  5.11084e-18
      9052.42  5.19360e-18
      9055.35  5.29738e-18
      9058.28  5.60703e-18
      9061.21  5.87813e-18
      9064.14  5.96426e-18
      9067.07  5.89492e-18
      9070.00  5.47236e-18
      9072.92  4.88065e-18
      9075.85  4.44262e-18
      9078.78  4.21150e-18
      9081.71  4.34003e-18
      9084.64  4.66142e-18
      9087.57  4.75095e-18
      9090.50  4.72116e-18
      9093.43  4.85943e-18
      9096.36  5.02177e-18
      9099.29  5.29414e-18
      9102.22  5.83882e-18
      9105.15  6.21578e-18
      9108.08  6.19805e-18
      9111.01  5.89849e-18
      9113.94  5.43637e-18
      9116.87  5.09009e-18
      9119.80  4.94377e-18
      9122.73  4.78239e-18
      9125.66  4.68059e-18
      9128.59  4.63553e-18
      9131.52  4.82240e-18
      9134.45  5.14390e-18
      9137.38  5.32883e-18
      9140.31  5.69176e-18
      9143.24  6.25729e-18
      9146.17  6.59299e-18
      9149.10  6.67292e-18
      9152.03  6.56531e-18
      9154.96  6.23152e-18
      9157.89  5.75907e-18
      9160.82  5.22876e-18
      9163.75  4.83544e-18
      9166.68  4.68594e-18
      9169.61  4.63845e-18
      9172.54  4.70924e-18
      9175.47  4.94524e-18
      9178.39  5.21268e-18
      9181.33  5.50394e-18
      9184.25  5.94354e-18
      9187.18  6.35824e-18
      9190.11  6.39754e-18
      9193.04  6.23071e-18
      9195.97  5.99628e-18
      9198.90  5.50795e-18
      9201.83  4.98481e-18
      9204.76  4.60668e-18
      9207.69  4.34202e-18
      9210.62  4.11756e-18
      9213.55  3.90533e-18
      9216.48  3.80783e-18
      9219.41  3.86325e-18
      9222.34  3.98119e-18
      9225.27  4.15715e-18
      9228.20  4.41845e-18
      9231.13  4.49152e-18
      9234.06  4.18361e-18
      9236.99  3.85229e-18
      9239.92  3.52719e-18
      9242.85  3.19791e-18
      9245.78  2.94394e-18
      9248.71  2.68177e-18
      9251.64  2.38619e-18
      9254.57  2.08313e-18
      9257.50  1.93688e-18
      9260.43  2.06504e-18
      9263.36  2.31908e-18
      9266.29  2.64728e-18
      9269.22  2.95112e-18
      9272.15  3.13154e-18
      9275.08  3.29695e-18
      9278.00  3.51017e-18
      9280.94  3.40168e-18
      9283.86  2.87474e-18
      9286.79  2.60704e-18
      9289.72  2.70991e-18
      9292.65  2.68117e-18
      9295.58  2.51453e-18
      9298.51  2.32159e-18
      9301.44  2.21901e-18
      9304.37  2.48701e-18
      9307.30  3.05037e-18
      9310.23  3.58489e-18
      9313.16  3.91904e-18
      9316.09  4.06235e-18
      9319.02  4.25047e-18
      9321.95  4.56621e-18
      9324.88  4.62386e-18
      9327.81  4.46674e-18
      9330.74  4.33411e-18
      9333.67  4.13548e-18
      9336.60  3.79744e-18
      9339.53  3.30451e-18
      9342.46  2.84292e-18
      9345.39  2.53249e-18
      9348.32  2.41894e-18
      9351.25  2.44646e-18
      9354.18  2.57487e-18
      9357.11  2.77222e-18
      9360.04  2.77181e-18
      9362.97  2.83952e-18
      9365.90  3.36791e-18
      9368.83  3.76992e-18
      9371.76  3.73664e-18
      9374.69  3.57884e-18
      9377.62  3.18342e-18
      9380.55  2.63117e-18
      9383.47  2.30692e-18
      9386.41  2.44046e-18
      9389.33  2.66961e-18
      9392.26  2.61365e-18
      9395.19  2.61808e-18
      9398.12  2.75320e-18
      9401.05  2.91506e-18
      9403.98  3.33744e-18
      9406.91  3.67287e-18
      9409.84  3.51866e-18
      9412.77  3.30662e-18
      9415.70  3.40750e-18
      9418.63  3.62467e-18
      9421.56  3.66696e-18
      9424.49  3.51481e-18
      9427.42  3.28914e-18
      9430.35  3.04056e-18
      9433.28  2.81928e-18
      9436.21  2.65649e-18
      9439.14  2.45717e-18
      9442.07  2.40643e-18
      9445.00  2.90283e-18
      9447.93  3.54378e-18
      9450.86  3.69501e-18
      9453.79  3.79855e-18
      9456.72  4.13262e-18
      9459.65  4.21266e-18
      9462.58  4.09445e-18
      9465.51  3.88969e-18
      9468.44  3.44634e-18
      9471.37  3.14189e-18
      9474.30  2.93886e-18
      9477.23  2.64537e-18
      9480.16  2.68321e-18
      9483.09  2.95902e-18
      9486.02  2.98854e-18
      9488.95  2.83527e-18
      9491.88  2.92009e-18
      9494.80  3.51975e-18
      9497.73  4.04220e-18
      9500.66  4.00397e-18
      9503.59  3.80727e-18
      9506.52  3.78603e-18
      9509.45  3.84766e-18
      9512.38  3.75711e-18
      9515.31  3.54640e-18
      9518.24  3.39131e-18
      9521.17  3.09413e-18
      9524.10  2.96277e-18
      9527.03  3.11958e-18
      9529.96  3.04666e-18
      9532.89  2.91024e-18
      9535.82  3.23016e-18
      9538.75  3.71385e-18
      9541.68  4.03532e-18
      9544.61  4.21794e-18
      9547.54  4.32715e-18
      9550.47  4.52045e-18
      9553.40  4.33140e-18
      9556.33  3.84771e-18
      9559.26  3.74043e-18
      9562.19  3.64069e-18
      9565.12  3.34021e-18
      9568.05  3.04917e-18
      9570.98  2.80725e-18
      9573.91  2.89980e-18
      9576.84  3.21036e-18
      9579.77  3.47171e-18
      9582.70  3.77324e-18
      9585.63  3.94607e-18
      9588.56  4.25149e-18
      9591.49  4.96461e-18
      9594.42  5.40155e-18
      9597.34  5.28875e-18
      9600.27  4.88810e-18
      9603.21  4.57398e-18
      9606.13  4.28955e-18
      9609.06  3.77182e-18
      9611.99  3.43404e-18
      9614.92  3.33203e-18
      9617.85  3.10366e-18
      9620.78  2.94931e-18
      9623.71  3.03288e-18
      9626.64  3.18116e-18
      9629.57  3.30914e-18
      9632.50  3.67125e-18
      9635.43  4.38366e-18
      9638.36  5.03721e-18
      9641.29  5.14649e-18
      9644.22  4.83779e-18
      9647.15  4.59278e-18
      9650.08  4.36115e-18
      9653.01  3.91088e-18
      9655.94  3.50378e-18
      9658.87  3.33233e-18
      9661.80  3.19306e-18
      9664.73  2.95135e-18
      9667.66  2.83187e-18
      9670.59  2.94937e-18
      9673.52  3.06175e-18
      9676.45  3.13730e-18
      9679.38  3.14990e-18
      9682.31  3.29419e-18
      9685.24  3.68605e-18
      9688.17  4.02452e-18
      9691.10  4.24892e-18
      9694.03  4.23350e-18
      9696.96  4.07095e-18
      9699.88  4.13148e-18
      9702.82  3.96650e-18
      9705.74  3.30797e-18
      9708.67  2.91206e-18
      9711.60  2.88740e-18
      9714.53  2.74870e-18
      9717.46  2.63982e-18
      9720.39  2.80843e-18
      9723.32  3.11849e-18
      9726.25  3.32437e-18
      9729.18  3.30493e-18
      9732.11  3.28793e-18
      9735.04  3.56172e-18
      9737.97  4.05785e-18
      9740.90  4.39951e-18
      9743.83  4.42818e-18
      9746.76  4.25122e-18
      9749.69  3.90321e-18
      9752.62  3.54818e-18
      9755.55  3.43425e-18
      9758.48  3.45235e-18
      9761.41  3.39983e-18
      9764.34  3.39253e-18
      9767.27  3.48134e-18
      9770.20  3.34613e-18
      9773.13  3.16977e-18
      9776.06  3.66628e-18
      9778.99  4.42431e-18
      9781.92  4.55348e-18
      9784.85  4.46842e-18
      9787.78  4.67159e-18
      9790.71  5.01186e-18
      9793.64  5.25515e-18
      9796.57  5.19669e-18
      9799.50  4.99745e-18
      9802.43  4.92203e-18
      9805.35  4.87828e-18
      9808.29  4.69823e-18
      9811.21  4.42076e-18
      9814.14  4.42736e-18
      9817.07  4.54329e-18
      9820.00  4.43163e-18
      9822.93  4.42061e-18
      9825.86  4.71475e-18
      9828.79  5.03694e-18
      9831.72  5.23384e-18
      9834.65  5.38488e-18
      9837.58  5.67321e-18
      9840.51  5.84469e-18
      9843.44  5.94462e-18
      9846.37  6.25585e-18
      9849.30  6.53053e-18
      9852.23  6.25758e-18
      9855.16  5.77146e-18
      9858.09  5.67486e-18
      9861.02  5.65385e-18
      9863.95  5.52428e-18
      9866.88  5.61630e-18
      9869.81  5.80031e-18
      9872.74  5.94266e-18
      9875.67  6.09926e-18
      9878.60  6.10389e-18
      9881.53  6.12654e-18
      9884.46  6.37786e-18
      9887.39  6.60383e-18
      9890.32  6.74469e-18
      9893.25  6.98948e-18
      9896.18  7.02744e-18
      9899.11  6.64532e-18
      9902.04  6.51054e-18
      9904.97  6.74550e-18
      9907.90  6.65476e-18
      9910.83  6.37615e-18
      9913.75  6.30266e-18
