3720.00 2.2784e-15
3721.50 2.2822e-15
3723.00 2.2673e-15
3724.50 2.0828e-15
3726.00 2.1659e-15
3727.50 2.2514e-15
3729.00 2.3315e-15
3730.50 2.246e-15
3732.00 2.2866e-15
3733.50 2.5187e-15
3735.00 2.3672e-15
3736.50 2.3665e-15
3738.00 2.3021e-15
3739.50 2.0589e-15
3741.00 2.2152e-15
3742.50 2.4203e-15
3744.00 2.385e-15
3745.50 2.4345e-15
3747.00 2.5432e-15
3748.50 2.3762e-15
3750.00 2.3266e-15
3751.50 2.4128e-15
3753.00 2.5126e-15
3754.50 2.6237e-15
3756.00 2.715e-15
3757.50 2.6834e-15
3759.00 2.5558e-15
3760.50 2.5047e-15
3762.00 2.5826e-15
3763.50 2.303e-15
3765.00 2.0223e-15
3766.50 2.0184e-15
3768.00 2.1602e-15
3769.50 2.3487e-15
3771.00 2.4251e-15
3772.50 2.6212e-15
3774.00 2.5724e-15
3775.50 2.4586e-15
3777.00 2.1678e-15
3778.50 2.336e-15
3780.00 2.3089e-15
3781.50 2.3321e-15
3783.00 2.2777e-15
3784.50 2.1806e-15
3786.00 2.0741e-15
3787.50 1.9246e-15
3789.00 2.3855e-15
3790.50 2.3674e-15
3792.00 2.6839e-15
3793.50 2.9444e-15
3795.00 2.7466e-15
3796.50 2.7643e-15
3798.00 2.8051e-15
3799.50 2.8756e-15
3801.00 2.7934e-15
3802.50 2.5845e-15
3804.00 2.621e-15
3805.50 2.732e-15
3807.00 2.728e-15
3808.50 2.6896e-15
3810.00 2.6482e-15
3811.50 2.5891e-15
3813.00 2.2362e-15
3814.50 2.0649e-15
3816.00 2.2107e-15
3817.50 2.4439e-15
3819.00 2.5739e-15
3820.50 2.6734e-15
3822.00 2.7839e-15
3823.50 2.7412e-15
3825.00 2.7605e-15
3826.50 2.8015e-15
3828.00 2.7289e-15
3829.50 2.6532e-15
3831.00 2.6362e-15
3832.50 2.6048e-15
3834.00 2.6384e-15
3835.50 2.6198e-15
3837.00 2.5366e-15
3838.50 2.6416e-15
3840.00 2.5826e-15
3841.50 2.6554e-15
3843.00 2.7015e-15
3844.50 2.4026e-15
3846.00 2.5233e-15
3847.50 2.4761e-15
3849.00 2.2727e-15
3850.50 1.9494e-15
3852.00 1.9314e-15
3853.50 1.9822e-15
3855.00 2.1254e-15
3856.50 2.6453e-15
3858.00 2.9024e-15
3859.50 2.7226e-15
3861.00 2.5868e-15
3862.50 2.7339e-15
3864.00 2.6504e-15
3865.50 2.4175e-15
3867.00 2.5429e-15
3868.50 2.6682e-15
3870.00 2.6653e-15
3871.50 2.6908e-15
3873.00 2.7439e-15
3874.50 2.6526e-15
3876.00 2.5779e-15
3877.50 2.6057e-15
3879.00 2.6672e-15
3880.50 2.6679e-15
3882.00 2.7127e-15
3883.50 2.7449e-15
3885.00 2.6877e-15
3886.50 2.6399e-15
3888.00 2.6127e-15
3889.50 2.5132e-15
3891.00 2.455e-15
3892.50 2.4747e-15
3894.00 2.5383e-15
3895.50 2.6009e-15
3897.00 2.6702e-15
3898.50 2.515e-15
3900.00 2.2515e-15
3901.50 2.2111e-15
3903.00 2.0536e-15
3904.50 1.9823e-15
3906.00 2.1569e-15
3907.50 2.2928e-15
3909.00 2.4932e-15
3910.50 2.8494e-15
3912.00 3.1733e-15
3913.50 2.9836e-15
3915.00 2.9132e-15
3916.50 2.8732e-15
3918.00 2.8162e-15
3919.50 2.9469e-15
3921.00 2.7362e-15
3922.50 2.4726e-15
3924.00 2.5191e-15
3925.50 2.757e-15
3927.00 2.816e-15
3928.50 2.4624e-15
3930.00 2.4537e-15
3931.50 2.4999e-15
3933.00 2.5411e-15
3934.50 2.3693e-15
3936.00 2.4162e-15
3937.50 2.558e-15
3939.00 2.5792e-15
3940.50 2.678e-15
3942.00 2.685e-15
3943.50 2.6509e-15
3945.00 2.4728e-15
3946.50 2.4705e-15
3948.00 2.2795e-15
3949.50 2.1251e-15
3951.00 2.013e-15
3952.50 2.0627e-15
3954.00 2.2395e-15
3955.50 2.3719e-15
3957.00 2.498e-15
3958.50 2.6391e-15
3960.00 2.7493e-15
3961.50 2.6763e-15
3963.00 2.6342e-15
3964.50 2.6578e-15
3966.00 2.6122e-15
3967.50 2.5374e-15
3969.00 2.5658e-15
3970.50 2.5877e-15
3972.00 2.5153e-15
3973.50 2.5038e-15
3975.00 2.6383e-15
3976.50 2.7315e-15
3978.00 2.6678e-15
3979.50 2.5257e-15
3981.00 2.4771e-15
3982.50 2.2873e-15
3984.00 2.0587e-15
3985.50 1.8629e-15
3987.00 1.8516e-15
3988.50 2.1504e-15
3990.00 2.5609e-15
3991.50 2.8216e-15
3993.00 3.0159e-15
3994.50 3.1118e-15
3996.00 3.0664e-15
3997.50 3.0359e-15
3999.00 2.7766e-15
4000.50 2.6867e-15
4002.00 3.0239e-15
4003.50 3.0781e-15
4005.00 2.8577e-15
4006.50 3.0118e-15
4008.00 3.2098e-15
4009.50 3.076e-15
4011.00 2.9061e-15
4012.50 2.7933e-15
4014.00 2.9412e-15
4015.50 2.9121e-15
4017.00 2.8576e-15
4018.50 2.8254e-15
4020.00 2.7e-15
4021.50 2.734e-15
4023.00 2.7118e-15
4024.50 2.8205e-15
4026.00 2.8852e-15
4027.50 2.9138e-15
4029.00 2.8765e-15
4030.50 2.7932e-15
4032.00 2.6765e-15
4033.50 2.6768e-15
4035.00 2.807e-15
4036.50 2.8021e-15
4038.00 2.7598e-15
4039.50 2.7501e-15
4041.00 2.7029e-15
4042.50 2.7757e-15
4044.00 2.8878e-15
4045.50 2.8259e-15
4047.00 2.7878e-15
4048.50 2.803e-15
4050.00 2.8664e-15
4051.50 2.8505e-15
4053.00 2.8476e-15
4054.50 2.8928e-15
4056.00 2.827e-15
4057.50 2.8322e-15
4059.00 2.7981e-15
4060.50 2.8182e-15
4062.00 2.7593e-15
4063.50 2.6839e-15
4065.00 2.7114e-15
4066.50 2.7254e-15
4068.00 2.7825e-15
4069.50 2.733e-15
4071.00 2.7124e-15
4072.50 2.7828e-15
4074.00 2.7602e-15
4075.50 2.7978e-15
4077.00 2.874e-15
4078.50 2.7486e-15
4080.00 2.599e-15
4081.50 2.5907e-15
4083.00 2.6132e-15
4084.50 2.4753e-15
4086.00 2.5948e-15
4087.50 2.7232e-15
4089.00 2.8891e-15
4090.50 2.9196e-15
4092.00 2.8339e-15
4093.50 2.8449e-15
4095.00 2.717e-15
4096.50 2.7848e-15
4098.00 2.8687e-15
4099.50 2.7987e-15
4101.00 2.7838e-15
4102.50 2.8251e-15
4104.00 2.7812e-15
4105.50 2.8255e-15
4107.00 2.8339e-15
4108.50 2.8138e-15
4110.00 2.8274e-15
4111.50 2.697e-15
4113.00 2.6354e-15
4114.50 2.6255e-15
4116.00 2.3455e-15
4117.50 2.0955e-15
4119.00 2.1473e-15
4120.50 2.39e-15
4122.00 2.8743e-15
4123.50 3.2926e-15
4125.00 3.3066e-15
4126.50 3.3031e-15
4128.00 3.4156e-15
4129.50 3.2708e-15
4131.00 3.1673e-15
4132.50 3.1218e-15
4134.00 3.1937e-15
4135.50 3.0548e-15
4137.00 2.8921e-15
4138.50 2.9887e-15
4140.00 2.8422e-15
4141.50 2.8943e-15
4143.00 2.8413e-15
4144.50 2.8854e-15
4146.00 2.8828e-15
4147.50 2.9824e-15
4149.00 2.8614e-15
4150.50 2.8197e-15
4152.00 3.0601e-15
4153.50 3.0574e-15
4155.00 2.9822e-15
4156.50 3.076e-15
4158.00 3.2189e-15
4159.50 3.1959e-15
4161.00 3e-15
4162.50 2.9678e-15
4164.00 2.9073e-15
4165.50 2.9031e-15
4167.00 3.0199e-15
4168.50 3.0661e-15
4170.00 2.9474e-15
4171.50 3.0225e-15
4173.00 3.0111e-15
4174.50 3.0242e-15
4176.00 3.0429e-15
4177.50 3.0414e-15
4179.00 2.939e-15
4180.50 2.7811e-15
4182.00 2.8237e-15
4183.50 2.9034e-15
4185.00 2.9702e-15
4186.50 2.9842e-15
4188.00 2.8878e-15
4189.50 2.7937e-15
4191.00 2.7067e-15
4192.50 2.5936e-15
4194.00 2.5587e-15
4195.50 2.6486e-15
4197.00 2.7129e-15
4198.50 2.8118e-15
4200.00 2.8934e-15
4201.50 2.86e-15
4203.00 2.8565e-15
4204.50 2.8903e-15
4206.00 3.0524e-15
4207.50 2.9562e-15
4209.00 2.7547e-15
4210.50 2.9453e-15
4212.00 3.1241e-15
4213.50 3.0727e-15
4215.00 2.9182e-15
4216.50 2.8435e-15
4218.00 2.904e-15
4219.50 2.9905e-15
4221.00 2.9245e-15
4222.50 2.9984e-15
4224.00 3.002e-15
4225.50 2.8691e-15
4227.00 2.876e-15
4228.50 2.8235e-15
4230.00 2.8999e-15
4231.50 2.9046e-15
4233.00 2.8069e-15
4234.50 2.8021e-15
4236.00 2.8772e-15
4237.50 2.8597e-15
4239.00 2.8986e-15
4240.50 2.8727e-15
4242.00 2.7659e-15
4243.50 2.6993e-15
4245.00 2.683e-15
4246.50 2.6338e-15
4248.00 2.5321e-15
4249.50 2.4099e-15
4251.00 2.4341e-15
4252.50 2.6552e-15
4254.00 2.7781e-15
4255.50 2.7821e-15
4257.00 2.8147e-15
4258.50 2.9275e-15
4260.00 2.9498e-15
4261.50 2.8334e-15
4263.00 2.8143e-15
4264.50 2.9032e-15
4266.00 2.962e-15
4267.50 2.9189e-15
4269.00 2.9252e-15
4270.50 2.961e-15
4272.00 2.9045e-15
4273.50 2.8715e-15
4275.00 2.8261e-15
4276.50 2.8187e-15
4278.00 2.9321e-15
4279.50 2.9148e-15
4281.00 2.9348e-15
4282.50 2.9351e-15
4284.00 2.937e-15
4285.50 2.9941e-15
4287.00 2.9133e-15
4288.50 2.7153e-15
4290.00 2.7513e-15
4291.50 2.9144e-15
4293.00 2.8161e-15
4294.50 2.8876e-15
4296.00 3.0126e-15
4297.50 2.8102e-15
4299.00 2.8635e-15
4300.50 2.8624e-15
4302.00 2.9214e-15
4303.50 2.9136e-15
4305.00 2.9705e-15
4306.50 2.9007e-15
4308.00 2.8163e-15
4309.50 2.8746e-15
4311.00 2.7145e-15
4312.50 2.7234e-15
4314.00 2.7827e-15
4315.50 2.799e-15
4317.00 2.6958e-15
4318.50 2.6881e-15
4320.00 2.7291e-15
4321.50 2.7486e-15
4323.00 2.7863e-15
4324.50 2.7518e-15
4326.00 2.788e-15
4327.50 2.87e-15
4329.00 2.9836e-15
4330.50 3.0649e-15
4332.00 3.0173e-15
4333.50 2.9101e-15
4335.00 2.869e-15
4336.50 2.9841e-15
4338.00 3.0673e-15
4339.50 2.9956e-15
4341.00 3.0441e-15
4342.50 2.9992e-15
4344.00 2.873e-15
4345.50 2.9225e-15
4347.00 2.9365e-15
4348.50 2.9153e-15
4350.00 2.9481e-15
4351.50 2.9048e-15
4353.00 2.8272e-15
4354.50 2.6397e-15
4356.00 2.3394e-15
4357.50 2.2199e-15
4359.00 2.3029e-15
4360.50 2.8389e-15
4362.00 3.551e-15
4363.50 3.8801e-15
4365.00 3.9692e-15
4366.50 4.0004e-15
4368.00 3.7728e-15
4369.50 3.3006e-15
4371.00 3.2175e-15
4372.50 3.2934e-15
4374.00 3.2066e-15
4375.50 3.198e-15
4377.00 3.3145e-15
4378.50 3.3551e-15
4380.00 3.2479e-15
4381.50 3.207e-15
4383.00 3.239e-15
4384.50 3.1714e-15
4386.00 3.1318e-15
4387.50 3.1513e-15
4389.00 3.0859e-15
4390.50 3.0432e-15
4392.00 3.1339e-15
4393.50 3.0993e-15
4395.00 3.1718e-15
4396.50 3.2321e-15
4398.00 3.1697e-15
4399.50 3.0732e-15
4401.00 2.8964e-15
4402.50 2.7951e-15
4404.00 2.8193e-15
4405.50 2.9314e-15
4407.00 3.0595e-15
4408.50 3.192e-15
4410.00 3.2694e-15
4411.50 3.2762e-15
4413.00 3.1942e-15
4414.50 3.0974e-15
4416.00 3.059e-15
4417.50 3.0424e-15
4419.00 3.0904e-15
4420.50 3.0282e-15
4422.00 3.0619e-15
4423.50 3.1112e-15
4425.00 3.0987e-15
4426.50 3.0502e-15
4428.00 2.9659e-15
4429.50 2.9954e-15
4431.00 3.0145e-15
4432.50 2.8583e-15
4434.00 2.7472e-15
4435.50 2.7022e-15
4437.00 2.6644e-15
4438.50 2.881e-15
4440.00 3.1088e-15
4441.50 2.9438e-15
4443.00 3.0182e-15
4444.50 3.3067e-15
4446.00 3.1717e-15
4447.50 3.0212e-15
4449.00 3.0734e-15
4450.50 3.0808e-15
4452.00 2.9426e-15
4453.50 2.9502e-15
4455.00 3.1181e-15
4456.50 3.1437e-15
4458.00 3.0776e-15
4459.50 3.1156e-15
4461.00 3.1029e-15
4462.50 3.0663e-15
4464.00 2.9785e-15
4465.50 3.0193e-15
4467.00 3.0792e-15
4468.50 3.0674e-15
4470.00 3.0404e-15
4471.50 3.0556e-15
4473.00 3.0571e-15
4474.50 3.0481e-15
4476.00 3.1139e-15
4477.50 3.0804e-15
4479.00 3.0082e-15
4480.50 2.9857e-15
4482.00 3.026e-15
4483.50 3.107e-15
4485.00 3.0183e-15
4486.50 2.9842e-15
4488.00 3.0465e-15
4489.50 3.0524e-15
4491.00 3.1334e-15
4492.50 3.1066e-15
4494.00 3.1267e-15
4495.50 3.1685e-15
4497.00 3.1837e-15
4498.50 3.12e-15
4500.00 3.1053e-15
4501.50 3.0742e-15
4503.00 3.0625e-15
4504.50 2.9993e-15
4506.00 3.0137e-15
4507.50 2.9921e-15
4509.00 2.8259e-15
4510.50 2.9271e-15
4512.00 3.1173e-15
4513.50 3.1623e-15
4515.00 3.1911e-15
4516.50 3.2867e-15
4518.00 3.3066e-15
4519.50 3.1734e-15
4521.00 3.0796e-15
4522.50 3.0854e-15
4524.00 3.008e-15
4525.50 2.8396e-15
4527.00 2.7685e-15
4528.50 2.8612e-15
4530.00 2.8528e-15
4531.50 2.8538e-15
4533.00 2.8193e-15
4534.50 2.8039e-15
4536.00 2.8185e-15
4537.50 2.7633e-15
4539.00 2.6748e-15
4540.50 2.6484e-15
4542.00 2.7497e-15
4543.50 2.9377e-15
4545.00 3.0966e-15
4546.50 3.1711e-15
4548.00 3.1477e-15
4549.50 3.1688e-15
4551.00 3.2407e-15
4552.50 3.1445e-15
4554.00 3.0409e-15
4555.50 3.0346e-15
4557.00 2.9783e-15
4558.50 3.0597e-15
4560.00 3.1208e-15
4561.50 3.039e-15
4563.00 2.9993e-15
4564.50 2.8727e-15
4566.00 2.7345e-15
4567.50 2.6487e-15
4569.00 2.6317e-15
4570.50 2.714e-15
4572.00 2.7673e-15
4573.50 2.7604e-15
4575.00 2.7596e-15
4576.50 2.741e-15
4578.00 2.7377e-15
4579.50 2.9691e-15
4581.00 3.1954e-15
4582.50 3.2287e-15
4584.00 3.1613e-15
4585.50 3.1277e-15
4587.00 3.1464e-15
4588.50 3.1813e-15
4590.00 3.2072e-15
4591.50 3.1762e-15
4593.00 3.0778e-15
4594.50 3.0312e-15
4596.00 2.9223e-15
4597.50 2.9187e-15
4599.00 2.8396e-15
4600.50 2.6342e-15
4602.00 2.5453e-15
4603.50 2.6381e-15
4605.00 2.8581e-15
4606.50 2.9763e-15
4608.00 3.0212e-15
4609.50 3.0747e-15
4611.00 3.1196e-15
4612.50 3.1168e-15
4614.00 3.0965e-15
4615.50 3.2208e-15
4617.00 3.2558e-15
4618.50 3.2413e-15
4620.00 3.2888e-15
4621.50 3.2217e-15
4623.00 3.1996e-15
4624.50 3.2556e-15
4626.00 3.2197e-15
4627.50 3.1969e-15
4629.00 3.1497e-15
4630.50 3.1052e-15
4632.00 3.1828e-15
4633.50 3.1738e-15
4635.00 3.0416e-15
4636.50 2.9448e-15
4638.00 2.8378e-15
4639.50 2.881e-15
4641.00 2.9829e-15
4642.50 3.0097e-15
4644.00 3.042e-15
4645.50 3.0379e-15
4647.00 2.9391e-15
4648.50 2.9699e-15
4650.00 3.0384e-15
4651.50 3.0002e-15
4653.00 2.9864e-15
4654.50 3.0786e-15
4656.00 3.2018e-15
4657.50 3.2336e-15
4659.00 3.2081e-15
4660.50 3.2855e-15
4662.00 3.3826e-15
4663.50 3.2816e-15
4665.00 3.2509e-15
4666.50 3.2584e-15
4668.00 3.2231e-15
4669.50 3.2516e-15
4671.00 3.2347e-15
4672.50 3.2261e-15
4674.00 3.3086e-15
4675.50 3.2616e-15
4677.00 3.155e-15
4678.50 3.1431e-15
4680.00 3.1604e-15
4681.50 3.2008e-15
4683.00 3.148e-15
4684.50 3.1421e-15
4686.00 3.1749e-15
4687.50 3.1609e-15
4689.00 3.1321e-15
4690.50 3.1369e-15
4692.00 3.1899e-15
4693.50 3.2376e-15
4695.00 3.2259e-15
4696.50 3.2918e-15
4698.00 3.2686e-15
4699.50 3.1989e-15
4701.00 3.1633e-15
4702.50 3.1112e-15
4704.00 3.2623e-15
4705.50 3.2799e-15
4707.00 3.1963e-15
4708.50 3.1777e-15
4710.00 3.2319e-15
4711.50 3.2281e-15
4713.00 3.2559e-15
4714.50 3.1742e-15
4716.00 3.1302e-15
4717.50 3.1395e-15
4719.00 3.1404e-15
4720.50 3.1705e-15
4722.00 3.1903e-15
4723.50 3.0884e-15
4725.00 3.1351e-15
4726.50 3.1477e-15
4728.00 3.2111e-15
4729.50 3.1803e-15
4731.00 3.1231e-15
4732.50 3.0889e-15
4734.00 3.1699e-15
4735.50 3.3365e-15
4737.00 3.2221e-15
4738.50 3.1977e-15
4740.00 3.1643e-15
4741.50 3.1559e-15
4743.00 3.1934e-15
4744.50 3.2462e-15
4746.00 3.0132e-15
4747.50 3.0065e-15
4749.00 2.9974e-15
4750.50 3.0211e-15
4752.00 3.0427e-15
4753.50 3.0254e-15
4755.00 3.0511e-15
4756.50 3.1774e-15
4758.00 3.234e-15
4759.50 3.1813e-15
4761.00 3.1216e-15
4762.50 3.0816e-15
4764.00 3.1401e-15
4765.50 3.1571e-15
4767.00 3.1235e-15
4768.50 3.0682e-15
4770.00 3.0766e-15
4771.50 3.1235e-15
4773.00 3.1083e-15
4774.50 3.1272e-15
4776.00 3.0886e-15
4777.50 3.0455e-15
4779.00 3.1057e-15
4780.50 3.1269e-15
4782.00 3.1575e-15
4783.50 3.1364e-15
4785.00 3.0656e-15
4786.50 2.9631e-15
4788.00 2.9648e-15
4789.50 3.0594e-15
4791.00 3.1228e-15
4792.50 3.1514e-15
4794.00 3.0758e-15
4795.50 3.1109e-15
4797.00 3.1212e-15
4798.50 3.0295e-15
4800.00 3.0377e-15
4801.50 3.0861e-15
4803.00 3.0676e-15
4804.50 3.0707e-15
4806.00 3.0121e-15
4807.50 3.1102e-15
4809.00 3.0958e-15
4810.50 3.0805e-15
4812.00 3.1054e-15
4813.50 3.1383e-15
4815.00 3.1516e-15
4816.50 3.0952e-15
4818.00 3.1286e-15
4819.50 3.1225e-15
4821.00 3.0623e-15
4822.50 3.089e-15
4824.00 3.0806e-15
4825.50 3.0849e-15
4827.00 3.0494e-15
4828.50 3.031e-15
4830.00 3.041e-15
4831.50 3.0353e-15
4833.00 3.0277e-15
4834.50 3.0121e-15
4836.00 3.0524e-15
4837.50 3.1155e-15
4839.00 3.1562e-15
4840.50 3.1031e-15
4842.00 2.984e-15
4843.50 2.9076e-15
4845.00 2.9719e-15
4846.50 3.0258e-15
4848.00 3.0909e-15
4849.50 3.1731e-15
4851.00 3.2219e-15
4852.50 3.2494e-15
4854.00 3.2119e-15
4855.50 3.161e-15
4857.00 3.1354e-15
4858.50 3.1783e-15
4860.00 3.2251e-15
4861.50 3.2577e-15
4863.00 3.2405e-15
4864.50 3.2364e-15
4866.00 3.262e-15
4867.50 3.1453e-15
4869.00 3.24e-15
4870.50 3.333e-15
4872.00 3.3288e-15
4873.50 3.3453e-15
4875.00 3.4218e-15
4876.50 2.9888e-15
4878.00 2.6306e-15
4879.50 2.4728e-15
4881.00 2.6606e-15
4882.50 3.3829e-15
4884.00 4.497e-15
4885.50 3.3829e-15
4887.00 4.0369e-15
4888.50 3.3829e-15
4890.00 4.0369e-15
4891.50 4.0369e-15
4893.00 3.3829e-15
4894.50 4.0369e-15
4896.00 4.0369e-15
4897.50 3.3829e-15
4899.00 4.2465e-15
4900.50 4.1506e-15
4902.00 4.0369e-15
4903.50 3.9718e-15
4905.00 3.9051e-15
4906.50 3.8736e-15
4908.00 3.7757e-15
4909.50 3.7252e-15
4911.00 3.7644e-15
4912.50 3.7119e-15
4914.00 3.6411e-15
4915.50 3.6283e-15
4917.00 3.602e-15
4918.50 3.5815e-15
4920.00 3.5099e-15
4921.50 3.5032e-15
4923.00 3.5077e-15
4924.50 3.4132e-15
4926.00 3.4026e-15
4927.50 3.4051e-15
4929.00 3.4219e-15
4930.50 3.3486e-15
4932.00 3.3158e-15
4933.50 3.2934e-15
4935.00 3.2769e-15
4936.50 3.2379e-15
4938.00 3.0768e-15
4939.50 3.0085e-15
4941.00 2.6915e-15
4942.50 2.5075e-15
4944.00 2.4538e-15
4945.50 2.619e-15
4947.00 2.9587e-15
4948.50 3.258e-15
4950.00 3.4539e-15
4951.50 3.4595e-15
4953.00 3.4301e-15
4954.50 3.3761e-15
4956.00 3.521e-15
4957.50 3.3514e-15
4959.00 3.3281e-15
4960.50 3.2885e-15
4962.00 3.3449e-15
4963.50 3.356e-15
4965.00 3.4436e-15
4966.50 3.2941e-15
4968.00 3.2698e-15
4969.50 3.2379e-15
4971.00 3.1979e-15
4972.50 3.2802e-15
4974.00 3.2969e-15
4975.50 3.2241e-15
4977.00 3.201e-15
4978.50 3.3158e-15
4980.00 3.3624e-15
4981.50 3.266e-15
4983.00 3.2271e-15
4984.50 3.2484e-15
4986.00 3.2319e-15
4987.50 3.2551e-15
4989.00 3.3047e-15
4990.50 3.2731e-15
4992.00 3.2718e-15
4993.50 3.2789e-15
4995.00 3.249e-15
4996.50 3.2556e-15
4998.00 3.2837e-15
4999.50 3.2987e-15
5001.00 3.2283e-15
5002.50 3.2483e-15
5004.00 3.2699e-15
5005.50 3.2871e-15
5007.00 3.3093e-15
5008.50 3.3382e-15
5010.00 3.3243e-15
5011.50 3.1944e-15
5013.00 3.2505e-15
5014.50 3.2322e-15
5016.00 3.2209e-15
5017.50 3.2729e-15
5019.00 3.2543e-15
5020.50 3.314e-15
5022.00 3.2685e-15
5023.50 3.255e-15
5025.00 3.3008e-15
5026.50 3.3178e-15
5028.00 3.1485e-15
5029.50 3.0855e-15
5031.00 3.0531e-15
5032.50 2.9837e-15
5034.00 2.766e-15
5035.50 2.5025e-15
5037.00 2.2887e-15
5038.50 2.2426e-15
5040.00 2.4197e-15
5041.50 2.7464e-15
5043.00 3.0798e-15
5044.50 3.4015e-15
5046.00 3.4993e-15
5047.50 3.4845e-15
5049.00 3.5343e-15
5050.50 3.5449e-15
5052.00 3.5343e-15
5053.50 3.5311e-15
5055.00 3.5756e-15
5056.50 3.5025e-15
5058.00 3.4697e-15
5059.50 3.4755e-15
5061.00 3.5125e-15
5062.50 3.5447e-15
5064.00 3.4772e-15
5065.50 3.4202e-15
5067.00 3.4215e-15
5068.50 3.4257e-15
5070.00 3.4352e-15
5071.50 3.4114e-15
5073.00 3.4723e-15
5074.50 3.4486e-15
5076.00 3.4103e-15
5077.50 3.3951e-15
5079.00 3.4251e-15
5080.50 3.431e-15
5082.00 3.4117e-15
5083.50 3.3916e-15
5085.00 3.3841e-15
5086.50 3.3419e-15
5088.00 3.346e-15
5089.50 3.3799e-15
5091.00 3.3806e-15
5092.50 3.3878e-15
5094.00 3.2836e-15
5095.50 3.3429e-15
5097.00 3.2185e-15
5098.50 3.2473e-15
5100.00 3.3656e-15
5101.50 3.3749e-15
5103.00 3.2928e-15
5104.50 3.3911e-15
5106.00 3.323e-15
5107.50 3.3708e-15
5109.00 3.4562e-15
5110.50 3.4705e-15
5112.00 3.3879e-15
5113.50 3.3426e-15
5115.00 3.425e-15
5116.50 3.4232e-15
5118.00 3.3586e-15
5119.50 3.2816e-15
5121.00 3.1999e-15
5122.50 3.2454e-15
5124.00 3.2849e-15
5125.50 3.2875e-15
5127.00 3.3381e-15
5128.50 3.4167e-15
5130.00 3.4275e-15
5131.50 3.392e-15
5133.00 3.3763e-15
5134.50 3.3472e-15
5136.00 3.3832e-15
5137.50 3.3787e-15
5139.00 3.3013e-15
5140.50 3.2962e-15
5142.00 3.314e-15
5143.50 3.2794e-15
5145.00 3.2908e-15
5146.50 3.3028e-15
5148.00 3.2996e-15
5149.50 3.2578e-15
5151.00 3.212e-15
5152.50 3.3551e-15
5154.00 3.3995e-15
5155.50 3.4591e-15
5157.00 3.4613e-15
5158.50 3.4076e-15
5160.00 3.3637e-15
5161.50 3.4078e-15
5163.00 3.4307e-15
5164.50 3.394e-15
5166.00 3.3446e-15
5167.50 3.3518e-15
5169.00 3.2901e-15
5170.50 3.3713e-15
5172.00 3.3916e-15
5173.50 3.3114e-15
5175.00 3.3066e-15
5176.50 3.3887e-15
5178.00 3.4201e-15
5179.50 3.3727e-15
5181.00 3.3771e-15
5182.50 3.2531e-15
5184.00 3.1516e-15
5185.50 2.8903e-15
5187.00 2.5521e-15
5188.50 2.3027e-15
5190.00 2.3037e-15
5191.50 2.595e-15
5193.00 2.9293e-15
5194.50 3.3124e-15
5196.00 3.5173e-15
5197.50 3.5855e-15
5199.00 3.6045e-15
5200.50 3.5504e-15
5202.00 3.5111e-15
5203.50 3.5e-15
5205.00 3.4763e-15
5206.50 3.3939e-15
5208.00 3.3615e-15
5209.50 3.3417e-15
5211.00 3.3244e-15
5212.50 3.3405e-15
5214.00 3.3258e-15
5215.50 3.2843e-15
5217.00 3.1256e-15
5218.50 3.0224e-15
5220.00 3.0506e-15
5221.50 3.1643e-15
5223.00 3.3082e-15
5224.50 3.4023e-15
5226.00 3.4758e-15
5227.50 3.384e-15
5229.00 3.4174e-15
5230.50 3.4364e-15
5232.00 3.4306e-15
5233.50 3.4153e-15
5235.00 3.3694e-15
5236.50 3.4092e-15
5238.00 3.4266e-15
5239.50 3.2958e-15
5241.00 3.327e-15
5242.50 3.418e-15
5244.00 3.4556e-15
5245.50 3.3889e-15
5247.00 3.3118e-15
5248.50 3.2039e-15
5250.00 3.1867e-15
5251.50 3.1895e-15
5253.00 3.1033e-15
5254.50 3.0141e-15
5256.00 2.9534e-15
5257.50 3.0503e-15
5259.00 3.1339e-15
5260.50 3.2268e-15
5262.00 3.3139e-15
5263.50 3.3712e-15
5265.00 3.4372e-15
5266.50 3.4401e-15
5268.00 3.383e-15
5269.50 3.3726e-15
5271.00 3.3796e-15
5272.50 3.3608e-15
5274.00 3.3671e-15
5275.50 3.3609e-15
5277.00 3.3493e-15
5278.50 3.3558e-15
5280.00 3.3831e-15
5281.50 3.3577e-15
5283.00 3.3339e-15
5284.50 3.4092e-15
5286.00 3.4504e-15
5287.50 3.368e-15
5289.00 3.3147e-15
5290.50 3.2726e-15
5292.00 3.2546e-15
5293.50 3.2349e-15
5295.00 3.0648e-15
5296.50 2.9143e-15
5298.00 2.8512e-15
5299.50 2.9099e-15
5301.00 3.1712e-15
5302.50 3.3172e-15
5304.00 3.375e-15
5305.50 3.3801e-15
5307.00 3.3844e-15
5308.50 3.4622e-15
5310.00 3.4616e-15
5311.50 3.4456e-15
5313.00 3.437e-15
5314.50 3.4181e-15
5316.00 3.3905e-15
5317.50 3.4115e-15
5319.00 3.4324e-15
5320.50 3.383e-15
5322.00 3.4185e-15
5323.50 3.4412e-15
5325.00 3.3463e-15
5326.50 3.307e-15
5328.00 3.2666e-15
5329.50 3.2135e-15
5331.00 3.174e-15
5332.50 3.1723e-15
5334.00 3.0617e-15
5335.50 2.8292e-15
5337.00 2.7612e-15
5338.50 2.7772e-15
5340.00 2.901e-15
5341.50 3.196e-15
5343.00 3.4053e-15
5344.50 3.4735e-15
5346.00 3.4433e-15
5347.50 3.3854e-15
5349.00 3.403e-15
5350.50 3.4647e-15
5352.00 3.5286e-15
5353.50 3.5199e-15
5355.00 3.4445e-15
5356.50 3.4021e-15
5358.00 3.4002e-15
5359.50 3.3925e-15
5361.00 3.3355e-15
5362.50 3.3331e-15
5364.00 3.3773e-15
5365.50 3.3671e-15
5367.00 3.3527e-15
5368.50 3.3821e-15
5370.00 3.3683e-15
5371.50 3.3981e-15
5373.00 3.4012e-15
5374.50 3.4581e-15
5376.00 3.4633e-15
5377.50 3.4007e-15
5379.00 3.3459e-15
5380.50 3.3695e-15
5382.00 3.2795e-15
5383.50 3.0974e-15
5385.00 3.0474e-15
5386.50 3.182e-15
5388.00 3.3485e-15
5389.50 3.449e-15
5391.00 3.4083e-15
5392.50 3.3852e-15
5394.00 3.4571e-15
5395.50 3.4681e-15
5397.00 3.4334e-15
5398.50 3.3935e-15
5400.00 3.318e-15
5401.50 3.355e-15
5403.00 3.396e-15
5404.50 3.3845e-15
5406.00 3.3455e-15
5407.50 3.3168e-15
5409.00 3.3266e-15
5410.50 3.3156e-15
5412.00 3.3064e-15
5413.50 3.3401e-15
5415.00 3.3944e-15
5416.50 3.3792e-15
5418.00 3.36e-15
5419.50 3.4137e-15
5421.00 3.3951e-15
5422.50 3.3429e-15
5424.00 3.345e-15
5425.50 3.3843e-15
5427.00 3.3788e-15
5428.50 3.2946e-15
5430.00 3.2132e-15
5431.50 3.1785e-15
5433.00 3.2935e-15
5434.50 3.2855e-15
5436.00 3.2893e-15
5437.50 3.3259e-15
5439.00 3.3587e-15
5440.50 3.3332e-15
5442.00 3.3541e-15
5443.50 3.249e-15
5445.00 3.2482e-15
5446.50 3.2533e-15
5448.00 3.1885e-15
5449.50 3.2477e-15
5451.00 3.3694e-15
5452.50 3.3866e-15
5454.00 3.3941e-15
5455.50 3.3891e-15
5457.00 3.372e-15
5458.50 3.4484e-15
5460.00 3.3763e-15
5461.50 3.3431e-15
5463.00 3.4461e-15
5464.50 3.3721e-15
5466.00 3.4832e-15
5467.50 3.3654e-15
5469.00 3.3834e-15
5470.50 3.3327e-15
5472.00 3.2808e-15
5473.50 3.3258e-15
5475.00 3.397e-15
5476.50 3.3442e-15
5478.00 3.365e-15
5479.50 3.3103e-15
5481.00 3.3429e-15
5482.50 3.331e-15
5484.00 3.3472e-15
5485.50 3.3465e-15
5487.00 3.3628e-15
5488.50 3.3057e-15
5490.00 3.2733e-15
5491.50 3.222e-15
5493.00 3.2908e-15
5494.50 3.3213e-15
5496.00 3.2948e-15
5497.50 3.2865e-15
5499.00 3.2654e-15
5500.50 3.2735e-15
5502.00 3.2348e-15
5503.50 3.2816e-15
5505.00 3.3203e-15
5506.50 3.2628e-15
5508.00 3.271e-15
5509.50 3.2541e-15
5511.00 3.3575e-15
5512.50 3.3361e-15
5514.00 3.2853e-15
5515.50 3.314e-15
5517.00 3.2993e-15
5518.50 3.3143e-15
5520.00 3.311e-15
5521.50 3.2986e-15
5523.00 3.3311e-15
5524.50 3.2732e-15
5526.00 3.2094e-15
5527.50 3.2302e-15
5529.00 3.1719e-15
5530.50 3.2095e-15
5532.00 3.2893e-15
5533.50 3.1912e-15
5535.00 3.1996e-15
5536.50 3.2471e-15
5538.00 3.2587e-15
5539.50 3.2702e-15
5541.00 3.3585e-15
5542.50 3.2617e-15
5544.00 3.3529e-15
5545.50 3.3473e-15
5547.00 3.2982e-15
5548.50 3.2796e-15
5550.00 3.3259e-15
5551.50 3.3693e-15
5553.00 3.2959e-15
5554.50 3.2426e-15
5556.00 3.2106e-15
5557.50 3.2298e-15
5559.00 3.2138e-15
5560.50 3.2724e-15
5562.00 3.3744e-15
5563.50 3.4011e-15
5565.00 3.3738e-15
5566.50 3.3888e-15
5568.00 3.4365e-15
5569.50 3.3921e-15
5571.00 3.2857e-15
5572.50 3.3128e-15
5574.00 3.4069e-15
5575.50 3.4629e-15
5577.00 3.4644e-15
5578.50 3.3768e-15
5580.00 3.2145e-15
5581.50 3.1042e-15
5583.00 3.2017e-15
5584.50 3.2568e-15
5586.00 3.2192e-15
5587.50 3.3098e-15
5589.00 3.3294e-15
5590.50 3.2517e-15
5592.00 3.2833e-15
5593.50 3.3695e-15
5595.00 3.3799e-15
5596.50 3.3102e-15
5598.00 3.2844e-15
5599.50 3.3191e-15
5601.00 3.274e-15
5602.50 3.2455e-15
5604.00 3.2776e-15
5605.50 3.2494e-15
5607.00 3.2633e-15
5608.50 3.2915e-15
5610.00 3.2986e-15
5611.50 3.3174e-15
5613.00 3.2979e-15
5614.50 3.264e-15
5616.00 3.2942e-15
5617.50 3.3086e-15
5619.00 3.296e-15
5620.50 3.3728e-15
5622.00 3.3659e-15
5623.50 3.2838e-15
5625.00 3.2569e-15
5626.50 3.3212e-15
5628.00 3.3539e-15
5629.50 3.3016e-15
5631.00 3.2935e-15
5632.50 3.3136e-15
5634.00 3.31e-15
5635.50 3.2553e-15
5637.00 3.1644e-15
5638.50 3.1408e-15
5640.00 3.2345e-15
5641.50 3.3402e-15
5643.00 3.3046e-15
5644.50 3.2196e-15
5646.00 3.2099e-15
5647.50 3.2212e-15
5649.00 3.2868e-15
5650.50 3.349e-15
5652.00 3.3024e-15
5653.50 3.2383e-15
5655.00 3.2241e-15
5656.50 3.268e-15
5658.00 3.3811e-15
5659.50 3.3645e-15
5661.00 3.2594e-15
5662.50 3.2904e-15
5664.00 3.2668e-15
5665.50 3.2065e-15
5667.00 3.2174e-15
5668.50 3.2525e-15
5670.00 3.2933e-15
5671.50 3.3333e-15
5673.00 3.3445e-15
5674.50 3.2472e-15
5676.00 3.277e-15
5677.50 3.3118e-15
5679.00 3.2373e-15
5680.50 3.2029e-15
5682.00 3.1523e-15
5683.50 3.133e-15
5685.00 3.0944e-15
5686.50 3.1778e-15
5688.00 3.2418e-15
5689.50 3.2633e-15
5691.00 3.1928e-15
5692.50 3.2564e-15
5694.00 3.305e-15
5695.50 3.3014e-15
5697.00 3.2835e-15
5698.50 3.1753e-15
5700.00 3.1604e-15
5701.50 3.1459e-15
5703.00 3.1685e-15
5704.50 3.1664e-15
5706.00 3.1495e-15
5707.50 3.2128e-15
5709.00 3.2542e-15
5710.50 3.2485e-15
5712.00 3.2035e-15
5713.50 3.2049e-15
5715.00 3.24e-15
5716.50 3.3049e-15
5718.00 3.3373e-15
5719.50 3.3237e-15
5721.00 3.3265e-15
5722.50 3.3317e-15
5724.00 3.2521e-15
5725.50 3.197e-15
5727.00 3.2748e-15
5728.50 3.34e-15
5730.00 3.3523e-15
5731.50 3.3423e-15
5733.00 3.181e-15
5734.50 3.1841e-15
5736.00 3.2816e-15
5737.50 3.2154e-15
5739.00 3.202e-15
5740.50 3.1431e-15
5742.00 3.2569e-15
5743.50 3.2505e-15
5745.00 3.1937e-15
5746.50 3.2361e-15
5748.00 3.227e-15
5749.50 3.0989e-15
5751.00 3.1293e-15
5752.50 3.2067e-15
5754.00 3.2195e-15
5755.50 3.17e-15
5757.00 3.1091e-15
5758.50 3.1358e-15
5760.00 3.1838e-15
5761.50 3.1546e-15
5763.00 3.217e-15
5764.50 3.1788e-15
5766.00 3.1993e-15
5767.50 3.2132e-15
5769.00 3.2072e-15
5770.50 3.2043e-15
5772.00 3.093e-15
5773.50 3.1497e-15
5775.00 3.2216e-15
5776.50 3.2271e-15
5778.00 3.1968e-15
5779.50 3.1449e-15
5781.00 3.1671e-15
5782.50 3.1784e-15
5784.00 3.2241e-15
5785.50 3.2298e-15
5787.00 3.194e-15
5788.50 3.1531e-15
5790.00 3.1474e-15
5791.50 3.1524e-15
5793.00 3.1424e-15
5794.50 3.177e-15
5796.00 3.2072e-15
5797.50 3.2268e-15
5799.00 3.161e-15
5800.50 3.1923e-15
5802.00 3.2161e-15
5803.50 3.2058e-15
5805.00 3.2575e-15
5806.50 3.1838e-15
5808.00 3.1379e-15
5809.50 3.2084e-15
5811.00 3.2451e-15
5812.50 3.1833e-15
5814.00 3.1572e-15
5815.50 3.1181e-15
5817.00 3.1956e-15
5818.50 3.171e-15
5820.00 3.0796e-15
5821.50 3.1874e-15
5823.00 3.1922e-15
5824.50 3.2261e-15
5826.00 3.1951e-15
5827.50 3.1362e-15
5829.00 3.2193e-15
5830.50 3.2336e-15
5832.00 3.1945e-15
5833.50 3.2001e-15
5835.00 3.1602e-15
5836.50 3.0948e-15
5838.00 3.1385e-15
5839.50 3.1962e-15
5841.00 3.1972e-15
5842.50 3.1967e-15
5844.00 3.2316e-15
5845.50 3.3077e-15
5847.00 3.2995e-15
5848.50 3.2604e-15
5850.00 3.1826e-15
5851.50 3.1729e-15
5853.00 3.1644e-15
5854.50 3.1821e-15
5856.00 3.189e-15
5857.50 3.2221e-15
5859.00 3.2981e-15
5860.50 3.3234e-15
5862.00 3.2904e-15
5863.50 3.2458e-15
5865.00 3.2125e-15
5866.50 3.2784e-15
5868.00 3.3576e-15
5869.50 3.3542e-15
5871.00 3.3004e-15
5872.50 3.2338e-15
5874.00 3.214e-15
5875.50 3.2417e-15
5877.00 3.2966e-15
5878.50 3.3572e-15
5880.00 3.262e-15
5881.50 3.1892e-15
5883.00 3.2102e-15
5884.50 3.2125e-15
5886.00 3.21e-15
5887.50 3.0528e-15
5889.00 2.9012e-15
5890.50 2.9013e-15
5892.00 2.9205e-15
5893.50 2.8913e-15
5895.00 2.9265e-15
5896.50 2.9366e-15
5898.00 3.0525e-15
5899.50 3.2632e-15
5901.00 3.3471e-15
5902.50 3.5001e-15
5904.00 3.5052e-15
5905.50 3.5111e-15
5907.00 3.5655e-15
5908.50 3.3893e-15
5910.00 3.0612e-15
5911.50 2.7074e-15
5913.00 2.4701e-15
5914.50 2.3737e-15
5916.00 2.3008e-15
5917.50 2.3356e-15
5919.00 2.3742e-15
5920.50 2.4857e-15
5922.00 2.585e-15
5923.50 2.8674e-15
5925.00 3.1132e-15
5926.50 3.2361e-15
5928.00 3.4042e-15
5929.50 3.4599e-15
5931.00 3.5147e-15
5932.50 3.5461e-15
5934.00 3.5127e-15
5935.50 3.5028e-15
5937.00 3.4746e-15
5938.50 3.4746e-15
5940.00 3.4668e-15
5941.50 3.4002e-15
5943.00 3.3413e-15
5944.50 3.3852e-15
5946.00 3.4176e-15
5947.50 3.3782e-15
5949.00 3.4094e-15
5950.50 3.3409e-15
5952.00 3.3252e-15
5953.50 3.3516e-15
5955.00 3.2726e-15
5956.50 3.2751e-15
5958.00 3.3258e-15
5959.50 3.2791e-15
5961.00 3.2654e-15
5962.50 3.3011e-15
5964.00 3.3611e-15
5965.50 3.3382e-15
5967.00 3.3794e-15
5968.50 3.3397e-15
5970.00 3.3024e-15
5971.50 3.2766e-15
5973.00 3.3594e-15
5974.50 3.3621e-15
5976.00 3.2428e-15
5977.50 3.1958e-15
5979.00 3.1616e-15
5980.50 3.2465e-15
5982.00 3.2704e-15
5983.50 3.2494e-15
5985.00 3.2545e-15
5986.50 3.3289e-15
5988.00 3.3345e-15
5989.50 3.2835e-15
5991.00 3.3707e-15
5992.50 3.3437e-15
5994.00 3.3424e-15
5995.50 3.248e-15
5997.00 3.2671e-15
5998.50 3.304e-15
6000.00 3.2176e-15
6001.50 3.2512e-15
6003.00 3.2702e-15
6004.50 3.239e-15
6006.00 3.2234e-15
6007.50 3.1982e-15
6009.00 3.2404e-15
6010.50 3.2673e-15
6012.00 3.2804e-15
6013.50 3.2573e-15
6015.00 3.18e-15
6016.50 3.1477e-15
6018.00 3.1875e-15
6019.50 3.2514e-15
6021.00 3.3024e-15
6022.50 3.3002e-15
6024.00 3.2852e-15
6025.50 3.2728e-15
6027.00 3.2281e-15
6028.50 3.2619e-15
6030.00 3.2801e-15
6031.50 3.2645e-15
6033.00 3.1948e-15
6034.50 3.1832e-15
6036.00 3.2117e-15
6037.50 3.2003e-15
6039.00 3.1385e-15
6040.50 3.1952e-15
6042.00 3.18e-15
6043.50 3.1648e-15
6045.00 3.1496e-15
6046.50 3.1344e-15
6048.00 3.1344e-15
6049.50 3.1431e-15
6051.00 3.1372e-15
6052.50 3.1293e-15
6054.00 3.1424e-15
6055.50 3.1644e-15
6057.00 3.1402e-15
6058.50 3.1272e-15
6060.00 3.1335e-15
6061.50 3.0983e-15
6063.00 3.1997e-15
6064.50 3.2166e-15
6066.00 3.2017e-15
6067.50 3.2574e-15
6069.00 3.2248e-15
6070.50 3.1462e-15
6072.00 3.1755e-15
6073.50 3.1637e-15
6075.00 3.1094e-15
6076.50 3.0878e-15
6078.00 3.1063e-15
6079.50 3.0917e-15
6081.00 3.0619e-15
6082.50 3.1195e-15
6084.00 3.1557e-15
6085.50 3.1078e-15
6087.00 3.133e-15
6088.50 3.1729e-15
6090.00 3.1231e-15
6091.50 3.144e-15
6093.00 3.1957e-15
6094.50 3.1389e-15
6096.00 3.0567e-15
6097.50 3.1203e-15
6099.00 3.2242e-15
6100.50 3.165e-15
6102.00 3.1166e-15
6103.50 3.0966e-15
6105.00 3.066e-15
6106.50 3.0729e-15
6108.00 3.061e-15
6109.50 3.0833e-15
6111.00 3.0787e-15
6112.50 3.0929e-15
6114.00 3.1139e-15
6115.50 3.0875e-15
6117.00 3.1609e-15
6118.50 3.201e-15
6120.00 3.0868e-15
6121.50 3.1337e-15
6123.00 3.1503e-15
6124.50 3.0539e-15
6126.00 3.116e-15
6127.50 3.1843e-15
6129.00 3.1708e-15
6130.50 3.1083e-15
6132.00 3.0494e-15
6133.50 3.0545e-15
6135.00 3.1147e-15
6136.50 3.0857e-15
6138.00 3.0751e-15
6139.50 3.0206e-15
6141.00 3.0217e-15
6142.50 3.1205e-15
6144.00 3.1589e-15
6145.50 3.1146e-15
6147.00 3.1078e-15
6148.50 3.1286e-15
6150.00 3.0999e-15
6151.50 3.0512e-15
6153.00 3.0809e-15
6154.50 3.1193e-15
6156.00 3.1357e-15
6157.50 3.0845e-15
6159.00 3.0577e-15
6160.50 3.0652e-15
6162.00 3.0615e-15
6163.50 3.0737e-15
6165.00 3.0789e-15
6166.50 3.0765e-15
6168.00 3.0221e-15
6169.50 2.9469e-15
6171.00 2.9376e-15
6172.50 2.8577e-15
6174.00 2.7824e-15
6175.50 2.7883e-15
6177.00 2.9198e-15
6178.50 3.0047e-15
6180.00 3.0638e-15
6181.50 3.109e-15
6183.00 3.1195e-15
6184.50 3.1922e-15
6186.00 3.0696e-15
6187.50 3.0568e-15
6189.00 3.083e-15
6190.50 3.0898e-15
6192.00 3.1014e-15
6193.50 3.1558e-15
6195.00 3.0949e-15
6196.50 3.1077e-15
6198.00 3.0967e-15
6199.50 3.0193e-15
6201.00 3.0941e-15
6202.50 3.0275e-15
6204.00 2.9362e-15
6205.50 2.9248e-15
6207.00 3.0026e-15
6208.50 3.0936e-15
6210.00 3.0561e-15
6211.50 3.0427e-15
6213.00 3.0772e-15
6214.50 3.075e-15
6216.00 3.1434e-15
6217.50 3.1001e-15
6219.00 3.0368e-15
6220.50 3.0232e-15
6222.00 3.0306e-15
6223.50 3.058e-15
6225.00 3.0551e-15
6226.50 3.0235e-15
6228.00 3.0275e-15
6229.50 3.0203e-15
6231.00 2.986e-15
6232.50 3.0172e-15
6234.00 3.0732e-15
6235.50 3.0712e-15
6237.00 3.0567e-15
6238.50 3.0488e-15
6240.00 3.0118e-15
6241.50 3.0156e-15
6243.00 3.0047e-15
6244.50 2.9871e-15
6246.00 3.0086e-15
6247.50 3.0148e-15
6249.00 3.0534e-15
6250.50 3.0383e-15
6252.00 3.0143e-15
6253.50 3.0184e-15
6255.00 2.9803e-15
6256.50 2.9853e-15
6258.00 3.0376e-15
6259.50 2.9892e-15
6261.00 2.8823e-15
6262.50 2.8914e-15
6264.00 2.8923e-15
6265.50 2.8575e-15
6267.00 2.8459e-15
6268.50 2.8275e-15
6270.00 2.8207e-15
6271.50 2.7565e-15
6273.00 2.7211e-15
6274.50 2.7635e-15
6276.00 2.863e-15
6277.50 2.9082e-15
6279.00 2.9485e-15
6280.50 3.011e-15
6282.00 3.0186e-15
6283.50 2.9932e-15
6285.00 3.0525e-15
6286.50 3.1158e-15
6288.00 3.0325e-15
6289.50 3.0287e-15
6291.00 2.9995e-15
6292.50 2.916e-15
6294.00 2.9428e-15
6295.50 3.01e-15
6297.00 3.0793e-15
6298.50 3.1382e-15
6300.00 3.1083e-15
6301.50 3.0872e-15
6303.00 3.0695e-15
6304.50 3.0435e-15
6306.00 3.0294e-15
6307.50 3.0185e-15
6309.00 2.9983e-15
6310.50 2.9938e-15
6312.00 3.0926e-15
6313.50 3.1175e-15
6315.00 2.9964e-15
6316.50 2.9227e-15
6318.00 2.9403e-15
6319.50 2.9667e-15
6321.00 3.0078e-15
6322.50 3.0171e-15
6324.00 2.9789e-15
6325.50 2.9737e-15
6327.00 3.0377e-15
6328.50 3.0497e-15
6330.00 3.0087e-15
6331.50 3.0805e-15
6333.00 3.0581e-15
6334.50 3.0195e-15
6336.00 3.0402e-15
6337.50 3.0163e-15
6339.00 3.0593e-15
6340.50 3.0092e-15
6342.00 3.0135e-15
6343.50 3.0568e-15
6345.00 3.1561e-15
6346.50 3.1902e-15
6348.00 3.1295e-15
6349.50 3.146e-15
6351.00 3.1429e-15
6352.50 3.1134e-15
6354.00 3.0965e-15
6355.50 3.0553e-15
6357.00 3.0184e-15
6358.50 3.0043e-15
6360.00 2.9701e-15
6361.50 3.0147e-15
6363.00 3.0355e-15
6364.50 2.9881e-15
6366.00 2.9922e-15
6367.50 2.9461e-15
6369.00 2.9166e-15
6370.50 2.9135e-15
6372.00 2.8611e-15
6373.50 2.7895e-15
6375.00 2.8066e-15
6376.50 2.8703e-15
6378.00 2.924e-15
6379.50 2.9322e-15
6381.00 2.9401e-15
6382.50 2.995e-15
6384.00 3.011e-15
6385.50 3.0647e-15
6387.00 3.1349e-15
6388.50 3.0747e-15
6390.00 3.0011e-15
6391.50 2.9298e-15
6393.00 2.8823e-15
6394.50 2.9086e-15
6396.00 2.912e-15
6397.50 2.841e-15
6399.00 2.8479e-15
6400.50 2.8439e-15
6402.00 2.9872e-15
6403.50 3.053e-15
6405.00 3.1248e-15
6406.50 3.1019e-15
6408.00 3.0891e-15
6409.50 3.163e-15
6411.00 3.124e-15
6412.50 3.2039e-15
6414.00 3.2009e-15
6415.50 3.1246e-15
6417.00 3.0826e-15
6418.50 3.1228e-15
6420.00 3.1004e-15
6421.50 3.077e-15
6423.00 3.0622e-15
6424.50 3.0988e-15
6426.00 3.046e-15
6427.50 3.0164e-15
6429.00 3.0102e-15
6430.50 3.0866e-15
6432.00 3.0094e-15
6433.50 3e-15
6435.00 2.961e-15
6436.50 2.8862e-15
6438.00 2.9113e-15
6439.50 2.9221e-15
6441.00 2.9031e-15
6442.50 2.8434e-15
6444.00 2.8259e-15
6445.50 2.8692e-15
6447.00 2.927e-15
6448.50 2.962e-15
6450.00 3.0003e-15
6451.50 3.0221e-15
6453.00 3.0089e-15
6454.50 2.9063e-15
6456.00 2.8423e-15
6457.50 2.8599e-15
6459.00 2.901e-15
6460.50 2.8705e-15
6462.00 2.8817e-15
6463.50 2.9529e-15
6465.00 2.964e-15
6466.50 2.9613e-15
6468.00 3.0549e-15
6469.50 3.0874e-15
6471.00 3.0051e-15
6472.50 2.9517e-15
6474.00 2.9424e-15
6475.50 2.8619e-15
6477.00 2.8757e-15
6478.50 2.7883e-15
6480.00 2.6645e-15
6481.50 2.5803e-15
6483.00 2.5136e-15
6484.50 2.6261e-15
6486.00 2.7249e-15
6487.50 2.7827e-15
6489.00 2.8726e-15
6490.50 2.8944e-15
6492.00 2.8821e-15
6493.50 2.8979e-15
6495.00 2.9421e-15
6496.50 2.9581e-15
6498.00 2.9494e-15
6499.50 2.8751e-15
6501.00 2.8519e-15
6502.50 2.9695e-15
6504.00 2.9907e-15
6505.50 2.9783e-15
6507.00 2.9936e-15
6508.50 2.9409e-15
6510.00 2.8379e-15
6511.50 2.7755e-15
6513.00 2.8497e-15
6514.50 2.9438e-15
6516.00 2.9473e-15
6517.50 2.9578e-15
6519.00 3.0063e-15
6520.50 2.9935e-15
6522.00 2.9656e-15
6523.50 3.0061e-15
6525.00 3.0852e-15
6526.50 3.0716e-15
6528.00 3.015e-15
6529.50 3.0218e-15
6531.00 3.0505e-15
6532.50 3.0212e-15
6534.00 2.9473e-15
6535.50 2.9814e-15
6537.00 2.9606e-15
6538.50 2.9184e-15
6540.00 2.9653e-15
6541.50 2.9515e-15
6543.00 2.922e-15
6544.50 2.9801e-15
6546.00 3.0336e-15
6547.50 3.1092e-15
6549.00 3.1555e-15
6550.50 3.2146e-15
6552.00 3.2872e-15
6553.50 3.2772e-15
6555.00 3.3191e-15
6556.50 3.3442e-15
6558.00 3.3529e-15
6559.50 3.2519e-15
6561.00 3.345e-15
6562.50 3.3771e-15
6564.00 3.3359e-15
6565.50 3.498e-15
6567.00 3.6031e-15
6568.50 3.6147e-15
6570.00 3.6733e-15
6571.50 3.8502e-15
6573.00 4.0275e-15
6574.50 4.1103e-15
6576.00 4.2751e-15
6577.50 4.4699e-15
6579.00 4.6549e-15
6580.50 4.754e-15
6582.00 4.7926e-15
6583.50 4.6379e-15
6585.00 4.1777e-15
6586.50 3.6536e-15
6588.00 3.4473e-15
6589.50 4.12e-15
6591.00 6.0182e-15
6592.50 8.9916e-15
6594.00 1.2115e-14
6595.50 1.4211e-14
6597.00 1.5146e-14
6598.50 1.5064e-14
6600.00 1.4222e-14
6601.50 1.3116e-14
6603.00 1.1978e-14
6604.50 1.0669e-14
6606.00 9.4572e-15
6607.50 8.7421e-15
6609.00 8.0696e-15
6610.50 7.2744e-15
6612.00 6.6502e-15
6613.50 6.2069e-15
6615.00 5.8776e-15
6616.50 5.5036e-15
6618.00 5.2931e-15
6619.50 5.0702e-15
6621.00 4.8523e-15
6622.50 4.7911e-15
6624.00 4.6614e-15
6625.50 4.4381e-15
6627.00 4.3641e-15
6628.50 4.2047e-15
6630.00 3.9976e-15
6631.50 3.9279e-15
6633.00 3.8948e-15
6634.50 3.8644e-15
6636.00 3.7207e-15
6637.50 3.6472e-15
6639.00 3.6594e-15
6640.50 3.5971e-15
6642.00 3.4885e-15
6643.50 3.4281e-15
6645.00 3.4018e-15
6646.50 3.3637e-15
6648.00 3.3835e-15
6649.50 3.3475e-15
6651.00 3.3998e-15
6652.50 3.31e-15
6654.00 3.1866e-15
6655.50 3.1618e-15
6657.00 3.2136e-15
6658.50 3.2036e-15
6660.00 3.1644e-15
6661.50 3.126e-15
6663.00 3.1419e-15
6664.50 3.1361e-15
6666.00 3.1553e-15
6667.50 3.1866e-15
6669.00 3.2106e-15
6670.50 3.1959e-15
6672.00 3.1292e-15
6673.50 3.074e-15
6675.00 3.0681e-15
6676.50 3.1233e-15
6678.00 3.1234e-15
6679.50 3.0588e-15
6681.00 3.0364e-15
6682.50 3.015e-15
6684.00 3.0721e-15
6685.50 3.1006e-15
6687.00 3.0073e-15
6688.50 2.9944e-15
6690.00 3.0511e-15
6691.50 2.998e-15
6693.00 2.9472e-15
6694.50 2.9553e-15
6696.00 2.8762e-15
6697.50 2.8984e-15
6699.00 2.9847e-15
6700.50 2.9023e-15
6702.00 2.8012e-15
6703.50 2.8049e-15
6705.00 2.8518e-15
6706.50 2.9319e-15
6708.00 2.9736e-15
6709.50 3.0588e-15
6711.00 3.0658e-15
6712.50 3.0241e-15
6714.00 3.111e-15
6715.50 3.148e-15
6717.00 3.1483e-15
6718.50 3.0803e-15
6720.00 3.0299e-15
6721.50 3.0866e-15
6723.00 3.0714e-15
6724.50 3.0278e-15
6726.00 3.0067e-15
6727.50 2.9957e-15
6729.00 2.9986e-15
6730.50 2.9916e-15
6732.00 2.9706e-15
6733.50 2.9769e-15
6735.00 2.9686e-15
6736.50 2.9469e-15
6738.00 2.9584e-15
6739.50 2.9743e-15
6741.00 2.9489e-15
6742.50 2.9136e-15
6744.00 2.9293e-15
6745.50 2.9481e-15
6747.00 2.9244e-15
6748.50 2.9101e-15
6750.00 2.9267e-15
6751.50 2.9573e-15
6753.00 2.9554e-15
6754.50 2.9117e-15
6756.00 2.8846e-15
6757.50 2.8995e-15
6759.00 2.8735e-15
6760.50 2.9078e-15
6762.00 2.9306e-15
6763.50 2.8937e-15
6765.00 2.8431e-15
6766.50 2.8978e-15
6768.00 2.8618e-15
6769.50 2.9192e-15
6771.00 2.9253e-15
6772.50 2.8675e-15
6774.00 2.8942e-15
6775.50 2.896e-15
6777.00 2.8143e-15
6778.50 2.8323e-15
6780.00 2.855e-15
6781.50 2.848e-15
6783.00 2.859e-15
6784.50 2.8554e-15
6786.00 2.9458e-15
6787.50 2.9204e-15
6789.00 2.8623e-15
6790.50 2.838e-15
6792.00 2.8406e-15
6793.50 2.8789e-15
6795.00 2.9043e-15
6796.50 2.9051e-15
6798.00 2.8693e-15
6799.50 2.8318e-15
6801.00 2.8153e-15
6802.50 2.8641e-15
6804.00 2.8994e-15
6805.50 2.8883e-15
6807.00 2.9068e-15
6808.50 2.8498e-15
6810.00 2.796e-15
6811.50 2.7613e-15
6813.00 2.7992e-15
6814.50 2.8367e-15
6816.00 2.78e-15
6817.50 2.6978e-15
6819.00 2.7397e-15
6820.50 2.8015e-15
6822.00 2.8139e-15
6823.50 2.843e-15
6825.00 2.8394e-15
6826.50 2.7988e-15
6828.00 2.7518e-15
6829.50 2.7794e-15
6831.00 2.7244e-15
6832.50 2.789e-15
6834.00 2.8234e-15
6835.50 2.846e-15
6837.00 2.8054e-15
6838.50 2.8239e-15
6840.00 2.7512e-15
6841.50 2.7111e-15
6843.00 2.7839e-15
6844.50 2.7306e-15
6846.00 2.625e-15
6847.50 2.7133e-15
6849.00 2.7475e-15
6850.50 2.7672e-15
6852.00 2.7246e-15
6853.50 2.8379e-15
6855.00 2.815e-15
6856.50 2.6148e-15
6858.00 2.7226e-15
6859.50 2.8464e-15
6861.00 2.8525e-15
6862.50 2.794e-15
6864.00 2.8084e-15
6865.50 2.8617e-15
6867.00 2.8162e-15
6868.50 2.7053e-15
6870.00 2.7154e-15
6871.50 2.7266e-15
6873.00 2.7786e-15
6874.50 2.7479e-15
6876.00 2.8093e-15
6877.50 2.8376e-15
6879.00 2.8097e-15
6880.50 2.7924e-15
6882.00 2.767e-15
6883.50 2.7155e-15
6885.00 2.7164e-15
6886.50 2.8115e-15
6888.00 2.8264e-15
6889.50 2.8128e-15
6891.00 2.7733e-15
6892.50 2.7672e-15
6894.00 2.8226e-15
6895.50 2.8388e-15
6897.00 2.7701e-15
6898.50 2.7172e-15
6900.00 2.7397e-15
6901.50 2.8084e-15
6903.00 2.8123e-15
6904.50 2.7519e-15
6906.00 2.7667e-15
6907.50 2.8084e-15
6909.00 2.7355e-15
6910.50 2.6614e-15
6912.00 2.7294e-15
6913.50 2.7567e-15
6915.00 2.6786e-15
6916.50 2.7737e-15
6918.00 2.7883e-15
6919.50 2.7566e-15
6921.00 2.8351e-15
6922.50 2.7862e-15
6924.00 2.7153e-15
6925.50 2.7779e-15
6927.00 2.7335e-15
6928.50 2.7095e-15
6930.00 2.721e-15
6931.50 2.7582e-15
6933.00 2.7322e-15
6934.50 2.6784e-15
6936.00 2.6724e-15
6937.50 2.6535e-15
6939.00 2.6584e-15
6940.50 2.6941e-15
6942.00 2.6725e-15
6943.50 2.582e-15
6945.00 2.6343e-15
6946.50 2.6745e-15
6948.00 2.6663e-15
6949.50 2.6677e-15
6951.00 2.6956e-15
6952.50 2.7209e-15
6954.00 2.6575e-15
6955.50 2.5877e-15
6957.00 2.5846e-15
6958.50 2.6283e-15
6960.00 2.6501e-15
6961.50 2.6528e-15
6963.00 2.6343e-15
6964.50 2.6141e-15
6966.00 2.6146e-15
6967.50 2.6069e-15
6969.00 2.6362e-15
6970.50 2.6959e-15
6972.00 2.7392e-15
6973.50 2.6937e-15
6975.00 2.6483e-15
6976.50 2.7022e-15
6978.00 2.6834e-15
6979.50 2.6326e-15
6981.00 2.5939e-15
6982.50 2.5804e-15
6984.00 2.6251e-15
6985.50 2.6049e-15
6987.00 2.558e-15
6988.50 2.5885e-15
6990.00 2.5798e-15
6991.50 2.6158e-15
6993.00 2.6188e-15
6994.50 2.6247e-15
6996.00 2.7022e-15
6997.50 2.667e-15
6999.00 2.6197e-15
7000.50 2.5673e-15
7002.00 2.5951e-15
7003.50 2.585e-15
7005.00 2.5663e-15
7006.50 2.5642e-15
7008.00 2.6079e-15
7009.50 2.6291e-15
7011.00 2.6385e-15
7012.50 2.6036e-15
7014.00 2.5922e-15
7015.50 2.5785e-15
7017.00 2.5874e-15
7018.50 2.5577e-15
7020.00 2.5317e-15
7021.50 2.5968e-15
7023.00 2.5733e-15
7024.50 2.5805e-15
7026.00 2.6603e-15
7027.50 2.6576e-15
7029.00 2.6108e-15
7030.50 2.594e-15
7032.00 2.5934e-15
7033.50 2.5927e-15
7035.00 2.5688e-15
7036.50 2.5709e-15
7038.00 2.5532e-15
7039.50 2.6029e-15
7041.00 2.6939e-15
7042.50 2.6487e-15
7044.00 2.6222e-15
7045.50 2.6411e-15
7047.00 2.6545e-15
7048.50 2.6467e-15
7050.00 2.638e-15
7051.50 2.6002e-15
7053.00 2.5451e-15
7054.50 2.5853e-15
7056.00 2.5641e-15
7057.50 2.5545e-15
7059.00 2.5065e-15
7060.50 2.5809e-15
7062.00 2.6051e-15
7063.50 2.604e-15
7065.00 2.6168e-15
7066.50 2.7251e-15
7068.00 2.6891e-15
7069.50 2.5561e-15
7071.00 2.5617e-15
7072.50 2.6599e-15
7074.00 2.6695e-15
7075.50 2.6741e-15
7077.00 2.597e-15
7078.50 2.6216e-15
7080.00 2.6565e-15
7081.50 2.6909e-15
7083.00 2.7015e-15
7084.50 2.7136e-15
7086.00 2.6497e-15
7087.50 2.6269e-15
7089.00 2.6418e-15
7090.50 2.6663e-15
7092.00 2.6747e-15
7093.50 2.6813e-15
7095.00 2.6759e-15
7096.50 2.7283e-15
7098.00 2.7336e-15
7099.50 2.7977e-15
7101.00 2.8045e-15
7102.50 2.7789e-15
7104.00 2.8117e-15
7105.50 2.8319e-15
7107.00 2.7868e-15
7108.50 2.7397e-15
7110.00 2.7701e-15
7111.50 2.7251e-15
7113.00 2.6673e-15
7114.50 2.6524e-15
7116.00 2.6521e-15
7117.50 2.6613e-15
7119.00 2.6416e-15
7120.50 2.6331e-15
7122.00 2.6453e-15
7123.50 2.6519e-15
7125.00 2.6672e-15
7126.50 2.6133e-15
7128.00 2.6518e-15
7129.50 2.6804e-15
7131.00 2.7189e-15
7132.50 2.6201e-15
7134.00 2.6475e-15
7135.50 2.5778e-15
7137.00 2.5343e-15
7138.50 2.6059e-15
7140.00 2.5955e-15
7141.50 2.581e-15
7143.00 2.5896e-15
7144.50 2.5495e-15
7146.00 2.5466e-15
7147.50 2.5925e-15
7149.00 2.5835e-15
7150.50 2.5759e-15
7152.00 2.599e-15
7153.50 2.5128e-15
7155.00 2.5313e-15
7156.50 2.49e-15
7158.00 2.4646e-15
7159.50 2.4875e-15
7161.00 2.5855e-15
7162.50 2.4917e-15
7164.00 2.4856e-15
7165.50 2.5061e-15
7167.00 2.5189e-15
7168.50 2.5283e-15
7170.00 2.5219e-15
7171.50 2.5156e-15
7173.00 2.5092e-15
7174.50 2.5029e-15
7176.00 2.4965e-15
7177.50 2.4965e-15
7179.00 2.4992e-15
7180.50 2.5117e-15
7182.00 2.5652e-15
7183.50 2.5509e-15
7185.00 2.499e-15
7186.50 2.4796e-15
7188.00 2.5309e-15
7189.50 2.5341e-15
7191.00 2.4995e-15
7192.50 2.4959e-15
7194.00 2.4445e-15
7195.50 2.3895e-15
7197.00 2.4168e-15
7198.50 2.3968e-15
7200.00 2.4183e-15
7201.50 2.434e-15
7203.00 2.4204e-15
7204.50 2.4626e-15
7206.00 2.4646e-15
7207.50 2.4395e-15
7209.00 2.3693e-15
7210.50 2.4595e-15
7212.00 2.4851e-15
7213.50 2.401e-15
7215.00 2.3398e-15
7216.50 2.4087e-15
7218.00 2.5042e-15
7219.50 2.3806e-15
7221.00 2.407e-15
7222.50 2.4785e-15
7224.00 2.4876e-15
7225.50 2.4544e-15
7227.00 2.4e-15
7228.50 2.3538e-15
7230.00 2.397e-15
7231.50 2.4412e-15
7233.00 2.3756e-15
7234.50 2.3849e-15
7236.00 2.4854e-15
7237.50 2.5354e-15
7239.00 2.4682e-15
7240.50 2.4141e-15
7242.00 2.3894e-15
7243.50 2.4251e-15
7245.00 2.4627e-15
7246.50 2.373e-15
7248.00 2.2813e-15
7249.50 2.2746e-15
7251.00 2.3169e-15
7252.50 2.3389e-15
7254.00 2.3195e-15
7255.50 2.2895e-15
7257.00 2.3242e-15
7258.50 2.4099e-15
7260.00 2.4692e-15
7261.50 2.4546e-15
7263.00 2.4239e-15
7264.50 2.4301e-15
7266.00 2.4616e-15
7267.50 2.47e-15
7269.00 2.4296e-15
7270.50 2.437e-15
7272.00 2.4519e-15
7273.50 2.3808e-15
7275.00 2.3315e-15
7276.50 2.4195e-15
7278.00 2.4976e-15
7279.50 2.4086e-15
7281.00 2.387e-15
7282.50 2.425e-15
7284.00 2.3953e-15
7285.50 2.3864e-15
7287.00 2.3932e-15
7288.50 2.3931e-15
7290.00 2.4088e-15
7291.50 2.388e-15
7293.00 2.3503e-15
7294.50 2.4612e-15
7296.00 2.4312e-15
7297.50 2.3806e-15
7299.00 2.3979e-15
7300.50 2.3707e-15
7302.00 2.4084e-15
7303.50 2.3806e-15
7305.00 2.3205e-15
7306.50 2.3235e-15
7308.00 2.37e-15
7309.50 2.3746e-15
7311.00 2.2976e-15
7312.50 2.312e-15
7314.00 2.3713e-15
7315.50 2.3754e-15
7317.00 2.3869e-15
7318.50 2.3505e-15
7320.00 2.3102e-15
7321.50 2.3093e-15
7323.00 2.338e-15
7324.50 2.4185e-15
7326.00 2.4772e-15
7327.50 2.4755e-15
7329.00 2.436e-15
7330.50 2.3806e-15
7332.00 2.2822e-15
7333.50 2.2369e-15
7335.00 2.2967e-15
7336.50 2.3233e-15
7338.00 2.3527e-15
7339.50 2.3352e-15
7341.00 2.2087e-15
7342.50 2.1813e-15
7344.00 2.2517e-15
7345.50 2.2807e-15
7347.00 2.3307e-15
7348.50 2.305e-15
7350.00 2.3302e-15
7351.50 2.3331e-15
7353.00 2.3078e-15
7354.50 2.3489e-15
7356.00 2.4085e-15
7357.50 2.4074e-15
7359.00 2.2997e-15
7360.50 2.245e-15
7362.00 2.1743e-15
7363.50 2.2844e-15
7365.00 2.3395e-15
7366.50 2.3827e-15
7368.00 2.3298e-15
7369.50 2.34e-15
7371.00 2.4037e-15
7372.50 2.3658e-15
7374.00 2.2913e-15
7375.50 2.2335e-15
7377.00 2.276e-15
7378.50 2.2524e-15
7380.00 2.2483e-15
7381.50 2.2951e-15
7383.00 2.2621e-15
7384.50 2.255e-15
7386.00 2.3156e-15
7387.50 2.3571e-15
7389.00 2.3787e-15
7390.50 2.4052e-15
7392.00 2.3497e-15
7393.50 2.2488e-15
7395.00 2.2746e-15
7396.50 2.3445e-15
7398.00 2.3578e-15
7399.50 2.3412e-15
7401.00 2.3669e-15
7402.50 2.3174e-15
7404.00 2.2875e-15
7405.50 2.2941e-15
7407.00 2.2723e-15
7408.50 2.2668e-15
7410.00 2.2363e-15
7411.50 2.2408e-15
7413.00 2.2636e-15
7414.50 2.256e-15
7416.00 2.2246e-15
7417.50 2.2274e-15
7419.00 2.2058e-15
7420.50 2.2612e-15
7422.00 2.2494e-15
7423.50 2.204e-15
7425.00 2.2207e-15
7426.50 2.2156e-15
7428.00 2.2143e-15
7429.50 2.213e-15
7431.00 2.2116e-15
7432.50 2.2103e-15
7434.00 2.209e-15
7435.50 2.2077e-15
7437.00 2.2064e-15
7438.50 2.205e-15
7440.00 2.2037e-15
7441.50 2.2037e-15
7443.00 2.1863e-15
7444.50 2.2102e-15
7446.00 2.2238e-15
7447.50 2.2506e-15
7449.00 2.1907e-15
7450.50 2.1981e-15
7452.00 2.1679e-15
7453.50 2.1327e-15
7455.00 2.1621e-15
7456.50 2.1754e-15
7458.00 2.1441e-15
7459.50 2.1822e-15
7461.00 2.1615e-15
7462.50 2.1282e-15
7464.00 2.1835e-15
7465.50 2.1957e-15
7467.00 2.1684e-15
7468.50 2.23e-15
7470.00 2.2147e-15
7471.50 2.1873e-15
7473.00 2.1583e-15
7474.50 2.164e-15
7476.00 2.2e-15
7477.50 2.2009e-15
7479.00 2.1669e-15
7480.50 2.1208e-15
7482.00 2.1214e-15
7483.50 2.1794e-15
7485.00 2.2105e-15
7486.50 2.2476e-15
7488.00 2.1622e-15
7489.50 2.0749e-15
7491.00 2.0634e-15
7492.50 2.0432e-15
7494.00 2.0325e-15
7495.50 2.0253e-15
7497.00 2.0111e-15
7498.50 2.0873e-15
7500.00 2.1658e-15
7501.50 2.1631e-15
7503.00 2.0475e-15
7504.50 2.1489e-15
7506.00 2.1573e-15
7507.50 2.0822e-15
7509.00 2.1436e-15
7510.50 2.1576e-15
7512.00 2.0455e-15
7513.50 2.1222e-15
7515.00 2.1233e-15
7516.50 2.1139e-15
7518.00 2.1685e-15
7519.50 2.1696e-15
7521.00 2.1707e-15
7522.50 2.1718e-15
7524.00 2.1729e-15
7525.50 2.1729e-15
7527.00 2.147e-15
7528.50 2.1408e-15
7530.00 2.0968e-15
7531.50 2.1051e-15
7533.00 2.1703e-15
7534.50 2.1388e-15
7536.00 2.1986e-15
7537.50 2.1714e-15
7539.00 2.1475e-15
7540.50 2.1387e-15
