# wavelength flux
3200.03082 5.18912e-18
3201.53337 5.77853e-18
3203.04594 6.36784e-18
3204.54849 5.07404e-18
3206.05104 3.78045e-18
3207.56360 3.77788e-18
3209.06615 3.77532e-18
3210.57872 4.16398e-18
3212.08127 4.55257e-18
3213.58382 3.63106e-18
3215.09639 2.70969e-18
3216.59894 3.21323e-18
3218.11151 3.71669e-18
3219.61406 5.14836e-18
3221.11661 6.57976e-18
3222.62917 6.56839e-18
3224.13172 6.55699e-18
3225.64429 6.05484e-18
3227.14684 5.55278e-18
3228.64939 5.76604e-18
3230.16196 5.97926e-18
3231.66451 5.89782e-18
3233.16706 5.81638e-18
3234.67962 4.94387e-18
3236.18217 4.07151e-18
3237.69474 4.49222e-18
3239.19729 4.91286e-18
3240.69984 4.83036e-18
3242.21241 4.74786e-18
3243.71496 5.81551e-18
3245.22752 6.88295e-18
3246.73007 6.33809e-18
3248.23262 5.79330e-18
3249.74519 6.15189e-18
3251.24774 6.51040e-18
3252.75029 5.91999e-18
3254.26286 5.32968e-18
3255.76541 5.54686e-18
3257.27797 5.76401e-18
3258.78053 6.17088e-18
3260.28308 6.57767e-18
3261.79564 6.24312e-18
3263.29819 5.90863e-18
3264.81076 5.67237e-18
3266.31331 5.43617e-18
3267.81586 5.33188e-18
3269.32843 5.22761e-18
3270.83098 6.12469e-18
3272.33353 7.02160e-18
3273.84609 6.93376e-18
3275.34864 6.84592e-18
3276.86121 7.36293e-18
3278.36376 7.87982e-18
3279.86631 7.62527e-18
3281.37888 7.37074e-18
3282.88143 7.47921e-18
3284.39399 7.58766e-18
3285.89654 8.44616e-18
3287.39909 9.30448e-18
3288.91166 9.39359e-18
3290.41421 9.48265e-18
3291.91676 8.86486e-18
3293.42933 8.24719e-18
3294.93188 7.97839e-18
3296.44445 7.70966e-18
3297.94700 7.86899e-18
3299.44954 8.02829e-18
3300.96211 8.43054e-18
3302.46466 8.83268e-18
3303.97723 9.13581e-18
3305.47978 9.43885e-18
3306.98233 9.76425e-18
3308.49490 1.00896e-17
3309.99745 8.90217e-18
3311.51001 7.71503e-18
3313.01256 8.62149e-18
3314.51511 9.52779e-18
3316.02768 9.59629e-18
3317.53023 9.66474e-18
3319.03278 9.15676e-18
3320.54535 8.64888e-18
3322.04790 9.19158e-18
3323.56046 9.73417e-18
3325.06301 1.02094e-17
3326.56556 1.06846e-17
3328.07813 1.04792e-17
3329.58068 1.02738e-17
3331.09325 1.04545e-17
3332.59580 1.06352e-17
3334.09835 1.11008e-17
3335.61091 1.15663e-17
3337.11346 1.11356e-17
3338.61602 1.07049e-17
3340.12858 1.12748e-17
3341.63113 1.18446e-17
3343.14370 1.15966e-17
3344.64625 1.13487e-17
3346.14880 1.12313e-17
3347.66137 1.11141e-17
3349.16392 1.11733e-17
3350.67648 1.12326e-17
3352.17903 1.15616e-17
3353.68158 1.18906e-17
3355.19415 1.22020e-17
3356.69670 1.25134e-17
3358.19925 1.24681e-17
3359.71182 1.24229e-17
3361.21437 1.25190e-17
3362.72693 1.26150e-17
3364.22948 1.32607e-17
3365.73203 1.39063e-17
3367.24460 1.38399e-17
3368.74715 1.37734e-17
3370.25972 1.34488e-17
3371.76227 1.31241e-17
3373.26482 1.35430e-17
3374.77739 1.39617e-17
3376.27994 1.41140e-17
3377.78249 1.42662e-17
3379.29505 1.40187e-17
3380.79760 1.37713e-17
3382.31017 1.40718e-17
3383.81272 1.43723e-17
3385.31527 1.47798e-17
3386.82784 1.51872e-17
3388.33039 1.57594e-17
3389.84295 1.63315e-17
3391.34550 1.62381e-17
3392.84805 1.61448e-17
3394.36062 1.58226e-17
3395.86317 1.55006e-17
3397.36572 1.56861e-17
3398.87829 1.58716e-17
3400.38084 1.58629e-17
3401.89340 1.58542e-17
3403.39595 1.60839e-17
3404.89850 1.63135e-17
3406.41107 1.63697e-17
3407.91362 1.64259e-17
3409.42619 1.63556e-17
3410.92874 1.62853e-17
3412.43129 1.61876e-17
3413.94385 1.60898e-17
3415.44641 1.66256e-17
3416.95897 1.71612e-17
3418.46152 1.67128e-17
3419.96407 1.62645e-17
3421.47664 1.59147e-17
3422.97919 1.55651e-17
3424.48174 1.65103e-17
3425.99431 1.74554e-17
3427.49686 1.72499e-17
3429.00942 1.70443e-17
3430.51197 1.72893e-17
3432.01452 1.75343e-17
3433.52709 1.74308e-17
3435.02964 1.73273e-17
3436.54221 1.75989e-17
3438.04476 1.78704e-17
3439.54731 1.80034e-17
3441.05987 1.81364e-17
3442.56242 1.83210e-17
3444.06497 1.85055e-17
3445.57754 1.79331e-17
3447.08009 1.73608e-17
3448.59266 1.74273e-17
3450.09521 1.74938e-17
3451.59776 1.73256e-17
3453.11033 1.71574e-17
3454.61288 1.71342e-17
3456.12544 1.71110e-17
3457.62799 1.72096e-17
3459.13054 1.73082e-17
3460.64311 1.71527e-17
3462.14566 1.69972e-17
3463.64821 1.68968e-17
3465.16078 1.67964e-17
3466.66333 1.64981e-17
3468.17589 1.61998e-17
3469.67844 1.62042e-17
3471.18099 1.62086e-17
3472.69356 1.63907e-17
3474.19611 1.65728e-17
3475.70868 1.64677e-17
3477.21123 1.63625e-17
3478.71378 1.63700e-17
3480.22634 1.63775e-17
3481.72889 1.60892e-17
3483.23144 1.58009e-17
3484.74401 1.59515e-17
3486.24656 1.61021e-17
3487.75913 1.61070e-17
3489.26168 1.61119e-17
3490.76423 1.62818e-17
3492.27680 1.64516e-17
3493.77934 1.62412e-17
3495.29191 1.60309e-17
3496.79446 1.58240e-17
3498.29701 1.56173e-17
3499.80958 1.61813e-17
3501.31213 1.67453e-17
3502.82470 1.67806e-17
3504.32725 1.68159e-17
3505.82980 1.68566e-17
3507.34236 1.68972e-17
3508.84491 1.67283e-17
3510.34746 1.65595e-17
3511.86003 1.67889e-17
3513.36258 1.70182e-17
3514.87515 1.69868e-17
3516.37770 1.69553e-17
3517.88025 1.68856e-17
3519.39281 1.68160e-17
3520.89536 1.67039e-17
3522.40793 1.65918e-17
3523.91048 1.64908e-17
3525.41303 1.63898e-17
3526.92560 1.63056e-17
3528.42815 1.62213e-17
3529.93070 1.58154e-17
3531.44326 1.54095e-17
3532.94582 1.56281e-17
3534.45838 1.58466e-17
3535.96093 1.60854e-17
3537.46348 1.63241e-17
3538.97605 1.63566e-17
3540.47860 1.63890e-17
3541.99117 1.63113e-17
3543.49372 1.62336e-17
3544.99627 1.64315e-17
3546.50883 1.66293e-17
3548.01138 1.63366e-17
3549.51393 1.60439e-17
3551.02650 1.64156e-17
3552.52905 1.67872e-17
3554.04162 1.64432e-17
3555.54417 1.60993e-17
3557.04672 1.56336e-17
3558.55928 1.51680e-17
3560.06183 1.52998e-17
3561.57440 1.54317e-17
3563.07695 1.52599e-17
3564.57950 1.50882e-17
3566.09207 1.50497e-17
3567.59462 1.50111e-17
3569.09717 1.49903e-17
3570.60974 1.49695e-17
3572.11229 1.50204e-17
3573.62485 1.50712e-17
3575.12740 1.51344e-17
3576.62995 1.51976e-17
3578.14252 1.51977e-17
3579.64507 1.51979e-17
3581.15764 1.49387e-17
3582.66019 1.46796e-17
3584.16274 1.50097e-17
3585.67530 1.53398e-17
3587.17785 1.51709e-17
3588.68040 1.50020e-17
3590.19297 1.52021e-17
3591.69552 1.54022e-17
3593.20809 1.50792e-17
3594.71064 1.47562e-17
3596.21319 1.46056e-17
3597.72575 1.44549e-17
3599.22830 1.46051e-17
3600.74087 1.47553e-17
3602.24342 1.48113e-17
3603.74597 1.48673e-17
3605.25854 1.48084e-17
3606.76109 1.47496e-17
3608.27366 1.47729e-17
3609.77621 1.47963e-17
3611.27876 1.46822e-17
3612.79132 1.45681e-17
3614.29387 1.46904e-17
3615.79642 1.48126e-17
3617.30899 1.48547e-17
3618.81154 1.48968e-17
3620.32411 1.45284e-17
3621.82666 1.41601e-17
3623.32921 1.42453e-17
3624.84177 1.43306e-17
3626.34432 1.44566e-17
3627.85689 1.45827e-17
3629.35944 1.45388e-17
3630.86199 1.44949e-17
3632.37456 1.43125e-17
3633.87711 1.41302e-17
3635.37966 1.44322e-17
3636.89222 1.47341e-17
3638.39477 1.49651e-17
3639.90734 1.51961e-17
3641.40989 1.50591e-17
3642.91244 1.49220e-17
3644.42501 1.50959e-17
3645.92756 1.52698e-17
3647.44013 1.54190e-17
3648.94268 1.55681e-17
3650.44522 1.58747e-17
3651.95779 1.61813e-17
3653.46034 1.61071e-17
3654.96289 1.60329e-17
3656.47546 1.57069e-17
3657.97801 1.53809e-17
3659.49058 1.55861e-17
3660.99313 1.57913e-17
3662.49568 1.64836e-17
3664.00824 1.71758e-17
3665.51079 1.70978e-17
3667.02336 1.70197e-17
3668.52591 1.68471e-17
3670.02846 1.66745e-17
3671.54103 1.63398e-17
3673.04358 1.60052e-17
3674.54613 1.59025e-17
3676.05869 1.57999e-17
3677.56124 1.52651e-17
3679.07381 1.47303e-17
3680.57636 1.46897e-17
3682.07891 1.46491e-17
3683.59148 1.44165e-17
3685.09403 1.41840e-17
3686.60660 1.38360e-17
3688.10914 1.34881e-17
3689.61170 1.31692e-17
3691.12426 1.28503e-17
3692.62681 1.26278e-17
3694.12936 1.24055e-17
3695.64193 1.20647e-17
3697.14448 1.17239e-17
3698.65705 1.17601e-17
3700.15960 1.17964e-17
3701.66215 1.14622e-17
3703.17471 1.11279e-17
3704.67726 1.11303e-17
3706.18983 1.11327e-17
3707.69238 1.09515e-17
3709.19493 1.07704e-17
3710.70750 1.06012e-17
3712.21005 1.04321e-17
3713.72261 1.02592e-17
3715.22516 1.01992e-17
3716.72771 1.01392e-17
3718.24028 1.00820e-17
3719.74283 1.00248e-17
3721.24538 9.96768e-18
3722.75795 9.91054e-18
3724.26050 9.85340e-18
3725.77306 9.79629e-18
3727.27562 9.73917e-18
3728.77817 9.68208e-18
3730.29073 9.62500e-18
3731.79328 9.56792e-18
3733.30585 9.51087e-18
3734.80840 9.45383e-18
3736.31095 9.39679e-18
3737.82352 9.33978e-18
3739.32607 9.28278e-18
3740.82862 9.22577e-18
3742.34118 9.16880e-18
3743.84373 9.11183e-18
3745.35630 9.05488e-18
3746.85885 8.99794e-18
3748.36140 8.94101e-18
3749.87397 8.88409e-18
3751.37652 8.82719e-18
3752.88908 8.77030e-18
3754.39163 8.71341e-18
3755.89418 8.81876e-18
3757.40675 8.92410e-18
3758.90930 8.83410e-18
3760.41185 8.74410e-18
3761.92442 8.73318e-18
3763.42697 8.72226e-18
3764.93954 8.90042e-18
3766.44209 9.07857e-18
3767.94464 8.97664e-18
3769.45720 8.87471e-18
3770.95975 8.67918e-18
3772.47232 8.48368e-18
3773.97487 8.47793e-18
3775.47742 8.47222e-18
3776.98999 8.67037e-18
3778.49254 8.86852e-18
3780.00510 8.91398e-18
3781.50765 8.95941e-18
3783.01020 9.02634e-18
3784.52277 9.09327e-18
3786.02532 9.28792e-18
3787.52787 9.48256e-18
3789.04044 9.44012e-18
3790.54299 9.39766e-18
3792.05555 9.46589e-18
3793.55810 9.53411e-18
3795.06065 9.76564e-18
3796.57322 9.99714e-18
3798.07577 9.74421e-18
3799.58834 9.49126e-18
3801.09089 9.46163e-18
3802.59344 9.43203e-18
3804.10601 9.46920e-18
3805.60856 9.50638e-18
3807.11111 9.62047e-18
3808.62367 9.73456e-18
3810.12622 9.93848e-18
3811.63879 1.01424e-17
3813.14134 9.97088e-18
3814.64389 9.79937e-18
3816.15646 9.86640e-18
3817.65901 9.93344e-18
3819.17157 1.00799e-17
3820.67412 1.02263e-17
3822.17667 1.02272e-17
3823.68924 1.02281e-17
3825.19179 1.03909e-17
3826.69434 1.05536e-17
3828.20691 1.06446e-17
3829.70946 1.07355e-17
3831.22202 1.10687e-17
3832.72457 1.14019e-17
3834.22712 1.15265e-17
3835.73969 1.16510e-17
3837.24224 1.18236e-17
3838.75481 1.19962e-17
3840.25736 1.24348e-17
3841.75991 1.28733e-17
3843.27248 1.30759e-17
3844.77502 1.32785e-17
3846.27758 1.35413e-17
3847.79014 1.38041e-17
3849.29269 1.40796e-17
3850.80526 1.43550e-17
3852.30781 1.46626e-17
3853.81036 1.49702e-17
3855.32293 1.55711e-17
3856.82548 1.61720e-17
3858.33804 1.63899e-17
3859.84059 1.66078e-17
3861.34314 1.68924e-17
3862.85571 1.71770e-17
3864.35826 1.76139e-17
3865.86081 1.80508e-17
3867.37338 1.81065e-17
3868.87593 1.81622e-17
3870.38849 1.86851e-17
3871.89104 1.92080e-17
3873.39359 1.96420e-17
3874.90616 2.00759e-17
3876.40871 2.05757e-17
3877.92128 2.10753e-17
3879.42383 2.14310e-17
3880.92638 2.17867e-17
3882.43894 2.18513e-17
3883.94150 2.19158e-17
3885.45406 2.28680e-17
3886.95661 2.38202e-17
3888.45916 2.38911e-17
3889.97173 2.39618e-17
3891.47428 2.45359e-17
3892.97683 2.51100e-17
3894.48940 2.56018e-17
3895.99195 2.60935e-17
3897.50451 2.60198e-17
3899.00706 2.59461e-17
3900.50961 2.60174e-17
3902.02218 2.60887e-17
3903.52473 2.64343e-17
3905.03730 2.67799e-17
3906.53985 2.69448e-17
3908.04240 2.71096e-17
3909.55496 2.70443e-17
3911.05751 2.69791e-17
3912.56006 2.73775e-17
3914.07263 2.77760e-17
3915.57518 2.79321e-17
3917.08775 2.80882e-17
3918.59030 2.81041e-17
3920.09285 2.81199e-17
3921.60541 2.82416e-17
3923.10797 2.83632e-17
3924.62053 2.85486e-17
3926.12308 2.87340e-17
3927.62563 2.86018e-17
3929.13820 2.84697e-17
3930.64075 2.78269e-17
3932.14330 2.71842e-17
3933.65587 2.68896e-17
3935.15842 2.65951e-17
3936.67098 2.69739e-17
3938.17353 2.73528e-17
3939.67608 2.76436e-17
3941.18865 2.79344e-17
3942.69120 2.86113e-17
3944.20377 2.92881e-17
3945.70632 2.93824e-17
3947.20887 2.94767e-17
3948.72143 2.94115e-17
3950.22398 2.93464e-17
3951.72653 2.92273e-17
3953.23910 2.91082e-17
3954.74165 2.93157e-17
3956.25422 2.95231e-17
3957.75677 2.91825e-17
3959.25932 2.88419e-17
3960.77189 2.93540e-17
3962.27444 2.98662e-17
3963.78700 2.95620e-17
3965.28955 2.92578e-17
3966.79210 2.94503e-17
3968.30467 2.96429e-17
3969.80722 2.91872e-17
3971.30977 2.87315e-17
3972.82234 2.85578e-17
3974.32489 2.83841e-17
3975.83745 2.85566e-17
3977.34000 2.87292e-17
3978.84255 2.86933e-17
3980.35512 2.86575e-17
3981.85767 2.88196e-17
3983.37024 2.89818e-17
3984.87279 2.91003e-17
3986.37534 2.92189e-17
3987.88790 2.95601e-17
3989.39045 2.99013e-17
3990.90302 2.97017e-17
3992.40557 2.95020e-17
3993.90812 2.93701e-17
3995.42069 2.92384e-17
3996.92324 2.94113e-17
3998.42579 2.95842e-17
3999.93836 2.90211e-17
4001.44091 2.84579e-17
4002.95347 2.82058e-17
4004.45602 2.79538e-17
4005.95857 2.79096e-17
4007.47114 2.78654e-17
4008.97369 2.76796e-17
4010.48626 2.74937e-17
4011.98881 2.74767e-17
4013.49136 2.74597e-17
4015.00392 2.74044e-17
4016.50647 2.73492e-17
4018.00902 2.68553e-17
4019.52159 2.63614e-17
4021.02414 2.60444e-17
4022.53671 2.57274e-17
4024.03926 2.57332e-17
4025.54181 2.57390e-17
4027.05437 2.57045e-17
4028.55692 2.56700e-17
4030.06949 2.52330e-17
4031.57204 2.47959e-17
4033.07459 2.47208e-17
4034.58716 2.46457e-17
4036.08971 2.42837e-17
4037.59226 2.39217e-17
4039.10483 2.40096e-17
4040.60738 2.40976e-17
4042.11994 2.40382e-17
4043.62249 2.39788e-17
4045.12504 2.38925e-17
4046.63761 2.38062e-17
4048.14016 2.34454e-17
4049.65273 2.30846e-17
4051.15528 2.28902e-17
4052.65783 2.26959e-17
4054.17039 2.26295e-17
4055.67294 2.25632e-17
4057.17549 2.27801e-17
4058.68806 2.29970e-17
4060.19061 2.29998e-17
4061.70318 2.30026e-17
4063.20573 2.29311e-17
4064.70828 2.28597e-17
4066.22084 2.26633e-17
4067.72339 2.24669e-17
4069.23596 2.21221e-17
4070.73851 2.17773e-17
4072.24106 2.17396e-17
4073.75363 2.17020e-17
4075.25618 2.19245e-17
4076.75873 2.21469e-17
4078.27130 2.20299e-17
4079.77385 2.19129e-17
4081.28641 2.15109e-17
4082.78896 2.11088e-17
4084.29151 2.12363e-17
4085.80408 2.13638e-17
4087.30663 2.13644e-17
4088.81920 2.13650e-17
4090.32175 2.11297e-17
4091.82430 2.08943e-17
4093.33686 2.04587e-17
4094.83941 2.00232e-17
4096.35198 1.98697e-17
4097.85453 1.97163e-17
4099.35708 1.96921e-17
4100.86965 1.96679e-17
4102.37220 1.96351e-17
4103.87475 1.96022e-17
4105.38731 1.98782e-17
4106.88986 2.01543e-17
4108.40243 2.02049e-17
4109.90498 2.02554e-17
4111.40753 2.01039e-17
4112.92010 1.99524e-17
4114.42265 1.98491e-17
4115.93521 1.97459e-17
4117.43776 1.98360e-17
4118.94031 1.99261e-17
4120.45288 2.01135e-17
4121.95543 2.03009e-17
4123.45798 2.02881e-17
4124.97055 2.02751e-17
4126.47310 2.00922e-17
4127.98567 1.99093e-17
4129.48822 2.00518e-17
4130.99077 2.01943e-17
4132.50333 2.01992e-17
4134.00588 2.02042e-17
4135.51845 1.99651e-17
4137.02100 1.97261e-17
4138.52355 1.98084e-17
4140.03612 1.98908e-17
4141.53867 2.00777e-17
4143.04122 2.02645e-17
4144.55378 2.00980e-17
4146.05633 1.99316e-17
4147.56890 1.98414e-17
4149.07145 1.97513e-17
4150.57400 2.00426e-17
4152.08657 2.03338e-17
4153.58912 1.98997e-17
4155.10169 1.94654e-17
4156.60424 1.93184e-17
4158.10678 1.91715e-17
4159.61935 1.90263e-17
4161.12190 1.88811e-17
4162.62445 1.89568e-17
4164.13702 1.90326e-17
4165.63957 1.86943e-17
4167.15214 1.83559e-17
4168.65469 1.83112e-17
4170.15724 1.82666e-17
4171.66980 1.85467e-17
4173.17235 1.88267e-17
4174.68492 1.87880e-17
4176.18747 1.87491e-17
4177.69002 1.86544e-17
4179.20259 1.85596e-17
4180.70514 1.89781e-17
4182.21770 1.93967e-17
4183.72025 1.92511e-17
4185.22280 1.91054e-17
4186.73537 1.91002e-17
4188.23792 1.90949e-17
4189.74047 1.93371e-17
4191.25304 1.95793e-17
4192.75559 1.95994e-17
4194.26815 1.96195e-17
4195.77070 1.96335e-17
4197.27326 1.96475e-17
4198.78582 1.96770e-17
4200.28837 1.97066e-17
4201.80094 1.99899e-17
4203.30349 2.02732e-17
4204.80604 2.01218e-17
4206.31861 1.99705e-17
4207.82116 1.99177e-17
4209.32371 1.98650e-17
4210.83627 2.00237e-17
4212.33882 2.01824e-17
4213.85139 2.03427e-17
4215.35394 2.05030e-17
4216.85649 2.04488e-17
4218.36906 2.03946e-17
4219.87161 2.03998e-17
4221.38417 2.04049e-17
4222.88672 2.02119e-17
4224.38927 2.00189e-17
4225.90184 2.02154e-17
4227.40439 2.04120e-17
4228.90694 2.07934e-17
4230.41951 2.11748e-17
4231.92206 2.07135e-17
4233.43462 2.02521e-17
4234.93718 2.02227e-17
4236.43973 2.01935e-17
4237.95229 2.03277e-17
4239.45484 2.04619e-17
4240.96741 2.04216e-17
4242.46996 2.03813e-17
4243.97251 2.02379e-17
4245.48508 2.00945e-17
4246.98763 2.01198e-17
4248.49018 2.01450e-17
4250.00274 1.99760e-17
4251.50529 1.98070e-17
4253.01786 1.99173e-17
4254.52041 2.00276e-17
4256.02296 2.02143e-17
4257.53553 2.04010e-17
4259.03808 2.02187e-17
4260.55064 2.00363e-17
4262.05319 2.02381e-17
4263.55574 2.04399e-17
4265.06831 2.02144e-17
4266.57086 1.99888e-17
4268.07341 2.01671e-17
4269.58598 2.03455e-17
4271.08853 2.02353e-17
4272.60110 2.01252e-17
4274.10365 2.02149e-17
4275.60620 2.03046e-17
4277.11876 2.03824e-17
4278.62131 2.04601e-17
4280.13388 2.06473e-17
4281.63643 2.08346e-17
4283.13898 2.07866e-17
4284.65155 2.07385e-17
4286.15410 2.07730e-17
4287.66666 2.08075e-17
4289.16921 2.06978e-17
4290.67176 2.05881e-17
4292.18433 2.06030e-17
4293.68688 2.06180e-17
4295.18943 2.07046e-17
4296.70200 2.07911e-17
4298.20455 2.09826e-17
4299.71711 2.11740e-17
4301.21966 2.09369e-17
4302.72221 2.06998e-17
4304.23478 2.07176e-17
4305.73733 2.07354e-17
4307.24990 2.07901e-17
4308.75245 2.08447e-17
4310.25500 2.07174e-17
4311.76757 2.05901e-17
4313.27012 2.01498e-17
4314.77267 1.97095e-17
4316.28523 1.98414e-17
4317.78778 1.99735e-17
4319.30035 2.00039e-17
4320.80290 2.00343e-17
4322.30545 1.98056e-17
4323.81802 1.95769e-17
4325.32057 1.94418e-17
4326.83313 1.93068e-17
4328.33568 1.88309e-17
4329.83823 1.83549e-17
4331.35080 1.84370e-17
4332.85335 1.85192e-17
4334.35590 1.84771e-17
4335.86847 1.84351e-17
4337.37102 1.82925e-17
4338.88358 1.81499e-17
4340.38613 1.80761e-17
4341.88868 1.80023e-17
4343.40125 1.78366e-17
4344.90380 1.76708e-17
4346.41637 1.76273e-17
4347.91892 1.75837e-17
4349.42147 1.73743e-17
4350.93404 1.71648e-17
4352.43659 1.71567e-17
4353.93914 1.70727e-17
4355.45170 1.69887e-17
4356.95425 1.69047e-17
4358.46682 1.68207e-17
4359.96937 1.67367e-17
4361.47192 1.66527e-17
4362.98449 1.65688e-17
4364.48704 1.64849e-17
4365.99960 1.64009e-17
4367.50215 1.63170e-17
4369.00470 1.62331e-17
4370.51727 1.61492e-17
4372.01982 1.60654e-17
4373.52237 1.59815e-17
4375.03494 1.58976e-17
4376.53749 1.58138e-17
4378.05005 1.57299e-17
4379.55260 1.56461e-17
4381.05515 1.55623e-17
4382.56772 1.54785e-17
4384.07027 1.53947e-17
4385.58284 1.53109e-17
4387.08539 1.52271e-17
4388.58794 1.51434e-17
4390.10050 1.50596e-17
4391.60305 1.49725e-17
4393.11562 1.48854e-17
4394.61817 1.48745e-17
4396.12072 1.48636e-17
4397.63329 1.48488e-17
4399.13584 1.48341e-17
4400.63839 1.50318e-17
4402.15096 1.52296e-17
4403.65351 1.51004e-17
4405.16607 1.49711e-17
4406.66862 1.50126e-17
4408.17117 1.50541e-17
4409.68374 1.49508e-17
4411.18629 1.48475e-17
4412.69886 1.50151e-17
4414.20141 1.51827e-17
4415.70396 1.52969e-17
4417.21652 1.54111e-17
4418.71907 1.53874e-17
4420.23164 1.53637e-17
4421.73419 1.53757e-17
4423.23674 1.53877e-17
4424.74931 1.54654e-17
4426.25186 1.55431e-17
4427.75441 1.56631e-17
4429.26698 1.57831e-17
4430.76952 1.56938e-17
4432.28209 1.56045e-17
4433.78464 1.56879e-17
4435.28719 1.57714e-17
4436.79976 1.59797e-17
4438.30231 1.61881e-17
4439.81488 1.62776e-17
4441.31743 1.63670e-17
4442.81998 1.64497e-17
4444.33254 1.65322e-17
4445.83509 1.66655e-17
4447.33764 1.67987e-17
4448.85021 1.67535e-17
4450.35276 1.67083e-17
4451.86533 1.70163e-17
4453.36788 1.73243e-17
4454.87043 1.72774e-17
4456.38299 1.72304e-17
4457.88554 1.75773e-17
4459.39811 1.79241e-17
4460.90066 1.81624e-17
4462.40321 1.84005e-17
4463.91578 1.82652e-17
4465.41833 1.81297e-17
4466.92088 1.83017e-17
4468.43345 1.84736e-17
4469.93600 1.87045e-17
4471.44856 1.89353e-17
4472.95111 1.91426e-17
4474.45366 1.93498e-17
4475.96623 1.93582e-17
4477.46878 1.93666e-17
4478.98135 1.95244e-17
4480.48390 1.96821e-17
4481.98645 1.98679e-17
4483.49901 2.00537e-17
4485.00156 2.00832e-17
4486.50411 2.01127e-17
4488.01668 2.02489e-17
4489.51923 2.03851e-17
4491.03180 2.06148e-17
4492.53435 2.08445e-17
4494.03690 2.12075e-17
4495.54946 2.15705e-17
4497.05201 2.16082e-17
4498.56458 2.16458e-17
4500.06713 2.18175e-17
4501.56968 2.19892e-17
4503.08225 2.20358e-17
4504.58480 2.20823e-17
4506.08735 2.22838e-17
4507.59991 2.24853e-17
4509.10246 2.28302e-17
4510.61503 2.31751e-17
4512.11758 2.31109e-17
4513.62013 2.30466e-17
4515.13270 2.30150e-17
4516.63525 2.29834e-17
4518.14782 2.31035e-17
4519.65037 2.32235e-17
4521.15292 2.35044e-17
4522.66548 2.37853e-17
4524.16803 2.38962e-17
4525.68060 2.40070e-17
4527.18315 2.41978e-17
4528.68570 2.43884e-17
4530.19827 2.45586e-17
4531.70082 2.47288e-17
4533.20337 2.46291e-17
4534.71593 2.45295e-17
4536.21848 2.46669e-17
4537.73105 2.48044e-17
4539.23360 2.51382e-17
4540.73615 2.54719e-17
4542.24872 2.56539e-17
4543.75127 2.58358e-17
4545.26384 2.58305e-17
4546.76638 2.58252e-17
4548.26894 2.57602e-17
4549.78150 2.56951e-17
4551.28405 2.55582e-17
4552.78660 2.54212e-17
4554.29917 2.56695e-17
4555.80172 2.59178e-17
4557.31429 2.58870e-17
4558.81684 2.58562e-17
4560.31939 2.58861e-17
4561.83195 2.59161e-17
4563.33450 2.62637e-17
4564.84707 2.66113e-17
4566.34962 2.64762e-17
4567.85217 2.63410e-17
4569.36474 2.64080e-17
4570.86729 2.64750e-17
4572.36984 2.66506e-17
4573.88240 2.68262e-17
4575.38495 2.67754e-17
4576.89752 2.67244e-17
4578.40007 2.67538e-17
4579.90262 2.67833e-17
4581.41519 2.71114e-17
4582.91774 2.74396e-17
4584.43030 2.72357e-17
4585.93286 2.70317e-17
4587.43541 2.70670e-17
4588.94797 2.71022e-17
4590.45052 2.69065e-17
4591.95307 2.67107e-17
4593.46564 2.67112e-17
4594.96819 2.67118e-17
4596.48076 2.69249e-17
4597.98331 2.71379e-17
4599.48586 2.70120e-17
4600.99842 2.68860e-17
4602.50097 2.70431e-17
4604.01354 2.72002e-17
4605.51609 2.70177e-17
4607.01864 2.68350e-17
4608.53121 2.69330e-17
4610.03376 2.70309e-17
4611.53631 2.66960e-17
4613.04887 2.63610e-17
4614.55142 2.60841e-17
4616.06399 2.58072e-17
4617.56654 2.58671e-17
4619.06909 2.59270e-17
4620.58166 2.57972e-17
4622.08421 2.56673e-17
4623.59677 2.58041e-17
4625.09933 2.59409e-17
4626.60188 2.56636e-17
4628.11444 2.53861e-17
4629.61699 2.52473e-17
4631.12956 2.51085e-17
4632.63211 2.51823e-17
4634.13466 2.52562e-17
4635.64723 2.52886e-17
4637.14978 2.53210e-17
4638.65233 2.53311e-17
4640.16489 2.53413e-17
4641.66744 2.53270e-17
4643.18001 2.53128e-17
4644.68256 2.53774e-17
4646.18511 2.54420e-17
4647.69768 2.54205e-17
4649.20023 2.53990e-17
4650.71279 2.53042e-17
4652.21534 2.52093e-17
4653.71789 2.50212e-17
4655.23046 2.48331e-17
4656.73301 2.46270e-17
4658.23556 2.44209e-17
4659.74813 2.40958e-17
4661.25068 2.37708e-17
4662.76325 2.39192e-17
4664.26580 2.40677e-17
4665.76835 2.39456e-17
4667.28091 2.38235e-17
4668.78346 2.36855e-17
4670.29603 2.35475e-17
4671.79858 2.34096e-17
4673.30113 2.32717e-17
4674.81370 2.31595e-17
4676.31625 2.30474e-17
4677.81880 2.28509e-17
4679.33136 2.26545e-17
4680.83391 2.23646e-17
4682.34648 2.20748e-17
4683.84903 2.19417e-17
4685.35158 2.18086e-17
4686.86415 2.18946e-17
4688.36670 2.19806e-17
4689.87926 2.18270e-17
4691.38181 2.16733e-17
4692.88436 2.15634e-17
4694.39693 2.14536e-17
4695.89948 2.11249e-17
4697.40203 2.07963e-17
4698.91460 2.07437e-17
4700.41715 2.06911e-17
4701.92972 2.02304e-17
4703.43227 1.97695e-17
4704.93481 1.97298e-17
4706.44738 1.96901e-17
4707.94993 1.94033e-17
4709.46250 1.91165e-17
4710.96505 1.90471e-17
4712.46760 1.89778e-17
4713.98017 1.87687e-17
4715.48272 1.85595e-17
4716.98527 1.84723e-17
4718.49783 1.83852e-17
4720.00038 1.82004e-17
4721.51295 1.80155e-17
4723.01550 1.77898e-17
4724.51805 1.75641e-17
4726.03062 1.75095e-17
4727.53317 1.74550e-17
4729.04573 1.71078e-17
4730.54828 1.67606e-17
4732.05083 1.68163e-17
4733.56340 1.68722e-17
4735.06595 1.66876e-17
4736.57852 1.65029e-17
4738.08107 1.63683e-17
4739.58362 1.62338e-17
4741.09619 1.61678e-17
4742.59874 1.61018e-17
4744.10129 1.58601e-17
4745.61385 1.56184e-17
4747.11640 1.55205e-17
4748.62897 1.54226e-17
4750.13152 1.52559e-17
4751.63407 1.50892e-17
4753.14664 1.49439e-17
4754.64919 1.47988e-17
4756.16175 1.47927e-17
4757.66430 1.47867e-17
4759.16685 1.46802e-17
4760.67942 1.45738e-17
4762.18197 1.45070e-17
4763.68452 1.44402e-17
4765.19709 1.42898e-17
4766.69964 1.41394e-17
4768.21220 1.40908e-17
4769.71475 1.40421e-17
4771.21730 1.40500e-17
4772.72987 1.40580e-17
4774.23242 1.41358e-17
4775.74499 1.42136e-17
4777.24754 1.42095e-17
4778.75009 1.42054e-17
4780.26265 1.41496e-17
4781.76520 1.40939e-17
4783.26775 1.40031e-17
4784.78032 1.39124e-17
4786.28287 1.39596e-17
4787.79544 1.40069e-17
4789.29799 1.41390e-17
4790.80054 1.42711e-17
4792.31311 1.43171e-17
4793.81566 1.43631e-17
4795.32822 1.43118e-17
4796.83077 1.42605e-17
4798.33332 1.43970e-17
4799.84589 1.45334e-17
4801.34844 1.44682e-17
4802.86101 1.44029e-17
4804.36356 1.44896e-17
4805.86611 1.45763e-17
4807.37867 1.44678e-17
4808.88122 1.43592e-17
4810.38377 1.43685e-17
4811.89634 1.43778e-17
4813.39889 1.45167e-17
4814.91146 1.46556e-17
4816.41401 1.46624e-17
4817.91656 1.46691e-17
4819.42913 1.47212e-17
4820.93167 1.47733e-17
4822.43422 1.46321e-17
4823.94679 1.44909e-17
4825.44934 1.44693e-17
4826.96191 1.44477e-17
4828.46446 1.43616e-17
4829.96701 1.42755e-17
4831.47958 1.44153e-17
4832.98213 1.45552e-17
4834.49469 1.44915e-17
4835.99724 1.44277e-17
4837.49979 1.43924e-17
4839.01236 1.43571e-17
4840.51491 1.43072e-17
4842.02748 1.42572e-17
4843.53003 1.41125e-17
4845.03258 1.39677e-17
4846.54514 1.40536e-17
4848.04769 1.41395e-17
4849.55024 1.40426e-17
4851.06281 1.39456e-17
4852.56536 1.40235e-17
4854.07793 1.41013e-17
4855.58048 1.41791e-17
4857.08303 1.42569e-17
4858.59560 1.43346e-17
4860.09815 1.44124e-17
4861.61071 1.44902e-17
4863.11326 1.45679e-17
4864.61581 1.46456e-17
4866.12838 1.47233e-17
4867.63093 1.48010e-17
4869.13348 1.48787e-17
4870.64605 1.49564e-17
4872.14860 1.50340e-17
4873.66116 1.51117e-17
4875.16371 1.51893e-17
4876.66626 1.52669e-17
4878.17883 1.53445e-17
4879.68138 1.54221e-17
4881.19395 1.54997e-17
4882.69650 1.55772e-17
4884.19905 1.56548e-17
4885.71161 1.57323e-17
4887.21416 1.58099e-17
4888.71671 1.58874e-17
4890.22928 1.59715e-17
4891.73183 1.61484e-17
4893.24440 1.63254e-17
4894.74695 1.63195e-17
4896.24950 1.63135e-17
4897.76206 1.64662e-17
4899.26462 1.66190e-17
4900.77718 1.68132e-17
4902.27973 1.70074e-17
4903.78228 1.70086e-17
4905.29485 1.70097e-17
4906.79740 1.70621e-17
4908.30997 1.71144e-17
4909.81252 1.71680e-17
4911.31507 1.72216e-17
4912.82763 1.73216e-17
4914.33018 1.74217e-17
4915.83273 1.74344e-17
4917.34530 1.74471e-17
4918.84785 1.74291e-17
4920.36042 1.74111e-17
4921.86297 1.74021e-17
4923.36552 1.73931e-17
4924.87808 1.74549e-17
4926.38063 1.75166e-17
4927.88318 1.75256e-17
4929.39575 1.75344e-17
4930.89830 1.75129e-17
4932.41087 1.74913e-17
4933.91342 1.73406e-17
4935.41597 1.71898e-17
4936.92854 1.72432e-17
4938.43109 1.72966e-17
4939.94365 1.72780e-17
4941.44620 1.72593e-17
4942.94875 1.71652e-17
4944.46132 1.70710e-17
4945.96387 1.69317e-17
4947.47644 1.67925e-17
4948.97899 1.67750e-17
4950.48154 1.66693e-17
4951.99410 1.65636e-17
4953.49665 1.64580e-17
4954.99920 1.63524e-17
4956.51177 1.62468e-17
4958.01432 1.61411e-17
4959.52689 1.60356e-17
4961.02944 1.59300e-17
4962.53199 1.58244e-17
4964.04455 1.57189e-17
4965.54710 1.56134e-17
4967.05967 1.55079e-17
4968.56222 1.54025e-17
4970.06477 1.52970e-17
4971.57734 1.51915e-17
4973.07989 1.50861e-17
4974.58244 1.49807e-17
4976.09501 1.48753e-17
4977.59755 1.47700e-17
4979.11012 1.46646e-17
4980.61267 1.45593e-17
4982.11522 1.44540e-17
4983.62779 1.43486e-17
4985.13034 1.42434e-17
4986.64291 1.41381e-17
4988.14546 1.40306e-17
4989.64801 1.39231e-17
4991.16057 1.38546e-17
4992.66312 1.37861e-17
4994.16567 1.36974e-17
4995.67824 1.36087e-17
4997.18079 1.35797e-17
4998.69336 1.36068e-17
5000.19591 1.36338e-17
5001.69846 1.36609e-17
5003.21102 1.36880e-17
5004.71357 1.37150e-17
5006.22614 1.37420e-17
5007.72869 1.37691e-17
5009.23124 1.37961e-17
5010.74381 1.38232e-17
5012.24636 1.38502e-17
5013.75893 1.38772e-17
5015.26148 1.39042e-17
5016.76403 1.39312e-17
5018.27659 1.39583e-17
5019.77914 1.39853e-17
5021.28169 1.40123e-17
5022.79426 1.40393e-17
5024.29681 1.40663e-17
5025.80938 1.40932e-17
5027.31193 1.41202e-17
5028.81448 1.41472e-17
5030.32704 1.41742e-17
5031.82959 1.42012e-17
5033.33214 1.42281e-17
5034.84471 1.42551e-17
5036.34726 1.42167e-17
5037.85983 1.41782e-17
5039.36238 1.42874e-17
5040.86493 1.43966e-17
5042.37749 1.44879e-17
5043.88004 1.45791e-17
5045.39261 1.47168e-17
5046.89516 1.48545e-17
5048.39771 1.50325e-17
5049.91028 1.52105e-17
5051.41283 1.51792e-17
5052.92540 1.51478e-17
5054.42795 1.53225e-17
5055.93050 1.54971e-17
5057.44306 1.55796e-17
5058.94561 1.56620e-17
5060.44816 1.57028e-17
5061.96073 1.57436e-17
5063.46328 1.58251e-17
5064.97585 1.59066e-17
5066.47840 1.57427e-17
5067.98095 1.55788e-17
5069.49351 1.56683e-17
5070.99606 1.57578e-17
5072.50863 1.59772e-17
5074.01118 1.61966e-17
5075.51373 1.62737e-17
5077.02630 1.63507e-17
5078.52885 1.63685e-17
5080.03140 1.63863e-17
5081.54396 1.63731e-17
5083.04651 1.63600e-17
5084.55908 1.63927e-17
5086.06163 1.64254e-17
5087.56418 1.64363e-17
5089.07675 1.64471e-17
5090.57930 1.65093e-17
5092.09187 1.65715e-17
5093.59441 1.66047e-17
5095.09696 1.66379e-17
5096.60953 1.67187e-17
5098.11208 1.67996e-17
5099.61463 1.67653e-17
5101.12720 1.67310e-17
5102.62975 1.67163e-17
5104.14232 1.67015e-17
5105.64487 1.66642e-17
5107.14742 1.66268e-17
5108.65998 1.66685e-17
5110.16253 1.67103e-17
5111.67510 1.66077e-17
5113.17765 1.65051e-17
5114.68020 1.64371e-17
5116.19277 1.63692e-17
5117.69532 1.64885e-17
5119.20788 1.66079e-17
5120.71043 1.66564e-17
5122.21298 1.67048e-17
5123.72555 1.66361e-17
5125.22810 1.65673e-17
5126.73065 1.65023e-17
5128.24322 1.64372e-17
5129.74577 1.65535e-17
5131.25834 1.66698e-17
5132.76089 1.67975e-17
5134.26344 1.69253e-17
5135.77600 1.68858e-17
5137.27855 1.68463e-17
5138.78110 1.68473e-17
5140.29367 1.68483e-17
5141.79622 1.68360e-17
5143.30879 1.68236e-17
5144.81134 1.68228e-17
5146.31389 1.68221e-17
5147.82645 1.69395e-17
5149.32900 1.70570e-17
5150.84157 1.70481e-17
5152.34412 1.70393e-17
5153.84667 1.70009e-17
5155.35924 1.69626e-17
5156.86179 1.70314e-17
5158.37435 1.71003e-17
5159.87690 1.71492e-17
5161.37945 1.71980e-17
5162.89202 1.73126e-17
5164.39457 1.74273e-17
5165.89712 1.75113e-17
5167.40969 1.75952e-17
5168.91224 1.77732e-17
5170.42480 1.79511e-17
5171.92735 1.80077e-17
5173.42990 1.80642e-17
5174.94247 1.80903e-17
5176.44502 1.81163e-17
5177.95759 1.82334e-17
5179.46014 1.83505e-17
5180.96269 1.83573e-17
5182.47526 1.83641e-17
5183.97781 1.85119e-17
5185.48036 1.86598e-17
5186.99292 1.87686e-17
5188.49547 1.88773e-17
5190.00804 1.89199e-17
5191.51059 1.89624e-17
5193.01314 1.90985e-17
5194.52571 1.92346e-17
5196.02826 1.92047e-17
5197.54082 1.91747e-17
5199.04337 1.93643e-17
5200.54592 1.95539e-17
5202.05849 1.95509e-17
5203.56104 1.95478e-17
5205.06359 1.94987e-17
5206.57616 1.94496e-17
5208.07871 1.97022e-17
5209.59127 1.99549e-17
5211.09382 1.99442e-17
5212.59638 1.99334e-17
5214.10894 1.99501e-17
5215.61149 1.99669e-17
5217.12406 2.01429e-17
5218.62661 2.03189e-17
5220.12916 2.02570e-17
5221.64173 2.01950e-17
5223.14428 2.03988e-17
5224.65684 2.06027e-17
5226.15939 2.07289e-17
5227.66194 2.08551e-17
5229.17451 2.08761e-17
5230.67706 2.08971e-17
5232.17961 2.08951e-17
5233.69218 2.08931e-17
5235.19473 2.08779e-17
5236.70729 2.08626e-17
5238.20984 2.09286e-17
5239.71239 2.09945e-17
5241.22496 2.11303e-17
5242.72751 2.12661e-17
5244.23006 2.14034e-17
5245.74263 2.15407e-17
5247.24518 2.15089e-17
5248.75775 2.14771e-17
5250.26030 2.15773e-17
5251.76285 2.16776e-17
5253.27541 2.15999e-17
5254.77796 2.15222e-17
5256.29053 2.15971e-17
5257.79308 2.16721e-17
5259.29563 2.17549e-17
5260.80820 2.18376e-17
5262.31075 2.17851e-17
5263.82331 2.17324e-17
5265.32586 2.16138e-17
5266.82841 2.14952e-17
5268.34098 2.15929e-17
5269.84353 2.16907e-17
5271.34608 2.17712e-17
5272.85865 2.18516e-17
5274.36120 2.17797e-17
5275.87376 2.17077e-17
5277.37631 2.17173e-17
5278.87886 2.17269e-17
5280.39143 2.18337e-17
5281.89398 2.19405e-17
5283.40655 2.18007e-17
5284.90910 2.16608e-17
5286.41165 2.16798e-17
5287.92422 2.16988e-17
5289.42677 2.16724e-17
5290.93933 2.16460e-17
5292.44188 2.17200e-17
5293.94443 2.17940e-17
5295.45700 2.17074e-17
5296.95955 2.16208e-17
5298.46210 2.15397e-17
5299.97467 2.14587e-17
5301.47722 2.15113e-17
5302.98978 2.15639e-17
5304.49233 2.15919e-17
5305.99488 2.16199e-17
5307.50745 2.15924e-17
5309.01000 2.15648e-17
5310.52257 2.15946e-17
5312.02512 2.16244e-17
5313.52767 2.15853e-17
5315.04023 2.15462e-17
5316.54278 2.14187e-17
5318.04533 2.12912e-17
5319.55790 2.12984e-17
5321.06045 2.13056e-17
5322.57302 2.12910e-17
5324.07557 2.12764e-17
5325.57812 2.10974e-17
5327.09069 2.09184e-17
5328.59324 2.08607e-17
5330.10580 2.08030e-17
5331.60835 2.08796e-17
5333.11090 2.09563e-17
5334.62347 2.08755e-17
5336.12602 2.07947e-17
5337.62857 2.07661e-17
5339.14114 2.07376e-17
5340.64369 2.06390e-17
5342.15625 2.05404e-17
5343.65880 2.03690e-17
5345.16135 2.01976e-17
5346.67392 2.02693e-17
5348.17647 2.03411e-17
5349.68904 2.03548e-17
5351.19159 2.03685e-17
5352.69414 2.03657e-17
5354.20670 2.03628e-17
5355.70925 2.03139e-17
5357.21180 2.02649e-17
5358.72437 2.02831e-17
5360.22692 2.03013e-17
5361.73949 2.02422e-17
5363.24204 2.01830e-17
5364.74459 2.00138e-17
5366.25716 1.98446e-17
5367.75970 1.98186e-17
5369.27227 1.97927e-17
5370.77482 1.98191e-17
5372.27737 1.98454e-17
5373.78994 1.98437e-17
5375.29249 1.98420e-17
5376.79504 2.00242e-17
5378.30761 2.02064e-17
5379.81016 2.00090e-17
5381.32272 1.98115e-17
5382.82527 1.97172e-17
5384.32782 1.96229e-17
5385.84039 1.96854e-17
5387.34294 1.97478e-17
5388.85551 1.98348e-17
5390.35806 1.99218e-17
5391.86061 1.98507e-17
5393.37317 1.97794e-17
5394.87572 1.96483e-17
5396.38829 1.95172e-17
5397.89084 1.95305e-17
5399.39339 1.95438e-17
5400.90596 1.95885e-17
5402.40851 1.96333e-17
5403.91106 1.97106e-17
5405.42363 1.97878e-17
5406.92618 1.96969e-17
5408.43874 1.96059e-17
5409.94129 1.95464e-17
5411.44384 1.94868e-17
5412.95641 1.95572e-17
5414.45896 1.96276e-17
5415.97153 1.96030e-17
5417.47408 1.95783e-17
5418.97663 1.95488e-17
5420.48919 1.95193e-17
5421.99174 1.95265e-17
5423.49429 1.95337e-17
5425.00686 1.95138e-17
5426.50941 1.94940e-17
5428.02198 1.94141e-17
5429.52453 1.93343e-17
5431.02708 1.94280e-17
5432.53964 1.95217e-17
5434.04219 1.94908e-17
5435.55476 1.94598e-17
5437.05731 1.93512e-17
5438.55986 1.92426e-17
5440.07243 1.92275e-17
5441.57498 1.92124e-17
5443.07753 1.92419e-17
5444.59010 1.92713e-17
5446.09265 1.91973e-17
5447.60521 1.91233e-17
5449.10776 1.90378e-17
5450.61031 1.89524e-17
5452.12288 1.90187e-17
5453.62543 1.90850e-17
5455.13800 1.90370e-17
5456.64055 1.89890e-17
5458.14310 1.89208e-17
5459.65566 1.88525e-17
5461.15821 1.88581e-17
5462.67078 1.88638e-17
5464.17333 1.88329e-17
5465.67588 1.88019e-17
5467.18845 1.88081e-17
5468.69100 1.88144e-17
5470.19355 1.88486e-17
5471.70611 1.88829e-17
5473.20866 1.87962e-17
5474.72123 1.87095e-17
5476.22378 1.86133e-17
5477.72633 1.85172e-17
5479.23890 1.85250e-17
5480.74145 1.85328e-17
5482.25402 1.85108e-17
5483.75656 1.84888e-17
5485.25911 1.84606e-17
5486.77168 1.84325e-17
5488.27423 1.84041e-17
5489.77678 1.83756e-17
5491.28935 1.83009e-17
5492.79190 1.82261e-17
5494.30447 1.81948e-17
5495.80702 1.81635e-17
5497.30957 1.81378e-17
5498.82213 1.81121e-17
5500.32468 1.79981e-17
5501.83725 1.78840e-17
5503.33980 1.78452e-17
5504.84235 1.78063e-17
5506.35492 1.77291e-17
5507.85747 1.76519e-17
5509.36002 1.76196e-17
5510.87258 1.75874e-17
5512.37513 1.75493e-17
5513.88770 1.75112e-17
5515.39025 1.73628e-17
5516.89280 1.72143e-17
5518.40537 1.72680e-17
5519.90792 1.73218e-17
5521.42049 1.72410e-17
5522.92304 1.71603e-17
5524.42558 1.70909e-17
5525.93815 1.70215e-17
5527.44070 1.70293e-17
5528.94325 1.70371e-17
5530.45582 1.70052e-17
5531.95837 1.69733e-17
5533.47094 1.69400e-17
5534.97349 1.69068e-17
5536.47604 1.68827e-17
5537.98860 1.68585e-17
5539.49115 1.68693e-17
5541.00372 1.68800e-17
5542.50627 1.68298e-17
5544.00882 1.67796e-17
5545.52139 1.66760e-17
5547.02394 1.65724e-17
5548.52649 1.64932e-17
5550.03905 1.64141e-17
5551.54160 1.64258e-17
5553.05417 1.64375e-17
5554.55672 1.65453e-17
5556.05927 1.66532e-17
5557.57184 1.66639e-17
5559.07439 1.66746e-17
5560.58695 1.65436e-17
5562.08950 1.64125e-17
5563.59206 1.63365e-17
5565.10462 1.62605e-17
5566.60717 1.63074e-17
5568.11974 1.63543e-17
5569.62229 1.62840e-17
5571.12484 1.62137e-17
5572.63741 1.61928e-17
5574.13996 1.61719e-17
5575.64251 1.61865e-17
5577.15507 1.62011e-17
5578.65762 1.61760e-17
5580.17019 1.61508e-17
5581.67274 1.61385e-17
5583.17529 1.61263e-17
5584.68786 1.61092e-17
5586.19041 1.60922e-17
5587.70297 1.61357e-17
5589.20552 1.61793e-17
5590.70807 1.61798e-17
5592.22064 1.61802e-17
5593.72319 1.60803e-17
5595.22574 1.59804e-17
5596.73831 1.58812e-17
5598.24086 1.57821e-17
5599.75342 1.58086e-17
5601.25598 1.58352e-17
5602.75853 1.58958e-17
5604.27109 1.59564e-17
5605.77364 1.58729e-17
5607.28621 1.57893e-17
5608.78876 1.57790e-17
5610.29131 1.57688e-17
5611.80388 1.57984e-17
5613.30643 1.58281e-17
5614.80898 1.57298e-17
5616.32154 1.56315e-17
5617.82409 1.56057e-17
5619.33666 1.55799e-17
5620.83921 1.56906e-17
5622.34176 1.58014e-17
5623.85433 1.57097e-17
5625.35688 1.56179e-17
5626.86944 1.55416e-17
5628.37199 1.54652e-17
5629.87454 1.54128e-17
5631.38711 1.53604e-17
5632.88966 1.53090e-17
5634.39221 1.52576e-17
5635.90478 1.52332e-17
5637.40733 1.52089e-17
5638.91990 1.51649e-17
5640.42245 1.51209e-17
5641.92500 1.50506e-17
5643.43756 1.49803e-17
5644.94011 1.49033e-17
5646.45268 1.48264e-17
5647.95523 1.48815e-17
5649.45778 1.49366e-17
5650.97035 1.48555e-17
5652.47290 1.47744e-17
5653.97545 1.46892e-17
5655.48801 1.46040e-17
5656.99056 1.46524e-17
5658.50313 1.47009e-17
5660.00568 1.47303e-17
5661.50823 1.47597e-17
5663.02080 1.47123e-17
5664.52335 1.46649e-17
5666.03591 1.45435e-17
5667.53846 1.44220e-17
5669.04101 1.43509e-17
5670.55358 1.42798e-17
5672.05613 1.42425e-17
5673.56870 1.42051e-17
5675.07125 1.41472e-17
5676.57380 1.40892e-17
5678.08637 1.40511e-17
5679.58892 1.40130e-17
5681.09147 1.39377e-17
5682.60403 1.38625e-17
5684.10658 1.37613e-17
5685.61915 1.36600e-17
5687.12170 1.36351e-17
5688.62425 1.36102e-17
5690.13682 1.36432e-17
5691.63937 1.36763e-17
5693.15193 1.36343e-17
5694.65448 1.35924e-17
5696.15703 1.35137e-17
5697.66960 1.34351e-17
5699.17215 1.34448e-17
5700.67470 1.34546e-17
5702.18727 1.34166e-17
5703.68982 1.33785e-17
5705.20238 1.32912e-17
5706.70493 1.32040e-17
5708.20748 1.31791e-17
5709.72005 1.31544e-17
5711.22260 1.31454e-17
5712.73517 1.31364e-17
5714.23772 1.31437e-17
5715.74027 1.31509e-17
5717.25284 1.30334e-17
5718.75539 1.29159e-17
5720.25794 1.28254e-17
5721.77050 1.27348e-17
5723.27305 1.28155e-17
5724.78562 1.28962e-17
5726.28817 1.28893e-17
5727.79072 1.28823e-17
5729.30329 1.28081e-17
5730.80584 1.27340e-17
5732.31840 1.27215e-17
5733.82095 1.27091e-17
5735.32350 1.26929e-17
5736.83607 1.26767e-17
5738.33862 1.27224e-17
5739.84117 1.27681e-17
5741.35374 1.27773e-17
5742.85629 1.27864e-17
5744.36885 1.28068e-17
5745.87140 1.28271e-17
5747.37395 1.28112e-17
5748.88652 1.27954e-17
5750.38907 1.28794e-17
5751.90164 1.29635e-17
5753.40419 1.30099e-17
5754.90674 1.30562e-17
5756.41930 1.30596e-17
5757.92185 1.30629e-17
5759.42440 1.31229e-17
5760.93697 1.31828e-17
5762.43952 1.32552e-17
5763.95209 1.33276e-17
5765.45464 1.33407e-17
5766.95719 1.33538e-17
5768.46976 1.34210e-17
5769.97231 1.34883e-17
5771.48487 1.35839e-17
5772.98742 1.36796e-17
5774.48997 1.36255e-17
5776.00254 1.35714e-17
5777.50509 1.36005e-17
5779.01766 1.36296e-17
5780.52021 1.36572e-17
5782.02276 1.36848e-17
5783.53532 1.37306e-17
5785.03787 1.37763e-17
5786.54042 1.38201e-17
5788.05299 1.38638e-17
5789.55554 1.39159e-17
5791.06811 1.39681e-17
5792.57066 1.39697e-17
5794.07321 1.39714e-17
5795.58578 1.40035e-17
5797.08833 1.40357e-17
5798.60089 1.40812e-17
5800.10344 1.41267e-17
5801.60599 1.40652e-17
5803.11856 1.40038e-17
5804.62111 1.40491e-17
5806.12366 1.40944e-17
5807.63623 1.41106e-17
5809.13878 1.41269e-17
5810.65134 1.40851e-17
5812.15389 1.40433e-17
5813.65644 1.40660e-17
5815.16901 1.40887e-17
5816.67156 1.41845e-17
5818.18413 1.42803e-17
5819.68668 1.42088e-17
5821.18923 1.41372e-17
5822.70179 1.41715e-17
5824.20434 1.42059e-17
5825.70689 1.41557e-17
5827.21946 1.41055e-17
5828.72201 1.40024e-17
5830.23458 1.38993e-17
5831.73713 1.39183e-17
5833.23968 1.39373e-17
5834.75225 1.39343e-17
5836.25480 1.39313e-17
5837.76736 1.39642e-17
5839.26991 1.39971e-17
5840.77246 1.40648e-17
5842.28503 1.41326e-17
5843.78758 1.40906e-17
5845.29013 1.40487e-17
5846.80270 1.40184e-17
5848.30525 1.39882e-17
5849.81781 1.40650e-17
5851.32036 1.41418e-17
5852.82291 1.41792e-17
5854.33548 1.42165e-17
5855.83803 1.41976e-17
5857.35060 1.41787e-17
5858.85315 1.41181e-17
5860.35570 1.40575e-17
5861.86826 1.39195e-17
5863.37081 1.37815e-17
5864.87336 1.38779e-17
5866.38593 1.39744e-17
5867.88848 1.40395e-17
5869.40105 1.41045e-17
5870.90360 1.40639e-17
5872.40615 1.40234e-17
5873.91871 1.39706e-17
5875.42126 1.39179e-17
5876.93383 1.38656e-17
5878.43638 1.38133e-17
5879.93893 1.37963e-17
5881.45150 1.37793e-17
5882.95405 1.35822e-17
5884.46662 1.33851e-17
5885.96917 1.32742e-17
5887.47172 1.31634e-17
5888.98428 1.30938e-17
5890.48683 1.30243e-17
5891.98938 1.29886e-17
5893.50195 1.29530e-17
5895.00450 1.30585e-17
5896.51707 1.31640e-17
5898.01962 1.32025e-17
5899.52217 1.32410e-17
5901.03473 1.32984e-17
5902.53728 1.33558e-17
5904.04985 1.34264e-17
5905.55240 1.34971e-17
5907.05495 1.35091e-17
5908.56752 1.35212e-17
5910.07007 1.35770e-17
5911.57262 1.36328e-17
5913.08519 1.36969e-17
5914.58774 1.37609e-17
5916.10030 1.37509e-17
5917.60285 1.37408e-17
5919.10540 1.36917e-17
5920.61797 1.36427e-17
5922.12052 1.36495e-17
5923.63309 1.36564e-17
5925.13564 1.36381e-17
5926.63819 1.36198e-17
5928.15075 1.35408e-17
5929.65330 1.34618e-17
5931.15585 1.35153e-17
5932.66842 1.35689e-17
5934.17097 1.35683e-17
5935.68354 1.35677e-17
5937.18609 1.34917e-17
5938.68864 1.34158e-17
5940.20120 1.33390e-17
5941.70375 1.32622e-17
5943.21632 1.31891e-17
5944.71887 1.31160e-17
5946.22142 1.31410e-17
5947.73399 1.31660e-17
5949.23654 1.30953e-17
5950.73909 1.30247e-17
5952.25166 1.29958e-17
5953.75421 1.29670e-17
5955.26677 1.29436e-17
5956.76932 1.29203e-17
5958.27187 1.29315e-17
5959.78444 1.29427e-17
5961.28699 1.29240e-17
5962.79956 1.29053e-17
5964.30211 1.28491e-17
5965.80466 1.27929e-17
5967.31722 1.28266e-17
5968.81977 1.28604e-17
5970.32232 1.28454e-17
5971.83489 1.28305e-17
5973.33744 1.27734e-17
5974.85001 1.27163e-17
5976.35256 1.26987e-17
5977.85511 1.26812e-17
5979.36767 1.26141e-17
5980.87022 1.25470e-17
5982.38279 1.24865e-17
5983.88534 1.24260e-17
5985.38789 1.24224e-17
5986.90046 1.24189e-17
5988.40301 1.24623e-17
5989.91557 1.25058e-17
5991.41813 1.24540e-17
5992.92068 1.24022e-17
5994.43324 1.23540e-17
5995.93579 1.23059e-17
5997.43834 1.23989e-17
5998.95091 1.24919e-17
6000.45346 1.24410e-17
6001.96603 1.23901e-17
6003.46858 1.24089e-17
6004.97113 1.24276e-17
6006.48369 1.24564e-17
6007.98624 1.24851e-17
6009.49881 1.24198e-17
6011.00136 1.23544e-17
6012.50391 1.23911e-17
6014.01648 1.24280e-17
6015.51903 1.24786e-17
6017.02158 1.25292e-17
6018.53414 1.25757e-17
6020.03669 1.26223e-17
6021.54926 1.26160e-17
6023.05181 1.26098e-17
6024.55436 1.26055e-17
6026.06693 1.26012e-17
6027.56948 1.25188e-17
6029.08205 1.24363e-17
6030.58460 1.24554e-17
6032.08715 1.24745e-17
6033.59971 1.25862e-17
6035.10226 1.26979e-17
6036.60481 1.27649e-17
6038.11738 1.28319e-17
6039.61993 1.27942e-17
6041.13250 1.27565e-17
6042.63505 1.27849e-17
6044.13760 1.28134e-17
6045.65016 1.28671e-17
6047.15271 1.29209e-17
6048.66528 1.28584e-17
6050.16783 1.27958e-17
6051.67038 1.27925e-17
6053.18295 1.27891e-17
6054.68550 1.28757e-17
6056.19806 1.29623e-17
6057.70061 1.29698e-17
6059.20316 1.29773e-17
6060.71573 1.29431e-17
6062.21828 1.29088e-17
6063.72083 1.28852e-17
6065.23340 1.28617e-17
6066.73595 1.28766e-17
6068.24852 1.28916e-17
6069.75107 1.29548e-17
6071.25361 1.30179e-17
6072.76618 1.30186e-17
6074.26873 1.30193e-17
6075.77128 1.29900e-17
6077.28385 1.29607e-17
6078.78640 1.29574e-17
6080.29897 1.29542e-17
6081.80152 1.29751e-17
6083.30407 1.29959e-17
6084.81663 1.30016e-17
6086.31918 1.30073e-17
6087.83175 1.30465e-17
6089.33430 1.30857e-17
6090.83685 1.30752e-17
6092.34942 1.30646e-17
6093.85197 1.31180e-17
6095.36453 1.31713e-17
6096.86708 1.30544e-17
6098.36963 1.29374e-17
6099.88220 1.29823e-17
6101.38475 1.30273e-17
6102.88730 1.30531e-17
6104.39987 1.30789e-17
6105.90242 1.31000e-17
6107.41499 1.31210e-17
6108.91754 1.31319e-17
6110.42009 1.31428e-17
6111.93265 1.31100e-17
6113.43520 1.30773e-17
6114.94777 1.30793e-17
6116.45032 1.30814e-17
6117.95287 1.30490e-17
6119.46544 1.30165e-17
6120.96799 1.29668e-17
6122.47054 1.29171e-17
6123.98310 1.29192e-17
6125.48565 1.29214e-17
6126.99822 1.28283e-17
6128.50077 1.27351e-17
6130.00332 1.26250e-17
6131.51589 1.25150e-17
6133.01844 1.25344e-17
6134.53100 1.25539e-17
6136.03355 1.24513e-17
6137.53610 1.23485e-17
6139.04867 1.22508e-17
6140.55122 1.21532e-17
6142.06379 1.20995e-17
6143.56634 1.20459e-17
6145.06889 1.19114e-17
6146.58145 1.17768e-17
6148.08400 1.17405e-17
6149.58655 1.17043e-17
6151.09912 1.15622e-17
6152.60167 1.14201e-17
6154.11424 1.13028e-17
6155.61679 1.11856e-17
6157.11934 1.10733e-17
6158.63191 1.09610e-17
6160.13446 1.08935e-17
6161.64702 1.08259e-17
6163.14957 1.07960e-17
6164.65212 1.07661e-17
6166.16469 1.06254e-17
6167.66724 1.04845e-17
6169.16979 1.03990e-17
6170.68236 1.03134e-17
6172.18491 1.03253e-17
6173.69747 1.03373e-17
6175.20002 1.02810e-17
6176.70257 1.02246e-17
6178.21514 1.01097e-17
6179.71769 9.99474e-18
6181.23026 9.90347e-18
6182.73281 9.81223e-18
6184.23536 9.75353e-18
6185.74793 9.69485e-18
6187.25047 9.65171e-18
6188.75302 9.60859e-18
6190.26559 9.56280e-18
6191.76814 9.51701e-18
6193.28071 9.52143e-18
6194.78326 9.52588e-18
6196.28581 9.55671e-18
6197.79838 9.58755e-18
6199.30093 9.53261e-18
6200.81349 9.47764e-18
6202.31604 9.49105e-18
6203.81859 9.50450e-18
6205.33116 9.58141e-18
6206.83371 9.65836e-18
6208.33626 9.65464e-18
6209.84883 9.65088e-18
6211.35138 9.67782e-18
6212.86394 9.70478e-18
6214.36649 9.72835e-18
6215.86904 9.75193e-18
6217.38161 9.79888e-18
6218.88416 9.84585e-18
6220.39673 9.81695e-18
6221.89928 9.78802e-18
6223.40183 9.84417e-18
6224.91440 9.90037e-18
6226.41695 9.99614e-18
6227.91950 1.00919e-17
6229.43206 1.01079e-17
6230.93461 1.01237e-17
6232.44718 1.01476e-17
6233.94973 1.01714e-17
6235.45228 1.02353e-17
6236.96485 1.02992e-17
6238.46740 1.03546e-17
6239.97996 1.04100e-17
6241.48251 1.04221e-17
6242.98506 1.04341e-17
6244.49763 1.04388e-17
6246.00018 1.04434e-17
6247.51275 1.04924e-17
6249.01530 1.05414e-17
6250.51785 1.05693e-17
6252.03041 1.05971e-17
6253.53296 1.05988e-17
6255.03551 1.06004e-17
6256.54808 1.07024e-17
6258.05063 1.08044e-17
6259.56320 1.09381e-17
6261.06575 1.10717e-17
6262.56830 1.11155e-17
6264.08086 1.11591e-17
6265.58342 1.12129e-17
6267.09598 1.12668e-17
6268.59853 1.12121e-17
6270.10108 1.11574e-17
6271.61365 1.11259e-17
6273.11620 1.10945e-17
6274.61875 1.10523e-17
6276.13132 1.10101e-17
6277.63387 1.10999e-17
6279.14643 1.11897e-17
6280.64898 1.12974e-17
6282.15153 1.14051e-17
6283.66410 1.14853e-17
6285.16665 1.15656e-17
6286.67922 1.15820e-17
6288.18177 1.15983e-17
6289.68432 1.16829e-17
6291.19688 1.17675e-17
6292.69943 1.17973e-17
6294.20198 1.18271e-17
6295.71455 1.18396e-17
6297.21710 1.18520e-17
6298.72967 1.19507e-17
6300.23222 1.20494e-17
6301.73477 1.21401e-17
6303.24734 1.22308e-17
6304.74989 1.23197e-17
6306.26245 1.24087e-17
6307.76500 1.24786e-17
6309.26755 1.25485e-17
6310.78012 1.25706e-17
6312.28267 1.25926e-17
6313.78522 1.26175e-17
6315.29779 1.26425e-17
6316.80034 1.26659e-17
6318.31290 1.26893e-17
6319.81545 1.27319e-17
6321.31800 1.27745e-17
6322.83057 1.27762e-17
6324.33312 1.27779e-17
6325.84569 1.28757e-17
6327.34824 1.29735e-17
6328.85079 1.29989e-17
6330.36335 1.30243e-17
6331.86590 1.29973e-17
6333.36845 1.29703e-17
6334.88102 1.29865e-17
6336.38357 1.30027e-17
6337.89614 1.30841e-17
6339.39869 1.31655e-17
6340.90124 1.32122e-17
6342.41381 1.32589e-17
6343.91636 1.32609e-17
6345.42892 1.32629e-17
6346.93147 1.32839e-17
6348.43402 1.33050e-17
6349.94659 1.33180e-17
6351.44914 1.33310e-17
6352.96171 1.32465e-17
6354.46426 1.31621e-17
6355.96681 1.31342e-17
6357.47937 1.31064e-17
6358.98192 1.31695e-17
6360.48447 1.32328e-17
6361.99704 1.32154e-17
6363.49959 1.31979e-17
6365.01216 1.31841e-17
6366.51471 1.31704e-17
6368.01726 1.31720e-17
6369.52982 1.31735e-17
6371.03237 1.30990e-17
6372.54494 1.30245e-17
6374.04749 1.29639e-17
6375.55004 1.29032e-17
6377.06261 1.29244e-17
6378.56516 1.29457e-17
6380.06771 1.29225e-17
6381.58028 1.28992e-17
6383.08283 1.28334e-17
6384.59539 1.27677e-17
6386.09794 1.26443e-17
6387.60049 1.25209e-17
6389.11306 1.25109e-17
6390.61561 1.25010e-17
6392.12818 1.24733e-17
6393.63073 1.24455e-17
6395.13328 1.23475e-17
6396.64584 1.22495e-17
6398.14839 1.21256e-17
6399.65094 1.20017e-17
6401.16351 1.19858e-17
6402.66606 1.19700e-17
6404.17863 1.19145e-17
6405.68118 1.18589e-17
6407.18373 1.17547e-17
6408.69629 1.16505e-17
6410.19884 1.16212e-17
6411.71141 1.15921e-17
6413.21396 1.15983e-17
6414.71651 1.16046e-17
6416.22908 1.16161e-17
6417.73163 1.16275e-17
6419.23418 1.16694e-17
6420.74675 1.17113e-17
6422.24930 1.17573e-17
6423.76186 1.18032e-17
6425.26441 1.18051e-17
6426.76696 1.18070e-17
6428.27953 1.18693e-17
6429.78208 1.19316e-17
6431.29465 1.19977e-17
6432.79720 1.20638e-17
6434.29975 1.20498e-17
6435.81231 1.20358e-17
6437.31486 1.20651e-17
6438.82743 1.20944e-17
6440.32998 1.21945e-17
6441.83253 1.22946e-17
6443.34510 1.24489e-17
6444.84765 1.26032e-17
6446.35020 1.26195e-17
6447.86276 1.26357e-17
6449.36531 1.25459e-17
6450.87788 1.24560e-17
6452.38043 1.24646e-17
6453.88298 1.24732e-17
6455.39555 1.25293e-17
6456.89810 1.25855e-17
6458.41067 1.26246e-17
6459.91322 1.26637e-17
6461.41576 1.26760e-17
6462.92833 1.26883e-17
6464.43088 1.26638e-17
6465.93343 1.26392e-17
6467.44600 1.26707e-17
6468.94855 1.27024e-17
6470.46112 1.27638e-17
6471.96367 1.28253e-17
6473.46622 1.28133e-17
6474.97878 1.28013e-17
6476.48133 1.28364e-17
6477.99390 1.28715e-17
6479.49645 1.29093e-17
6480.99900 1.29471e-17
6482.51157 1.28631e-17
6484.01412 1.27791e-17
6485.51667 1.27898e-17
6487.02923 1.28006e-17
6488.53178 1.28619e-17
6490.04435 1.29231e-17
6491.54690 1.28757e-17
6493.04945 1.28282e-17
6494.56202 1.27313e-17
6496.06457 1.26344e-17
6497.57714 1.26201e-17
6499.07969 1.26058e-17
6500.58224 1.26736e-17
6502.09480 1.27414e-17
6503.59735 1.26942e-17
6505.09990 1.26470e-17
6506.61247 1.26459e-17
6508.11502 1.26449e-17
6509.62759 1.26404e-17
6511.13014 1.26358e-17
6512.63269 1.25257e-17
6514.14525 1.24155e-17
6515.64780 1.23795e-17
6517.16037 1.23435e-17
6518.66292 1.23418e-17
6520.16547 1.23402e-17
6521.67804 1.23264e-17
6523.18059 1.23127e-17
6524.68314 1.24002e-17
6526.19570 1.24877e-17
6527.69825 1.25386e-17
6529.21082 1.25894e-17
6530.71337 1.25615e-17
6532.21592 1.25335e-17
6533.72849 1.24678e-17
6535.23104 1.24020e-17
6536.74360 1.23833e-17
6538.24615 1.23645e-17
6539.74870 1.23462e-17
6541.26127 1.23279e-17
6542.76382 1.22563e-17
6544.27639 1.22389e-17
6545.77894 1.22216e-17
6547.28149 1.22043e-17
6548.79406 1.21869e-17
6550.29661 1.21696e-17
6551.79916 1.21522e-17
6553.31172 1.21349e-17
6554.81427 1.21175e-17
6556.32684 1.21002e-17
6557.82939 1.20829e-17
6559.33194 1.20655e-17
6560.84451 1.20482e-17
6562.34706 1.20309e-17
6563.85962 1.20136e-17
6565.36217 1.19962e-17
6566.86472 1.19789e-17
6568.37729 1.19616e-17
6569.87984 1.19443e-17
6571.38239 1.19269e-17
6572.89496 1.19096e-17
6574.39751 1.18923e-17
6575.91007 1.18750e-17
6577.41262 1.18577e-17
6578.91518 1.18403e-17
6580.42774 1.18230e-17
6581.93029 1.18057e-17
6583.44286 1.17884e-17
6584.94541 1.17711e-17
6586.44796 1.17538e-17
6587.96053 1.17365e-17
6589.46308 1.17192e-17
6590.96563 1.17019e-17
6592.47819 1.16846e-17
6593.98074 1.16673e-17
6595.49331 1.16500e-17
6596.99586 1.16327e-17
6598.49841 1.16154e-17
6600.01098 1.15981e-17
6601.51353 1.15808e-17
6603.02609 1.15635e-17
6604.52864 1.15462e-17
6606.03119 1.15770e-17
6607.54376 1.16078e-17
6609.04631 1.16338e-17
6610.54886 1.16598e-17
6612.06143 1.15833e-17
6613.56398 1.15067e-17
6615.07655 1.14390e-17
6616.57910 1.13712e-17
6618.08165 1.13765e-17
6619.59421 1.13818e-17
6621.09676 1.13788e-17
6622.60933 1.13758e-17
6624.11188 1.13614e-17
6625.61443 1.13469e-17
6627.12700 1.13307e-17
6628.62955 1.13145e-17
6630.13210 1.12622e-17
6631.64466 1.12097e-17
6633.14721 1.11216e-17
6634.65978 1.10335e-17
6636.16233 1.09732e-17
6637.66488 1.09130e-17
6639.17745 1.09150e-17
6640.68000 1.09170e-17
6642.19256 1.09454e-17
6643.69511 1.09738e-17
6645.19766 1.09682e-17
6646.71023 1.09625e-17
6648.21278 1.09266e-17
6649.72535 1.08907e-17
6651.22790 1.08126e-17
6652.73045 1.07344e-17
6654.24302 1.06585e-17
6655.74557 1.05826e-17
6657.24812 1.05805e-17
6658.76068 1.05785e-17
6660.26323 1.06021e-17
6661.77580 1.06258e-17
6663.27835 1.06482e-17
6664.78090 1.06706e-17
6666.29347 1.06638e-17
6667.79602 1.06570e-17
6669.30858 1.06773e-17
6670.81113 1.06976e-17
6672.31368 1.07252e-17
6673.82625 1.07528e-17
6675.32880 1.07001e-17
6676.83135 1.06474e-17
6678.34392 1.06492e-17
6679.84647 1.06511e-17
6681.35903 1.05998e-17
6682.86158 1.05484e-17
6684.36413 1.04920e-17
6685.87670 1.04356e-17
6687.37925 1.03900e-17
6688.89182 1.03445e-17
6690.39437 1.03784e-17
6691.89692 1.04123e-17
6693.40949 1.04212e-17
6694.91204 1.04302e-17
6696.41459 1.05214e-17
6697.92715 1.06128e-17
6699.42970 1.05664e-17
6700.94227 1.05199e-17
6702.44482 1.04626e-17
6703.94737 1.04053e-17
6705.45994 1.03854e-17
6706.96249 1.03656e-17
6708.47505 1.03510e-17
6709.97760 1.03365e-17
6711.48015 1.03396e-17
6712.99272 1.03427e-17
6714.49527 1.03531e-17
6715.99782 1.03635e-17
6717.51039 1.03771e-17
6719.01294 1.03908e-17
6720.52550 1.03611e-17
6722.02805 1.03315e-17
6723.53060 1.02591e-17
6725.04317 1.01867e-17
6726.54572 1.01849e-17
6728.05829 1.01832e-17
6729.56084 1.02138e-17
6731.06339 1.02444e-17
6732.57596 1.01833e-17
6734.07850 1.01221e-17
6735.59107 1.00698e-17
6737.09362 1.00175e-17
6738.59617 1.00437e-17
6740.10874 1.00699e-17
6741.61129 1.00360e-17
6743.11384 1.00022e-17
6744.62641 9.95921e-18
6746.12896 9.91624e-18
6747.64152 9.91145e-18
6749.14407 9.90669e-18
6750.64662 9.94222e-18
6752.15919 9.97777e-18
6753.66174 9.95559e-18
6755.17431 9.93337e-18
6756.67686 9.98317e-18
6758.17941 1.00330e-17
6759.69197 1.00085e-17
6761.19452 9.98404e-18
6762.69707 9.87538e-18
6764.20964 9.76668e-18
6765.71219 9.74602e-18
6767.22476 9.72543e-18
6768.72731 9.71285e-18
6770.22986 9.70029e-18
6771.74243 9.73997e-18
6773.24498 9.77968e-18
6774.75754 9.77584e-18
6776.26009 9.77197e-18
6777.76264 9.74473e-18
6779.27521 9.71749e-18
6780.77776 9.69938e-18
6782.28031 9.68128e-18
6783.79288 9.65993e-18
6785.29543 9.63859e-18
6786.80799 9.64542e-18
6788.31054 9.65228e-18
6789.81309 9.65453e-18
6791.32566 9.65678e-18
6792.82821 9.59479e-18
6794.34078 9.53276e-18
6795.84333 9.53874e-18
6797.34588 9.54477e-18
6798.85844 9.56759e-18
6800.36099 9.59043e-18
6801.86354 9.55038e-18
6803.37611 9.51030e-18
6804.87866 9.56693e-18
6806.39123 9.62361e-18
6807.89378 9.64619e-18
6809.39633 9.66874e-18
6810.90890 9.61308e-18
6812.41145 9.55738e-18
6813.92401 9.56516e-18
6815.42656 9.57298e-18
6816.92911 9.51436e-18
6818.44168 9.45571e-18
6819.94423 9.40222e-18
6821.45680 9.34872e-18
6822.95935 9.30146e-18
6824.46190 9.25421e-18
6825.97446 9.25165e-18
6827.47701 9.24912e-18
6828.97956 9.29022e-18
6830.49213 9.33134e-18
6831.99468 9.30173e-18
6833.50725 9.27207e-18
6835.00980 9.29001e-18
6836.51235 9.30798e-18
6838.02491 9.31823e-18
6839.52746 9.32848e-18
6841.04003 9.25215e-18
6842.54258 9.17577e-18
6844.04513 9.14387e-18
6845.55770 9.11199e-18
6847.06025 9.15074e-18
6848.56280 9.18952e-18
6850.07536 9.18536e-18
6851.57791 9.18117e-18
6853.09048 9.12258e-18
6854.59303 9.06396e-18
6856.09558 8.95470e-18
6857.60815 8.84542e-18
6859.11070 8.65937e-18
6860.62327 8.47329e-18
6862.12582 8.23219e-18
6863.62837 7.99108e-18
6865.14093 8.04454e-18
6866.64348 8.09819e-18
6868.14603 8.50191e-18
6869.65860 8.90582e-18
6871.16115 9.15107e-18
6872.67372 9.39620e-18
6874.17627 9.54600e-18
6875.67882 9.69572e-18
6877.19138 9.53045e-18
6878.69393 9.36498e-18
6880.20650 9.05326e-18
6881.70905 8.74147e-18
6883.21160 8.63091e-18
6884.72417 8.52049e-18
6886.22672 8.50426e-18
6887.72927 8.48809e-18
6889.24184 8.46561e-18
6890.74439 8.44312e-18
6892.25695 8.44520e-18
6893.75950 8.44729e-18
6895.26205 8.51801e-18
6896.77462 8.58878e-18
6898.27717 8.63256e-18
6899.78974 8.67633e-18
6901.29229 8.67380e-18
6902.79484 8.67124e-18
6904.30740 8.74264e-18
6905.80995 8.81408e-18
6907.31250 8.88452e-18
6908.82507 8.95495e-18
6910.32762 8.90292e-18
6911.84019 8.85081e-18
6913.34274 8.78918e-18
6914.84529 8.72755e-18
6916.35785 8.68660e-18
6917.86040 8.64567e-18
6919.37297 8.68805e-18
6920.87552 8.73048e-18
6922.37807 8.72926e-18
6923.89064 8.72801e-18
6925.39319 8.61497e-18
6926.90575 8.50186e-18
6928.40830 8.45597e-18
6929.91086 8.41014e-18
6931.42342 8.49718e-18
6932.92597 8.58430e-18
6934.42852 8.62306e-18
6935.94109 8.66178e-18
6937.44364 8.65608e-18
6938.95621 8.65036e-18
6940.45876 8.67758e-18
6941.96131 8.70482e-18
6943.47387 8.72078e-18
6944.97642 8.73673e-18
6946.48899 8.75733e-18
6947.99154 8.77793e-18
6949.49409 8.83156e-18
6951.00666 8.88521e-18
6952.50921 8.91528e-18
6954.01176 8.94533e-18
6955.52432 8.94850e-18
6957.02687 8.95166e-18
6958.53944 8.94696e-18
6960.04199 8.94225e-18
6961.54454 8.90819e-18
6963.05711 8.87411e-18
6964.55966 8.81002e-18
6966.07222 8.74591e-18
6967.57478 8.84401e-18
6969.07733 8.94222e-18
6970.58989 8.98720e-18
6972.09244 9.03215e-18
6973.60501 8.97881e-18
6975.10756 8.92541e-18
6976.61011 8.95483e-18
6978.12268 8.98431e-18
6979.62523 9.01066e-18
6981.12778 9.03702e-18
6982.64034 9.00844e-18
6984.14289 8.97982e-18
6985.65546 8.93537e-18
6987.15801 8.89092e-18
6988.66056 8.90567e-18
6990.17313 8.92047e-18
6991.67568 8.97664e-18
6993.17823 9.03283e-18
6994.69079 8.98284e-18
6996.19334 8.93279e-18
6997.70591 8.88486e-18
6999.20846 8.83693e-18
7000.71101 8.88213e-18
7002.22358 8.92738e-18
7003.72613 8.91355e-18
7005.23870 8.89969e-18
7006.74125 8.85637e-18
7008.24380 8.81304e-18
7009.75636 8.77522e-18
7011.25891 8.73740e-18
7012.77148 8.73797e-18
7014.27403 8.73857e-18
7015.77658 8.71671e-18
7017.28915 8.69483e-18
7018.79170 8.71651e-18
7020.29425 8.73820e-18
7021.80681 8.77580e-18
7023.30936 8.81340e-18
7024.82193 8.83854e-18
7026.32448 8.86366e-18
7027.82703 8.85273e-18
7029.33960 8.84176e-18
7030.84215 8.81493e-18
7032.35471 8.78809e-18
7033.85726 8.77145e-18
7035.35981 8.75483e-18
7036.87238 8.71543e-18
7038.37493 8.67602e-18
7039.87748 8.59256e-18
7041.39005 8.50907e-18
7042.89260 8.38121e-18
7044.40517 8.25332e-18
7045.90772 8.24314e-18
7047.41027 8.23303e-18
7048.92283 8.22309e-18
7050.42538 8.21315e-18
7051.93795 8.18727e-18
7053.44050 8.16139e-18
7054.94305 8.13421e-18
7056.45562 8.10702e-18
7057.95817 8.08298e-18
7059.46072 8.05895e-18
7060.97328 8.10492e-18
7062.47583 8.15094e-18
7063.98840 8.21246e-18
7065.49095 8.27400e-18
7066.99350 8.27818e-18
7068.50607 8.28233e-18
7070.00862 8.32111e-18
7071.52118 8.35991e-18
7073.02373 8.43643e-18
7074.52628 8.51297e-18
7076.03885 8.50903e-18
7077.54140 8.50504e-18
7079.05397 8.49630e-18
7080.55652 8.48756e-18
7082.05907 8.54287e-18
7083.57164 8.59823e-18
7085.07419 8.58564e-18
7086.57674 8.57302e-18
7088.08930 8.57410e-18
7089.59185 8.57520e-18
7091.10442 8.60586e-18
7092.60697 8.63654e-18
7094.10952 8.62995e-18
7095.62209 8.62334e-18
7097.12464 8.64550e-18
7098.62719 8.66769e-18
7100.13975 8.74426e-18
7101.64230 8.82087e-18
7103.15487 8.90145e-18
7104.65742 8.98202e-18
7106.15997 8.97916e-18
7107.67254 8.97624e-18
7109.17509 8.91837e-18
7110.68765 8.86048e-18
7112.19020 8.87771e-18
7113.69275 8.89498e-18
7115.20532 8.93776e-18
7116.70787 8.98055e-18
7118.22044 8.97039e-18
7119.72299 8.96019e-18
7121.22554 8.95279e-18
7122.73810 8.94540e-18
7124.24065 8.92568e-18
7125.74320 8.90596e-18
7127.25577 8.91396e-18
7128.75832 8.92197e-18
7130.27089 8.98950e-18
7131.77344 9.05705e-18
7133.27599 9.10878e-18
7134.78856 9.16049e-18
7136.29111 9.18514e-18
7137.80367 9.20976e-18
7139.30622 9.19357e-18
7140.80877 9.17734e-18
7142.32134 9.20773e-18
7143.82389 9.23814e-18
7145.32644 9.23393e-18
7146.83901 9.22970e-18
7148.34156 9.26195e-18
7149.85412 9.29422e-18
7151.35667 9.25921e-18
7152.85922 9.22417e-18
7154.37179 9.14173e-18
7155.87434 9.05926e-18
7157.38691 9.03447e-18
7158.88946 9.00972e-18
7160.39201 8.96138e-18
7161.90458 8.91303e-18
7163.40713 8.90043e-18
7164.90967 8.88785e-18
7166.42224 9.09300e-18
7167.92479 9.29827e-18
7169.43736 9.40039e-18
7170.93991 9.50242e-18
7172.44246 9.61341e-18
7173.95503 9.72440e-18
7175.45758 9.82883e-18
7176.97014 9.93325e-18
7178.47269 9.85785e-18
7179.97524 9.78233e-18
7181.48781 9.86667e-18
7182.99036 9.95111e-18
7184.50293 1.00168e-17
7186.00548 1.00824e-17
7187.50803 1.00866e-17
7189.02059 1.00907e-17
7190.52314 9.93477e-18
7192.02569 9.77876e-18
7193.53826 9.61524e-18
7195.04081 9.45173e-18
7196.55338 9.43668e-18
7198.05593 9.42175e-18
7199.55848 9.45316e-18
7201.07105 9.48460e-18
7202.57360 9.46246e-18
7204.07615 9.44029e-18
7205.58871 9.41363e-18
7207.09126 9.38697e-18
7208.60383 9.38654e-18
7210.10638 9.38612e-18
7211.60893 9.37852e-18
7213.12150 9.37093e-18
7214.62405 9.45508e-18
7216.13661 9.53930e-18
7217.63916 9.58877e-18
7219.14171 9.63821e-18
7220.65428 9.65092e-18
7222.15683 9.66361e-18
7223.66940 9.69961e-18
7225.17195 9.73563e-18
7226.67450 9.80338e-18
7228.18706 9.87116e-18
7229.68961 9.77160e-18
7231.19216 9.67193e-18
7232.70473 9.49058e-18
7234.20728 9.30920e-18
7235.71985 9.24710e-18
7237.22240 9.18509e-18
7238.72495 9.19346e-18
7240.23751 9.20188e-18
7241.74006 9.31906e-18
7243.25263 9.43632e-18
7244.75518 9.39745e-18
7246.25773 9.35848e-18
7247.77030 9.43689e-18
7249.27285 9.51538e-18
7250.77540 9.66309e-18
7252.28797 9.81083e-18
7253.79052 9.69900e-18
7255.30308 9.58699e-18
7256.80563 9.52816e-18
7258.30818 9.46937e-18
7259.82075 9.47323e-18
7261.32330 9.47713e-18
7262.83587 9.37958e-18
7264.33842 9.28197e-18
7265.84097 9.14356e-18
7267.35353 9.00513e-18
7268.85608 8.93319e-18
7270.35863 8.86131e-18
7271.87120 8.82831e-18
7273.37375 8.79535e-18
7274.88632 8.89928e-18
7276.38887 9.00330e-18
7277.89142 9.05095e-18
7279.40399 9.09856e-18
7280.90654 9.07267e-18
7282.41910 9.04673e-18
7283.92165 9.09581e-18
7285.42420 9.14495e-18
7286.93677 9.15115e-18
7288.43932 9.15733e-18
7289.95189 9.22071e-18
7291.45444 9.28413e-18
7292.95699 9.25960e-18
7294.46955 9.23499e-18
7295.97210 9.17882e-18
7297.47465 9.12263e-18
7298.98722 9.15770e-18
7300.48977 9.19282e-18
7302.00234 9.14780e-18
7303.50489 9.10272e-18
7305.00744 8.99404e-18
7306.52000 8.88532e-18
7308.02255 8.86263e-18
7309.53512 8.84000e-18
7311.03767 8.83039e-18
7312.54022 8.82079e-18
7314.05279 8.89879e-18
7315.55534 8.97684e-18
7317.05789 8.98245e-18
7318.57046 8.98801e-18
7320.07301 8.82869e-18
7321.58557 8.66925e-18
7323.08812 8.67195e-18
7324.59067 8.67476e-18
7326.10324 8.67795e-18
7327.60579 8.68114e-18
7329.11836 8.73844e-18
7330.62091 8.79577e-18
7332.12346 8.80093e-18
7333.63602 8.80606e-18
7335.13857 8.82715e-18
7336.64112 8.84826e-18
7338.15369 8.80468e-18
7339.65624 8.76106e-18
7341.16881 8.69404e-18
7342.67136 8.62701e-18
7344.17391 8.65439e-18
7345.68647 8.68184e-18
7347.18902 8.72825e-18
7348.70159 8.77466e-18
7350.20414 8.72785e-18
7351.70669 8.68097e-18
7353.21926 8.61262e-18
7354.72181 8.54426e-18
7356.22436 8.54816e-18
7357.73693 8.55212e-18
7359.23948 8.60564e-18
7360.75204 8.65919e-18
7362.25459 8.72226e-18
7363.75714 8.78534e-18
7365.26971 8.80125e-18
7366.77226 8.81712e-18
7368.28483 8.77398e-18
7369.78738 8.73081e-18
7371.28993 8.77126e-18
7372.80249 8.81176e-18
7374.30504 8.82443e-18
7375.80759 8.83708e-18
7377.32016 8.79749e-18
7378.82271 8.75787e-18
7380.33528 8.67923e-18
7381.83783 8.60058e-18
7383.34038 8.54522e-18
7384.85294 8.48988e-18
7386.35549 8.48721e-18
7387.86806 8.48458e-18
7389.37061 8.47208e-18
7390.87316 8.45958e-18
7392.38573 8.41594e-18
7393.88828 8.37228e-18
7395.40085 8.36179e-18
7396.90340 8.35133e-18
7398.40595 8.35768e-18
7399.91851 8.36404e-18
7401.42106 8.34993e-18
7402.92361 8.33581e-18
7404.43618 8.32849e-18
7405.93873 8.32116e-18
7407.45130 8.29176e-18
7408.95385 8.26235e-18
7410.45640 8.27948e-18
7411.96896 8.29665e-18
7413.47151 8.29086e-18
7414.98408 8.28505e-18
7416.48663 8.26868e-18
7417.98918 8.25232e-18
7419.50175 8.18844e-18
7421.00430 8.12453e-18
7422.50685 8.11726e-18
7424.01941 8.11003e-18
7425.52196 8.05395e-18
7427.03453 7.99785e-18
7428.53708 7.97122e-18
7430.03963 7.94462e-18
7431.55220 7.90839e-18
7433.05475 7.87215e-18
7434.56732 7.80181e-18
7436.06987 7.73144e-18
7437.57241 7.66002e-18
7439.08498 7.58860e-18
7440.58753 7.50065e-18
7442.09008 7.41269e-18
7443.60265 7.39942e-18
7445.10520 7.38620e-18
7446.61777 7.34831e-18
7448.12032 7.31040e-18
7449.62287 7.29698e-18
7451.13543 7.28357e-18
7452.63798 7.18498e-18
7454.15055 7.08633e-18
7455.65310 6.99824e-18
7457.15565 6.91017e-18
7458.66822 6.82041e-18
7460.17077 6.73065e-18
7461.67332 6.72365e-18
7463.18588 6.71672e-18
7464.68843 6.65444e-18
7466.20100 6.59213e-18
7467.70355 6.46732e-18
7469.20610 6.34247e-18
7470.71867 6.28394e-18
7472.22122 6.22546e-18
7473.73379 6.16557e-18
7475.23634 6.10569e-18
7476.73889 6.01885e-18
7478.25145 5.93200e-18
7479.75400 5.91664e-18
7481.25655 5.90133e-18
7482.76912 5.88538e-18
7484.27167 5.86943e-18
7485.78424 5.80311e-18
7487.28679 5.73676e-18
7488.78934 5.57830e-18
7490.30190 5.41979e-18
7491.80445 5.39418e-18
7493.31702 5.36866e-18
7494.81957 5.34787e-18
7496.32212 5.32708e-18
7497.83469 5.22284e-18
7499.33724 5.11855e-18
7500.84980 5.04674e-18
7502.35235 4.97495e-18
7503.85490 4.86255e-18
7505.36747 4.75013e-18
7506.87002 4.71028e-18
7508.37257 4.67049e-18
7509.88514 4.63721e-18
7511.38769 4.60394e-18
7512.90025 4.49880e-18
7514.40280 4.39362e-18
7515.90535 4.41253e-18
7517.41792 4.43153e-18
7518.92047 4.47576e-18
7520.43304 4.52001e-18
7521.93559 4.49682e-18
7523.43814 4.47359e-18
7524.95071 4.48522e-18
7526.45326 4.49688e-18
7527.95581 4.46816e-18
7529.46837 4.43941e-18
7530.97092 4.43736e-18
7532.48349 4.43532e-18
7533.98604 4.41769e-18
7535.48859 4.40005e-18
7537.00116 4.51758e-18
7538.50371 4.63519e-18
7540.01627 4.60951e-18
7541.51882 4.58373e-18
7543.02137 4.50051e-18
7544.53394 4.41725e-18
7546.03649 4.39407e-18
7547.53904 4.37094e-18
7549.05161 4.37047e-18
7550.55416 4.37001e-18
7552.06673 4.39027e-18
7553.56927 4.41053e-18
7555.07182 4.45490e-18
7556.58439 4.49928e-18
7558.08694 4.60696e-18
7559.59951 4.71468e-18
7561.10206 4.69582e-18
7562.60461 4.67686e-18
7564.11718 4.71204e-18
7565.61973 4.74726e-18
7567.12228 4.81485e-18
7568.63484 4.88246e-18
7570.13739 4.85481e-18
7571.64996 4.82708e-18
7573.15251 4.91034e-18
7574.65506 4.99367e-18
7576.16763 5.10024e-18
7577.67018 5.20682e-18
7579.18274 5.28613e-18
7580.68529 5.36541e-18
7582.18784 5.47406e-18
7583.70041 5.58272e-18
7585.20296 5.50253e-18
7586.70551 5.42221e-18
7588.21808 5.12691e-18
7589.72063 4.83146e-18
7591.23320 4.54372e-18
7592.73575 4.25601e-18
7594.23830 4.14363e-18
7595.75086 4.03139e-18
7597.25341 4.49148e-18
7598.76598 4.95198e-18
7600.26853 5.42833e-18
7601.77108 5.90465e-18
7603.28365 6.34109e-18
7604.78620 6.77746e-18
7606.29876 6.75130e-18
7607.80131 6.72478e-18
7609.30386 6.69155e-18
7610.81643 6.65831e-18
7612.31898 6.68194e-18
7613.82153 6.70560e-18
7615.33410 6.47301e-18
7616.83665 6.24024e-18
7618.34921 6.13439e-18
7619.85176 6.02866e-18
7621.35431 6.30801e-18
7622.86688 6.58763e-18
7624.36943 6.91735e-18
7625.88200 7.24709e-18
7627.38455 7.44928e-18
7628.88710 7.65136e-18
7630.39966 7.84614e-18
7631.90222 8.04090e-18
7633.40477 8.05941e-18
7634.91733 8.07780e-18
7636.41988 7.90692e-18
7637.93245 7.73592e-18
7639.43500 7.55958e-18
7640.93755 7.38325e-18
7642.45012 7.23743e-18
7643.95267 7.09166e-18
7645.46523 6.94536e-18
7646.96778 6.79907e-18
7648.47033 6.93321e-18
7649.98290 7.06756e-18
7651.48545 7.13177e-18
7652.98800 7.19592e-18
7654.50057 7.23744e-18
7656.00312 7.27894e-18
7657.51568 7.43755e-18
7659.01823 7.59624e-18
7660.52078 7.70748e-18
7662.03335 7.81868e-18
7663.53590 7.95915e-18
7665.04847 8.09962e-18
7666.55102 8.23402e-18
7668.05357 8.36841e-18
7669.56614 8.40698e-18
7671.06869 8.44547e-18
7672.57124 8.40126e-18
7674.08380 8.35699e-18
7675.58635 8.39875e-18
7677.09892 8.44057e-18
7678.60147 8.49979e-18
7680.10402 8.55901e-18
7681.61659 8.45676e-18
7683.11914 8.35440e-18
7684.63170 8.11302e-18
7686.13425 7.87155e-18
7687.63680 7.69571e-18
7689.14937 7.51994e-18
7690.65192 7.46589e-18
7692.15447 7.41194e-18
7693.66704 7.46971e-18
7695.16959 7.52757e-18
7696.68215 7.64053e-18
7698.18470 7.75351e-18
7699.68725 7.80583e-18
7701.19982 7.85810e-18
7702.70237 7.83965e-18
7704.21494 7.82114e-18
7705.71749 7.89771e-18
7707.22004 7.97435e-18
7708.73261 8.03954e-18
7710.23516 8.10472e-18
7711.74772 8.10883e-18
7713.25027 8.11288e-18
7714.75282 8.11691e-18
7716.26539 8.12094e-18
7717.76794 8.20779e-18
7719.27049 8.29470e-18
7720.78306 8.30028e-18
7722.28561 8.30579e-18
7723.79817 8.18976e-18
7725.30072 8.07364e-18
7726.80327 8.13952e-18
7728.31584 8.20555e-18
7729.81839 8.35095e-18
7731.33096 8.49640e-18
7732.83351 8.57006e-18
7734.33606 8.64365e-18
7735.84862 8.69027e-18
7737.35117 8.73685e-18
7738.85372 8.69295e-18
7740.36629 8.64897e-18
7741.86884 8.60875e-18
7743.38141 8.56854e-18
7744.88396 8.51442e-18
7746.38651 8.46029e-18
7747.89908 8.51868e-18
7749.40163 8.57715e-18
7750.91419 8.52519e-18
7752.41674 8.47315e-18
7753.91929 8.45230e-18
7755.43186 8.43147e-18
7756.93441 8.44213e-18
7758.43696 8.45282e-18
7759.94953 8.44364e-18
7761.45208 8.43444e-18
7762.96464 8.46421e-18
7764.46719 8.49402e-18
7765.96974 8.53052e-18
7767.48231 8.56701e-18
7768.98486 8.54010e-18
7770.49743 8.51314e-18
7771.99998 8.47143e-18
7773.50253 8.42971e-18
7775.01509 8.45995e-18
7776.51764 8.49025e-18
7778.02019 8.55761e-18
7779.53276 8.62500e-18
7781.03531 8.58215e-18
7782.54788 8.53922e-18
7784.05043 8.56500e-18
7785.55298 8.59082e-18
7787.06555 8.70431e-18
7788.56810 8.81785e-18
7790.08066 8.78827e-18
7791.58321 8.75858e-18
7793.08576 8.73952e-18
7794.59833 8.72048e-18
7796.10088 8.73138e-18
7797.61345 8.74231e-18
7799.11600 8.70299e-18
7800.61855 8.66363e-18
7802.13111 8.62024e-18
7803.63366 8.57684e-18
7805.14623 8.58307e-18
7806.64878 8.58934e-18
7808.15133 8.56682e-18
7809.66390 8.54429e-18
7811.16645 8.47741e-18
7812.66900 8.41051e-18
7814.18156 8.43581e-18
7815.68411 8.46117e-18
7817.19668 8.48611e-18
7818.69923 8.51105e-18
7820.20178 8.56428e-18
7821.71435 8.61752e-18
7823.21690 8.57486e-18
7824.71945 8.53213e-18
7826.23202 8.52710e-18
7827.73456 8.52209e-18
7829.24713 8.55799e-18
7830.74968 8.59391e-18
7832.25223 8.55371e-18
7833.76480 8.51345e-18
7835.26735 8.45591e-18
7836.77992 8.39835e-18
7838.28247 8.40124e-18
7839.78502 8.40417e-18
7841.29758 8.49635e-18
7842.80013 8.58858e-18
7844.31270 8.64935e-18
7845.81525 8.71009e-18
7847.31780 8.59314e-18
7848.83037 8.47605e-18
7850.33292 8.42535e-18
7851.83547 8.37472e-18
7853.34803 8.36204e-18
7854.85058 8.34938e-18
7856.36315 8.35028e-18
7857.86570 8.35118e-18
7859.36825 8.41852e-18
7860.88082 8.48590e-18
7862.38337 8.44497e-18
7863.89594 8.40396e-18
7865.39849 8.41842e-18
7866.90104 8.43292e-18
7868.41360 8.42198e-18
7869.91615 8.41102e-18
7871.41870 8.33666e-18
7872.93127 8.26226e-18
7874.43382 8.27171e-18
7875.94639 8.28123e-18
7877.44894 8.35286e-18
7878.95149 8.42455e-18
7880.46405 8.42653e-18
7881.96660 8.42845e-18
7883.47917 8.35403e-18
7884.98172 8.27956e-18
7886.48427 8.25553e-18
7887.99684 8.23156e-18
7889.49939 8.17409e-18
7891.00194 8.11660e-18
7892.51450 8.04706e-18
7894.01705 7.97752e-18
7895.52962 7.99668e-18
7897.03217 8.01591e-18
7898.53472 7.97470e-18
7900.04729 7.93344e-18
7901.54984 7.92243e-18
7903.06240 7.91144e-18
7904.56495 7.89624e-18
7906.06750 7.88104e-18
7907.58007 7.82642e-18
7909.08262 7.77178e-18
7910.59519 7.76972e-18
7912.09774 7.76770e-18
7913.60029 7.79357e-18
7915.11286 7.81946e-18
7916.61541 7.83510e-18
7918.11796 7.85073e-18
7919.63052 7.86576e-18
7921.13307 7.88079e-18
7922.64564 7.83930e-18
7924.14819 7.79776e-18
7925.65074 7.79858e-18
7927.16331 7.79944e-18
7928.66586 7.76686e-18
7930.16841 7.73425e-18
7931.68097 7.76338e-18
7933.18352 7.79256e-18
7934.69609 7.75399e-18
7936.19864 7.71536e-18
7937.70119 7.61691e-18
7939.21376 7.51842e-18
7940.71631 7.47772e-18
7942.22888 7.43707e-18
7943.73142 7.45170e-18
7945.23398 7.46638e-18
7946.74654 7.43926e-18
7948.24909 7.41210e-18
7949.76166 7.35762e-18
7951.26421 7.30314e-18
7952.76676 7.30481e-18
7954.27933 7.30654e-18
7955.78188 7.23265e-18
7957.28443 7.15870e-18
7958.79699 7.12997e-18
7960.29954 7.10127e-18
7961.81211 7.19048e-18
7963.31466 7.27978e-18
7964.81721 7.32359e-18
7966.32978 7.36735e-18
7967.83233 7.27983e-18
7969.34489 7.19221e-18
7970.84744 7.16751e-18
7972.34999 7.14285e-18
7973.86256 7.11690e-18
7975.36511 7.09094e-18
7976.86766 7.08396e-18
7978.38023 7.07699e-18
7979.88278 7.08547e-18
7981.39535 7.09396e-18
7982.89790 7.05707e-18
7984.40045 7.02016e-18
7985.91301 7.03682e-18
7987.41556 7.05354e-18
7988.92813 7.01429e-18
7990.43068 6.97500e-18
7991.93323 6.95343e-18
7993.44580 6.93187e-18
7994.94835 6.78652e-18
7996.45090 6.64107e-18
7997.96346 6.50192e-18
7999.46601 6.36279e-18
8000.97858 6.36918e-18
8002.48113 6.37569e-18
8003.98368 6.28974e-18
8005.49625 6.20372e-18
8006.99880 6.08486e-18
8008.51136 5.96599e-18
8010.01391 5.95255e-18
8011.51646 5.93919e-18
8013.02903 5.96592e-18
8014.53158 5.99267e-18
8016.04415 5.95982e-18
8017.54670 5.92692e-18
8019.04925 5.83886e-18
8020.56182 5.75077e-18
8022.06437 5.70768e-18
8023.56692 5.66464e-18
8025.07948 5.67773e-18
8026.58203 5.69087e-18
8028.09460 5.70451e-18
8029.59715 5.71815e-18
8031.09970 5.54677e-18
8032.61227 5.37526e-18
8034.11482 5.26338e-18
8035.61737 5.15156e-18
8037.12993 5.10817e-18
8038.63248 5.06485e-18
8040.14505 4.95078e-18
8041.64760 4.83665e-18
8043.15015 4.79891e-18
8044.66272 4.76124e-18
8046.16527 4.73940e-18
8047.67783 4.71758e-18
8049.18038 4.64215e-18
8050.68293 4.56669e-18
8052.19550 4.54546e-18
8053.69805 4.52426e-18
8055.21062 4.47270e-18
8056.71317 4.42111e-18
8058.21572 4.39792e-18
8059.72829 4.37476e-18
8061.23084 4.31267e-18
8062.73339 4.25055e-18
8064.24595 4.25307e-18
8065.74850 4.25564e-18
8067.26107 4.28318e-18
8068.76362 4.31073e-18
8070.26617 4.27268e-18
8071.77874 4.23457e-18
8073.28129 4.23093e-18
8074.79385 4.22731e-18
8076.29640 4.25656e-18
8077.79895 4.28582e-18
8079.31152 4.25005e-18
8080.81407 4.21422e-18
8082.31662 4.19026e-18
8083.82919 4.16630e-18
8085.33174 4.16384e-18
8086.84430 4.16140e-18
8088.34685 4.06544e-18
8089.84940 3.96941e-18
8091.36197 3.91250e-18
8092.86452 3.85563e-18
8094.37709 3.82301e-18
8095.87964 3.79041e-18
8097.38219 3.77556e-18
8098.89476 3.76071e-18
8100.39730 3.74222e-18
8101.89985 3.72373e-18
8103.41242 3.68377e-18
8104.91497 3.64380e-18
8106.42754 3.59398e-18
8107.93009 3.54416e-18
8109.43264 3.49785e-18
8110.94521 3.45154e-18
8112.44776 3.45032e-18
8113.96032 3.44914e-18
8115.46287 3.44887e-18
8116.96542 3.44860e-18
8118.47799 3.42209e-18
8119.98054 3.39556e-18
8121.49311 3.39222e-18
8122.99566 3.38890e-18
8124.49821 3.40766e-18
8126.01077 3.42644e-18
8127.51332 3.46632e-18
8129.01587 3.50621e-18
8130.52844 3.48953e-18
8132.03099 3.47279e-18
8133.54356 3.50901e-18
8135.04611 3.54527e-18
8136.54866 3.52435e-18
8138.06123 3.50338e-18
8139.56378 3.46432e-18
8141.06633 3.42524e-18
8142.57889 3.36558e-18
8144.08144 3.30591e-18
8145.59401 3.23983e-18
8147.09656 3.17374e-18
8148.59911 3.14634e-18
8150.11168 3.11898e-18
8151.61423 3.06846e-18
8153.12679 3.01792e-18
8154.62934 2.92287e-18
8156.13189 2.82778e-18
8157.64446 2.79435e-18
8159.14701 2.76098e-18
8160.65958 2.76281e-18
8162.16213 2.76467e-18
8163.66468 2.71448e-18
8165.17724 2.66426e-18
8166.67979 2.71318e-18
8168.18234 2.76218e-18
8169.69491 2.69643e-18
8171.19746 2.63059e-18
8172.71003 2.51580e-18
8174.21258 2.40098e-18
8175.71513 2.41218e-18
8177.22770 2.42348e-18
8178.73025 2.51927e-18
8180.24281 2.61511e-18
8181.74536 2.65396e-18
8183.24791 2.69275e-18
8184.76048 2.71311e-18
8186.26303 2.73346e-18
8187.76558 2.82231e-18
8189.27815 2.91121e-18
8190.78070 2.94807e-18
8192.29326 2.98489e-18
8193.79581 2.96842e-18
8195.29836 2.95189e-18
8196.81093 3.03163e-18
8198.31348 3.11144e-18
8199.82605 3.19280e-18
8201.32860 3.27415e-18
8202.83115 3.25605e-18
8204.34371 3.23787e-18
8205.84626 3.17181e-18
8207.34881 3.10571e-18
8208.86138 3.05719e-18
8210.36393 3.00869e-18
8211.87650 3.00358e-18
8213.37905 2.99850e-18
8214.88160 2.97633e-18
8216.39417 2.95415e-18
8217.89672 2.86398e-18
8219.40928 2.77375e-18
8220.91183 2.65576e-18
8222.41438 2.53775e-18
8223.92695 2.47704e-18
8225.42950 2.41638e-18
8226.93205 2.46618e-18
8228.44462 2.51606e-18
8229.94717 2.47895e-18
8231.45973 2.44177e-18
8232.96228 2.44806e-18
8234.47485 2.45439e-18
8235.97740 2.48356e-18
8237.47995 2.51275e-18
8238.99252 2.57812e-18
8240.49507 2.64351e-18
8241.99762 2.67462e-18
8243.51018 2.70569e-18
8245.01273 2.75226e-18
8246.51528 2.79885e-18
8248.02785 2.87968e-18
8249.53040 2.96055e-18
8251.04297 2.99244e-18
8252.54552 3.02428e-18
8254.04807 3.06102e-18
8255.56063 3.09776e-18
8257.06318 3.18666e-18
8258.57575 3.27559e-18
8260.07830 3.31598e-18
8261.58085 3.35632e-18
8263.09342 3.39627e-18
8264.59597 3.43623e-18
8266.10854 3.38781e-18
8267.61109 3.33932e-18
8269.11364 3.24467e-18
8270.62620 3.15000e-18
8272.12875 3.11676e-18
8273.63130 3.08358e-18
8275.14387 3.02364e-18
8276.64642 2.96368e-18
8278.15899 2.91695e-18
8279.66154 2.87024e-18
8281.16409 2.87736e-18
8282.67665 2.88453e-18
8284.17920 2.90340e-18
8285.68175 2.92228e-18
8287.19432 2.98197e-18
8288.69687 3.04169e-18
8290.20944 3.06001e-18
8291.71199 3.07830e-18
8293.22456 3.00317e-18
8294.72710 2.92796e-18
8296.22965 2.96673e-18
8297.74222 3.00560e-18
8299.24477 3.05358e-18
8300.74732 3.10157e-18
8302.25989 3.24663e-18
8303.76244 3.39176e-18
8305.26499 3.49817e-18
8306.77756 3.60454e-18
8308.28011 3.63827e-18
8309.79267 3.67193e-18
8311.29522 3.69638e-18
8312.80779 3.72083e-18
8314.31034 3.73061e-18
8315.81289 3.74037e-18
8317.32546 3.75296e-18
8318.82801 3.76554e-18
8320.33056 3.78546e-18
8321.84312 3.80539e-18
8323.34567 3.80083e-18
8324.85824 3.79625e-18
8326.36079 3.78522e-18
8327.86334 3.77418e-18
8329.37591 3.70544e-18
8330.87846 3.63665e-18
8332.39103 3.58741e-18
8333.89358 3.53820e-18
8335.39613 3.57081e-18
8336.90869 3.60349e-18
8338.41124 3.62968e-18
8339.91379 3.65587e-18
8341.42636 3.66516e-18
8342.92891 3.67444e-18
8344.44148 3.71795e-18
8345.94403 3.76149e-18
8347.44658 3.80569e-18
8348.95914 3.84989e-18
8350.46169 3.87723e-18
8351.97426 3.90454e-18
8353.47681 3.98843e-18
8354.97936 4.07236e-18
8356.49193 4.18823e-18
8357.99448 4.30411e-18
8359.49703 4.32222e-18
8361.00959 4.34024e-18
8362.51214 4.36918e-18
8364.02471 4.39812e-18
8365.52726 4.44134e-18
8367.02981 4.48458e-18
8368.54238 4.49613e-18
8370.04493 4.50765e-18
8371.55750 4.49991e-18
8373.06005 4.49215e-18
8374.56260 4.46995e-18
8376.07516 4.44774e-18
8377.57771 4.42332e-18
8379.09028 4.39890e-18
8380.59283 4.39074e-18
8382.09538 4.38259e-18
8383.60795 4.38887e-18
8385.11050 4.39515e-18
8386.61305 4.43083e-18
8388.12561 4.46652e-18
8389.62816 4.53769e-18
8391.14073 4.60888e-18
8392.64328 4.66440e-18
8394.14583 4.71990e-18
8395.65840 4.77236e-18
8397.16095 4.82483e-18
8398.67351 4.84596e-18
8400.17606 4.86706e-18
8401.67861 4.95203e-18
8403.19118 5.03705e-18
8404.69373 5.05554e-18
8406.19628 5.07396e-18
8407.70885 5.13022e-18
8409.21140 5.18652e-18
8410.72397 5.31448e-18
8412.22652 5.44250e-18
8413.72907 5.44547e-18
8415.24163 5.44833e-18
8416.74418 5.37975e-18
8418.25675 5.31111e-18
8419.75930 5.33346e-18
8421.26185 5.35589e-18
8422.77442 5.37581e-18
8424.27697 5.39573e-18
8425.77952 5.42568e-18
8427.29208 5.45563e-18
8428.79463 5.45750e-18
8430.30720 5.45934e-18
8431.80975 5.51057e-18
8433.31230 5.56185e-18
8434.82487 5.62416e-18
8436.32742 5.68648e-18
8437.83998 5.66898e-18
8439.34253 5.65141e-18
8440.84508 5.62684e-18
8442.35765 5.60227e-18
8443.86020 5.64824e-18
8445.37277 5.69427e-18
8446.87532 5.70563e-18
8448.37787 5.71696e-18
8449.89043 5.70965e-18
8451.39299 5.70232e-18
8452.89553 5.80848e-18
8454.40810 5.91474e-18
8455.91065 5.94489e-18
8457.42322 5.97497e-18
8458.92577 6.07321e-18
8460.42832 6.17150e-18
8461.94089 6.15746e-18
8463.44344 6.14333e-18
8464.94599 6.16435e-18
8466.45855 6.18540e-18
8467.96110 6.16024e-18
8469.47367 6.13504e-18
8470.97622 6.17754e-18
8472.47877 6.22010e-18
8473.99134 6.29189e-18
8475.49389 6.36369e-18
8477.00645 6.40453e-18
8478.50900 6.44534e-18
8480.01155 6.50246e-18
8481.52412 6.55959e-18
8483.02667 6.54772e-18
8484.52922 6.53579e-18
8486.04179 6.56545e-18
8487.54434 6.59514e-18
8489.05690 6.66276e-18
8490.55946 6.73042e-18
8492.06200 6.75431e-18
8493.57457 6.77815e-18
8495.07712 6.78713e-18
8496.58969 6.79610e-18
8498.09224 6.83542e-18
8499.59479 6.87477e-18
8501.10736 6.97697e-18
8502.60991 7.07922e-18
8504.12247 7.15024e-18
8505.62502 7.22122e-18
8507.12757 7.25485e-18
8508.64014 7.28843e-18
8510.14269 7.32357e-18
8511.64524 7.35871e-18
8513.15781 7.34613e-18
8514.66036 7.33350e-18
8516.17292 7.28518e-18
8517.67547 7.23682e-18
8519.17802 7.18645e-18
8520.69059 7.13608e-18
8522.19314 7.17023e-18
8523.70571 7.20447e-18
8525.20826 7.29684e-18
8526.71081 7.38926e-18
8528.22337 7.46222e-18
8529.72593 7.53516e-18
8531.22847 7.50921e-18
8532.74104 7.48318e-18
8534.24359 7.43659e-18
8535.75616 7.38998e-18
8537.25871 7.38342e-18
8538.76126 7.37690e-18
8540.27383 7.43580e-18
8541.77638 7.49476e-18
8543.28894 7.53582e-18
8544.79149 7.57685e-18
8546.29404 7.57416e-18
8547.80661 7.57143e-18
8549.30916 7.68105e-18
8550.81171 7.79075e-18
8552.32428 7.79420e-18
8553.82683 7.79755e-18
8555.33939 7.82157e-18
8556.84194 7.84561e-18
8558.34449 7.82812e-18
8559.85706 7.81059e-18
8561.35961 7.83171e-18
8562.87218 7.85287e-18
8564.37473 7.90022e-18
8565.87728 7.94759e-18
8567.38985 7.89247e-18
8568.89240 7.83725e-18
8570.39495 7.72346e-18
8571.90751 7.60962e-18
8573.41006 7.59985e-18
8574.92263 7.59018e-18
8576.42518 7.69879e-18
8577.92773 7.80750e-18
8579.44030 7.88406e-18
8580.94285 7.96058e-18
8582.45541 7.93048e-18
8583.95796 7.90028e-18
8585.46051 7.87430e-18
8586.97308 7.84832e-18
8588.47563 7.75956e-18
8589.98820 7.67075e-18
8591.49075 7.68572e-18
8592.99330 7.70079e-18
8594.50586 7.78748e-18
8596.00841 7.87424e-18
8597.51096 7.89818e-18
8599.02353 7.92206e-18
8600.52608 7.95196e-18
8602.03865 7.98186e-18
8603.54120 8.04520e-18
8605.04375 8.10858e-18
8606.55632 8.09179e-18
8608.05887 8.07494e-18
8609.57143 8.03871e-18
8611.07398 8.00246e-18
8612.57653 8.01458e-18
8614.08910 8.02673e-18
8615.59165 7.91356e-18
8617.09420 7.80027e-18
8618.60677 7.80810e-18
8620.10932 7.81605e-18
8621.62188 7.83760e-18
8623.12443 7.85917e-18
8624.62698 7.91223e-18
8626.13955 7.96533e-18
8627.64210 7.96766e-18
8629.15467 7.96995e-18
8630.65722 7.90530e-18
8632.15977 7.84060e-18
8633.67233 7.80399e-18
8635.17488 7.76740e-18
8636.67743 7.71868e-18
8638.19000 7.66994e-18
8639.69255 7.63321e-18
8641.20512 7.59650e-18
8642.70767 7.67888e-18
8644.21022 7.76137e-18
8645.72278 7.75241e-18
8647.22533 7.74336e-18
8648.73790 7.76922e-18
8650.24045 7.79513e-18
8651.74300 7.76247e-18
8653.25557 7.72977e-18
8654.75812 7.76334e-18
8656.27069 7.79697e-18
8657.77324 7.87514e-18
8659.27579 7.95334e-18
8660.78835 7.95513e-18
8662.29090 7.95684e-18
8663.79345 7.94514e-18
8665.30602 7.93343e-18
8666.80857 7.89265e-18
8668.32114 7.85186e-18
8669.82369 7.77926e-18
8671.32624 7.70665e-18
8672.83880 7.70118e-18
8674.34135 7.69578e-18
8675.84390 7.58477e-18
8677.35647 7.47367e-18
8678.85902 7.33830e-18
8680.37159 7.20291e-18
8681.87414 7.26675e-18
8683.37669 7.33077e-18
8684.88926 7.28882e-18
8686.39180 7.24676e-18
8687.90437 7.15767e-18
8689.40692 7.06854e-18
8690.90947 7.02723e-18
8692.42204 6.98597e-18
8693.92459 6.98348e-18
8695.42714 6.98102e-18
8696.93971 6.93126e-18
8698.44226 6.88145e-18
8699.95482 6.78339e-18
8701.45737 6.68529e-18
8702.95992 6.66451e-18
8704.47249 6.64380e-18
8705.97504 6.67629e-18
8707.48761 6.70884e-18
8708.99016 6.73075e-18
8710.49271 6.75265e-18
8712.00527 6.83124e-18
8713.50782 6.90987e-18
8715.02039 7.00291e-18
8716.52294 7.09595e-18
8718.02549 7.15562e-18
8719.53806 7.21526e-18
8721.04061 7.10918e-18
8722.54316 7.00296e-18
8724.05573 6.92928e-18
8725.55827 6.85565e-18
8727.07084 6.81311e-18
8728.57339 6.77061e-18
8730.07594 6.61957e-18
8731.58851 6.46843e-18
8733.09106 6.34362e-18
8734.60363 6.21885e-18
8736.10618 6.17959e-18
8737.60873 6.14041e-18
8739.12129 6.09493e-18
8740.62384 6.04944e-18
8742.12639 5.99512e-18
8743.63896 5.94078e-18
8745.14151 5.85323e-18
8746.65408 5.76565e-18
8748.15663 5.69752e-18
8749.65918 5.62941e-18
8751.17174 5.64104e-18
8752.67429 5.65274e-18
8754.18686 5.61432e-18
8755.68941 5.57585e-18
8757.19196 5.48192e-18
8758.70453 5.38794e-18
8760.20708 5.37788e-18
8761.70963 5.36790e-18
8763.22220 5.39610e-18
8764.72475 5.42433e-18
8766.23731 5.43886e-18
8767.73986 5.45337e-18
8769.24241 5.58247e-18
8770.75498 5.71168e-18
8772.25753 5.82406e-18
8773.77010 5.93642e-18
8775.27265 6.01097e-18
8776.77520 6.08547e-18
8778.28776 6.09368e-18
8779.79031 6.10181e-18
8781.29286 5.95637e-18
8782.80543 5.81079e-18
8784.30798 5.66710e-18
8785.82055 5.52343e-18
8787.32310 5.44014e-18
8788.82565 5.35692e-18
8790.33821 5.29376e-18
8791.84076 5.23062e-18
8793.35333 5.14461e-18
8794.85588 5.05860e-18
8796.35843 4.95185e-18
8797.87100 4.84509e-18
8799.37355 4.78836e-18
8800.88612 4.73169e-18
8802.38867 4.67670e-18
8803.89122 4.62172e-18
8805.40378 4.58135e-18
8806.90633 4.54100e-18
8808.40888 4.45616e-18
8809.92145 4.37128e-18
8811.42400 4.42102e-18
8812.93657 4.47089e-18
8814.43912 4.53064e-18
8815.94167 4.59040e-18
8817.45423 4.54643e-18
8818.95678 4.50237e-18
8820.46935 4.57771e-18
8821.97190 4.65316e-18
8823.47445 4.82864e-18
8824.98702 5.00420e-18
8826.48957 5.06163e-18
8827.99212 5.11894e-18
8829.50468 5.18811e-18
8831.00723 5.25728e-18
8832.51980 5.32075e-18
8834.02235 5.38420e-18
8835.52490 5.33513e-18
8837.03747 5.28595e-18
8838.54002 5.23835e-18
8840.05258 5.19074e-18
8841.55513 5.14991e-18
8843.05768 5.10909e-18
8844.57025 5.02682e-18
8846.07280 4.94451e-18
8847.57535 4.83443e-18
8849.08792 4.72433e-18
8850.59047 4.65619e-18
8852.10304 4.58809e-18
8853.60559 4.61406e-18
8855.10814 4.64013e-18
8856.62070 4.63862e-18
8858.12325 4.63710e-18
8859.63582 4.52180e-18
8861.13837 4.40640e-18
8862.64092 4.38586e-18
8864.15349 4.36541e-18
8865.65604 4.37611e-18
8867.16860 4.38684e-18
8868.67115 4.35490e-18
8870.17370 4.32293e-18
8871.68627 4.41442e-18
8873.18882 4.50602e-18
8874.69137 4.60722e-18
8876.20394 4.70843e-18
8877.70649 4.85523e-18
8879.21905 5.00207e-18
8880.72161 5.18515e-18
8882.22415 5.36826e-18
8883.73672 5.51652e-18
8885.23927 5.66474e-18
8886.75184 5.72160e-18
8888.25439 5.77837e-18
8889.75694 5.67989e-18
8891.26951 5.58126e-18
8892.77206 5.51423e-18
8894.27461 5.44724e-18
8895.78717 5.50218e-18
8897.28972 5.55723e-18
8898.80229 5.41901e-18
8900.30484 5.28061e-18
8901.80739 5.28834e-18
8903.31996 5.29621e-18
8904.82251 5.27285e-18
8906.32506 5.24946e-18
8907.83762 5.14104e-18
8909.34017 5.03254e-18
8910.85274 4.94672e-18
8912.35529 4.86094e-18
8913.85784 4.79482e-18
8915.37041 4.72872e-18
8916.87296 4.67342e-18
8918.38552 4.61812e-18
8919.88808 4.59590e-18
8921.39062 4.57371e-18
8922.90319 4.57065e-18
8924.40574 4.56761e-18
8925.91831 4.56238e-18
8927.42086 4.55716e-18
8928.92341 4.58974e-18
8930.43598 4.62237e-18
8931.93853 4.66724e-18
8933.44108 4.71212e-18
8934.95364 4.74566e-18
8936.45619 4.77919e-18
8937.96876 4.81448e-18
8939.47131 4.84976e-18
8940.97386 4.94068e-18
8942.48643 5.03166e-18
8943.98898 5.10018e-18
8945.50154 5.16869e-18
8947.00409 5.20164e-18
8948.50664 5.23455e-18
8950.01921 5.33202e-18
8951.52176 5.42954e-18
8953.02431 5.43366e-18
8954.53688 5.43769e-18
8956.03943 5.32985e-18
8957.55199 5.22191e-18
8959.05455 5.17972e-18
8960.55710 5.13760e-18
8962.06966 5.04252e-18
8963.57221 4.94739e-18
8965.08478 4.83810e-18
8966.58733 4.72880e-18
8968.08988 4.60624e-18
8969.60245 4.48369e-18
8971.10500 4.38274e-18
8972.60755 4.28183e-18
8974.12011 4.17636e-18
8975.62266 4.07089e-18
8977.13523 3.92089e-18
8978.63778 3.77085e-18
8980.14033 3.68978e-18
8981.65290 3.60878e-18
8983.15545 3.63412e-18
8984.66801 3.65956e-18
8986.17056 3.68697e-18
8987.67311 3.71439e-18
8989.18568 3.77651e-18
8990.68823 3.83867e-18
8992.19078 3.95250e-18
8993.70335 4.06637e-18
8995.20590 4.08344e-18
8996.71847 4.10041e-18
8998.22102 4.18785e-18
8999.72357 4.27536e-18
9001.23613 4.41491e-18
9002.73868 4.55450e-18
9004.25125 4.61334e-18
9005.75380 4.67209e-18
9007.25635 4.67696e-18
9008.76892 4.68178e-18
9010.27147 4.65525e-18
9011.78403 4.62870e-18
9013.28658 4.62574e-18
9014.78913 4.62280e-18
9016.30170 4.70323e-18
9017.80425 4.78374e-18
9019.30680 4.65594e-18
9020.81937 4.52793e-18
9022.32192 4.52068e-18
9023.83448 4.51356e-18
9025.33703 4.44017e-18
9026.83958 4.36673e-18
9028.35215 4.25658e-18
9029.85470 4.14640e-18
9031.36727 4.10053e-18
9032.86982 4.05472e-18
9034.37237 4.03312e-18
9035.88494 4.01153e-18
9037.38748 3.99885e-18
9038.89004 3.98617e-18
9040.40260 3.96518e-18
9041.90515 3.94419e-18
9043.41772 3.88797e-18
9044.92027 3.83172e-18
9046.42282 3.78591e-18
9047.93539 3.74011e-18
9049.43794 3.74708e-18
9050.95050 3.75410e-18
9052.45305 3.79073e-18
9053.95560 3.82740e-18
9055.46817 3.84235e-18
9056.97072 3.85727e-18
9058.47327 3.82566e-18
9059.98584 3.79400e-18
9061.48839 3.88901e-18
9063.00095 3.98414e-18
9064.50350 4.15386e-18
9066.00605 4.32365e-18
9067.51862 4.35178e-18
9069.02117 4.37976e-18
9070.53374 4.41370e-18
9072.03629 4.44764e-18
9073.53884 4.57582e-18
9075.05141 4.70408e-18
9076.55395 4.61191e-18
9078.06652 4.51951e-18
9079.56907 4.55995e-18
9081.07162 4.60052e-18
9082.58419 4.65570e-18
9084.08674 4.71089e-18
9085.58929 4.59577e-18
9087.10186 4.48047e-18
9088.60441 4.32398e-18
9090.11697 4.16746e-18
9091.61952 4.11247e-18
9093.12207 4.05777e-18
9094.63464 4.01300e-18
9096.13719 3.96823e-18
9097.64976 3.91182e-18
9099.15231 3.85541e-18
9100.65486 3.85534e-18
9102.16742 3.85533e-18
9103.66997 3.80582e-18
9105.17252 3.75627e-18
9106.68509 3.68857e-18
9108.18764 3.62086e-18
