# wavelength flux
3473.89560 4.92810e-18
3475.36810 5.02668e-18
3476.84060 6.06099e-18
3478.30308 6.00130e-18
3479.77558 5.63287e-18
3481.24808 5.07283e-18
3482.72058 5.89567e-18
3484.18306 5.06278e-18
3485.65556 4.52672e-18
3487.12806 4.74280e-18
3488.60056 4.36961e-18
3490.06304 4.24350e-18
3491.53554 4.52242e-18
3493.00804 4.89672e-18
3494.47052 4.63859e-18
3495.94302 4.86742e-18
3497.41552 5.65850e-18
3498.88801 5.36899e-18
3500.35050 4.74914e-18
3501.82300 5.05155e-18
3503.29549 3.99902e-18
3504.76799 4.15701e-18
3506.23048 4.96594e-18
3507.70298 4.48165e-18
3509.17547 4.49732e-18
3510.64797 4.79558e-18
3512.11046 4.95876e-18
3513.58295 4.76498e-18
3515.05545 4.64652e-18
3516.52795 4.02813e-18
3517.99043 3.92587e-18
3519.46293 4.74384e-18
3520.93543 4.50647e-18
3522.40793 4.40910e-18
3523.87041 4.57533e-18
3525.34291 5.06476e-18
3526.81541 4.54999e-18
3528.28791 4.41468e-18
3529.75039 4.10024e-18
3531.22289 4.17996e-18
3532.69539 5.48384e-18
3534.16789 5.32444e-18
3535.63037 4.51430e-18
3537.10287 4.76451e-18
3538.57537 4.54004e-18
3540.04787 4.11704e-18
3541.51035 3.86517e-18
3542.98285 4.05546e-18
3544.45535 4.51177e-18
3545.92785 5.01371e-18
3547.39033 4.32254e-18
3548.86283 4.16711e-18
3550.33533 4.46168e-18
3551.80783 4.48710e-18
3553.27031 4.48285e-18
3554.74281 4.89591e-18
3556.21531 4.76829e-18
3557.68781 5.91808e-18
3559.15029 5.07021e-18
3560.62279 4.81766e-18
3562.09529 4.15859e-18
3563.56778 4.88272e-18
3565.03027 5.05453e-18
3566.50276 4.64773e-18
3567.97526 5.13950e-18
3569.44776 5.36867e-18
3570.91025 5.56814e-18
3572.38274 6.12170e-18
3573.85524 4.84775e-18
3575.32774 4.42177e-18
3576.79022 4.47673e-18
3578.26272 4.18691e-18
3579.73522 4.43470e-18
3581.20772 4.70293e-18
3582.67020 4.62509e-18
3584.14270 4.23592e-18
3585.61520 4.34108e-18
3587.07768 4.48734e-18
3588.55018 4.10802e-18
3590.02268 4.81785e-18
3591.49518 4.42922e-18
3592.95766 4.34733e-18
3594.43016 4.98074e-18
3595.90266 5.23666e-18
3597.37516 4.98268e-18
3598.83764 4.18048e-18
3600.31014 5.58089e-18
3601.78264 5.21159e-18
3603.25514 5.01936e-18
3604.71762 5.16033e-18
3606.19012 5.12725e-18
3607.66262 5.66393e-18
3609.13512 5.58992e-18
3610.59760 6.50046e-18
3612.07010 5.71893e-18
3613.54260 5.10451e-18
3615.01510 5.69144e-18
3616.47758 6.41439e-18
3617.95008 6.14351e-18
3619.42258 5.62352e-18
3620.89507 6.66610e-18
3622.35756 7.04185e-18
3623.83006 5.58995e-18
3625.30256 6.14635e-18
3626.77505 5.31440e-18
3628.23754 5.03499e-18
3629.71004 5.35287e-18
3631.18253 6.31089e-18
3632.65503 6.40936e-18
3634.11751 5.50796e-18
3635.59001 5.27087e-18
3637.06251 5.43531e-18
3638.53501 4.90772e-18
3639.99749 4.40819e-18
3641.46999 4.67740e-18
3642.94249 4.97293e-18
3644.41499 3.38267e-18
3645.87747 3.44155e-18
3647.34997 5.56658e-18
3648.82247 4.97584e-18
3650.29497 4.14936e-18
3651.75745 4.96582e-18
3653.22995 5.36744e-18
3654.70245 4.42587e-18
3656.17495 4.49395e-18
3657.63743 4.93044e-18
3659.10993 4.40591e-18
3660.58243 4.41556e-18
3662.05493 4.39235e-18
3663.51741 4.48767e-18
3664.98991 4.80342e-18
3666.46241 3.97508e-18
3667.93491 4.57745e-18
3669.39739 4.73217e-18
3670.86989 4.94946e-18
3672.34239 4.94092e-18
3673.81489 5.11373e-18
3675.27737 5.72306e-18
3676.74987 5.58610e-18
3678.22237 4.91478e-18
3679.69486 5.08994e-18
3681.15735 5.42526e-18
3682.62985 5.75977e-18
3684.10235 5.70356e-18
3685.56483 6.28546e-18
3687.03733 6.57661e-18
3688.50983 7.13481e-18
3689.98232 6.31928e-18
3691.44481 6.92807e-18
3692.91731 7.27228e-18
3694.38980 6.37692e-18
3695.86230 6.65047e-18
3697.32479 7.51912e-18
3698.79728 7.28857e-18
3700.26978 7.50104e-18
3701.74228 7.78470e-18
3703.20476 7.55960e-18
3704.67726 7.38177e-18
3706.14976 8.29494e-18
3707.62226 8.37453e-18
3709.08474 7.78582e-18
3710.55724 7.57844e-18
3712.02974 9.07088e-18
3713.50224 9.23299e-18
3714.96472 9.11652e-18
3716.43722 9.00011e-18
3717.90972 8.89141e-18
3719.38222 8.78275e-18
3720.84470 8.67410e-18
3722.31720 8.56547e-18
3723.78970 8.45688e-18
3725.26220 8.34828e-18
3726.72468 8.23973e-18
3728.19718 8.13119e-18
3729.66968 8.02267e-18
3731.14218 7.91419e-18
3732.60466 7.80572e-18
3734.07716 7.69728e-18
3735.54966 7.58885e-18
3737.02216 7.48044e-18
3738.48464 7.37205e-18
3739.95714 7.26368e-18
3741.42964 7.15535e-18
3742.90214 7.04702e-18
3744.36462 6.93872e-18
3745.83712 6.83045e-18
3747.30962 6.72219e-18
3748.78211 6.61397e-18
3750.24460 6.50573e-18
3751.71709 6.39753e-18
3753.18959 6.28937e-18
3754.66209 6.19695e-18
3756.12458 6.18886e-18
3757.59707 6.18017e-18
3759.06957 6.43781e-18
3760.54207 6.19889e-18
3762.00455 5.40475e-18
3763.47705 5.98937e-18
3764.94955 5.89616e-18
3766.42205 5.98824e-18
3767.88453 5.53646e-18
3769.35703 4.54893e-18
3770.82953 4.60351e-18
3772.30203 4.28943e-18
3773.76451 4.74429e-18
3775.23701 4.48771e-18
3776.70951 4.33272e-18
3778.18201 4.75570e-18
3779.64449 4.08406e-18
3781.11699 4.39552e-18
3782.58949 4.50929e-18
3784.05197 3.85521e-18
3785.52447 3.38594e-18
3786.99697 3.31859e-18
3788.46947 3.83105e-18
3789.93195 3.89491e-18
3791.40445 3.74614e-18
3792.87695 3.17426e-18
3794.34945 3.40188e-18
3795.81193 3.02584e-18
3797.28443 2.83643e-18
3798.75693 2.84449e-18
3800.22943 3.21744e-18
3801.69191 3.73292e-18
3803.16441 2.95030e-18
3804.63691 3.44291e-18
3806.10941 2.85411e-18
3807.57189 3.21400e-18
3809.04439 3.35805e-18
3810.51689 3.47297e-18
3811.98938 3.31149e-18
3813.45187 3.14578e-18
3814.92436 3.16037e-18
3816.39686 3.20634e-18
3817.86936 2.86073e-18
3819.33185 2.96133e-18
3820.80434 3.09129e-18
3822.27684 2.63047e-18
3823.74934 2.85316e-18
3825.21182 3.37703e-18
3826.68432 3.02714e-18
3828.15682 3.06678e-18
3829.62932 3.71443e-18
3831.09180 3.01309e-18
3832.56430 2.98591e-18
3834.03680 3.11003e-18
3835.50930 2.60174e-18
3836.97178 3.39452e-18
3838.44428 3.22654e-18
3839.91678 3.20755e-18
3841.38928 3.43164e-18
3842.85176 3.28799e-18
3844.32426 3.40405e-18
3845.79676 3.64383e-18
3847.26926 3.58920e-18
3848.73174 3.44166e-18
3850.20424 3.50325e-18
3851.67674 3.87837e-18
3853.14924 4.12566e-18
3854.61172 4.09162e-18
3856.08422 3.78184e-18
3857.55672 4.23397e-18
3859.02922 4.40289e-18
3860.49170 4.24019e-18
3861.96420 4.08109e-18
3863.43670 4.29462e-18
3864.90920 4.85678e-18
3866.37168 5.51291e-18
3867.84418 4.72823e-18
3869.31668 5.33459e-18
3870.77916 6.13682e-18
3872.25166 5.44399e-18
3873.72416 5.94042e-18
3875.19665 5.73552e-18
3876.65914 6.10729e-18
3878.13164 6.83511e-18
3879.60413 6.39729e-18
3881.07663 7.20040e-18
3882.53912 7.81200e-18
3884.01161 7.88143e-18
3885.48411 7.99126e-18
3886.95661 7.80245e-18
3888.41909 8.03138e-18
3889.89159 8.53185e-18
3891.36409 8.86255e-18
3892.83659 9.37564e-18
3894.29907 9.49549e-18
3895.77157 9.95074e-18
3897.24407 1.10522e-17
3898.71657 1.03478e-17
3900.17905 1.08940e-17
3901.65155 1.07598e-17
3903.12405 1.10773e-17
3904.59655 1.17134e-17
3906.05903 1.21689e-17
3907.53153 1.20537e-17
3909.00403 1.21428e-17
3910.47653 1.32463e-17
3911.93901 1.34479e-17
3913.41151 1.33353e-17
3914.88401 1.33582e-17
3916.35651 1.34624e-17
3917.81899 1.38507e-17
3919.29149 1.38328e-17
3920.76399 1.46142e-17
3922.23649 1.47746e-17
3923.69897 1.39514e-17
3925.17147 1.32596e-17
3926.64397 1.40580e-17
3928.11647 1.39067e-17
3929.57895 1.35492e-17
3931.05145 1.35299e-17
3932.52394 1.32125e-17
3933.99644 1.30743e-17
3935.45893 1.33195e-17
3936.93143 1.26696e-17
3938.40392 1.27988e-17
3939.87642 1.36370e-17
3941.33891 1.36640e-17
3942.81140 1.29686e-17
3944.28390 1.27566e-17
3945.75640 1.30843e-17
3947.21888 1.37208e-17
3948.69138 1.39840e-17
3950.16388 1.35559e-17
3951.63638 1.36142e-17
3953.09886 1.34821e-17
3954.57136 1.31796e-17
3956.04386 1.33307e-17
3957.51636 1.33110e-17
3958.97884 1.34705e-17
3960.45134 1.27556e-17
3961.92384 1.24412e-17
3963.39634 1.31738e-17
3964.85882 1.31295e-17
3966.33132 1.21887e-17
3967.80382 1.21709e-17
3969.26630 1.30313e-17
3970.73880 1.24740e-17
3972.21130 1.22457e-17
3973.68380 1.24215e-17
3975.14628 1.18202e-17
3976.61878 1.22962e-17
3978.09128 1.22758e-17
3979.56378 1.22657e-17
3981.02626 1.24692e-17
3982.49876 1.19516e-17
3983.97126 1.21789e-17
3985.44376 1.19064e-17
3986.90624 1.16816e-17
3988.37874 1.17077e-17
3989.85124 1.19653e-17
3991.32374 1.19453e-17
3992.78622 1.13156e-17
3994.25872 1.12969e-17
3995.73121 1.09713e-17
3997.20371 1.13142e-17
3998.66620 1.12977e-17
4000.13870 1.13231e-17
4001.61119 1.13235e-17
4003.08369 1.13776e-17
4004.54617 1.10073e-17
4006.01867 1.14539e-17
4007.49117 1.12587e-17
4008.96367 1.12090e-17
4010.42615 1.10367e-17
4011.89865 1.12130e-17
4013.37115 1.17713e-17
4014.84365 1.21072e-17
4016.30613 1.23017e-17
4017.77863 1.19465e-17
4019.25113 1.17675e-17
4020.72363 1.26500e-17
4022.18611 1.21169e-17
4023.65861 1.23397e-17
4025.13111 1.30209e-17
4026.60361 1.29023e-17
4028.06609 1.26434e-17
4029.53859 1.35671e-17
4031.01109 1.35642e-17
4032.48359 1.38554e-17
4033.94607 1.47052e-17
4035.41857 1.43459e-17
4036.89107 1.36090e-17
4038.36357 1.37586e-17
4039.82605 1.41781e-17
4041.29855 1.44660e-17
4042.77105 1.44093e-17
4044.24355 1.43910e-17
4045.70603 1.44894e-17
4047.17853 1.43654e-17
4048.65103 1.44748e-17
4050.12352 1.48598e-17
4051.58601 1.46803e-17
4053.05851 1.38990e-17
4054.53101 1.40896e-17
4056.00350 1.43749e-17
4057.46599 1.42357e-17
4058.93849 1.42109e-17
4060.41098 1.40983e-17
4061.88348 1.36601e-17
4063.34596 1.32081e-17
4064.81846 1.32120e-17
4066.29096 1.33518e-17
4067.75344 1.26572e-17
4069.22594 1.26044e-17
4070.69844 1.31202e-17
4072.17094 1.25994e-17
4073.63342 1.24384e-17
4075.10592 1.29060e-17
4076.57842 1.28887e-17
4078.05092 1.24787e-17
4079.51340 1.20053e-17
4080.98590 1.15449e-17
4082.45840 1.17140e-17
4083.93090 1.20395e-17
4085.39338 1.12414e-17
4086.86588 1.09400e-17
4088.33838 1.13652e-17
4089.81088 1.13659e-17
4091.27336 1.10138e-17
4092.74586 1.06710e-17
4094.21836 1.02857e-17
4095.69086 1.04459e-17
4097.15334 1.04345e-17
4098.62584 1.01696e-17
4100.09834 1.03320e-17
4101.57084 9.87004e-18
4103.03332 9.54415e-18
4104.50582 9.87278e-18
4105.97832 1.08208e-17
4107.45082 1.11663e-17
4108.91330 1.06673e-17
4110.38580 1.05938e-17
4111.85830 1.02816e-17
4113.33080 9.89425e-18
4114.79328 9.97505e-18
4116.26578 9.97609e-18
4117.73827 9.59614e-18
4119.21077 9.83169e-18
4120.67326 9.51017e-18
4122.14575 9.15446e-18
4123.61825 9.02024e-18
4125.09075 8.81068e-18
4126.55324 9.12336e-18
4128.02573 8.98853e-18
4129.49823 8.67540e-18
4130.97073 9.15685e-18
4132.43321 8.92912e-18
4133.90571 8.64988e-18
4135.37821 8.75994e-18
4136.85071 8.88480e-18
4138.31319 8.70231e-18
4139.78569 8.58725e-18
4141.25819 8.18124e-18
4142.73069 8.17761e-18
4144.19317 7.69560e-18
4145.66567 7.88528e-18
4147.13817 8.08161e-18
4148.61067 7.61950e-18
4150.07315 7.83388e-18
4151.54565 7.88360e-18
4153.01815 7.90865e-18
4154.49065 7.34965e-18
4155.95313 7.21684e-18
4157.42563 7.50132e-18
4158.89813 7.51547e-18
4160.37063 7.70824e-18
4161.83311 8.04890e-18
4163.30561 7.22103e-18
4164.77811 7.61413e-18
4166.24059 7.79697e-18
4167.71309 7.45309e-18
4169.18559 7.58575e-18
4170.65809 7.81879e-18
4172.12057 7.78838e-18
4173.59307 7.65237e-18
4175.06557 7.57061e-18
4176.53806 8.09153e-18
4178.00055 8.06002e-18
4179.47305 7.83185e-18
4180.94555 8.15998e-18
4182.41804 8.09083e-18
4183.88053 8.10423e-18
4185.35303 8.00985e-18
4186.82552 8.05253e-18
4188.29802 8.05082e-18
4189.76051 7.91325e-18
4191.23300 7.94248e-18
4192.70550 7.42638e-18
4194.17800 8.01134e-18
4195.64048 7.86536e-18
4197.11298 7.41192e-18
4198.58548 7.21013e-18
4200.05798 7.28133e-18
4201.52046 7.53885e-18
4202.99296 7.45109e-18
4204.46546 7.32078e-18
4205.93796 7.15293e-18
4207.40044 6.96525e-18
4208.87294 6.92518e-18
4210.34544 7.10757e-18
4211.81794 6.93153e-18
4213.28042 6.99455e-18
4214.75292 6.94122e-18
4216.22542 6.83886e-18
4217.69792 6.73669e-18
4219.16040 6.65721e-18
4220.63290 7.15153e-18
4222.10540 7.24606e-18
4223.57790 7.30801e-18
4225.04038 7.33836e-18
4226.51288 7.03304e-18
4227.98538 7.15253e-18
4229.45788 7.07570e-18
4230.92036 6.98168e-18
4232.39286 7.33337e-18
4233.86536 7.66328e-18
4235.33785 7.33620e-18
4236.80034 7.08816e-18
4238.27284 7.58319e-18
4239.74534 7.46833e-18
4241.21783 7.65213e-18
4242.68032 8.16597e-18
4244.15282 8.03972e-18
4245.62531 8.19223e-18
4247.09781 8.05562e-18
4248.56030 8.17722e-18
4250.03279 8.37812e-18
4251.50529 8.34842e-18
4252.96778 8.53630e-18
4254.44027 8.59941e-18
4255.91277 8.86750e-18
4257.38527 9.22382e-18
4258.84775 8.76461e-18
4260.32025 8.47199e-18
4261.79275 8.65408e-18
4263.26525 8.96679e-18
4264.72773 9.35616e-18
4266.20023 9.13319e-18
4267.67273 8.98558e-18
4269.14523 9.36934e-18
4270.60771 9.22415e-18
4272.08021 9.20602e-18
4273.55271 9.24884e-18
4275.02521 9.44467e-18
4276.48769 9.42734e-18
4277.96019 8.99709e-18
4279.43269 8.96917e-18
4280.90519 9.09575e-18
4282.36767 8.83110e-18
4283.84017 9.03555e-18
4285.31267 9.32645e-18
4286.78517 8.88255e-18
4288.24765 8.80659e-18
4289.72015 8.56680e-18
4291.19265 8.67497e-18
4292.66515 8.70403e-18
4294.12763 8.89277e-18
4295.60013 8.98493e-18
4297.07263 8.72990e-18
4298.54513 8.66957e-18
4300.00761 8.71639e-18
4301.48011 8.70362e-18
4302.95260 8.70112e-18
4304.42510 8.42644e-18
4305.88759 8.46843e-18
4307.36009 8.57889e-18
4308.83258 8.65675e-18
4310.30508 8.47987e-18
4311.76757 8.66414e-18
4313.24006 8.73733e-18
4314.71256 8.50605e-18
4316.18506 8.39611e-18
4317.64754 8.23596e-18
4319.12004 8.58539e-18
4320.59254 8.67018e-18
4322.06504 8.91748e-18
4323.52752 8.92300e-18
4325.00002 8.77956e-18
4326.47252 8.49570e-18
4327.94502 9.25084e-18
4329.40750 9.08070e-18
4330.88000 8.70773e-18
4332.35250 8.92303e-18
4333.82500 9.26483e-18
4335.28748 8.79731e-18
4336.75998 8.88641e-18
4338.23248 9.20138e-18
4339.70498 8.94860e-18
4341.16746 9.05546e-18
4342.63996 9.20879e-18
4344.11246 9.67328e-18
4345.58496 1.00230e-17
4347.04744 9.66780e-18
4348.51994 9.84706e-18
4349.99244 9.71893e-18
4351.45492 9.54570e-18
4352.92742 9.51259e-18
4354.39992 9.47949e-18
4355.87242 9.44640e-18
4357.33490 9.41329e-18
4358.80740 9.38021e-18
4360.27990 9.34712e-18
4361.75240 9.31404e-18
4363.21488 9.28096e-18
4364.68738 9.24790e-18
4366.15988 9.21482e-18
4367.63237 9.18176e-18
4369.09486 9.14869e-18
4370.56736 9.11564e-18
4372.03985 9.08259e-18
4373.51235 9.04953e-18
4374.97483 9.01650e-18
4376.44733 8.98345e-18
4377.91983 8.95043e-18
4379.39233 8.91739e-18
4380.85481 8.88435e-18
4382.32731 8.85134e-18
4383.79981 8.81831e-18
4385.27231 8.78531e-18
4386.73479 8.75229e-18
4388.20729 8.71929e-18
4389.67979 8.68628e-18
4391.15229 8.59416e-18
4392.61477 8.87557e-18
4394.08727 9.00258e-18
4395.55977 8.86406e-18
4397.03227 8.93815e-18
4398.49475 8.71548e-18
4399.96725 8.41384e-18
4401.43975 8.53935e-18
4402.91225 8.38035e-18
4404.37473 8.75645e-18
4405.84723 8.97137e-18
4407.31973 8.79991e-18
4408.79223 8.66752e-18
4410.25471 8.24195e-18
4411.72721 8.24449e-18
4413.19971 8.32252e-18
4414.67221 8.12561e-18
4416.13469 8.08023e-18
4417.60719 8.29973e-18
4419.07969 8.30246e-18
4420.55219 8.19886e-18
4422.01467 8.07532e-18
4423.48717 7.61110e-18
4424.95967 7.44512e-18
4426.43216 7.64328e-18
4427.89465 7.62112e-18
4429.36715 7.61817e-18
4430.83964 7.62707e-18
4432.31214 7.45305e-18
4433.77463 7.25153e-18
4435.24712 7.27154e-18
4436.71962 7.06988e-18
4438.18210 7.24744e-18
4439.65460 7.67239e-18
4441.12710 7.31728e-18
4442.59960 7.01273e-18
4444.07210 6.97139e-18
4445.53458 7.20871e-18
4447.00708 7.28071e-18
4448.47958 7.16259e-18
4449.95208 7.14162e-18
4451.41456 7.21590e-18
4452.88706 6.98282e-18
4454.35956 6.83311e-18
4455.82204 6.90624e-18
4457.29454 7.20718e-18
4458.76704 7.25086e-18
4460.23954 7.17260e-18
4461.70202 7.05672e-18
4463.17452 6.96650e-18
4464.64702 7.04148e-18
4466.11952 7.58651e-18
4467.58200 7.56389e-18
4469.05450 7.44281e-18
4470.52700 7.27693e-18
4471.99950 7.36144e-18
4473.46198 7.75160e-18
4474.93448 7.53539e-18
4476.40698 7.68362e-18
4477.87948 8.08980e-18
4479.34196 8.26726e-18
4480.81446 7.77532e-18
4482.28696 7.84104e-18
4483.75945 8.17837e-18
4485.22194 8.43859e-18
4486.69444 8.43184e-18
4488.16694 8.93975e-18
4489.63943 9.16893e-18
4491.10192 8.74969e-18
4492.57442 8.61844e-18
4494.04691 8.93635e-18
4495.51941 9.27255e-18
4496.98190 9.68245e-18
4498.45439 9.44545e-18
4499.92689 9.70692e-18
4501.39939 9.92362e-18
4502.86187 1.01517e-17
4504.33437 1.03992e-17
4505.80687 1.04105e-17
4507.27937 1.02476e-17
4508.74185 1.05277e-17
4510.21435 1.08295e-17
4511.68685 1.14948e-17
4513.15935 1.14747e-17
4514.62183 1.19400e-17
4516.09433 1.17852e-17
4517.56683 1.19107e-17
4519.03933 1.23845e-17
4520.50181 1.26211e-17
4521.97431 1.29504e-17
4523.44681 1.32126e-17
4524.91931 1.31360e-17
4526.38179 1.37012e-17
4527.85429 1.36246e-17
4529.32679 1.38615e-17
4530.79929 1.44399e-17
4532.26177 1.42268e-17
4533.73427 1.42545e-17
4535.20677 1.47323e-17
4536.67927 1.51332e-17
4538.14175 1.51349e-17
4539.61425 1.50868e-17
4541.08675 1.48930e-17
4542.54923 1.53991e-17
4544.02173 1.56654e-17
4545.49423 1.52020e-17
4546.96673 1.52947e-17
4548.42921 1.56693e-17
4549.90171 1.56634e-17
4551.37421 1.51632e-17
4552.84670 1.54403e-17
4554.30919 1.54666e-17
4555.78168 1.56372e-17
4557.25418 1.60813e-17
4558.72668 1.61395e-17
4560.18916 1.58885e-17
4561.66166 1.65138e-17
4563.13416 1.60774e-17
4564.60666 1.58578e-17
4566.06914 1.62382e-17
4567.54164 1.59581e-17
4569.01414 1.59411e-17
4570.48664 1.60684e-17
4571.94912 1.62179e-17
4573.42162 1.64689e-17
4574.89412 1.69626e-17
4576.36662 1.63962e-17
4577.82910 1.66483e-17
4579.30160 1.73381e-17
4580.77410 1.70683e-17
4582.24660 1.72559e-17
4583.70908 1.70480e-17
4585.18158 1.71632e-17
4586.65408 1.72685e-17
4588.12658 1.72683e-17
4589.58906 1.70608e-17
4591.06156 1.70966e-17
4592.53406 1.71774e-17
4594.00656 1.73622e-17
4595.46904 1.72814e-17
4596.94154 1.71413e-17
4598.41404 1.67792e-17
4599.88654 1.71061e-17
4601.34902 1.68949e-17
4602.82152 1.67572e-17
4604.29402 1.73490e-17
4605.76652 1.68981e-17
4607.22900 1.66558e-17
4608.70150 1.71235e-17
4610.17400 1.72066e-17
4611.64649 1.73546e-17
4613.10898 1.73123e-17
4614.58147 1.70751e-17
4616.05397 1.70921e-17
4617.52647 1.71377e-17
4618.98895 1.72833e-17
4620.46145 1.75506e-17
4621.93395 1.77952e-17
4623.40645 1.79601e-17
4624.86893 1.74373e-17
4626.34143 1.74662e-17
4627.81393 1.76840e-17
4629.27641 1.79747e-17
4630.74891 1.80867e-17
4632.22141 1.79945e-17
4633.69391 1.77813e-17
4635.15639 1.77652e-17
4636.62889 1.77238e-17
4638.10139 1.78549e-17
4639.57389 1.75315e-17
4641.04639 1.79034e-17
4642.50887 1.72558e-17
4643.98137 1.67860e-17
4645.45387 1.74632e-17
4646.91635 1.67613e-17
4648.38885 1.70472e-17
4649.86135 1.71279e-17
4651.33385 1.69963e-17
4652.79633 1.69396e-17
4654.26883 1.69273e-17
4655.74133 1.64867e-17
4657.21383 1.67167e-17
4658.67631 1.66557e-17
4660.14881 1.63499e-17
4661.62131 1.63094e-17
4663.09381 1.59005e-17
4664.55629 1.53761e-17
4666.02879 1.53003e-17
4667.50129 1.57004e-17
4668.97379 1.56207e-17
4670.43627 1.54705e-17
4671.90877 1.54547e-17
4673.38126 1.50328e-17
4674.85376 1.52038e-17
4676.31625 1.50245e-17
4677.78875 1.52080e-17
4679.26124 1.49972e-17
4680.73374 1.47502e-17
4682.19623 1.48144e-17
4683.66872 1.49159e-17
4685.14122 1.50073e-17
4686.61372 1.48441e-17
4688.07620 1.46989e-17
4689.54870 1.46277e-17
4691.02120 1.45530e-17
4692.49370 1.42465e-17
4693.95618 1.39832e-17
4695.42868 1.37367e-17
4696.90118 1.31894e-17
4698.37368 1.32019e-17
4699.83616 1.30138e-17
4701.30866 1.26533e-17
4702.78116 1.24679e-17
4704.25366 1.22899e-17
4705.71614 1.19285e-17
4707.18864 1.19103e-17
4708.66114 1.21051e-17
4710.13364 1.19238e-17
4711.59612 1.16375e-17
4713.06862 1.15723e-17
4714.54112 1.17348e-17
4716.01362 1.19013e-17
4717.47610 1.18679e-17
4718.94860 1.17791e-17
4720.42110 1.18927e-17
4721.89360 1.18872e-17
4723.35608 1.19725e-17
4724.82858 1.21211e-17
4726.30108 1.20304e-17
4727.77358 1.14830e-17
4729.23606 1.16871e-17
4730.70856 1.21658e-17
4732.18106 1.21642e-17
4733.64354 1.22790e-17
4735.11604 1.21171e-17
4736.58854 1.19745e-17
4738.06103 1.19527e-17
4739.52352 1.18122e-17
4740.99601 1.18167e-17
4742.46851 1.19924e-17
4743.94101 1.22201e-17
4745.40350 1.22269e-17
4746.87599 1.19592e-17
4748.34849 1.20874e-17
4749.82099 1.21105e-17
4751.28347 1.24067e-17
4752.75597 1.21066e-17
4754.22847 1.20517e-17
4755.70097 1.23605e-17
4757.16345 1.20743e-17
4758.63595 1.18684e-17
4760.10845 1.18464e-17
4761.58095 1.20164e-17
4763.04343 1.22250e-17
4764.51593 1.19044e-17
4765.98843 1.19738e-17
4767.46093 1.19694e-17
4768.92341 1.17692e-17
4770.39591 1.17341e-17
4771.86841 1.21461e-17
4773.34091 1.21085e-17
4774.80339 1.16708e-17
4776.27589 1.15203e-17
4777.74839 1.17567e-17
4779.22089 1.15929e-17
4780.68337 1.17075e-17
4782.15587 1.12831e-17
4783.62837 1.14060e-17
4785.10087 1.14973e-17
4786.56335 1.16166e-17
4788.03585 1.11959e-17
4789.50835 1.10420e-17
4790.98085 1.10321e-17
4792.44333 1.10245e-17
4793.91583 1.11863e-17
4795.38832 1.10772e-17
4796.86082 1.07135e-17
4798.32331 1.07795e-17
4799.79580 1.07552e-17
4801.26830 1.04806e-17
4802.74080 1.02688e-17
4804.20329 1.00817e-17
4805.67578 1.03575e-17
4807.14828 9.90474e-18
4808.62078 9.49729e-18
4810.08326 9.58704e-18
4811.55576 9.60355e-18
4813.02826 9.18415e-18
4814.50076 8.96077e-18
4815.96324 8.88363e-18
4817.43574 8.82024e-18
4818.90824 8.84556e-18
4820.38074 8.93894e-18
4821.84322 8.47240e-18
4823.31572 8.54082e-18
4824.78822 8.47464e-18
4826.25070 8.57359e-18
4827.72320 8.68804e-18
4829.19570 8.45934e-18
4830.66820 8.81615e-18
4832.13068 8.86225e-18
4833.60318 8.82602e-18
4835.07568 8.95349e-18
4836.54818 9.08602e-18
4838.01066 8.89626e-18
4839.48316 8.85556e-18
4840.95566 9.31397e-18
4842.42816 9.48861e-18
4843.89064 9.47600e-18
4845.36314 9.62424e-18
4846.83564 9.62134e-18
4848.30814 9.71280e-18
4849.77062 1.00901e-17
4851.24312 1.01606e-17
4852.71562 1.02529e-17
4854.18811 1.03453e-17
4855.65060 1.04376e-17
4857.12310 1.05299e-17
4858.59560 1.06222e-17
4860.06809 1.07144e-17
4861.53058 1.08067e-17
4863.00308 1.08989e-17
4864.47557 1.09911e-17
4865.94807 1.10833e-17
4867.41055 1.11755e-17
4868.88305 1.12677e-17
4870.35555 1.13598e-17
4871.82805 1.14520e-17
4873.29053 1.15441e-17
4874.76303 1.16362e-17
4876.23553 1.17283e-17
4877.70803 1.18204e-17
4879.17051 1.19125e-17
4880.64301 1.20045e-17
4882.11551 1.20965e-17
4883.58801 1.21886e-17
4885.05049 1.22806e-17
4886.52299 1.23726e-17
4887.99549 1.24646e-17
4889.46799 1.26388e-17
4890.93047 1.26223e-17
4892.40297 1.22902e-17
4893.87547 1.20531e-17
4895.34797 1.20996e-17
4896.81045 1.19795e-17
4898.28295 1.14772e-17
4899.75545 1.09894e-17
4901.22795 1.09748e-17
4902.69043 1.08461e-17
4904.16293 1.06523e-17
4905.63543 1.03220e-17
4907.10793 1.00839e-17
4908.57041 1.01720e-17
4910.04291 9.92473e-18
4911.51541 9.88881e-18
4912.98790 9.73082e-18
4914.45039 9.73726e-18
4915.92289 9.46432e-18
4917.39539 9.29379e-18
4918.85787 9.42774e-18
4920.33037 9.14496e-18
4921.80286 8.93207e-18
4923.27536 9.30176e-18
4924.73785 9.40134e-18
4926.21035 8.95611e-18
4927.68284 9.19921e-18
4929.15534 9.37685e-18
4930.61783 9.68110e-18
4932.09032 9.77138e-18
4933.56282 9.50553e-18
4935.03532 9.70404e-18
4936.49780 9.96631e-18
4937.97030 1.00203e-17
4939.44280 9.89892e-18
4940.91530 1.03232e-17
4942.37778 1.08522e-17
4943.85028 1.07256e-17
4945.32278 1.05845e-17
4946.79528 1.08640e-17
4948.25776 1.09747e-17
4949.73026 1.11229e-17
4951.20276 1.12710e-17
4952.67526 1.14191e-17
4954.13774 1.15671e-17
4955.61024 1.17152e-17
4957.08274 1.18632e-17
4958.55524 1.20112e-17
4960.01772 1.21592e-17
4961.49022 1.23071e-17
4962.96272 1.24550e-17
4964.43522 1.26030e-17
4965.89770 1.27508e-17
4967.37020 1.28987e-17
4968.84270 1.30465e-17
4970.31520 1.31943e-17
4971.77768 1.33421e-17
4973.25018 1.34899e-17
4974.72268 1.36376e-17
4976.19517 1.37853e-17
4977.65766 1.39330e-17
4979.13016 1.40807e-17
4980.60265 1.42283e-17
4982.07515 1.43760e-17
4983.53764 1.45235e-17
4985.01014 1.46711e-17
4986.48263 1.48186e-17
4987.95513 1.49165e-17
4989.41762 1.49629e-17
4990.89011 1.54059e-17
4992.36261 1.56988e-17
4993.83511 1.54401e-17
4995.29759 1.53793e-17
4996.77009 1.50009e-17
4998.24259 1.48361e-17
4999.71509 1.46712e-17
5001.17757 1.45063e-17
5002.65007 1.43415e-17
5004.12257 1.41767e-17
5005.59507 1.40119e-17
5007.05755 1.38472e-17
5008.53005 1.36824e-17
5010.00255 1.35178e-17
5011.47505 1.33531e-17
5012.93753 1.31885e-17
5014.41003 1.30239e-17
5015.88253 1.28593e-17
5017.34501 1.26947e-17
5018.81751 1.25301e-17
5020.29001 1.23657e-17
5021.76251 1.22012e-17
5023.22499 1.20368e-17
5024.69749 1.18723e-17
5026.16999 1.17079e-17
5027.64249 1.15436e-17
5029.10497 1.13793e-17
5030.57747 1.12149e-17
5032.04997 1.10506e-17
5033.52247 1.08863e-17
5034.98495 1.07017e-17
5036.45745 1.04245e-17
5037.92995 1.02396e-17
5039.40245 1.01779e-17
5040.86493 9.96931e-18
5042.33743 9.52345e-18
5043.80993 9.13524e-18
5045.28242 9.20489e-18
5046.74491 9.12642e-18
5048.21740 8.87274e-18
5049.68990 8.96751e-18
5051.16240 8.67974e-18
5052.62489 8.50079e-18
5054.09738 8.34544e-18
5055.56988 8.06903e-18
5057.04238 7.90551e-18
5058.50486 7.68525e-18
5059.97736 7.61081e-18
5061.44986 7.38283e-18
5062.92236 7.46000e-18
5064.38484 7.59885e-18
5065.85734 7.44207e-18
5067.32984 7.33670e-18
5068.80234 7.59131e-18
5070.26482 7.69957e-18
5071.73732 7.61878e-18
5073.20982 7.68585e-18
5074.68232 7.57958e-18
5076.14480 7.61732e-18
5077.61730 7.88181e-18
5079.08980 7.86216e-18
5080.56230 7.96982e-18
5082.02478 8.38936e-18
5083.49728 8.41658e-18
5084.96978 8.15786e-18
5086.44228 8.22501e-18
5087.90476 8.79124e-18
5089.37726 8.96727e-18
5090.84976 9.03915e-18
5092.32226 9.32621e-18
5093.78474 9.33500e-18
5095.25724 9.45494e-18
5096.72974 9.87775e-18
5098.20224 9.85906e-18
5099.66472 9.94228e-18
5101.13722 1.03440e-17
5102.60971 1.04354e-17
5104.08221 1.04157e-17
5105.54470 1.06540e-17
5107.01720 1.09349e-17
5108.48969 1.09642e-17
5109.95218 1.12393e-17
5111.42468 1.17448e-17
5112.89717 1.18049e-17
5114.36967 1.17601e-17
5115.84217 1.18023e-17
5117.30465 1.15369e-17
5118.77715 1.17284e-17
5120.24965 1.23623e-17
5121.71213 1.19945e-17
5123.18463 1.22093e-17
5124.65713 1.23012e-17
5126.12963 1.24496e-17
5127.59211 1.24618e-17
5129.06461 1.29283e-17
5130.53711 1.31282e-17
5132.00961 1.29645e-17
5133.47209 1.37419e-17
5134.94459 1.32897e-17
5136.41709 1.34212e-17
5137.88959 1.32480e-17
5139.35207 1.32530e-17
5140.82457 1.33664e-17
5142.29707 1.36411e-17
5143.76957 1.35131e-17
5145.23205 1.32719e-17
5146.70455 1.33594e-17
5148.17705 1.32427e-17
5149.64955 1.36194e-17
5151.11203 1.37222e-17
5152.58453 1.34586e-17
5154.05703 1.31531e-17
5155.52953 1.35904e-17
5156.99201 1.34988e-17
5158.46451 1.34889e-17
5159.93701 1.38684e-17
5161.40950 1.33900e-17
5162.87199 1.33739e-17
5164.34449 1.36357e-17
5165.81699 1.38431e-17
5167.28948 1.36334e-17
5168.75197 1.38055e-17
5170.22447 1.40045e-17
5171.69696 1.39543e-17
5173.16946 1.37271e-17
5174.63195 1.39027e-17
5176.10444 1.39752e-17
5177.57694 1.44216e-17
5179.04944 1.39704e-17
5180.51192 1.39212e-17
5181.98442 1.39343e-17
5183.45692 1.41578e-17
5184.92942 1.41502e-17
5186.39190 1.41697e-17
5187.86440 1.41725e-17
5189.33690 1.40730e-17
5190.80940 1.39930e-17
5192.27188 1.41691e-17
5193.74438 1.39963e-17
5195.21688 1.37306e-17
5196.68938 1.34853e-17
5198.15186 1.38202e-17
5199.62436 1.37150e-17
5201.09686 1.36613e-17
5202.56936 1.41468e-17
5204.03184 1.40193e-17
5205.50434 1.41376e-17
5206.97684 1.40203e-17
5208.43932 1.42011e-17
5209.91182 1.41350e-17
5211.38432 1.42097e-17
5212.85682 1.41033e-17
5214.31930 1.38526e-17
5215.79180 1.39236e-17
5217.26430 1.42147e-17
5218.73680 1.41039e-17
5220.19928 1.42885e-17
5221.67178 1.42437e-17
5223.14428 1.43895e-17
5224.61678 1.44526e-17
5226.07926 1.42153e-17
5227.55176 1.39895e-17
5229.02426 1.41702e-17
5230.49675 1.39918e-17
5231.95924 1.40702e-17
5233.43174 1.41786e-17
5234.90423 1.41161e-17
5236.37673 1.42636e-17
5237.83921 1.41945e-17
5239.31171 1.40992e-17
5240.78421 1.39629e-17
5242.25671 1.40199e-17
5243.71919 1.41865e-17
5245.19169 1.40259e-17
5246.66419 1.40623e-17
5248.13669 1.45739e-17
5249.59917 1.47031e-17
5251.07167 1.47399e-17
5252.54417 1.48422e-17
5254.01667 1.49373e-17
5255.47915 1.52262e-17
5256.95165 1.52891e-17
5258.42415 1.50888e-17
5259.89665 1.52722e-17
5261.35913 1.52655e-17
5262.83163 1.52734e-17
5264.30413 1.56054e-17
5265.77663 1.54526e-17
5267.23911 1.53844e-17
5268.71161 1.54551e-17
5270.18411 1.56238e-17
5271.65661 1.54335e-17
5273.11909 1.59639e-17
5274.59159 1.61821e-17
5276.06409 1.59787e-17
5277.53659 1.60992e-17
5278.99907 1.61518e-17
5280.47157 1.60940e-17
5281.94407 1.63340e-17
5283.41657 1.65962e-17
5284.87905 1.64594e-17
5286.35155 1.64089e-17
5287.82405 1.67374e-17
5289.29654 1.64037e-17
5290.75903 1.59747e-17
5292.23153 1.63247e-17
5293.70402 1.61044e-17
5295.17652 1.60959e-17
5296.63900 1.61645e-17
5298.11150 1.59318e-17
5299.58400 1.59312e-17
5301.04649 1.61134e-17
5302.51898 1.63144e-17
5303.99148 1.60318e-17
5305.46398 1.62584e-17
5306.92646 1.64943e-17
5308.39896 1.60978e-17
5309.87146 1.60032e-17
5311.34396 1.62725e-17
5312.80644 1.64676e-17
5314.27894 1.63256e-17
5315.75144 1.61758e-17
5317.22394 1.61214e-17
5318.68642 1.62681e-17
5320.15892 1.62634e-17
5321.63142 1.63779e-17
5323.10392 1.66493e-17
5324.56640 1.67257e-17
5326.03890 1.65097e-17
5327.51140 1.65355e-17
5328.98390 1.66597e-17
5330.44638 1.66284e-17
5331.91888 1.66828e-17
5333.39138 1.63902e-17
5334.86388 1.66984e-17
5336.32636 1.66715e-17
5337.79886 1.62215e-17
5339.27136 1.62759e-17
5340.74386 1.65699e-17
5342.20634 1.67700e-17
5343.67884 1.65177e-17
5345.15134 1.64351e-17
5346.62384 1.62293e-17
5348.08632 1.61191e-17
5349.55882 1.62267e-17
5351.03132 1.63578e-17
5352.50381 1.64688e-17
5353.96630 1.66469e-17
5355.43880 1.67752e-17
5356.91129 1.67159e-17
5358.38379 1.68541e-17
5359.84627 1.64970e-17
5361.31877 1.64980e-17
5362.79127 1.66540e-17
5364.26377 1.65834e-17
5365.72625 1.67158e-17
5367.19875 1.67466e-17
5368.67125 1.68949e-17
5370.14375 1.70363e-17
5371.60623 1.73778e-17
5373.07873 1.72404e-17
5374.55123 1.69442e-17
5376.02373 1.70419e-17
5377.48621 1.71665e-17
5378.95871 1.72635e-17
5380.43121 1.74915e-17
5381.90371 1.73645e-17
5383.36619 1.73232e-17
5384.83869 1.79622e-17
5386.31119 1.81162e-17
5387.78369 1.76880e-17
5389.24617 1.78845e-17
5390.71867 1.81822e-17
5392.19117 1.75045e-17
5393.65365 1.72993e-17
5395.12615 1.76335e-17
5396.59865 1.76948e-17
5398.07115 1.71851e-17
5399.54365 1.72745e-17
5401.00613 1.72291e-17
5402.47863 1.68386e-17
5403.95113 1.69466e-17
5405.41361 1.69888e-17
5406.88611 1.66527e-17
5408.35861 1.68294e-17
5409.83111 1.64866e-17
5411.29359 1.62574e-17
5412.76609 1.62763e-17
5414.23859 1.63199e-17
5415.71108 1.60941e-17
5417.17357 1.60109e-17
5418.64606 1.57320e-17
5420.11856 1.51456e-17
5421.59106 1.48769e-17
5423.05355 1.50844e-17
5424.52604 1.51618e-17
5425.99854 1.49110e-17
5427.47104 1.48906e-17
5428.93352 1.48300e-17
5430.40602 1.45096e-17
5431.87852 1.42635e-17
5433.35102 1.41256e-17
5434.81350 1.40100e-17
5436.28600 1.38255e-17
5437.75850 1.38049e-17
5439.23100 1.39286e-17
5440.69348 1.36428e-17
5442.16598 1.34944e-17
5443.63848 1.34170e-17
5445.11098 1.32586e-17
5446.57346 1.31717e-17
5448.04596 1.32647e-17
5449.51846 1.35515e-17
5450.99096 1.33657e-17
5452.45344 1.32759e-17
5453.92594 1.33135e-17
5455.39844 1.34286e-17
5456.87094 1.34621e-17
5458.33342 1.34326e-17
5459.80592 1.36845e-17
5461.27842 1.38941e-17
5462.75092 1.38513e-17
5464.21340 1.42645e-17
5465.68590 1.45424e-17
5467.15840 1.45700e-17
5468.63090 1.48714e-17
5470.09338 1.52036e-17
5471.56588 1.51835e-17
5473.03838 1.56109e-17
5474.51087 1.61217e-17
5475.97336 1.59298e-17
5477.44585 1.62359e-17
5478.91835 1.65594e-17
5480.38084 1.67671e-17
5481.85334 1.68729e-17
5483.32583 1.68637e-17
5484.79833 1.73494e-17
5486.27083 1.76883e-17
5487.73331 1.77443e-17
5489.20581 1.81417e-17
5490.67831 1.82206e-17
5492.15081 1.87313e-17
5493.61329 1.90662e-17
5495.08579 1.92012e-17
5496.55829 1.96698e-17
5498.02077 1.96991e-17
5499.49327 1.98456e-17
5500.96577 2.02328e-17
5502.43827 2.06302e-17
5503.90075 2.12279e-17
5505.37325 2.18144e-17
5506.84575 2.17043e-17
5508.31825 2.16201e-17
5509.78073 2.17545e-17
5511.25323 2.18133e-17
5512.72573 2.19931e-17
5514.19823 2.16935e-17
5515.66071 2.17758e-17
5517.13321 2.15517e-17
5518.60571 2.16868e-17
5520.07821 2.14337e-17
5521.54069 2.14476e-17
5523.01319 2.15498e-17
5524.48569 2.13237e-17
5525.95819 2.12461e-17
5527.42067 2.12126e-17
5528.89317 2.08136e-17
5530.36567 2.06083e-17
5531.83817 2.05869e-17
5533.30065 2.03607e-17
5534.77315 2.00201e-17
5536.24565 1.98894e-17
5537.71814 2.00254e-17
5539.18063 2.00215e-17
5540.65312 1.95767e-17
5542.12562 1.94840e-17
5543.59812 1.93326e-17
5545.06060 1.92977e-17
5546.53310 1.89108e-17
5548.00560 1.88740e-17
5549.47810 1.87030e-17
5550.94058 1.83183e-17
5552.41308 1.85403e-17
5553.88558 1.83888e-17
5555.35808 1.74451e-17
5556.82056 1.72989e-17
5558.29306 1.69962e-17
5559.76556 1.67092e-17
5561.23806 1.62486e-17
5562.70054 1.59986e-17
5564.17304 1.58852e-17
5565.64554 1.55494e-17
5567.11804 1.53040e-17
5568.58052 1.46331e-17
5570.05302 1.47108e-17
5571.52552 1.45662e-17
5572.99802 1.39153e-17
5574.46050 1.36710e-17
5575.93300 1.37363e-17
5577.40550 1.37074e-17
5578.87800 1.34416e-17
5580.34048 1.34073e-17
5581.81298 1.31416e-17
5583.28548 1.30077e-17
5584.74796 1.30391e-17
5586.22046 1.27181e-17
5587.69296 1.23181e-17
5589.16546 1.21226e-17
5590.62794 1.23721e-17
5592.10044 1.26541e-17
5593.57294 1.25645e-17
5595.04543 1.25228e-17
5596.50792 1.27457e-17
5597.98042 1.28880e-17
5599.45291 1.30639e-17
5600.92541 1.30664e-17
5602.38790 1.32202e-17
5603.86040 1.29299e-17
5605.33289 1.27348e-17
5606.80539 1.29338e-17
5608.26788 1.29208e-17
5609.74037 1.30929e-17
5611.21287 1.31711e-17
5612.68537 1.31783e-17
5614.14785 1.32906e-17
5615.62035 1.32217e-17
5617.09285 1.32199e-17
5618.56535 1.33058e-17
5620.02783 1.33024e-17
5621.50033 1.35270e-17
5622.97283 1.35465e-17
5624.44533 1.36841e-17
5625.90781 1.38879e-17
5627.38031 1.36045e-17
5628.85281 1.38429e-17
5630.32531 1.41246e-17
5631.78779 1.39233e-17
5633.26029 1.39224e-17
5634.73279 1.38823e-17
5636.20529 1.40728e-17
5637.66777 1.42464e-17
5639.14027 1.40275e-17
5640.61277 1.37603e-17
5642.08527 1.36119e-17
5643.54775 1.36100e-17
5645.02025 1.34491e-17
5646.49275 1.36640e-17
5647.96525 1.36476e-17
5649.42773 1.35089e-17
5650.90023 1.37026e-17
5652.37273 1.36901e-17
5653.84523 1.35639e-17
5655.30771 1.32325e-17
5656.78021 1.31625e-17
5658.25270 1.30600e-17
5659.72520 1.29195e-17
5661.18769 1.28856e-17
5662.66019 1.25765e-17
5664.13268 1.25460e-17
5665.60518 1.23079e-17
5667.06766 1.20242e-17
5668.54016 1.19431e-17
5670.01266 1.18789e-17
5671.47515 1.13803e-17
5672.94764 1.14335e-17
5674.42014 1.13741e-17
5675.89264 1.09677e-17
5677.35512 1.04005e-17
5678.82762 1.03093e-17
5680.30012 1.01207e-17
5681.77262 9.64296e-18
5683.24512 9.26688e-18
5684.70760 9.12120e-18
5686.18010 8.99426e-18
5687.65260 8.68425e-18
5689.11508 8.18682e-18
5690.58758 8.15217e-18
5692.06008 8.14799e-18
5693.53258 7.98821e-18
5694.99506 7.52031e-18
5696.46756 7.08366e-18
5697.94006 7.02477e-18
5699.41256 7.00108e-18
5700.87504 6.85937e-18
5702.34754 6.58482e-18
5703.82004 6.10805e-18
5705.29254 5.81802e-18
5706.75502 5.53382e-18
5708.22752 5.50776e-18
5709.70002 5.47998e-18
5711.17252 5.31506e-18
5712.63500 5.00942e-18
5714.10750 4.92926e-18
5715.58000 5.04040e-18
5717.05250 4.62608e-18
5718.51498 4.46083e-18
5719.98748 4.38824e-18
5721.45997 4.49218e-18
5722.93247 4.48815e-18
5724.39496 4.29857e-18
5725.86745 4.27033e-18
5727.33995 4.26526e-18
5728.81245 4.16879e-18
5730.27494 3.94400e-18
5731.74743 3.79911e-18
5733.21993 3.92290e-18
5734.69243 3.95547e-18
5736.15491 3.80442e-18
5737.62741 3.72677e-18
5739.09991 3.88270e-18
5740.57241 4.03502e-18
5742.03489 3.91689e-18
5743.50739 3.86874e-18
5744.97989 3.79010e-18
5746.45239 3.72951e-18
5747.91487 3.96608e-18
5749.38737 4.21408e-18
5750.85987 4.23771e-18
5752.33237 4.17074e-18
5753.79485 4.25617e-18
5755.26735 4.09816e-18
5756.73985 4.18263e-18
5758.21235 4.47283e-18
5759.67483 4.38728e-18
5761.14733 4.37944e-18
5762.61983 4.72916e-18
5764.09233 4.73816e-18
5765.55481 4.67248e-18
5767.02731 4.69416e-18
5768.49981 4.74991e-18
5769.97231 4.89229e-18
5771.43479 5.13221e-18
5772.90729 4.96818e-18
5774.37979 4.91749e-18
5775.84227 5.16225e-18
5777.31477 5.29944e-18
5778.78727 5.50596e-18
5780.25976 5.53852e-18
5781.72225 5.68990e-18
5783.19475 5.76008e-18
5784.66725 5.72617e-18
5786.13974 5.98486e-18
5787.60223 6.00608e-18
5789.07473 6.15897e-18
5790.54722 6.24027e-18
5792.01972 6.39635e-18
5793.48221 6.63965e-18
5794.95470 6.54849e-18
5796.42720 6.66218e-18
5797.89970 6.77992e-18
5799.36218 7.02234e-18
5800.83468 7.33812e-18
5802.30718 7.51531e-18
5803.77968 7.66789e-18
5805.24216 7.89919e-18
5806.71466 7.93031e-18
5808.18716 7.94092e-18
5809.65966 8.58525e-18
5811.12214 8.94394e-18
5812.59464 8.90433e-18
5814.06714 9.15104e-18
5815.53964 9.25502e-18
5817.00212 9.55558e-18
5818.47462 9.89392e-18
5819.94712 1.01172e-17
5821.41962 1.03627e-17
5822.88210 1.07956e-17
5824.35460 1.09808e-17
5825.82710 1.10768e-17
5827.29960 1.14747e-17
5828.76208 1.17141e-17
5830.23458 1.18044e-17
5831.70708 1.21569e-17
5833.17958 1.25339e-17
5834.64206 1.26077e-17
5836.11456 1.26170e-17
5837.58706 1.26094e-17
5839.05955 1.25522e-17
5840.52204 1.31031e-17
5841.99454 1.35868e-17
5843.46704 1.35126e-17
5844.93953 1.34540e-17
5846.40202 1.36423e-17
5847.87452 1.40751e-17
5849.34701 1.42921e-17
5850.81951 1.41894e-17
5852.28200 1.43731e-17
5853.75449 1.46165e-17
5855.22699 1.45324e-17
5856.69949 1.46731e-17
5858.16197 1.50561e-17
5859.63447 1.51377e-17
5861.10697 1.49417e-17
5862.56945 1.51459e-17
5864.04195 1.54721e-17
5865.51445 1.55314e-17
5866.98695 1.55729e-17
5868.45945 1.58443e-17
5869.92193 1.61817e-17
5871.39443 1.63880e-17
5872.86693 1.62705e-17
5874.32941 1.59863e-17
5875.80191 1.61580e-17
5877.27441 1.63599e-17
5878.74691 1.62180e-17
5880.20939 1.66186e-17
5881.68189 1.67946e-17
5883.15439 1.66739e-17
5884.62689 1.65743e-17
5886.08937 1.65188e-17
5887.56187 1.59088e-17
5889.03437 1.55376e-17
5890.50687 1.55472e-17
5891.96935 1.58683e-17
5893.44185 1.64079e-17
5894.91435 1.61531e-17
5896.38685 1.58297e-17
5897.84933 1.56984e-17
5899.32183 1.58235e-17
5900.79433 1.59828e-17
5902.26683 1.60859e-17
5903.72931 1.60863e-17
5905.20181 1.62583e-17
5906.67430 1.61379e-17
5908.14680 1.62952e-17
5909.60929 1.67886e-17
5911.08179 1.71011e-17
5912.55428 1.66367e-17
5914.02678 1.63400e-17
5915.48927 1.61225e-17
5916.96176 1.60950e-17
5918.43426 1.63669e-17
5919.90676 1.62721e-17
5921.36924 1.61625e-17
5922.84174 1.63642e-17
5924.31424 1.62181e-17
5925.78674 1.63741e-17
5927.24922 1.64055e-17
5928.72172 1.60921e-17
5930.19422 1.61484e-17
5931.66672 1.62044e-17
5933.12920 1.60729e-17
5934.60170 1.62163e-17
5936.07420 1.63152e-17
5937.54670 1.62280e-17
5939.00918 1.61860e-17
5940.48168 1.62076e-17
5941.95418 1.61548e-17
5943.42668 1.58095e-17
5944.88916 1.57796e-17
5946.36166 1.58696e-17
5947.83416 1.57548e-17
5949.30666 1.54469e-17
5950.76914 1.57353e-17
5952.24164 1.59861e-17
5953.71414 1.58786e-17
5955.18664 1.59203e-17
5956.64912 1.56078e-17
5958.12162 1.56634e-17
5959.59412 1.57644e-17
5961.06661 1.59200e-17
5962.52910 1.60143e-17
5964.00160 1.57116e-17
5965.47410 1.59137e-17
5966.93658 1.58742e-17
5968.40908 1.55384e-17
5969.88158 1.54282e-17
5971.35407 1.56755e-17
5972.81656 1.54758e-17
5974.28906 1.55886e-17
5975.76155 1.57272e-17
5977.23405 1.55109e-17
5978.69654 1.53974e-17
5980.16903 1.55820e-17
5981.64153 1.56867e-17
5983.11403 1.57640e-17
5984.57651 1.53826e-17
5986.04901 1.51074e-17
5987.52151 1.53521e-17
5988.99401 1.53459e-17
5990.45649 1.54514e-17
5991.92899 1.56229e-17
5993.40149 1.54710e-17
5994.87399 1.53454e-17
5996.33647 1.51074e-17
5997.80897 1.53254e-17
5999.28147 1.51455e-17
6000.75397 1.47920e-17
6002.21645 1.49836e-17
6003.68895 1.50086e-17
6005.16145 1.47915e-17
6006.63395 1.46693e-17
6008.09643 1.45762e-17
6009.56893 1.47576e-17
6011.04143 1.45926e-17
6012.51393 1.44052e-17
6013.97641 1.42358e-17
6015.44891 1.42691e-17
6016.92141 1.41889e-17
6018.39391 1.40769e-17
6019.85639 1.39776e-17
6021.32889 1.39815e-17
6022.80139 1.38448e-17
6024.27389 1.36779e-17
6025.73637 1.36158e-17
6027.20887 1.37155e-17
6028.68137 1.37769e-17
6030.15386 1.37564e-17
6031.61635 1.37604e-17
6033.08885 1.35583e-17
6034.56134 1.34193e-17
6036.03384 1.32965e-17
6037.49633 1.32923e-17
6038.96882 1.34095e-17
6040.44132 1.33573e-17
6041.91382 1.32244e-17
6043.37630 1.30999e-17
6044.84880 1.30447e-17
6046.32130 1.30514e-17
6047.79380 1.30676e-17
6049.25628 1.30038e-17
6050.72878 1.29522e-17
6052.20128 1.27535e-17
6053.67378 1.26050e-17
6055.13626 1.25886e-17
6056.60876 1.23912e-17
6058.08126 1.22729e-17
6059.55376 1.22945e-17
6061.01624 1.23199e-17
6062.48874 1.22186e-17
6063.96124 1.21369e-17
6065.42372 1.19146e-17
6066.89622 1.18863e-17
6068.36872 1.20366e-17
6069.84122 1.19439e-17
6071.30370 1.17455e-17
6072.77620 1.16479e-17
6074.24870 1.18773e-17
6075.72120 1.19273e-17
6077.18368 1.19002e-17
6078.65618 1.19759e-17
6080.12868 1.19788e-17
6081.60118 1.18026e-17
6083.06366 1.19352e-17
6084.53616 1.19109e-17
6086.00866 1.18239e-17
6087.48115 1.20150e-17
6088.94364 1.21034e-17
6090.41614 1.20791e-17
6091.88864 1.21113e-17
6093.36113 1.19875e-17
6094.82362 1.21673e-17
6096.29612 1.20789e-17
6097.76861 1.21470e-17
6099.24111 1.22753e-17
6100.70360 1.24267e-17
6102.17609 1.27884e-17
6103.64859 1.27695e-17
6105.12109 1.27698e-17
6106.58357 1.27042e-17
6108.05607 1.28645e-17
6109.52857 1.29889e-17
6111.00107 1.27773e-17
6112.46355 1.27164e-17
6113.93605 1.28847e-17
6115.40855 1.31506e-17
6116.88105 1.31173e-17
6118.34353 1.29982e-17
6119.81603 1.29487e-17
6121.28853 1.29546e-17
6122.76103 1.29860e-17
6124.22351 1.29983e-17
6125.69601 1.28601e-17
6127.16851 1.28658e-17
6128.64101 1.29229e-17
6130.10349 1.29761e-17
6131.57599 1.27567e-17
6133.04849 1.25278e-17
6134.52099 1.26890e-17
6135.98347 1.27984e-17
6137.45597 1.28822e-17
6138.92847 1.26999e-17
6140.40097 1.28175e-17
6141.86345 1.30548e-17
6143.33595 1.29461e-17
6144.80845 1.27272e-17
6146.28095 1.26023e-17
6147.74343 1.23639e-17
6149.21593 1.22099e-17
6150.68843 1.21639e-17
6152.15091 1.21442e-17
6153.62341 1.20557e-17
6155.09591 1.21666e-17
6156.56840 1.19447e-17
6158.03089 1.21660e-17
6159.50338 1.20978e-17
6160.97588 1.20479e-17
6162.44838 1.23830e-17
6163.92088 1.26327e-17
6165.38336 1.25198e-17
6166.85586 1.23443e-17
6168.32836 1.24799e-17
6169.79084 1.25681e-17
6171.26334 1.25797e-17
6172.73584 1.28493e-17
6174.20834 1.28961e-17
6175.67082 1.30838e-17
6177.14332 1.34962e-17
6178.61582 1.36891e-17
6180.08832 1.33460e-17
6181.55080 1.35239e-17
6183.02330 1.39730e-17
6184.49580 1.40929e-17
6185.96830 1.41446e-17
6187.43078 1.44710e-17
6188.90328 1.46751e-17
6190.37578 1.48654e-17
6191.84828 1.49359e-17
6193.31076 1.49473e-17
6194.78326 1.51696e-17
6196.25576 1.54449e-17
6197.72826 1.53566e-17
6199.19074 1.56369e-17
6200.66324 1.59111e-17
6202.13574 1.60724e-17
6203.60824 1.61959e-17
6205.07072 1.66117e-17
6206.54322 1.71048e-17
6208.01572 1.71011e-17
6209.48822 1.72295e-17
6210.95070 1.75281e-17
6212.42320 1.79976e-17
6213.89570 1.80933e-17
6215.36819 1.82474e-17
6216.83068 1.85890e-17
6218.30318 1.87909e-17
6219.77567 1.91505e-17
6221.24817 1.90340e-17
6222.71065 1.91886e-17
6224.18315 1.95964e-17
6225.65565 1.94169e-17
6227.12815 1.92571e-17
6228.59063 1.91177e-17
6230.06313 1.92913e-17
6231.53563 1.95535e-17
6233.00813 1.95398e-17
6234.47061 1.95724e-17
6235.94311 1.96635e-17
6237.41561 1.97023e-17
6238.87809 1.97345e-17
6240.35059 1.96829e-17
6241.82309 1.96475e-17
6243.29559 1.96199e-17
6244.76809 1.94802e-17
6246.23057 1.96802e-17
6247.70307 1.95464e-17
6249.17557 1.94016e-17
6250.64807 1.97493e-17
6252.11055 1.98126e-17
6253.58305 1.98880e-17
6255.05555 1.99654e-17
6256.51803 1.98229e-17
6257.99053 1.99129e-17
6259.46303 2.02045e-17
6260.93553 2.04476e-17
6262.39801 2.02741e-17
6263.87051 2.03664e-17
6265.34301 2.05026e-17
6266.81551 2.06252e-17
6268.27799 2.04607e-17
6269.75049 2.02548e-17
6271.22299 2.02813e-17
6272.69549 2.02241e-17
6274.15797 2.02227e-17
6275.63047 2.03610e-17
6277.10297 2.02834e-17
6278.57546 2.01904e-17
6280.03795 2.00329e-17
6281.51045 1.96198e-17
6282.98294 1.93173e-17
6284.45544 1.93242e-17
6285.91793 1.95777e-17
6287.39042 1.94646e-17
6288.86292 1.92697e-17
6290.33542 1.95275e-17
6291.79790 1.94277e-17
6293.27040 1.90750e-17
6294.74290 1.92732e-17
6296.21540 1.93247e-17
6297.67788 1.87809e-17
6299.15038 1.87033e-17
6300.62288 1.88965e-17
6302.09538 1.87911e-17
6303.55786 1.86150e-17
6305.03036 1.87682e-17
6306.50286 1.88504e-17
6307.97536 1.88947e-17
6309.43784 1.89351e-17
6310.91034 1.84012e-17
6312.38284 1.86444e-17
6313.85534 1.90085e-17
6315.31782 1.87918e-17
6316.79032 1.83283e-17
6318.26282 1.81684e-17
6319.73532 1.82253e-17
6321.19780 1.82217e-17
6322.67030 1.79006e-17
6324.14280 1.79858e-17
6325.61530 1.80259e-17
6327.07778 1.76979e-17
6328.55028 1.77465e-17
6330.02278 1.79014e-17
6331.49528 1.77293e-17
6332.95776 1.75321e-17
6334.43026 1.71372e-17
6335.90276 1.69699e-17
6337.37525 1.68740e-17
6338.83774 1.68611e-17
6340.31024 1.67892e-17
6341.78273 1.65919e-17
6343.24522 1.65569e-17
6344.71771 1.64958e-17
6346.19021 1.64247e-17
6347.66271 1.60732e-17
6349.12520 1.57175e-17
6350.59769 1.57960e-17
6352.07019 1.58818e-17
6353.54269 1.59032e-17
6355.01519 1.55562e-17
6356.47767 1.53900e-17
6357.95017 1.54682e-17
6359.42267 1.55204e-17
6360.88515 1.52221e-17
6362.35765 1.49369e-17
6363.83015 1.51175e-17
6365.30265 1.49795e-17
6366.76513 1.49604e-17
6368.23763 1.48455e-17
6369.71013 1.47721e-17
6371.18263 1.47349e-17
6372.64511 1.46166e-17
6374.11761 1.44846e-17
6375.59011 1.45548e-17
6377.06261 1.43728e-17
6378.52509 1.43662e-17
6379.99759 1.46874e-17
6381.47009 1.45760e-17
6382.94259 1.44375e-17
6384.40507 1.45435e-17
6385.87757 1.46200e-17
6387.35007 1.45602e-17
6388.82257 1.43612e-17
6390.28505 1.44103e-17
6391.75755 1.42869e-17
6393.23005 1.41291e-17
6394.70255 1.45325e-17
6396.16503 1.45356e-17
6397.63753 1.44156e-17
6399.11002 1.44333e-17
6400.58252 1.44704e-17
6402.04501 1.44483e-17
6403.51750 1.42805e-17
6404.99000 1.40757e-17
6406.46250 1.43078e-17
6407.92499 1.44285e-17
6409.39748 1.40057e-17
6410.86998 1.39836e-17
6412.34248 1.41971e-17
6413.80496 1.42454e-17
6415.27746 1.42199e-17
6416.74996 1.42221e-17
6418.22246 1.42196e-17
6419.68494 1.42890e-17
6421.15744 1.42736e-17
6422.62994 1.41060e-17
6424.10244 1.42076e-17
6425.56492 1.42458e-17
6427.03742 1.41780e-17
6428.50992 1.42955e-17
6429.97240 1.44127e-17
6431.44490 1.44425e-17
6432.91740 1.43793e-17
6434.38990 1.42820e-17
6435.86240 1.43808e-17
6437.32488 1.46177e-17
6438.79738 1.44709e-17
6440.26988 1.44960e-17
6441.74238 1.49501e-17
6443.20486 1.49798e-17
6444.67736 1.50227e-17
6446.14986 1.51178e-17
6447.61234 1.50890e-17
6449.08484 1.51879e-17
6450.55734 1.52520e-17
6452.02984 1.52131e-17
6453.49232 1.50824e-17
6454.96482 1.51618e-17
6456.43732 1.54495e-17
6457.90981 1.54270e-17
6459.37230 1.55805e-17
6460.84480 1.54217e-17
6462.31730 1.54103e-17
6463.78979 1.54513e-17
6465.25228 1.55272e-17
6466.72478 1.53443e-17
6468.19727 1.53231e-17
6469.66977 1.55683e-17
6471.13225 1.53876e-17
6472.60475 1.52440e-17
6474.07725 1.50768e-17
6475.54975 1.50836e-17
6477.01223 1.52447e-17
6478.48473 1.51947e-17
6479.95723 1.49698e-17
6481.42973 1.50352e-17
6482.89221 1.50331e-17
6484.36471 1.50590e-17
6485.83721 1.50058e-17
6487.30971 1.49087e-17
6488.77219 1.50287e-17
6490.24469 1.49473e-17
6491.71719 1.48966e-17
6493.18969 1.45660e-17
6494.65217 1.44078e-17
6496.12467 1.44564e-17
6497.59717 1.46554e-17
6499.06967 1.48169e-17
6500.53215 1.47978e-17
6502.00465 1.46546e-17
6503.47715 1.45338e-17
6504.94965 1.44584e-17
6506.41213 1.44654e-17
6507.88463 1.42191e-17
6509.35713 1.42434e-17
6510.82963 1.42819e-17
6512.29211 1.42351e-17
6513.76461 1.42588e-17
6515.23711 1.41059e-17
6516.70961 1.39662e-17
6518.17209 1.39281e-17
6519.64459 1.38788e-17
6521.11709 1.38993e-17
6522.58958 1.36233e-17
6524.05207 1.35254e-17
6525.52456 1.36681e-17
6526.99706 1.36354e-17
6528.46956 1.36362e-17
6529.93205 1.35561e-17
6531.40454 1.36999e-17
6532.87704 1.38787e-17
6534.33953 1.37024e-17
6535.81202 1.37542e-17
6537.28452 1.38170e-17
6538.75702 1.35072e-17
6540.21950 1.33831e-17
6541.69200 1.35203e-17
6543.16450 1.35236e-17
6544.63700 1.34989e-17
6546.09948 1.34742e-17
6547.57198 1.34495e-17
6549.04448 1.34249e-17
6550.51698 1.34002e-17
6551.97946 1.33755e-17
6553.45196 1.33508e-17
6554.92446 1.33262e-17
6556.39696 1.33015e-17
6557.85944 1.32768e-17
6559.33194 1.32522e-17
6560.80444 1.32275e-17
6562.27694 1.32029e-17
6563.73942 1.31782e-17
6565.21192 1.31536e-17
6566.68442 1.31289e-17
6568.15692 1.31042e-17
6569.61940 1.30796e-17
6571.09190 1.30550e-17
6572.56440 1.30303e-17
6574.03690 1.30057e-17
6575.49938 1.29810e-17
6576.97188 1.29564e-17
6578.44438 1.29318e-17
6579.91687 1.29071e-17
6581.37936 1.28825e-17
6582.85186 1.28578e-17
6584.32435 1.28332e-17
6585.79685 1.28086e-17
6587.25934 1.27840e-17
6588.73184 1.27593e-17
6590.20433 1.27347e-17
6591.67683 1.27101e-17
6593.13932 1.26855e-17
6594.61181 1.26609e-17
6596.08431 1.26362e-17
6597.55681 1.26116e-17
6599.01929 1.25870e-17
6600.49179 1.25624e-17
6601.96429 1.25378e-17
6603.43679 1.25132e-17
6604.89927 1.24886e-17
6606.37177 1.23092e-17
6607.84427 1.19327e-17
6609.31677 1.20920e-17
6610.77925 1.22884e-17
6612.25175 1.19844e-17
6613.72425 1.19030e-17
6615.19675 1.22613e-17
6616.65923 1.21184e-17
6618.13173 1.17654e-17
6619.60423 1.18518e-17
6621.07673 1.18478e-17
6622.53921 1.17163e-17
6624.01171 1.17232e-17
6625.48421 1.17594e-17
6626.95671 1.15799e-17
6628.41919 1.13671e-17
6629.89169 1.13831e-17
6631.36419 1.13475e-17
6632.82667 1.13136e-17
6634.29917 1.13258e-17
6635.77167 1.13735e-17
6637.24417 1.13682e-17
6638.70665 1.11910e-17
6640.17915 1.11156e-17
6641.65165 1.10479e-17
6643.12415 1.09995e-17
6644.58663 1.11008e-17
6646.05913 1.09828e-17
6647.53163 1.09912e-17
6649.00412 1.08786e-17
6650.46661 1.09175e-17
6651.93910 1.10313e-17
6653.41160 1.09689e-17
6654.88410 1.09387e-17
6656.34659 1.08267e-17
6657.81908 1.08382e-17
6659.29158 1.07841e-17
6660.76408 1.06938e-17
6662.22656 1.07173e-17
6663.69906 1.07034e-17
6665.17156 1.08148e-17
6666.64406 1.05940e-17
6668.10654 1.03547e-17
6669.57904 1.06347e-17
6671.05154 1.07902e-17
6672.52404 1.04322e-17
6673.98652 1.01705e-17
6675.45902 1.02348e-17
6676.93152 1.04102e-17
6678.40402 1.05196e-17
6679.86650 1.01333e-17
6681.33900 1.01217e-17
6682.81150 1.03666e-17
6684.28400 1.02192e-17
6685.74648 1.02321e-17
6687.21898 1.04143e-17
6688.69148 1.04076e-17
6690.16398 1.02536e-17
6691.62646 1.02302e-17
6693.09896 1.02045e-17
6694.57146 1.02632e-17
6696.04396 1.01559e-17
6697.50644 1.00575e-17
6698.97894 1.00763e-17
6700.45144 9.86697e-18
6701.92394 9.83926e-18
6703.38642 9.68738e-18
6704.85892 9.63234e-18
6706.33141 9.60187e-18
6707.80391 9.67585e-18
6709.26640 9.56872e-18
6710.73890 9.41863e-18
6712.21139 9.46792e-18
6713.68389 9.49457e-18
6715.14638 9.39160e-18
6716.61887 9.31535e-18
6718.09137 9.25175e-18
6719.55386 9.00245e-18
6721.02635 8.96016e-18
6722.49885 9.16512e-18
6723.97135 9.25864e-18
6725.43383 9.66663e-18
6726.90633 9.88515e-18
6728.37883 9.92627e-18
6729.85133 9.84899e-18
6731.32383 9.56671e-18
6732.78631 9.22092e-18
6734.25881 8.76678e-18
6735.73131 8.62478e-18
6737.19379 8.89347e-18
6738.66629 9.02791e-18
6740.13879 9.22392e-18
6741.61129 9.59971e-18
6743.07377 9.49881e-18
6744.54627 9.28983e-18
6746.01877 9.06786e-18
6747.49127 8.72277e-18
6748.95375 8.76498e-18
6750.42625 8.63008e-18
6751.89875 8.59587e-18
6753.37125 8.72627e-18
6754.83373 8.59783e-18
6756.30623 8.78806e-18
6757.77873 9.05737e-18
6759.25123 8.87139e-18
6760.71371 8.91185e-18
6762.18621 8.88756e-18
6763.65871 8.66345e-18
6765.13120 8.83654e-18
6766.59369 8.95387e-18
6768.06619 8.83826e-18
6769.53869 8.74530e-18
6771.01118 8.87163e-18
6772.47367 8.86754e-18
6773.94617 8.91915e-18
6775.41866 9.01890e-18
6776.89116 9.07242e-18
6778.35365 8.97428e-18
6779.82614 8.95214e-18
6781.29864 9.13673e-18
6782.77114 9.21175e-18
6784.23362 8.96074e-18
6785.70612 8.78819e-18
6787.17862 9.01764e-18
6788.65112 9.21190e-18
6790.11360 8.96708e-18
6791.58610 8.73420e-18
6793.05860 8.84053e-18
6794.53110 8.96626e-18
6795.99358 8.98496e-18
6797.46608 8.93000e-18
6798.93858 8.90285e-18
6800.41108 8.85385e-18
6801.87356 8.93916e-18
6803.34606 9.02087e-18
6804.81856 8.99571e-18
6806.29106 8.92763e-18
6807.75354 9.05103e-18
6809.22604 9.21554e-18
6810.69854 8.99912e-18
6812.17104 8.80379e-18
6813.63352 8.84903e-18
6815.10602 8.86280e-18
6816.57852 8.80674e-18
6818.05102 8.72817e-18
6819.51350 8.73659e-18
6820.98600 8.71938e-18
6822.45850 8.68529e-18
6823.92098 8.82181e-18
6825.39348 8.81231e-18
6826.86598 8.67345e-18
6828.33848 8.57513e-18
6829.80096 8.57900e-18
6831.27346 8.54597e-18
6832.74596 8.53826e-18
6834.21845 8.66002e-18
6835.68094 8.59736e-18
6837.15344 8.56393e-18
6838.62593 8.53953e-18
6840.09843 8.53232e-18
6841.56092 8.53203e-18
6843.03341 8.42888e-18
6844.50591 8.59071e-18
6845.97841 8.58591e-18
6847.44089 8.58111e-18
6848.91339 8.57631e-18
6850.38589 8.57151e-18
6851.85839 8.56671e-18
6853.32087 8.56192e-18
6854.79337 8.55712e-18
6856.26587 8.55232e-18
6857.73837 8.54752e-18
6859.20085 8.54273e-18
6860.67335 8.53793e-18
6862.14585 8.53313e-18
6863.61835 8.52834e-18
6865.08083 8.52354e-18
6866.55333 8.51875e-18
6868.02583 8.51395e-18
6869.49833 8.50916e-18
6870.96081 8.50436e-18
6872.43331 8.49957e-18
6873.90581 8.49478e-18
6875.37831 8.48998e-18
6876.84079 8.48519e-18
6878.31329 8.48040e-18
6879.78579 8.47560e-18
6881.25829 8.47081e-18
6882.72077 8.46602e-18
6884.19327 8.46123e-18
6885.66577 8.45644e-18
6887.13827 8.45165e-18
6888.60075 8.44686e-18
6890.07325 8.44207e-18
6891.54575 8.43728e-18
6893.01824 8.43249e-18
6894.48073 8.42770e-18
6895.95323 8.42291e-18
6897.42572 8.41812e-18
6898.89822 8.41333e-18
6900.36071 8.40854e-18
6901.83320 8.40375e-18
6903.30570 8.39897e-18
6904.77820 8.39418e-18
6906.24068 8.38939e-18
6907.71318 8.38460e-18
6909.18568 8.37982e-18
6910.64816 8.37503e-18
6912.12066 8.37024e-18
6913.59316 8.36546e-18
6915.06566 8.36067e-18
6916.53816 8.35588e-18
6918.00064 8.35110e-18
6919.47314 8.34632e-18
6920.94564 8.34153e-18
6922.41814 8.33675e-18
6923.88062 8.33196e-18
6925.35312 8.32718e-18
6926.82562 8.32240e-18
6928.28810 8.31761e-18
6929.76060 8.31283e-18
6931.23310 8.30805e-18
6932.70560 8.30327e-18
6934.16808 8.29848e-18
6935.64058 8.29370e-18
6937.11308 8.40042e-18
6938.58558 8.56262e-18
6940.04806 8.65817e-18
6941.52056 8.60147e-18
6942.99306 8.70658e-18
6944.46556 8.78995e-18
6945.92804 8.72976e-18
6947.40054 8.82879e-18
6948.87304 8.98099e-18
6950.34554 8.94677e-18
6951.80802 8.89913e-18
6953.28052 9.04236e-18
6954.75302 9.12925e-18
6956.22551 9.17335e-18
6957.68800 9.19810e-18
6959.16050 9.32860e-18
6960.63299 9.41462e-18
6962.10549 9.32755e-18
6963.56797 9.31363e-18
6965.04047 9.51581e-18
6966.51297 9.64342e-18
6967.98547 9.56030e-18
6969.44795 9.64219e-18
6970.92045 9.78516e-18
6972.39295 9.82701e-18
6973.86545 9.85009e-18
6975.32793 9.73454e-18
6976.80043 9.68529e-18
6978.27293 9.74064e-18
6979.74543 9.85587e-18
6981.20791 9.84378e-18
6982.68041 9.56153e-18
6984.15291 9.61486e-18
6985.62541 9.86033e-18
6987.08789 9.92153e-18
6988.56039 9.86238e-18
6990.03289 9.63606e-18
6991.50539 9.62088e-18
6992.96787 9.81807e-18
6994.44037 9.83354e-18
6995.91287 9.60696e-18
6997.38537 9.65494e-18
6998.84785 9.93717e-18
7000.32035 9.86791e-18
7001.79285 9.74841e-18
7003.26535 9.56996e-18
7004.72783 9.34719e-18
7006.20033 9.51176e-18
7007.67283 9.68776e-18
7009.14533 9.36146e-18
7010.60781 9.60602e-18
7012.08031 1.00214e-17
7013.55281 9.80508e-18
7015.01529 9.38477e-18
7016.48779 9.31662e-18
7017.96029 9.36060e-18
7019.43278 9.51352e-18
7020.89527 9.66711e-18
7022.36776 9.60495e-18
7023.84026 9.36800e-18
7025.31276 9.12802e-18
7026.77525 9.28303e-18
7028.24774 9.39728e-18
7029.72024 9.29703e-18
7031.19274 9.35916e-18
7032.65522 9.40346e-18
7034.12772 9.32493e-18
7035.60022 9.31289e-18
7037.07272 9.10478e-18
7038.53520 9.08899e-18
7040.00770 9.21081e-18
7041.48020 9.26121e-18
7042.95270 9.06101e-18
7044.41518 9.02204e-18
7045.88768 9.12590e-18
7047.36018 9.42756e-18
7048.83268 9.31440e-18
7050.29516 8.99569e-18
7051.76766 9.02606e-18
7053.24016 9.36547e-18
7054.71266 9.39929e-18
7056.17514 9.26497e-18
7057.64764 9.25879e-18
7059.12014 9.06606e-18
7060.59264 9.24308e-18
7062.05512 9.51777e-18
7063.52762 9.51615e-18
7065.00012 9.53243e-18
7066.47262 9.42218e-18
7067.93510 9.24027e-18
7069.40760 9.41884e-18
7070.88010 9.64706e-18
7072.35260 9.58590e-18
7073.81508 9.64087e-18
7075.28758 9.67806e-18
7076.76008 9.60539e-18
7078.23257 9.60832e-18
7079.69506 9.76725e-18
7081.16755 9.64880e-18
7082.64005 9.30009e-18
7084.11255 9.35454e-18
7085.57504 9.58543e-18
7087.04753 9.39638e-18
7088.52003 9.19969e-18
7089.99253 9.31149e-18
7091.45501 9.55208e-18
7092.92751 9.45842e-18
7094.40001 9.16918e-18
7095.87251 9.20958e-18
7097.33499 9.35456e-18
7098.80749 9.39865e-18
7100.27999 9.32304e-18
7101.74247 9.37548e-18
7103.21497 9.60001e-18
7104.68747 9.51819e-18
7106.15997 9.18825e-18
7107.62245 9.04026e-18
7109.09495 9.14415e-18
7110.56745 9.22247e-18
7112.03995 9.17014e-18
7113.51245 9.09808e-18
7114.97493 9.17318e-18
7116.44743 9.18998e-18
7117.91993 9.15181e-18
7119.38241 9.28614e-18
7120.85491 9.20815e-18
7122.32741 9.09969e-18
7123.79991 9.20562e-18
7125.26239 9.14649e-18
7126.73489 9.08880e-18
7128.20739 9.12459e-18
7129.67989 9.22998e-18
7131.14237 9.24867e-18
7132.61487 9.04645e-18
7134.08737 9.12869e-18
7135.55987 9.28040e-18
7137.02235 9.38592e-18
7138.49485 9.67596e-18
7139.96735 9.83760e-18
7141.43984 9.70327e-18
7142.90233 9.61113e-18
7144.37482 9.81826e-18
7145.84732 1.00040e-17
7147.31982 9.92374e-18
7148.78230 9.85908e-18
7150.25480 9.98485e-18
7151.72730 1.01146e-17
7153.19980 1.02528e-17
7154.66228 1.01831e-17
7156.13478 1.00992e-17
7157.60728 1.03070e-17
7159.07978 1.05401e-17
7160.54226 1.05248e-17
7162.01476 1.05101e-17
7163.48726 1.06293e-17
7164.95976 1.07374e-17
7166.42224 1.08950e-17
7167.89474 1.09279e-17
7169.36724 1.09605e-17
7170.83974 1.12458e-17
7172.30222 1.16881e-17
7173.77472 1.18662e-17
7175.24722 1.15786e-17
7176.71972 1.16210e-17
7178.18220 1.19070e-17
7179.65470 1.20668e-17
7181.12720 1.21053e-17
7182.59970 1.20208e-17
7184.06218 1.19980e-17
7185.53468 1.21298e-17
7187.00718 1.22501e-17
7188.47968 1.22421e-17
7189.94216 1.22786e-17
7191.41466 1.23501e-17
7192.88716 1.22878e-17
7194.35966 1.24507e-17
7195.82214 1.26148e-17
7197.29464 1.25584e-17
7198.76714 1.26815e-17
7200.23963 1.25937e-17
7201.70212 1.23795e-17
7203.17461 1.23417e-17
7204.64711 1.21771e-17
7206.10960 1.23473e-17
7207.58210 1.25844e-17
7209.05459 1.25345e-17
7210.52709 1.23680e-17
7211.98958 1.23341e-17
7213.46207 1.22505e-17
7214.93457 1.19417e-17
7216.40707 1.19816e-17
7217.86955 1.22041e-17
7219.34205 1.22859e-17
7220.81455 1.23611e-17
7222.28705 1.24352e-17
7223.74953 1.22682e-17
7225.22203 1.22077e-17
7226.69453 1.26642e-17
7228.16703 1.29518e-17
7229.62951 1.25914e-17
7231.10201 1.26355e-17
7232.57451 1.29706e-17
7234.04701 1.30763e-17
7235.50949 1.30734e-17
7236.98199 1.30440e-17
7238.45449 1.32355e-17
7239.92699 1.34431e-17
7241.38947 1.36007e-17
7242.86197 1.35661e-17
7244.33447 1.35903e-17
7245.80697 1.37056e-17
7247.26945 1.40164e-17
7248.74195 1.38716e-17
7250.21445 1.36261e-17
7251.68695 1.36251e-17
7253.14943 1.37283e-17
7254.62193 1.39792e-17
7256.09443 1.41742e-17
7257.56693 1.43444e-17
7259.02941 1.41561e-17
7260.50191 1.39125e-17
7261.97440 1.40736e-17
7263.44690 1.42852e-17
7264.90939 1.40291e-17
7266.38189 1.40542e-17
7267.85438 1.42373e-17
7269.32688 1.42134e-17
7270.78936 1.42923e-17
7272.26186 1.45652e-17
7273.73436 1.48750e-17
7275.20686 1.49743e-17
7276.66934 1.49385e-17
7278.14184 1.48323e-17
7279.61434 1.48796e-17
7281.08684 1.48495e-17
7282.54932 1.49081e-17
7284.02182 1.49015e-17
7285.49432 1.47454e-17
7286.96682 1.47438e-17
7288.42930 1.50817e-17
7289.90180 1.52912e-17
7291.37430 1.50579e-17
7292.84680 1.49330e-17
7294.30928 1.48457e-17
7295.78178 1.50693e-17
7297.25428 1.52304e-17
7298.71676 1.49853e-17
7300.18926 1.48572e-17
7301.66176 1.50348e-17
7303.13426 1.51571e-17
7304.59674 1.55593e-17
7306.06924 1.55970e-17
7307.54174 1.53723e-17
7309.01424 1.55201e-17
7310.47672 1.54252e-17
7311.94922 1.53067e-17
7313.42172 1.56574e-17
7314.89422 1.55234e-17
7316.35670 1.54362e-17
7317.82920 1.56455e-17
7319.30170 1.52350e-17
7320.77420 1.49819e-17
7322.23668 1.50893e-17
7323.70918 1.49371e-17
7325.18167 1.46735e-17
7326.65417 1.46112e-17
7328.11666 1.47432e-17
7329.58915 1.47541e-17
7331.06165 1.48470e-17
7332.53415 1.47738e-17
7333.99664 1.44849e-17
7335.46913 1.44816e-17
7336.94163 1.45299e-17
7338.41413 1.43715e-17
7339.87661 1.42329e-17
7341.34911 1.42514e-17
7342.82161 1.40566e-17
7344.29411 1.41435e-17
7345.75659 1.42170e-17
7347.22909 1.38370e-17
7348.70159 1.35469e-17
7350.17409 1.34489e-17
7351.63657 1.34025e-17
7353.10907 1.33093e-17
7354.58157 1.30541e-17
7356.05407 1.29589e-17
7357.51655 1.29336e-17
7358.98905 1.29326e-17
7360.46155 1.31418e-17
7361.93405 1.29277e-17
7363.39653 1.25314e-17
7364.86903 1.24840e-17
7366.34153 1.23703e-17
7367.81403 1.21160e-17
7369.27651 1.22984e-17
7370.74901 1.24647e-17
7372.22151 1.22401e-17
7373.69401 1.21654e-17
7375.15649 1.21164e-17
7376.62899 1.19291e-17
7378.10149 1.21664e-17
7379.57398 1.21683e-17
7381.03647 1.19163e-17
7382.50897 1.19343e-17
7383.98146 1.19720e-17
7385.45396 1.19881e-17
7386.91645 1.22329e-17
7388.38895 1.22187e-17
7389.86144 1.22732e-17
7391.32393 1.23207e-17
7392.79643 1.20761e-17
7394.26892 1.22262e-17
7395.74142 1.24408e-17
7397.20391 1.21153e-17
7398.67640 1.20466e-17
7400.14890 1.20640e-17
7401.62140 1.22466e-17
7403.08388 1.23180e-17
7404.55638 1.21580e-17
7406.02888 1.19938e-17
7407.50138 1.18798e-17
7408.96386 1.18598e-17
7410.43636 1.20207e-17
7411.90886 1.22259e-17
7413.38136 1.22009e-17
7414.84384 1.18998e-17
7416.31634 1.17168e-17
