# wavelength flux
3469.89882 2.55680e-18
3471.36130 2.73204e-18
3472.83380 2.93646e-18
3474.30630 2.87835e-18
3475.77880 3.09653e-18
3477.24128 2.90757e-18
3478.71378 2.74378e-18
3480.18628 2.62695e-18
3481.65878 2.72214e-18
3483.12126 2.83400e-18
3484.59376 2.92771e-18
3486.06626 2.90294e-18
3487.53875 2.59969e-18
3489.00124 2.40636e-18
3490.47374 2.48450e-18
3491.94623 2.75523e-18
3493.41873 2.81298e-18
3494.88121 2.79101e-18
3496.35371 2.83342e-18
3497.82621 2.81835e-18
3499.29871 2.80364e-18
3500.76119 2.96384e-18
3502.23369 2.83983e-18
3503.70619 2.34547e-18
3505.17869 2.35851e-18
3506.64117 2.62622e-18
3508.11367 2.76478e-18
3509.58617 3.04853e-18
3511.05867 3.19942e-18
3512.52115 3.01204e-18
3513.99365 2.74647e-18
3515.46615 2.96762e-18
3516.93865 3.35928e-18
3518.40113 2.85365e-18
3519.87363 2.54874e-18
3521.34613 2.81672e-18
3522.81863 2.83772e-18
3524.28111 2.92976e-18
3525.75361 2.71549e-18
3527.22611 2.57763e-18
3528.69861 2.60346e-18
3530.16109 2.63956e-18
3531.63359 2.78843e-18
3533.10609 2.98183e-18
3534.57859 2.89145e-18
3536.04107 2.66485e-18
3537.51357 2.67013e-18
3538.98607 2.86114e-18
3540.45856 2.86272e-18
3541.92105 2.87416e-18
3543.39355 2.97727e-18
3544.86605 2.63805e-18
3546.33854 2.46642e-18
3547.80103 2.69859e-18
3549.27353 2.88082e-18
3550.74602 3.03068e-18
3552.21852 3.12155e-18
3553.68101 3.05362e-18
3555.15350 3.07324e-18
3556.62600 3.01887e-18
3558.08849 2.84435e-18
3559.56098 2.88895e-18
3561.03348 2.93816e-18
3562.50598 2.85406e-18
3563.97848 2.94881e-18
3565.44096 3.07339e-18
3566.91346 3.04300e-18
3568.38596 2.90893e-18
3569.84844 2.87075e-18
3571.32094 2.94761e-18
3572.79344 2.97512e-18
3574.26594 2.83396e-18
3575.72842 2.80750e-18
3577.20092 3.15515e-18
3578.67342 3.27682e-18
3580.14592 3.11263e-18
3581.60840 3.09314e-18
3583.08090 2.94754e-18
3584.55340 2.89722e-18
3586.02590 3.09742e-18
3587.48838 3.26436e-18
3588.96088 3.13241e-18
3590.43338 3.19711e-18
3591.90588 3.33093e-18
3593.36836 3.28173e-18
3594.84086 3.21954e-18
3596.31336 3.19815e-18
3597.78586 3.18872e-18
3599.24834 3.05223e-18
3600.72084 3.10936e-18
3602.19334 2.99836e-18
3603.66584 2.96847e-18
3605.12832 3.32459e-18
3606.60082 3.14190e-18
3608.07332 3.03482e-18
3609.54581 3.25062e-18
3611.00830 3.16738e-18
3612.48079 2.95679e-18
3613.95329 2.92299e-18
3615.42579 2.78617e-18
3616.88828 2.67190e-18
3618.36077 2.92955e-18
3619.83327 3.04309e-18
3621.30577 2.67727e-18
3622.76825 2.53520e-18
3624.24075 2.84436e-18
3625.71325 3.00702e-18
3627.18575 2.91642e-18
3628.64823 2.76414e-18
3630.12073 2.92408e-18
3631.59323 3.13450e-18
3633.06573 3.06642e-18
3634.52821 2.79033e-18
3636.00071 2.74671e-18
3637.47321 2.98551e-18
3638.94571 2.87889e-18
3640.40819 2.77798e-18
3641.88069 2.99511e-18
3643.35319 3.02831e-18
3644.82569 2.98587e-18
3646.28817 3.08458e-18
3647.76067 3.14884e-18
3649.23317 3.16073e-18
3650.70567 3.27340e-18
3652.16815 3.32641e-18
3653.64065 3.39089e-18
3655.11315 3.57306e-18
3656.58565 3.59530e-18
3658.04813 3.56541e-18
3659.52063 3.72040e-18
3660.99313 3.95635e-18
3662.45561 4.03317e-18
3663.92811 3.86682e-18
3665.40061 3.77199e-18
3666.87311 3.98325e-18
3668.33559 4.29802e-18
3669.80809 4.48582e-18
3671.28059 4.41355e-18
3672.75308 4.57089e-18
3674.21557 4.67675e-18
3675.68806 4.63029e-18
3677.16056 4.78762e-18
3678.63306 4.94476e-18
3680.09555 5.16237e-18
3681.56804 5.33178e-18
3683.04054 5.36610e-18
3684.51304 5.33962e-18
3685.97552 5.58310e-18
3687.44802 5.80223e-18
3688.92052 5.66838e-18
3690.39302 5.72201e-18
3691.85550 5.95332e-18
3693.32800 6.09910e-18
3694.80050 6.04723e-18
3696.27300 6.12960e-18
3697.73548 6.41276e-18
3699.20798 6.57933e-18
3700.68048 6.48073e-18
3702.15298 6.20624e-18
3703.61546 6.40976e-18
3705.08796 6.69156e-18
3706.56046 6.71884e-18
3708.03296 6.72719e-18
3709.49544 6.43178e-18
3710.96794 6.22888e-18
3712.44044 6.20666e-18
3713.91294 6.12335e-18
3715.37542 5.99044e-18
3716.84792 5.85758e-18
3718.32042 5.73586e-18
3719.79292 5.61416e-18
3721.25540 5.49248e-18
3722.72790 5.37082e-18
3724.20040 5.24921e-18
3725.67290 5.12761e-18
3727.13538 5.00603e-18
3728.60788 4.88449e-18
3730.08038 4.76295e-18
3731.55287 4.64146e-18
3733.01536 4.51997e-18
3734.48786 4.39849e-18
3735.96035 4.27707e-18
3737.43285 4.15565e-18
3738.89534 4.03427e-18
3740.36783 3.91290e-18
3741.84033 3.79155e-18
3743.31283 3.67025e-18
3744.77531 3.54894e-18
3746.24781 3.42766e-18
3747.72031 3.30640e-18
3749.19281 3.18517e-18
3750.65529 3.06397e-18
3752.12779 2.94278e-18
3753.60029 2.82163e-18
3755.06277 2.76045e-18
3756.53527 2.62152e-18
3758.00777 2.57084e-18
3759.48027 2.52567e-18
3760.94275 2.55810e-18
3762.41525 2.68722e-18
3763.88775 2.55785e-18
3765.36025 2.52231e-18
3766.82273 2.62093e-18
3768.29523 2.46850e-18
3769.76773 2.41926e-18
3771.24023 2.48209e-18
3772.70271 2.45983e-18
3774.17521 2.42407e-18
3775.64771 2.44898e-18
3777.12021 2.53407e-18
3778.58269 2.48373e-18
3780.05519 2.37771e-18
3781.52769 2.30435e-18
3783.00019 2.48243e-18
3784.46267 2.55650e-18
3785.93517 2.50287e-18
3787.40767 2.72750e-18
3788.88017 2.72589e-18
3790.34265 2.54250e-18
3791.81515 2.53102e-18
3793.28764 2.52255e-18
3794.76014 2.55016e-18
3796.22263 2.54921e-18
3797.69513 2.68343e-18
3799.16762 2.82171e-18
3800.64012 2.78769e-18
3802.10261 2.81361e-18
3803.57510 2.86611e-18
3805.04760 2.84391e-18
3806.52010 2.95653e-18
3807.98258 3.08393e-18
3809.45508 3.02864e-18
3810.92758 2.99661e-18
3812.40008 3.02696e-18
3813.86256 2.96816e-18
3815.33506 2.95226e-18
3816.80756 2.97627e-18
3818.28006 2.99697e-18
3819.74254 3.11899e-18
3821.21504 3.25585e-18
3822.68754 3.25773e-18
3824.16004 3.21355e-18
3825.62252 3.32590e-18
3827.09502 3.30054e-18
3828.56752 3.24681e-18
3830.04002 3.45297e-18
3831.50250 3.45287e-18
3832.97500 3.31921e-18
3834.44750 3.46625e-18
3835.92000 3.76764e-18
3837.38248 3.84807e-18
3838.85498 3.72921e-18
3840.32748 3.66512e-18
3841.78996 3.81007e-18
3843.26246 4.10179e-18
3844.73496 4.18452e-18
3846.20746 4.21427e-18
3847.67996 4.21024e-18
3849.14244 4.38593e-18
3850.61494 4.47376e-18
3852.08744 4.38926e-18
3853.54992 4.62572e-18
3855.02242 4.79891e-18
3856.49491 4.92073e-18
3857.96741 5.05350e-18
3859.42990 5.11872e-18
3860.90240 5.24877e-18
3862.37489 5.57098e-18
3863.84739 5.65741e-18
3865.30987 5.92648e-18
3866.78237 6.04585e-18
3868.25487 5.98878e-18
3869.72737 6.31003e-18
3871.18985 6.50520e-18
3872.66235 6.54792e-18
3874.13485 6.69943e-18
3875.60735 6.92701e-18
3877.06983 7.11363e-18
3878.54233 7.32481e-18
3880.01483 7.57306e-18
3881.48733 7.63786e-18
3882.94981 7.89496e-18
3884.42231 8.40722e-18
3885.89481 8.59089e-18
3887.36731 8.62365e-18
3888.82979 8.73358e-18
3890.30229 8.94634e-18
3891.77479 9.16582e-18
3893.24729 9.54641e-18
3894.70977 1.00831e-17
3896.18227 1.01322e-17
3897.65477 1.01085e-17
3899.12727 1.02826e-17
3900.58975 1.05377e-17
3902.06225 1.06217e-17
3903.53475 1.05649e-17
3905.00725 1.08547e-17
3906.46973 1.11665e-17
3907.94223 1.11705e-17
3909.41473 1.13854e-17
3910.88722 1.14669e-17
3912.34971 1.13341e-17
3913.82221 1.14450e-17
3915.29471 1.16940e-17
3916.76720 1.17849e-17
3918.22969 1.16936e-17
3919.70219 1.17597e-17
3921.17468 1.19573e-17
3922.64718 1.20411e-17
3924.10966 1.19161e-17
3925.58216 1.19224e-17
3927.05466 1.19722e-17
3928.52716 1.17355e-17
3929.98964 1.14292e-17
3931.46214 1.12392e-17
3932.93464 1.10598e-17
3934.40714 1.10894e-17
3935.86962 1.12307e-17
3937.34212 1.11334e-17
3938.81462 1.08781e-17
3940.27710 1.09201e-17
3941.74960 1.11430e-17
3943.22210 1.14367e-17
3944.69460 1.14384e-17
3946.15708 1.15137e-17
3947.62958 1.18500e-17
3949.10208 1.18356e-17
3950.57458 1.15747e-17
3952.03706 1.13190e-17
3953.50956 1.12287e-17
3954.98206 1.14440e-17
3956.45456 1.11980e-17
3957.91704 1.11506e-17
3959.38954 1.13424e-17
3960.86204 1.13705e-17
3962.33454 1.13370e-17
3963.79702 1.10572e-17
3965.26952 1.08872e-17
3966.74202 1.10067e-17
3968.21452 1.09139e-17
3969.67700 1.08453e-17
3971.14950 1.07691e-17
3972.62200 1.09637e-17
3974.09449 1.11709e-17
3975.55698 1.12873e-17
3977.02948 1.14145e-17
3978.50198 1.16331e-17
3979.97447 1.19512e-17
3981.43696 1.20898e-17
3982.90946 1.21225e-17
3984.38195 1.21626e-17
3985.85445 1.23402e-17
3987.31694 1.26998e-17
3988.78943 1.28826e-17
3990.26193 1.29692e-17
3991.73443 1.32733e-17
3993.19691 1.33258e-17
3994.66941 1.35476e-17
3996.14191 1.41080e-17
3997.61441 1.42476e-17
3999.07689 1.42992e-17
4000.54939 1.45541e-17
4002.02189 1.48526e-17
4003.49439 1.52520e-17
4004.95687 1.54050e-17
4006.42937 1.54968e-17
4007.90187 1.58343e-17
4009.37437 1.60050e-17
4010.83685 1.58221e-17
4012.30935 1.62158e-17
4013.78185 1.65230e-17
4015.25435 1.64586e-17
4016.71683 1.67564e-17
4018.18933 1.70083e-17
4019.66183 1.69111e-17
4021.13433 1.67547e-17
4022.59681 1.69500e-17
4024.06931 1.70388e-17
4025.54181 1.70829e-17
4027.01431 1.71806e-17
4028.47679 1.69973e-17
4029.94929 1.68610e-17
4031.42179 1.67235e-17
4032.89429 1.65956e-17
4034.35677 1.66589e-17
4035.82927 1.67039e-17
4037.30177 1.64691e-17
4038.76425 1.61020e-17
4040.23675 1.59210e-17
4041.70925 1.57488e-17
4043.18174 1.54146e-17
4044.64423 1.52082e-17
4046.11673 1.50017e-17
4047.58922 1.49291e-17
4049.06172 1.45622e-17
4050.52421 1.41067e-17
4051.99670 1.39808e-17
4053.46920 1.39776e-17
4054.94170 1.36777e-17
4056.40418 1.32428e-17
4057.87668 1.32143e-17
4059.34918 1.31061e-17
4060.82168 1.26672e-17
4062.28416 1.24371e-17
4063.75666 1.24693e-17
4065.22916 1.21825e-17
4066.70166 1.19887e-17
4068.16414 1.17317e-17
4069.63664 1.12672e-17
4071.10914 1.10057e-17
4072.58164 1.09751e-17
4074.04412 1.08805e-17
4075.51662 1.07697e-17
4076.98912 1.05959e-17
4078.46162 1.04472e-17
4079.92410 1.04052e-17
4081.39660 1.01944e-17
4082.86910 9.83641e-18
4084.34160 9.71979e-18
4085.80408 9.64841e-18
4087.27658 9.69454e-18
4088.74908 9.54901e-18
4090.22158 9.35081e-18
4091.68406 9.27143e-18
4093.15656 9.05923e-18
4094.62906 8.97201e-18
4096.10156 8.97289e-18
4097.56404 9.07894e-18
4099.03654 9.01670e-18
4100.50904 8.81170e-18
4101.98153 8.65976e-18
4103.44402 8.49873e-18
4104.91651 8.43220e-18
4106.38901 8.53870e-18
4107.86151 8.59025e-18
4109.32400 8.57182e-18
4110.79649 8.48242e-18
4112.26899 8.30283e-18
4113.74149 8.00985e-18
4115.20397 7.81461e-18
4116.67647 7.77162e-18
4118.14897 7.62577e-18
4119.62147 7.58366e-18
4121.08395 7.57165e-18
4122.55645 7.47118e-18
4124.02895 7.31715e-18
4125.50145 7.18226e-18
4126.96393 7.00814e-18
4128.43643 6.84970e-18
4129.90893 7.02825e-18
4131.38143 7.08944e-18
4132.84391 6.95826e-18
4134.31641 6.84128e-18
4135.78891 6.95456e-18
4137.25139 7.10513e-18
4138.72389 6.93695e-18
4140.19639 6.81317e-18
4141.66889 6.88248e-18
4143.13137 6.72630e-18
4144.60387 6.83073e-18
4146.07637 7.02028e-18
4147.54887 7.10242e-18
4149.01135 7.01459e-18
4150.48385 6.86690e-18
4151.95635 7.06300e-18
4153.42885 7.11408e-18
4154.89133 7.00679e-18
4156.36383 6.93731e-18
4157.83633 6.87601e-18
4159.30883 6.94103e-18
4160.77131 6.93922e-18
4162.24381 6.84279e-18
4163.71630 6.68405e-18
4165.18880 6.67548e-18
4166.65129 6.74015e-18
4168.12379 6.66955e-18
4169.59628 6.58603e-18
4171.06878 6.59957e-18
4172.53126 6.61868e-18
4174.00376 6.48486e-18
4175.47626 6.39636e-18
4176.94876 6.42840e-18
4178.41124 6.29213e-18
4179.88374 6.20348e-18
4181.35624 6.21317e-18
4182.82874 6.11478e-18
4184.29122 5.95293e-18
4185.76372 5.93746e-18
4187.23622 5.99535e-18
4188.70872 5.94565e-18
4190.17120 5.85777e-18
4191.64370 5.81931e-18
4193.11620 5.89182e-18
4194.58870 5.97325e-18
4196.05118 6.00093e-18
4197.52368 5.99231e-18
4198.99618 6.00463e-18
4200.46868 5.98563e-18
4201.93116 5.92879e-18
4203.40366 6.05591e-18
4204.87616 6.08781e-18
4206.34866 6.08002e-18
4207.81114 6.14083e-18
4209.28364 6.23229e-18
4210.75614 6.22886e-18
4212.22864 6.32823e-18
4213.69112 6.48674e-18
4215.16362 6.49709e-18
4216.63612 6.44802e-18
4218.10862 6.53771e-18
4219.57110 6.72779e-18
4221.04360 6.65279e-18
4222.51610 6.66080e-18
4223.97858 6.87345e-18
4225.45108 6.99156e-18
4226.92357 6.95140e-18
4228.39607 6.96073e-18
4229.86857 7.07665e-18
4231.33105 7.03000e-18
4232.80355 6.99198e-18
4234.27605 7.17702e-18
4235.73854 7.27415e-18
4237.21103 7.28921e-18
4238.68353 7.27094e-18
4240.15603 7.14565e-18
4241.61851 7.25073e-18
4243.09101 7.36014e-18
4244.56351 7.32663e-18
4246.03601 7.31709e-18
4247.49849 7.43916e-18
4248.97099 7.54286e-18
4250.44349 7.49689e-18
4251.91599 7.52683e-18
4253.37847 7.55053e-18
4254.85097 7.52007e-18
4256.32347 7.48459e-18
4257.79597 7.43536e-18
4259.25845 7.40770e-18
4260.73095 7.48451e-18
4262.20345 7.31644e-18
4263.67595 7.34912e-18
4265.13843 7.38979e-18
4266.61093 7.39712e-18
4268.08343 7.30588e-18
4269.55593 7.15525e-18
4271.01841 7.27050e-18
4272.49091 7.27253e-18
4273.96341 7.10988e-18
4275.43591 7.14908e-18
4276.89839 7.16594e-18
4278.37089 7.13128e-18
4279.84339 7.01750e-18
4281.31588 6.94347e-18
4282.77837 6.85052e-18
4284.25087 6.95166e-18
4285.72336 7.02455e-18
4287.19586 7.01292e-18
4288.65835 6.98406e-18
4290.13085 6.93013e-18
4291.60334 7.00071e-18
4293.07584 7.13384e-18
4294.53833 7.15380e-18
4296.01082 7.24998e-18
4297.48332 7.38160e-18
4298.95582 7.22131e-18
4300.41830 7.11079e-18
4301.89080 7.29799e-18
4303.36330 7.41168e-18
4304.83580 7.31476e-18
4306.29828 7.36424e-18
4307.77078 7.46150e-18
4309.24328 7.44598e-18
4310.71578 7.44829e-18
4312.17826 7.51848e-18
4313.65076 7.62525e-18
4315.12326 7.72838e-18
4316.59576 7.52925e-18
4318.05824 7.50701e-18
4319.53074 7.57338e-18
4321.00324 7.58894e-18
4322.47574 7.73067e-18
4323.93822 7.77538e-18
4325.41072 7.79669e-18
4326.88322 7.82886e-18
4328.34570 7.89787e-18
4329.81820 7.78474e-18
4331.29070 7.71659e-18
4332.76320 7.66646e-18
4334.22568 7.68948e-18
4335.69818 7.68019e-18
4337.17068 7.78641e-18
4338.64318 7.79115e-18
4340.10566 7.71269e-18
4341.57816 7.69463e-18
4343.05066 7.74316e-18
4344.52315 7.82326e-18
4345.98564 7.95905e-18
4347.45814 8.04352e-18
4348.93064 8.08661e-18
4350.40313 7.97283e-18
4351.86562 7.87942e-18
4353.33811 7.84945e-18
4354.81061 7.81949e-18
4356.28311 7.78952e-18
4357.74560 7.75956e-18
4359.21809 7.72960e-18
4360.69059 7.69967e-18
4362.16309 7.66971e-18
4363.62557 7.63977e-18
4365.09807 7.60983e-18
4366.57057 7.57989e-18
4368.04307 7.54997e-18
4369.50555 7.52003e-18
4370.97805 7.49011e-18
4372.45055 7.46019e-18
4373.92305 7.43028e-18
4375.38553 7.40037e-18
4376.85803 7.37045e-18
4378.33053 7.34055e-18
4379.80303 7.31065e-18
4381.26551 7.28075e-18
4382.73801 7.25086e-18
4384.21051 7.22098e-18
4385.68301 7.19109e-18
4387.14549 7.16121e-18
4388.61799 7.13133e-18
4390.09049 7.10146e-18
4391.56299 7.10477e-18
4393.02547 7.02133e-18
4394.49797 6.94588e-18
4395.97047 7.02537e-18
4397.44297 6.97546e-18
4398.90545 6.86821e-18
4400.37795 6.80450e-18
4401.85045 6.71505e-18
4403.32295 6.71127e-18
4404.78543 6.69811e-18
4406.25793 6.63289e-18
4407.73042 6.51208e-18
4409.20292 6.37358e-18
4410.66541 6.34998e-18
4412.13790 6.31476e-18
4413.61040 6.20654e-18
4415.07289 6.24810e-18
4416.54539 6.22005e-18
4418.01788 6.16999e-18
4419.49038 6.18212e-18
4420.95287 6.09864e-18
4422.42536 6.01075e-18
4423.89786 6.05880e-18
4425.37036 6.03240e-18
4426.83284 5.89272e-18
4428.30534 5.90649e-18
4429.77784 5.89548e-18
4431.25034 5.97525e-18
4432.71282 6.09620e-18
4434.18532 6.16425e-18
4435.65782 6.09101e-18
4437.13032 6.07602e-18
4438.59280 6.08583e-18
4440.06530 6.15307e-18
4441.53780 6.15807e-18
4443.01030 6.26264e-18
4444.47278 6.28856e-18
4445.94528 6.34532e-18
4447.41778 6.27997e-18
4448.89028 6.23995e-18
4450.35276 6.26617e-18
4451.82526 6.42021e-18
4453.29776 6.41500e-18
4454.77026 6.61511e-18
4456.23274 6.67318e-18
4457.70524 6.64959e-18
4459.17774 6.68669e-18
4460.65024 6.90929e-18
4462.11272 7.05981e-18
4463.58522 7.09837e-18
4465.05772 7.25337e-18
4466.53021 7.28026e-18
4467.99270 7.39323e-18
4469.46520 7.47338e-18
4470.93770 7.53260e-18
4472.41019 7.66278e-18
4473.87268 7.73130e-18
4475.34518 7.92410e-18
4476.81767 8.17856e-18
4478.29017 8.39862e-18
4479.75266 8.51438e-18
4481.22515 8.47720e-18
4482.69765 8.61989e-18
4484.17015 8.83890e-18
4485.63263 9.05680e-18
4487.10513 9.19891e-18
4488.57763 9.42851e-18
4490.05013 9.59784e-18
4491.51261 9.86749e-18
4492.98511 1.01472e-17
4494.45761 1.02592e-17
4495.93011 1.01938e-17
4497.39259 1.02882e-17
4498.86509 1.07464e-17
4500.33759 1.08701e-17
4501.81009 1.11290e-17
4503.27257 1.14498e-17
4504.74507 1.14237e-17
4506.21757 1.15726e-17
4507.69007 1.17670e-17
4509.15255 1.18309e-17
4510.62505 1.20575e-17
4512.09755 1.22556e-17
4513.57005 1.23509e-17
4515.03253 1.25046e-17
4516.50503 1.25070e-17
4517.97753 1.26069e-17
4519.44001 1.27633e-17
4520.91251 1.29648e-17
4522.38501 1.30507e-17
4523.85751 1.29698e-17
4525.31999 1.28425e-17
4526.79249 1.29819e-17
4528.26499 1.31800e-17
4529.73749 1.32842e-17
4531.19997 1.33642e-17
4532.67247 1.34708e-17
4534.14497 1.36537e-17
4535.61746 1.36350e-17
4537.07995 1.37213e-17
4538.55245 1.38873e-17
4540.02494 1.38798e-17
4541.49744 1.39709e-17
4542.95993 1.41891e-17
4544.43242 1.41655e-17
4545.90492 1.41769e-17
4547.37742 1.43407e-17
4548.83990 1.44411e-17
4550.31240 1.44901e-17
4551.78490 1.46378e-17
4553.25740 1.46384e-17
4554.71988 1.47770e-17
4556.19238 1.49029e-17
4557.66488 1.50606e-17
4559.13738 1.51451e-17
4560.59986 1.53878e-17
4562.07236 1.54245e-17
4563.54486 1.55626e-17
4565.01736 1.58251e-17
4566.47984 1.60088e-17
4567.95234 1.60532e-17
4569.42484 1.64486e-17
4570.89734 1.65438e-17
4572.35982 1.66173e-17
4573.83232 1.67262e-17
4575.30482 1.69430e-17
4576.77732 1.73007e-17
4578.23980 1.73645e-17
4579.71230 1.73766e-17
4581.18480 1.75842e-17
4582.65730 1.75787e-17
4584.11978 1.75875e-17
4585.59228 1.76618e-17
4587.06478 1.79739e-17
4588.53728 1.78783e-17
4589.99976 1.78670e-17
4591.47226 1.81487e-17
4592.94475 1.82674e-17
4594.41725 1.83908e-17
4595.87974 1.84113e-17
4597.35224 1.88159e-17
4598.82473 1.88177e-17
4600.29723 1.70995e-17
4601.75972 1.59075e-17
4603.23221 1.92622e-17
4604.70471 1.92897e-17
4606.16720 1.92388e-17
4607.63969 1.92373e-17
4609.11219 1.92673e-17
4610.58469 1.94583e-17
4612.04717 1.95214e-17
4613.51967 1.96570e-17
4614.99217 1.93946e-17
4616.46467 1.92496e-17
4617.92715 1.93619e-17
4619.39965 1.96837e-17
4620.87215 1.95515e-17
4622.34465 1.94418e-17
4623.80713 1.96254e-17
4625.27963 1.97021e-17
4626.75213 1.97227e-17
4628.22463 1.96093e-17
4629.68711 1.94728e-17
4631.15961 1.94352e-17
4632.63211 1.91167e-17
4634.10461 1.89450e-17
4635.56709 1.90141e-17
4637.03959 1.89029e-17
4638.51209 1.87864e-17
4639.98459 1.84465e-17
4641.44707 1.83183e-17
4642.91957 1.82045e-17
4644.39207 1.77903e-17
4645.86457 1.76638e-17
4647.32705 1.75954e-17
4648.79955 1.74806e-17
4650.27205 1.72329e-17
4651.74455 1.68154e-17
4653.20703 1.68339e-17
4654.67953 1.66561e-17
4656.15203 1.64823e-17
4657.62452 1.61207e-17
4659.08701 1.58686e-17
4660.55951 1.57636e-17
4662.03200 1.56792e-17
4663.50450 1.55135e-17
4664.96699 1.53467e-17
4666.43948 1.52451e-17
4667.91198 1.52068e-17
4669.38448 1.50569e-17
4670.84696 1.49297e-17
4672.31946 1.48749e-17
4673.79196 1.47769e-17
4675.26446 1.46027e-17
4676.72694 1.45321e-17
4678.19944 1.45260e-17
4679.67194 1.43644e-17
4681.14444 1.43097e-17
4682.60692 1.43173e-17
4684.07942 1.44636e-17
4685.55192 1.43559e-17
4687.02442 1.42246e-17
4688.48690 1.40939e-17
4689.95940 1.41184e-17
4691.43190 1.41569e-17
4692.90440 1.40669e-17
4694.36688 1.40531e-17
4695.83938 1.41468e-17
4697.31188 1.39262e-17
4698.78438 1.39826e-17
4700.24686 1.39554e-17
4701.71936 1.39812e-17
4703.19186 1.39118e-17
4704.65434 1.40487e-17
4706.12684 1.40523e-17
4707.59934 1.39543e-17
4709.07184 1.39655e-17
4710.53432 1.40107e-17
4712.00682 1.38888e-17
4713.47932 1.39050e-17
4714.95182 1.38744e-17
4716.41430 1.37524e-17
4717.88680 1.38901e-17
4719.35930 1.38128e-17
4720.83179 1.38014e-17
4722.29428 1.38545e-17
4723.76678 1.36676e-17
4725.23927 1.37171e-17
4726.71177 1.37688e-17
4728.17425 1.34220e-17
4729.64675 1.32770e-17
4731.11925 1.32250e-17
4732.59175 1.32824e-17
4734.05423 1.32222e-17
4735.52673 1.32049e-17
4736.99923 1.32009e-17
4738.47173 1.31165e-17
4739.93421 1.30018e-17
4741.40671 1.29757e-17
4742.87921 1.30113e-17
4744.35171 1.28407e-17
4745.81419 1.26745e-17
4747.28669 1.26904e-17
4748.75919 1.28022e-17
4750.23169 1.26706e-17
4751.69417 1.25345e-17
4753.16667 1.25189e-17
4754.63917 1.24478e-17
4756.11167 1.23455e-17
4757.57415 1.22623e-17
4759.04665 1.21382e-17
4760.51915 1.20944e-17
4761.99165 1.22216e-17
4763.45413 1.20659e-17
4764.92663 1.16977e-17
4766.39913 1.17465e-17
4767.87163 1.17439e-17
4769.33411 1.16842e-17
4770.80661 1.17989e-17
4772.27911 1.16028e-17
4773.75160 1.13324e-17
4775.21409 1.13502e-17
4776.68659 1.12394e-17
4778.15909 1.10277e-17
4779.63158 1.09180e-17
4781.09407 1.07694e-17
4782.56657 1.07752e-17
4784.03906 1.07194e-17
4785.51156 1.04476e-17
4786.97405 1.03648e-17
4788.44654 1.02582e-17
4789.91904 9.96443e-18
4791.38152 9.70856e-18
4792.85402 9.74304e-18
4794.32652 9.52106e-18
4795.79902 9.36647e-18
4797.26150 9.28401e-18
4798.73400 9.06761e-18
4800.20650 8.95910e-18
4801.67900 8.90967e-18
4803.14148 8.98721e-18
4804.61398 8.96062e-18
4806.08648 8.83419e-18
4807.55898 8.87236e-18
4809.02146 8.79518e-18
4810.49396 8.81843e-18
4811.96646 8.95399e-18
4813.43896 9.00301e-18
4814.90144 9.12253e-18
4816.37394 9.27705e-18
4817.84644 9.31903e-18
4819.31894 9.52205e-18
4820.78142 9.57163e-18
4822.25392 9.71843e-18
4823.72642 9.89874e-18
4825.19892 1.00358e-17
4826.66140 1.02087e-17
4828.13390 1.02541e-17
4829.60640 1.04416e-17
4831.07890 1.07101e-17
4832.54138 1.08829e-17
4834.01388 1.10083e-17
4835.48638 1.11473e-17
4836.95888 1.14664e-17
4838.42136 1.15690e-17
4839.89386 1.18168e-17
4841.36636 1.19919e-17
4842.83885 1.22548e-17
4844.30134 1.23423e-17
4845.77383 1.23694e-17
4847.24633 1.27760e-17
4848.71883 1.29681e-17
4850.18131 1.30171e-17
4851.65381 1.29028e-17
4853.12631 1.27886e-17
4854.59881 1.26744e-17
4856.06129 1.25602e-17
4857.53379 1.24461e-17
4859.00629 1.23319e-17
4860.47879 1.22178e-17
4861.94127 1.21037e-17
4863.41377 1.19896e-17
4864.88627 1.18756e-17
4866.35877 1.17615e-17
4867.82125 1.16474e-17
4869.29375 1.15334e-17
4870.76625 1.14195e-17
4872.23875 1.13055e-17
4873.70123 1.11915e-17
4875.17373 1.10776e-17
4876.64623 1.09637e-17
4878.10871 1.08498e-17
4879.58121 1.07359e-17
4881.05371 1.06220e-17
4882.52621 1.05082e-17
4883.99871 1.03943e-17
4885.46119 1.02806e-17
4886.93369 1.01668e-17
4888.40619 1.00530e-17
4889.87869 9.82232e-18
4891.34117 9.62059e-18
4892.81367 9.60220e-18
4894.28617 9.48796e-18
4895.74865 9.43759e-18
4897.22115 9.45423e-18
4898.69365 9.46690e-18
4900.16615 9.48539e-18
4901.62863 9.52472e-18
4903.10113 9.53984e-18
4904.57362 9.62346e-18
4906.04612 9.62887e-18
4907.50861 9.69300e-18
4908.98110 9.84079e-18
4910.45360 9.82730e-18
4911.92610 9.76338e-18
4913.38859 9.94908e-18
4914.86108 1.00830e-17
4916.33358 1.01663e-17
4917.80608 1.03645e-17
4919.26856 1.04987e-17
4920.74106 1.06965e-17
4922.21356 1.07689e-17
4923.68606 1.09452e-17
4925.14854 1.10657e-17
4926.62104 1.12928e-17
4928.09354 1.14391e-17
4929.56604 1.14524e-17
4931.02852 1.16540e-17
4932.50102 1.18530e-17
4933.97352 1.20648e-17
4935.44602 1.21762e-17
4936.90850 1.23322e-17
4938.38100 1.25345e-17
4939.85350 1.27654e-17
4941.32600 1.31126e-17
4942.78848 1.31996e-17
4944.26098 1.32000e-17
4945.73348 1.35446e-17
4947.20598 1.38488e-17
4948.66846 1.39615e-17
4950.14096 1.40498e-17
4951.61346 1.41380e-17
4953.08596 1.42263e-17
4954.54844 1.43145e-17
4956.02094 1.44028e-17
4957.49344 1.44910e-17
4958.96594 1.45791e-17
4960.42842 1.46673e-17
4961.90092 1.47555e-17
4963.37342 1.48436e-17
4964.84591 1.49318e-17
4966.30840 1.50199e-17
4967.78090 1.51080e-17
4969.25339 1.51961e-17
4970.72589 1.52842e-17
4972.18837 1.53722e-17
4973.66087 1.54603e-17
4975.13337 1.55483e-17
4976.60587 1.56364e-17
4978.06835 1.57244e-17
4979.54085 1.58124e-17
4981.01335 1.59003e-17
4982.47583 1.59883e-17
4983.94833 1.60763e-17
4985.42083 1.61642e-17
4986.89333 1.60787e-17
4988.35581 1.58289e-17
4989.82831 1.57924e-17
4991.30081 1.58564e-17
4992.77331 1.57439e-17
4994.24581 1.55440e-17
4995.70829 1.54028e-17
4997.18079 1.52389e-17
4998.65329 1.49834e-17
5000.11577 1.47277e-17
5001.58827 1.44721e-17
5003.06077 1.42168e-17
5004.53327 1.39613e-17
5005.99575 1.37059e-17
5007.46825 1.34505e-17
5008.94075 1.31952e-17
5010.41325 1.29399e-17
5011.87573 1.26847e-17
5013.34823 1.24295e-17
5014.82073 1.21743e-17
5016.29323 1.19192e-17
5017.75571 1.16642e-17
5019.22821 1.14091e-17
5020.70071 1.11541e-17
5022.17321 1.08992e-17
5023.63569 1.06442e-17
5025.10819 1.03895e-17
5026.58068 1.01346e-17
5028.05318 9.87975e-18
5029.51567 9.62504e-18
5030.98816 9.37028e-18
5032.46066 9.11573e-18
5033.93316 8.86105e-18
5035.39565 8.69627e-18
5036.86814 8.50952e-18
5038.34064 8.46979e-18
5039.81314 8.45855e-18
5041.27562 8.42101e-18
5042.74812 8.38056e-18
5044.22062 8.28698e-18
5045.69312 8.27728e-18
5047.15560 8.35453e-18
5048.62810 8.26122e-18
5050.10060 8.30824e-18
5051.57310 8.51251e-18
5053.03558 8.60235e-18
5054.50808 8.68948e-18
5055.98058 8.72768e-18
5057.45308 8.76365e-18
5058.91556 8.86870e-18
5060.38806 8.97690e-18
5061.86056 8.87320e-18
5063.33306 8.90766e-18
5064.79554 9.07227e-18
5066.26804 9.04159e-18
5067.74054 9.19833e-18
5069.20302 9.39220e-18
5070.67552 9.51966e-18
5072.14802 9.54938e-18
5073.62052 9.64268e-18
5075.09302 9.79576e-18
5076.55550 9.83520e-18
5078.02800 9.89883e-18
5079.50050 1.01024e-17
5080.97300 1.03284e-17
5082.43548 1.03815e-17
5083.90798 1.04819e-17
5085.38047 1.05607e-17
5086.84296 1.07041e-17
5088.31546 1.08205e-17
5089.78795 1.09547e-17
5091.26045 1.10819e-17
5092.72294 1.12149e-17
5094.19544 1.12873e-17
5095.66793 1.14152e-17
5097.14043 1.14903e-17
5098.60292 1.13205e-17
5100.07541 1.15316e-17
5101.54791 1.15432e-17
5103.02041 1.15726e-17
5104.48289 1.19272e-17
5105.95539 1.18333e-17
5107.42789 1.19018e-17
5108.90039 1.18665e-17
5110.36287 1.17925e-17
5111.83537 1.17981e-17
5113.30787 1.22264e-17
5114.78037 1.23551e-17
5116.24285 1.22918e-17
5117.71535 1.22893e-17
5119.18785 1.24150e-17
5120.66035 1.25311e-17
5122.12283 1.24035e-17
5123.59533 1.24435e-17
5125.06783 1.25883e-17
5126.54033 1.26298e-17
5128.00281 1.26345e-17
5129.47531 1.26391e-17
5130.94781 1.26704e-17
5132.42031 1.26087e-17
5133.88279 1.25871e-17
5135.35529 1.26472e-17
5136.82779 1.26443e-17
5138.30029 1.26607e-17
5139.76277 1.26185e-17
5141.23527 1.26863e-17
5142.70777 1.28002e-17
5144.18026 1.27577e-17
5145.64275 1.29056e-17
5147.11525 1.28307e-17
5148.58775 1.28123e-17
5150.06024 1.28876e-17
5151.52273 1.29968e-17
5152.99523 1.29424e-17
5154.46772 1.29269e-17
5155.94022 1.27969e-17
5157.40270 1.28234e-17
5158.87520 1.30147e-17
5160.34770 1.28934e-17
5161.82020 1.27491e-17
5163.28268 1.26854e-17
5164.75518 1.28650e-17
5166.22768 1.27591e-17
5167.70018 1.28358e-17
5169.16266 1.27974e-17
5170.63516 1.27221e-17
5172.10766 1.27273e-17
5173.57014 1.26569e-17
5175.04264 1.26679e-17
5176.51514 1.26491e-17
5177.98764 1.28213e-17
5179.45012 1.26182e-17
5180.92262 1.26701e-17
5182.39512 1.26579e-17
5183.86762 1.25096e-17
5185.34012 1.24651e-17
5186.80260 1.25420e-17
5188.27510 1.25177e-17
5189.74760 1.25491e-17
5191.21008 1.25326e-17
5192.68258 1.24589e-17
5194.15508 1.24068e-17
5195.62758 1.23918e-17
5197.09006 1.26837e-17
5198.56256 1.25232e-17
5200.03506 1.24861e-17
5201.50756 1.25464e-17
5202.97004 1.24845e-17
5204.44254 1.24995e-17
5205.91504 1.25495e-17
5207.38754 1.25079e-17
5208.85002 1.25496e-17
5210.32252 1.26361e-17
5211.79501 1.26554e-17
5213.26751 1.28045e-17
5214.73000 1.28390e-17
5216.20250 1.28535e-17
5217.67499 1.29420e-17
5219.14749 1.30898e-17
5220.60998 1.31997e-17
5222.08247 1.32844e-17
5223.55497 1.34176e-17
5225.02747 1.35623e-17
5226.48995 1.36083e-17
5227.96245 1.37577e-17
5229.43495 1.38517e-17
5230.90745 1.38658e-17
5232.36993 1.38985e-17
5233.84243 1.39455e-17
5235.31493 1.41737e-17
5236.78743 1.42982e-17
5238.24991 1.43503e-17
5239.72241 1.43945e-17
5241.19491 1.47212e-17
5242.66741 1.47078e-17
5244.12989 1.47556e-17
5245.60239 1.48008e-17
5247.07489 1.47773e-17
5248.54739 1.48113e-17
5250.00987 1.49508e-17
5251.48237 1.52280e-17
5252.95487 1.50390e-17
5254.42737 1.54051e-17
5255.88985 1.52901e-17
5257.36235 1.52783e-17
5258.83485 1.53087e-17
5260.30735 1.52358e-17
5261.76983 1.54483e-17
5263.24233 1.55156e-17
5264.71483 1.54051e-17
5266.18732 1.54546e-17
5267.64981 1.53417e-17
5269.12231 1.55729e-17
5270.59480 1.58030e-17
5272.06730 1.57565e-17
5273.52979 1.58424e-17
5275.00229 1.61136e-17
5276.47478 1.61139e-17
5277.93727 1.61194e-17
5279.40977 1.61362e-17
5280.88226 1.63536e-17
5282.35476 1.64380e-17
5283.81725 1.63598e-17
5285.28974 1.64559e-17
5286.76224 1.66067e-17
5288.23474 1.67172e-17
5289.69722 1.67140e-17
5291.16972 1.67232e-17
5292.64222 1.67626e-17
5294.11472 1.69911e-17
5295.57720 1.71705e-17
5297.04970 1.72279e-17
5298.52220 1.72092e-17
5299.99470 1.74852e-17
5301.45718 1.74274e-17
5302.92968 1.73660e-17
5304.40218 1.75091e-17
5305.87468 1.76554e-17
5307.33716 1.77127e-17
5308.80966 1.74053e-17
5310.28216 1.74741e-17
5311.75466 1.76511e-17
5313.21714 1.76713e-17
5314.68964 1.76579e-17
5316.16214 1.76872e-17
5317.63464 1.77166e-17
5319.09712 1.77245e-17
5320.56962 1.76796e-17
5322.04212 1.76944e-17
5323.51462 1.77901e-17
5324.97710 1.76481e-17
5326.44960 1.76598e-17
5327.92210 1.77671e-17
5329.39460 1.77783e-17
5330.85708 1.77436e-17
5332.32958 1.77430e-17
5333.80208 1.78408e-17
5335.27457 1.78281e-17
5336.73706 1.77594e-17
5338.20955 1.78913e-17
5339.68205 1.78380e-17
5341.15455 1.78800e-17
5342.61704 1.79903e-17
5344.08953 1.78257e-17
5345.56203 1.78648e-17
5347.03453 1.80338e-17
5348.49701 1.80572e-17
5349.96951 1.78299e-17
5351.44201 1.79074e-17
5352.91451 1.80341e-17
5354.37699 1.80586e-17
5355.84949 1.80092e-17
5357.32199 1.79956e-17
5358.79449 1.80401e-17
5360.25697 1.79278e-17
5361.72947 1.80533e-17
5363.20197 1.80387e-17
5364.66445 1.80032e-17
5366.13695 1.81030e-17
5367.60945 1.81087e-17
5369.08195 1.79548e-17
5370.55445 1.79001e-17
5372.01693 1.78551e-17
5373.48943 1.78894e-17
5374.96193 1.78634e-17
5376.42441 1.77674e-17
5377.89691 1.77893e-17
5379.36941 1.77974e-17
5380.84191 1.77983e-17
5382.30439 1.76455e-17
5383.77689 1.74011e-17
5385.24939 1.73581e-17
5386.72189 1.73938e-17
5388.18437 1.73004e-17
5389.65687 1.71217e-17
5391.12937 1.70384e-17
5392.60186 1.67223e-17
5394.06435 1.67364e-17
5395.53685 1.66000e-17
5397.00935 1.65071e-17
5398.48184 1.63890e-17
5399.94433 1.61127e-17
5401.41683 1.60422e-17
5402.88932 1.59599e-17
5404.36182 1.56949e-17
5405.82431 1.56898e-17
5407.29680 1.56981e-17
5408.76930 1.55557e-17
5410.24180 1.54962e-17
5411.70428 1.54011e-17
5413.17678 1.53621e-17
5414.64928 1.53750e-17
5416.12178 1.53815e-17
5417.58426 1.52754e-17
5419.05676 1.53887e-17
5420.52926 1.52727e-17
5422.00176 1.52272e-17
5423.46424 1.51832e-17
5424.93674 1.53099e-17
5426.40924 1.53981e-17
5427.88174 1.55251e-17
5429.34422 1.55537e-17
5430.81672 1.55199e-17
5432.28922 1.54664e-17
5433.76172 1.54294e-17
5435.22420 1.58017e-17
5436.69670 1.57708e-17
5438.16920 1.58298e-17
5439.64170 1.58229e-17
5441.10418 1.59625e-17
5442.57668 1.59715e-17
5444.04918 1.58992e-17
5445.52168 1.60279e-17
5446.98416 1.61515e-17
5448.45666 1.61444e-17
5449.92916 1.60934e-17
5451.40165 1.64019e-17
5452.86414 1.66261e-17
5454.33664 1.68192e-17
5455.80914 1.68053e-17
5457.28163 1.67936e-17
5458.74412 1.69327e-17
5460.21662 1.73551e-17
5461.68911 1.75043e-17
5463.15160 1.74348e-17
5464.62410 1.75527e-17
5466.09659 1.77082e-17
5467.56909 1.76951e-17
5469.03157 1.76484e-17
5470.50407 1.79305e-17
5471.97657 1.81082e-17
5473.44907 1.81078e-17
5474.91155 1.83356e-17
5476.38405 1.85718e-17
5477.85655 1.83270e-17
5479.32905 1.84350e-17
5480.79153 1.86303e-17
5482.26403 1.85387e-17
5483.73653 1.86016e-17
5485.20903 1.87276e-17
5486.67151 1.86525e-17
5488.14401 1.87505e-17
5489.61651 1.88695e-17
5491.08901 1.88021e-17
5492.55149 1.89029e-17
5494.02399 1.87660e-17
5495.49649 1.89297e-17
5496.96899 1.86303e-17
5498.43147 1.87098e-17
5499.90397 1.87409e-17
5501.37647 1.86149e-17
5502.84897 1.86690e-17
5504.31145 1.85347e-17
5505.78395 1.84068e-17
5507.25645 1.84129e-17
5508.72895 1.81783e-17
5510.19143 1.81955e-17
5511.66393 1.81765e-17
5513.13643 1.78931e-17
5514.60893 1.78672e-17
5516.07141 1.76680e-17
5517.54391 1.77261e-17
5519.01640 1.77143e-17
5520.48890 1.75560e-17
5521.95139 1.74297e-17
5523.42389 1.71543e-17
5524.89638 1.69888e-17
5526.36888 1.68044e-17
5527.83137 1.66803e-17
5529.30386 1.64413e-17
5530.77636 1.63065e-17
5532.24886 1.62537e-17
5533.71134 1.60502e-17
5535.18384 1.59949e-17
5536.65634 1.59485e-17
5538.12884 1.58931e-17
5539.59132 1.57622e-17
5541.06382 1.58049e-17
5542.53632 1.56700e-17
5544.00882 1.56627e-17
5545.47130 1.55141e-17
5546.94380 1.54228e-17
5548.41630 1.54096e-17
5549.87878 1.53397e-17
5551.35128 1.52663e-17
5552.82378 1.52756e-17
5554.29628 1.52081e-17
5555.76878 1.52044e-17
5557.23126 1.52040e-17
5558.70376 1.52338e-17
5560.17626 1.51751e-17
5561.64876 1.52498e-17
5563.11124 1.54093e-17
5564.58374 1.52263e-17
5566.05624 1.52576e-17
5567.51872 1.53991e-17
5568.99122 1.53401e-17
5570.46372 1.53148e-17
5571.93622 1.52708e-17
5573.39870 1.54275e-17
5574.87120 1.55436e-17
5576.34370 1.54492e-17
5577.81620 1.56318e-17
5579.27868 1.57175e-17
5580.75118 1.55624e-17
5582.22368 1.56187e-17
5583.69617 1.56934e-17
5585.15866 1.57959e-17
5586.63116 1.57236e-17
5588.10365 1.56840e-17
5589.57615 1.57806e-17
5591.03864 1.58146e-17
5592.51113 1.59518e-17
5593.98363 1.60789e-17
5595.45613 1.60920e-17
5596.91861 1.60327e-17
5598.39111 1.60009e-17
5599.86361 1.60233e-17
5601.33611 1.61420e-17
5602.79859 1.62378e-17
5604.27109 1.63179e-17
5605.74359 1.64046e-17
5607.21609 1.63925e-17
5608.67857 1.65224e-17
5610.15107 1.65123e-17
5611.62357 1.64965e-17
5613.09607 1.66198e-17
5614.55855 1.64727e-17
5616.03105 1.66171e-17
5617.50355 1.67832e-17
5618.97605 1.66898e-17
5620.43853 1.67352e-17
5621.91103 1.68542e-17
5623.38353 1.67907e-17
5624.85603 1.67496e-17
5626.31851 1.70457e-17
5627.79101 1.70276e-17
5629.26351 1.67826e-17
5630.73601 1.67510e-17
5632.19849 1.68489e-17
5633.67099 1.69355e-17
5635.14349 1.69266e-17
5636.61599 1.68867e-17
5638.07847 1.67411e-17
5639.55097 1.66605e-17
5641.02347 1.66989e-17
5642.49596 1.67015e-17
5643.95845 1.67187e-17
5645.43095 1.67340e-17
5646.90344 1.66937e-17
5648.37594 1.66708e-17
5649.83842 1.65720e-17
5651.31092 1.66564e-17
5652.78342 1.66632e-17
5654.24590 1.64598e-17
5655.71840 1.63410e-17
5657.19090 1.63623e-17
5658.66340 1.63417e-17
5660.12588 1.62611e-17
5661.59838 1.62858e-17
5663.07088 1.62337e-17
5664.54338 1.60104e-17
5666.01588 1.59583e-17
5667.47836 1.58928e-17
5668.95086 1.59256e-17
5670.42336 1.58548e-17
5671.88584 1.56545e-17
5673.35834 1.56600e-17
5674.83084 1.56215e-17
5676.30334 1.55636e-17
5677.76582 1.54172e-17
5679.23832 1.54320e-17
5680.71082 1.54539e-17
5682.18332 1.53621e-17
5683.64580 1.52723e-17
5685.11830 1.52309e-17
5686.59080 1.51038e-17
5688.06330 1.49121e-17
5689.52578 1.48296e-17
5690.99828 1.47550e-17
5692.47078 1.46974e-17
5693.94328 1.46994e-17
5695.40576 1.47849e-17
5696.87826 1.45980e-17
5698.35076 1.45005e-17
5699.82326 1.44086e-17
5701.28574 1.43654e-17
5702.75824 1.43953e-17
5704.23074 1.42413e-17
5705.70323 1.41852e-17
5707.16572 1.40469e-17
5708.63821 1.39535e-17
5710.11071 1.37325e-17
5711.58321 1.36085e-17
5713.04570 1.37111e-17
5714.51819 1.38163e-17
5715.99069 1.36757e-17
5717.46319 1.35797e-17
5718.92567 1.34666e-17
5720.39817 1.33848e-17
5721.87067 1.33761e-17
5723.34317 1.32952e-17
5724.80565 1.30352e-17
5726.27815 1.30300e-17
5727.75065 1.30409e-17
5729.22315 1.29046e-17
5730.68563 1.27820e-17
5732.15813 1.27109e-17
5733.63063 1.26298e-17
5735.10313 1.25561e-17
5736.56561 1.23319e-17
5738.03811 1.23135e-17
5739.51061 1.23218e-17
5740.97309 1.21107e-17
5742.44559 1.21120e-17
5743.91809 1.20179e-17
5745.39059 1.18943e-17
5746.85307 1.18374e-17
5748.32557 1.17725e-17
5749.79807 1.18153e-17
5751.27057 1.17343e-17
5752.74307 1.16727e-17
5754.20555 1.16333e-17
5755.67805 1.15604e-17
5757.15055 1.14775e-17
5758.61303 1.15120e-17
5760.08553 1.14974e-17
5761.55803 1.13898e-17
5763.03053 1.13363e-17
5764.49301 1.12941e-17
5765.96551 1.14146e-17
5767.43800 1.14414e-17
5768.91050 1.14711e-17
5770.37299 1.14829e-17
5771.84549 1.14587e-17
5773.31798 1.12952e-17
5774.79048 1.14234e-17
5776.25296 1.15908e-17
5777.72546 1.14284e-17
5779.19796 1.13909e-17
5780.67046 1.14837e-17
5782.13294 1.15872e-17
5783.60544 1.16553e-17
5785.07794 1.16331e-17
5786.55044 1.16124e-17
5788.01292 1.17444e-17
5789.48542 1.20170e-17
5790.95792 1.21619e-17
5792.43042 1.21437e-17
5793.89290 1.23587e-17
5795.36540 1.25601e-17
5796.83790 1.25433e-17
5798.31040 1.26058e-17
5799.77288 1.27189e-17
5801.24538 1.28010e-17
5802.71788 1.30041e-17
5804.19038 1.32799e-17
5805.65286 1.33322e-17
5807.12536 1.34272e-17
5808.59786 1.34503e-17
5810.07036 1.35370e-17
5811.53284 1.35176e-17
5813.00534 1.35900e-17
5814.47784 1.38737e-17
5815.95034 1.39586e-17
5817.41282 1.40490e-17
5818.88532 1.43003e-17
5820.35782 1.44791e-17
5821.83032 1.44610e-17
5823.29280 1.45878e-17
5824.76530 1.46369e-17
5826.23780 1.46991e-17
5827.71029 1.47492e-17
5829.17278 1.47019e-17
5830.64527 1.48374e-17
5832.11777 1.49092e-17
5833.59027 1.49027e-17
5835.05275 1.49319e-17
5836.52525 1.49590e-17
5837.99775 1.50266e-17
5839.47025 1.51333e-17
5840.93273 1.51434e-17
5842.40523 1.51738e-17
5843.87773 1.52661e-17
5845.34021 1.52155e-17
5846.81271 1.51763e-17
5848.28521 1.52195e-17
5849.75771 1.52532e-17
5851.22019 1.53442e-17
5852.69269 1.54040e-17
5854.16519 1.53474e-17
5855.63769 1.53807e-17
5857.10017 1.54457e-17
5858.57267 1.54010e-17
5860.04517 1.53205e-17
5861.51767 1.51753e-17
5862.98015 1.51233e-17
5864.45265 1.52075e-17
5865.92515 1.51200e-17
5867.39765 1.49894e-17
5868.86013 1.51309e-17
5870.33263 1.51585e-17
5871.80513 1.49386e-17
5873.27763 1.49173e-17
5874.74011 1.49220e-17
5876.21261 1.47987e-17
5877.68511 1.48182e-17
5879.15761 1.47816e-17
5880.62009 1.47422e-17
5882.09259 1.47793e-17
5883.56509 1.47210e-17
5885.03759 1.46336e-17
5886.50007 1.43089e-17
5887.97257 1.36791e-17
5889.44506 1.33356e-17
5890.91756 1.33845e-17
5892.38005 1.35066e-17
5893.85255 1.36016e-17
5895.32504 1.34326e-17
5896.79754 1.34147e-17
5898.26003 1.32933e-17
5899.73252 1.34065e-17
5901.20502 1.36794e-17
5902.67752 1.39321e-17
5904.14000 1.40437e-17
5905.61250 1.41021e-17
5907.08500 1.41978e-17
5908.55750 1.43357e-17
5910.01998 1.43608e-17
5911.49248 1.44673e-17
5912.96498 1.46008e-17
5914.43748 1.46538e-17
5915.89996 1.47569e-17
5917.37246 1.46962e-17
5918.84496 1.44865e-17
5920.31746 1.46271e-17
5921.77994 1.46921e-17
5923.25244 1.45758e-17
5924.72494 1.45652e-17
5926.19744 1.49051e-17
5927.65992 1.49455e-17
5929.13242 1.48931e-17
5930.60492 1.49228e-17
5932.07742 1.48115e-17
5933.53990 1.49399e-17
5935.01240 1.50174e-17
5936.48490 1.49452e-17
5937.95740 1.48654e-17
5939.41988 1.47608e-17
5940.89238 1.46125e-17
5942.36488 1.44641e-17
5943.82736 1.44031e-17
5945.29986 1.44027e-17
5946.77236 1.44374e-17
5948.24485 1.45864e-17
5949.70734 1.47173e-17
5951.17984 1.48057e-17
5952.65234 1.47855e-17
5954.12483 1.47025e-17
5955.58732 1.47003e-17
5957.05981 1.45601e-17
5958.53231 1.45345e-17
5960.00481 1.46149e-17
5961.46730 1.46318e-17
5962.93979 1.46303e-17
5964.41229 1.45786e-17
5965.88479 1.44039e-17
5967.34727 1.43890e-17
5968.81977 1.43260e-17
5970.29227 1.42928e-17
5971.76477 1.44029e-17
5973.22725 1.44029e-17
5974.69975 1.43929e-17
5976.17225 1.44554e-17
5977.64475 1.42498e-17
5979.10723 1.42987e-17
5980.57973 1.43129e-17
5982.05223 1.42000e-17
5983.52473 1.41298e-17
5984.98721 1.42405e-17
5986.45971 1.43527e-17
5987.93221 1.43042e-17
5989.40471 1.42281e-17
5990.86719 1.41575e-17
5992.33969 1.40480e-17
5993.81219 1.40293e-17
5995.28469 1.39558e-17
5996.74717 1.41150e-17
5998.21967 1.41904e-17
5999.69217 1.39115e-17
6001.16467 1.39082e-17
6002.62715 1.38834e-17
6004.09965 1.39196e-17
6005.57215 1.39751e-17
6007.04465 1.38506e-17
6008.50713 1.38743e-17
6009.97963 1.37776e-17
6011.45212 1.36899e-17
6012.92462 1.36253e-17
6014.38711 1.36388e-17
6015.85960 1.37144e-17
6017.33210 1.35833e-17
6018.80460 1.35320e-17
6020.26709 1.35254e-17
6021.73958 1.35476e-17
6023.21208 1.35080e-17
6024.68458 1.34083e-17
6026.14706 1.33674e-17
6027.61956 1.33403e-17
6029.09206 1.32038e-17
6030.56456 1.30968e-17
6032.02704 1.30741e-17
6033.49954 1.30818e-17
6034.97204 1.29728e-17
6036.43452 1.29129e-17
6037.90702 1.28118e-17
6039.37952 1.26351e-17
6040.85202 1.26908e-17
6042.31450 1.27078e-17
6043.78700 1.26035e-17
6045.25950 1.25307e-17
6046.73200 1.25120e-17
6048.19448 1.25471e-17
6049.66698 1.25192e-17
6051.13948 1.24692e-17
6052.61198 1.24031e-17
6054.07446 1.25069e-17
6055.54696 1.25751e-17
6057.01946 1.24540e-17
6058.49196 1.25244e-17
6059.95444 1.27015e-17
6061.42694 1.27469e-17
6062.89944 1.27251e-17
6064.37194 1.28250e-17
6065.83442 1.29053e-17
6067.30692 1.28865e-17
6068.77942 1.28845e-17
6070.25191 1.29066e-17
6071.71440 1.30131e-17
6073.18690 1.31288e-17
6074.65940 1.32362e-17
6076.13189 1.32707e-17
6077.59438 1.32915e-17
6079.06688 1.34249e-17
6080.53937 1.34192e-17
6082.01187 1.34052e-17
6083.47436 1.34087e-17
6084.94685 1.33999e-17
6086.41935 1.33126e-17
6087.89185 1.33547e-17
6089.35433 1.35392e-17
6090.82683 1.35494e-17
6092.29933 1.34796e-17
6093.77183 1.35478e-17
6095.23431 1.35461e-17
6096.70681 1.34736e-17
6098.17931 1.34210e-17
6099.65181 1.33677e-17
6101.11429 1.34136e-17
6102.58679 1.33857e-17
6104.05929 1.33741e-17
6105.53179 1.33717e-17
6106.99427 1.32908e-17
6108.46677 1.32211e-17
6109.93927 1.31995e-17
6111.41177 1.30702e-17
6112.87425 1.30094e-17
6114.34675 1.29998e-17
6115.81925 1.28812e-17
6117.29175 1.27271e-17
6118.75423 1.27498e-17
6120.22673 1.28453e-17
6121.69923 1.27551e-17
6123.17173 1.26969e-17
6124.63421 1.26383e-17
6126.10671 1.26331e-17
6127.57921 1.26248e-17
6129.05170 1.25866e-17
6130.51419 1.25076e-17
6131.98669 1.24504e-17
6133.45919 1.24783e-17
6134.92167 1.24531e-17
6136.39417 1.24085e-17
6137.86667 1.24867e-17
6139.33916 1.24422e-17
6140.80165 1.24422e-17
6142.27415 1.24895e-17
6143.74664 1.25567e-17
6145.21914 1.25374e-17
6146.68163 1.25993e-17
6148.15412 1.27230e-17
6149.62662 1.26938e-17
6151.09912 1.26765e-17
6152.56160 1.28243e-17
6154.03410 1.29423e-17
6155.50660 1.29613e-17
6156.97910 1.30610e-17
6158.44158 1.31379e-17
6159.91408 1.31831e-17
6161.38658 1.32304e-17
6162.85908 1.32937e-17
6164.32156 1.33838e-17
6165.79406 1.34374e-17
6167.26656 1.34946e-17
6168.73906 1.35188e-17
6170.20154 1.36118e-17
6171.67404 1.37369e-17
6173.14654 1.38110e-17
6174.61904 1.38790e-17
6176.08152 1.39963e-17
6177.55402 1.40459e-17
6179.02652 1.39786e-17
6180.49902 1.39974e-17
6181.96150 1.41432e-17
6183.43400 1.42603e-17
6184.90650 1.42996e-17
6186.37900 1.42409e-17
6187.84148 1.44411e-17
6189.31398 1.44477e-17
6190.78648 1.42896e-17
6192.25898 1.42572e-17
6193.72146 1.43433e-17
6195.19396 1.44258e-17
6196.66645 1.44350e-17
6198.13895 1.45423e-17
6199.60144 1.45341e-17
6201.07394 1.44161e-17
6202.54643 1.43913e-17
6204.01893 1.43176e-17
6205.48142 1.43089e-17
6206.95391 1.43292e-17
6208.42641 1.43972e-17
6209.89891 1.44185e-17
6211.36139 1.42264e-17
6212.83389 1.41088e-17
6214.30639 1.40702e-17
6215.77889 1.40672e-17
6217.24137 1.39794e-17
6218.71387 1.38625e-17
6220.18637 1.38437e-17
6221.64885 1.36919e-17
6223.12135 1.35764e-17
6224.59385 1.34806e-17
6226.06635 1.33681e-17
6227.52883 1.33844e-17
6229.00133 1.32677e-17
6230.47383 1.31487e-17
6231.94633 1.30009e-17
6233.40881 1.28306e-17
6234.88131 1.27708e-17
6236.35381 1.27416e-17
6237.82631 1.26777e-17
6239.28879 1.25798e-17
6240.76129 1.24837e-17
6242.23379 1.23765e-17
6243.70629 1.23061e-17
6245.16877 1.22941e-17
6246.64127 1.22407e-17
6248.11377 1.22058e-17
6249.58627 1.23419e-17
6251.04875 1.23757e-17
6252.52125 1.23265e-17
6253.99375 1.22116e-17
6255.46625 1.20935e-17
6256.92873 1.21173e-17
6258.40123 1.20543e-17
6259.87373 1.20646e-17
6261.34622 1.20911e-17
6262.80871 1.19484e-17
6264.28121 1.19529e-17
6265.75370 1.21357e-17
6267.22620 1.21293e-17
6268.68869 1.18942e-17
6270.16118 1.18794e-17
6271.63368 1.20323e-17
6273.10618 1.19996e-17
6274.56866 1.20684e-17
6276.04116 1.21690e-17
6277.51366 1.22393e-17
6278.98616 1.22444e-17
6280.44864 1.20616e-17
6281.92114 1.19486e-17
6283.39364 1.18849e-17
6284.86614 1.19908e-17
6286.32862 1.22681e-17
6287.80112 1.22820e-17
6289.27362 1.22878e-17
6290.74612 1.22626e-17
6292.20860 1.22078e-17
6293.68110 1.21551e-17
6295.15360 1.21501e-17
6296.62610 1.23019e-17
6298.08858 1.24173e-17
6299.56108 1.23418e-17
6301.03358 1.22485e-17
6302.50608 1.23470e-17
6303.96856 1.24410e-17
6305.44106 1.22984e-17
6306.91356 1.21651e-17
6308.38606 1.22540e-17
6309.84854 1.22525e-17
6311.32104 1.22518e-17
6312.79354 1.21309e-17
6314.26604 1.20823e-17
6315.72852 1.21427e-17
6317.20102 1.20354e-17
6318.67352 1.19875e-17
6320.14601 1.20040e-17
6321.60850 1.20113e-17
6323.08100 1.19231e-17
6324.55349 1.17705e-17
6326.01598 1.18811e-17
6327.48848 1.20775e-17
6328.96097 1.21288e-17
6330.43347 1.19493e-17
6331.89595 1.17445e-17
6333.36845 1.17123e-17
6334.84095 1.17257e-17
6336.31345 1.17278e-17
6337.77593 1.17590e-17
6339.24843 1.18001e-17
6340.72093 1.16370e-17
6342.19343 1.15589e-17
6343.65591 1.15999e-17
6345.12841 1.16991e-17
6346.60091 1.17533e-17
6348.07341 1.16777e-17
6349.53589 1.17097e-17
6351.00839 1.17304e-17
6352.48089 1.18044e-17
6353.95339 1.20445e-17
6355.41587 1.20720e-17
6356.88837 1.19442e-17
6358.36087 1.19761e-17
6359.83337 1.21009e-17
6361.29585 1.20608e-17
6362.76835 1.20865e-17
6364.24085 1.22764e-17
6365.71335 1.23300e-17
6367.17583 1.23361e-17
6368.64833 1.24385e-17
6370.12083 1.24681e-17
6371.59333 1.24877e-17
6373.05581 1.25399e-17
6374.52831 1.26963e-17
6376.00081 1.29119e-17
6377.47330 1.28217e-17
6378.93579 1.28010e-17
6380.40829 1.28818e-17
6381.88079 1.27865e-17
6383.35328 1.29628e-17
6384.81577 1.31094e-17
6386.28827 1.30975e-17
6387.76076 1.32262e-17
6389.23326 1.31744e-17
6390.69575 1.30806e-17
6392.16824 1.32411e-17
6393.64074 1.33315e-17
6395.11324 1.32273e-17
6396.57572 1.31859e-17
6398.04822 1.32479e-17
6399.52072 1.32770e-17
6400.99322 1.32584e-17
6402.45570 1.33389e-17
6403.92820 1.33944e-17
6405.40070 1.33074e-17
6406.87320 1.32641e-17
6408.33568 1.33400e-17
6409.80818 1.33935e-17
6411.28068 1.33410e-17
6412.74316 1.33314e-17
6414.21566 1.34613e-17
6415.68816 1.34720e-17
6417.16066 1.34316e-17
6418.62314 1.35060e-17
6420.09564 1.35253e-17
6421.56814 1.35368e-17
6423.04064 1.35666e-17
6424.50312 1.36193e-17
6425.97562 1.37546e-17
6427.44812 1.38031e-17
6428.92062 1.38497e-17
6430.38310 1.37942e-17
6431.85560 1.36448e-17
6433.32810 1.36840e-17
6434.80060 1.37850e-17
6436.26308 1.38304e-17
6437.73558 1.37923e-17
6439.20808 1.38153e-17
6440.68058 1.38710e-17
6442.14306 1.37677e-17
6443.61556 1.36651e-17
6445.08806 1.36924e-17
6446.56055 1.36369e-17
6448.02304 1.36128e-17
6449.49554 1.37539e-17
6450.96803 1.37696e-17
6452.44053 1.36475e-17
6453.90301 1.36233e-17
6455.37551 1.37323e-17
6456.84801 1.36708e-17
6458.32051 1.35288e-17
6459.78299 1.35164e-17
6461.25549 1.36175e-17
6462.72799 1.37391e-17
6464.20049 1.35327e-17
6465.66297 1.33405e-17
6467.13547 1.34052e-17
6468.60797 1.34646e-17
6470.08047 1.34722e-17
6471.54295 1.33766e-17
6473.01545 1.32481e-17
6474.48795 1.31063e-17
6475.96045 1.30074e-17
6477.42293 1.30593e-17
6478.89543 1.32400e-17
6480.36793 1.33406e-17
6481.84043 1.32781e-17
6483.30291 1.31305e-17
6484.77541 1.31482e-17
6486.24791 1.31763e-17
6487.72041 1.31681e-17
6489.18289 1.33009e-17
6490.65539 1.32726e-17
6492.12789 1.31998e-17
6493.60039 1.31989e-17
6495.06287 1.32717e-17
6496.53537 1.33315e-17
6498.00787 1.33574e-17
6499.48037 1.34618e-17
6500.94285 1.34861e-17
6502.41535 1.34942e-17
6503.88785 1.34780e-17
6505.35033 1.33903e-17
6506.82283 1.33532e-17
6508.29533 1.34271e-17
6509.76782 1.35509e-17
6511.24032 1.35978e-17
6512.70280 1.34879e-17
6514.17530 1.32395e-17
6515.64780 1.31055e-17
6517.11029 1.30714e-17
6518.58278 1.31409e-17
6520.05528 1.33946e-17
6521.52778 1.35507e-17
6522.99026 1.35181e-17
6524.46276 1.35279e-17
6525.93526 1.36253e-17
6527.40776 1.36313e-17
6528.87024 1.35430e-17
6530.34274 1.34328e-17
6531.81524 1.34011e-17
6533.28774 1.34210e-17
6534.75022 1.34366e-17
6536.22272 1.34279e-17
6537.69522 1.33898e-17
6539.16772 1.34533e-17
6540.63020 1.34694e-17
6542.10270 1.33922e-17
6543.57520 1.32766e-17
6545.04770 1.32654e-17
6546.51018 1.32541e-17
6547.98268 1.32429e-17
6549.45518 1.32317e-17
6550.92768 1.32205e-17
6552.39016 1.32093e-17
6553.86266 1.31981e-17
6555.33516 1.31868e-17
6556.80766 1.31756e-17
6558.27014 1.31644e-17
6559.74264 1.31532e-17
6561.21514 1.31420e-17
6562.68764 1.31308e-17
6564.15012 1.31196e-17
6565.62262 1.31084e-17
6567.09512 1.30972e-17
6568.56761 1.30859e-17
6570.03010 1.30747e-17
6571.50260 1.30635e-17
6572.97509 1.30523e-17
6574.44759 1.30411e-17
6575.91007 1.30299e-17
6577.38257 1.30187e-17
6578.85507 1.30075e-17
6580.32757 1.29963e-17
6581.79005 1.29851e-17
6583.26255 1.29739e-17
6584.73505 1.29627e-17
6586.20755 1.29515e-17
6587.67003 1.29403e-17
6589.14253 1.29291e-17
6590.61503 1.29179e-17
6592.08753 1.29068e-17
6593.55001 1.28956e-17
6595.02251 1.28844e-17
6596.49501 1.28732e-17
6597.96751 1.28620e-17
6599.42999 1.28508e-17
6600.90249 1.28396e-17
6602.37499 1.28284e-17
6603.84749 1.28172e-17
6605.30997 1.28061e-17
6606.78247 1.27621e-17
6608.25497 1.28149e-17
6609.71745 1.28099e-17
6611.18995 1.28035e-17
6612.66245 1.28855e-17
6614.13495 1.29251e-17
6615.59743 1.27472e-17
6617.06993 1.25892e-17
6618.54243 1.27048e-17
6620.01493 1.28184e-17
6621.47741 1.28021e-17
6622.94991 1.27706e-17
6624.42241 1.27400e-17
6625.89491 1.27356e-17
6627.35739 1.27570e-17
6628.82989 1.28236e-17
6630.30238 1.28802e-17
6631.77488 1.28831e-17
6633.23737 1.28326e-17
6634.70986 1.27133e-17
6636.18236 1.25354e-17
6637.65486 1.24843e-17
6639.11735 1.25967e-17
6640.58984 1.26030e-17
6642.06234 1.24750e-17
6643.53484 1.24382e-17
6644.99732 1.25326e-17
6646.46982 1.25156e-17
6647.94232 1.24149e-17
6649.41482 1.24533e-17
6650.87730 1.24946e-17
6652.34980 1.24036e-17
6653.82230 1.23802e-17
6655.29480 1.23984e-17
6656.75728 1.23744e-17
6658.22978 1.23533e-17
6659.70228 1.22381e-17
6661.17478 1.21826e-17
6662.63726 1.21625e-17
6664.10976 1.21473e-17
6665.58226 1.22046e-17
6667.05476 1.21468e-17
6668.51724 1.21110e-17
6669.98974 1.21194e-17
6671.46224 1.20280e-17
6672.93474 1.20098e-17
6674.39722 1.20406e-17
6675.86972 1.20421e-17
6677.34222 1.20547e-17
6678.81472 1.20063e-17
6680.27720 1.18648e-17
6681.74970 1.18579e-17
6683.22220 1.19035e-17
6684.69470 1.18305e-17
6686.15718 1.17639e-17
6687.62968 1.16976e-17
6689.10217 1.17271e-17
6690.57467 1.17314e-17
6692.03716 1.15912e-17
6693.50965 1.14662e-17
6694.98215 1.14795e-17
6696.44464 1.15436e-17
6697.91714 1.14702e-17
6699.38963 1.14536e-17
6700.86213 1.14652e-17
6702.32462 1.13336e-17
6703.79711 1.13540e-17
6705.26961 1.14771e-17
6706.74211 1.14614e-17
6708.20459 1.13902e-17
6709.67709 1.13268e-17
6711.14959 1.12985e-17
6712.62209 1.13407e-17
6714.08457 1.13294e-17
6715.55707 1.12201e-17
6717.02957 1.11818e-17
6718.50207 1.12168e-17
6719.96455 1.12597e-17
6721.43705 1.12599e-17
6722.90955 1.11952e-17
6724.38205 1.13104e-17
6725.84453 1.15057e-17
6727.31703 1.15530e-17
6728.78953 1.16341e-17
6730.26203 1.15802e-17
6731.72451 1.13812e-17
6733.19701 1.13290e-17
6734.66951 1.13408e-17
6736.14201 1.12498e-17
6737.60449 1.12624e-17
6739.07699 1.14623e-17
6740.54949 1.15679e-17
6742.02199 1.16725e-17
6743.48447 1.17119e-17
6744.95697 1.14871e-17
6746.42947 1.13324e-17
6747.90197 1.13213e-17
6749.36445 1.12516e-17
6750.83695 1.12716e-17
6752.30945 1.13319e-17
6753.78194 1.13079e-17
6755.24443 1.13433e-17
6756.71693 1.14080e-17
6758.18942 1.13133e-17
6759.66192 1.12083e-17
6761.12440 1.11591e-17
6762.59690 1.12214e-17
6764.06940 1.12851e-17
6765.54190 1.12858e-17
6767.00438 1.12700e-17
6768.47688 1.11527e-17
6769.94938 1.11712e-17
6771.42188 1.13060e-17
6772.88436 1.13681e-17
6774.35686 1.13335e-17
6775.82936 1.13403e-17
6777.30186 1.12897e-17
6778.76434 1.12337e-17
6780.23684 1.12098e-17
6781.70934 1.12886e-17
6783.18184 1.14191e-17
6784.64432 1.13248e-17
6786.11682 1.11278e-17
6787.58932 1.11110e-17
6789.05180 1.11304e-17
6790.52430 1.11438e-17
6791.99680 1.11477e-17
6793.46930 1.10916e-17
6794.94180 1.11213e-17
6796.40428 1.12398e-17
6797.87678 1.11310e-17
6799.34928 1.09784e-17
6800.81176 1.10260e-17
6802.28426 1.10517e-17
6803.75676 1.10478e-17
6805.22926 1.11326e-17
6806.69174 1.10717e-17
6808.16424 1.09698e-17
6809.63674 1.09564e-17
6811.10924 1.09863e-17
6812.57172 1.10504e-17
6814.04422 1.10174e-17
6815.51671 1.10229e-17
6816.98921 1.09701e-17
6818.45170 1.08561e-17
6819.92420 1.08752e-17
6821.39669 1.09407e-17
6822.86919 1.09065e-17
6824.33168 1.08759e-17
6825.80417 1.08399e-17
6827.27667 1.08220e-17
6828.74917 1.08935e-17
6830.21165 1.08542e-17
6831.68415 1.08182e-17
6833.15665 1.07571e-17
6834.62915 1.06412e-17
6836.09163 1.05786e-17
6837.56413 1.06649e-17
6839.03663 1.07477e-17
6840.50913 1.07268e-17
6841.97161 1.06906e-17
6843.44411 1.06058e-17
6844.91661 1.05959e-17
6846.38911 1.05861e-17
6847.85159 1.05763e-17
6849.32409 1.05664e-17
6850.79659 1.05566e-17
6852.26909 1.05468e-17
6853.73157 1.05369e-17
6855.20407 1.05271e-17
6856.67657 1.05173e-17
6858.14907 1.05074e-17
6859.61155 1.04976e-17
6861.08405 1.04878e-17
6862.55655 1.04779e-17
6864.02905 1.04681e-17
6865.49153 1.04583e-17
6866.96403 1.04485e-17
6868.43653 1.04386e-17
6869.90902 1.04288e-17
6871.37151 1.04190e-17
6872.84401 1.04092e-17
6874.31650 1.03993e-17
6875.78900 1.03895e-17
6877.25149 1.03797e-17
6878.72399 1.03699e-17
6880.19648 1.03600e-17
6881.66898 1.03502e-17
6883.13147 1.03404e-17
6884.60396 1.03306e-17
6886.07646 1.03208e-17
6887.53895 1.03109e-17
6889.01144 1.03011e-17
6890.48394 1.02913e-17
6891.95644 1.02815e-17
6893.41892 1.02717e-17
6894.89142 1.02619e-17
6896.36392 1.02520e-17
6897.83642 1.02422e-17
6899.29890 1.02324e-17
6900.77140 1.02226e-17
6902.24390 1.02128e-17
6903.71640 1.02030e-17
6905.17888 1.01932e-17
6906.65138 1.01833e-17
6908.12388 1.01735e-17
6909.59638 1.01637e-17
6911.05886 1.01539e-17
6912.53136 1.01441e-17
6914.00386 1.01343e-17
6915.47636 1.01245e-17
6916.93884 1.01147e-17
6918.41134 1.01049e-17
6919.88384 1.00951e-17
6921.35634 1.00853e-17
6922.81882 1.00755e-17
6924.29132 1.00657e-17
6925.76382 1.00559e-17
6927.23632 1.00461e-17
6928.69880 1.00363e-17
6930.17130 1.00265e-17
6931.64380 1.00167e-17
6933.11630 1.00069e-17
6934.57878 9.99706e-18
6936.05128 9.98727e-18
6937.52378 9.94738e-18
6938.99627 9.91618e-18
6940.45876 1.00902e-17
6941.93125 1.01998e-17
6943.40375 1.01097e-17
6944.87625 9.94061e-18
6946.33874 9.87623e-18
6947.81123 9.97325e-18
6949.28373 9.89346e-18
6950.75623 9.77374e-18
6952.21871 9.75127e-18
6953.69121 9.81172e-18
6955.16371 9.79981e-18
6956.63621 9.65240e-18
6958.09869 9.67840e-18
6959.57119 9.69744e-18
6961.04369 9.76216e-18
6962.51619 9.73634e-18
6963.97867 9.49209e-18
6965.45117 9.52078e-18
6966.92367 9.68447e-18
6968.39617 9.62485e-18
6969.85865 9.63345e-18
6971.33115 9.71869e-18
6972.80365 9.76315e-18
6974.27615 9.76100e-18
6975.73863 9.73053e-18
6977.21113 9.73147e-18
6978.68363 9.74084e-18
6980.15613 9.68321e-18
6981.61861 9.57408e-18
6983.09111 9.56160e-18
6984.56361 9.62957e-18
6986.03611 9.69102e-18
6987.49859 9.72531e-18
6988.97109 9.62456e-18
6990.44359 9.70225e-18
6991.90607 9.75351e-18
6993.37857 9.68768e-18
6994.85107 9.81984e-18
6996.32356 9.86855e-18
6997.78605 9.74733e-18
6999.25855 9.76702e-18
7000.73105 9.92330e-18
7002.20354 1.00553e-17
7003.66603 9.94347e-18
7005.13853 9.99745e-18
7006.61102 1.00514e-17
7008.08352 1.01054e-17
7009.54601 1.01594e-17
7011.01850 1.02133e-17
7012.49100 1.02673e-17
7013.96350 1.02669e-17
7015.42598 1.03354e-17
7016.89848 1.04061e-17
7018.37098 1.03762e-17
7019.84348 1.01910e-17
7021.30596 1.02255e-17
7022.77846 1.03288e-17
7024.25096 1.03297e-17
7025.72346 1.03560e-17
7027.18594 1.04967e-17
7028.65844 1.05871e-17
7030.13094 1.04024e-17
7031.60344 1.03338e-17
7033.06592 1.03501e-17
7034.53842 1.02881e-17
7036.01092 1.04152e-17
7037.48342 1.04624e-17
7038.94590 1.03991e-17
7040.41840 1.04035e-17
7041.89090 1.03916e-17
7043.36340 1.04357e-17
7044.82588 1.04610e-17
7046.29838 1.03671e-17
7047.77088 1.02972e-17
7049.24338 1.02823e-17
7050.70586 1.03651e-17
7052.17836 1.04452e-17
7053.65086 1.04809e-17
7055.12335 1.03960e-17
7056.58584 1.02364e-17
7058.05834 1.02241e-17
7059.53084 1.03105e-17
7061.00333 1.02659e-17
7062.46582 1.02472e-17
7063.93832 1.01949e-17
7065.41081 1.00873e-17
7066.88331 1.01144e-17
7068.34580 1.01712e-17
7069.81829 1.01527e-17
7071.29079 1.01347e-17
7072.76329 1.02068e-17
7074.22577 1.01133e-17
7075.69827 1.01027e-17
7077.17077 1.01997e-17
7078.63325 1.02702e-17
7080.10575 1.02133e-17
7081.57825 1.01597e-17
7083.05075 1.00812e-17
7084.51323 1.01702e-17
7085.98573 1.02217e-17
7087.45823 1.01926e-17
7088.93073 1.01463e-17
7090.39321 1.00853e-17
7091.86571 1.00648e-17
7093.33821 1.01093e-17
7094.81071 1.00394e-17
7096.27319 9.99289e-18
7097.74569 1.00428e-17
7099.21819 1.00489e-17
7100.69069 1.00707e-17
7102.15317 1.00396e-17
7103.62567 9.98325e-18
7105.09817 1.00542e-17
7106.57067 1.01110e-17
7108.03315 1.00681e-17
7109.50565 1.00781e-17
7110.97815 1.00942e-17
7112.45065 1.00729e-17
7113.91313 1.00793e-17
7115.38563 9.99962e-18
7116.85813 1.00471e-17
7118.33063 1.01281e-17
7119.79311 1.00656e-17
7121.26561 9.90666e-18
7122.73810 1.00483e-17
7124.21060 1.01519e-17
7125.67309 1.00705e-17
7127.14559 1.00540e-17
7128.61808 1.00350e-17
7130.09058 1.00104e-17
7131.55307 1.00473e-17
7133.02556 1.01454e-17
7134.49806 1.01534e-17
7135.97056 1.01720e-17
7137.43304 1.02714e-17
7138.90554 1.01493e-17
7140.37804 1.01690e-17
7141.85054 1.03307e-17
7143.31302 1.03635e-17
7144.78552 1.02924e-17
7146.25802 1.02137e-17
7147.73052 1.02649e-17
7149.19300 1.02578e-17
7150.66550 1.02010e-17
7152.13800 1.02140e-17
7153.61050 1.00653e-17
7155.07298 1.00402e-17
7156.54548 1.00796e-17
7158.01798 1.01179e-17
7159.49048 1.03040e-17
7160.95296 1.03623e-17
7162.42546 1.02834e-17
7163.89796 1.03251e-17
7165.37046 1.04240e-17
7166.83294 1.04509e-17
7168.30544 1.03946e-17
7169.77794 1.04108e-17
7171.25044 1.04874e-17
7172.71292 1.05320e-17
7174.18542 1.04386e-17
7175.65792 1.03539e-17
7177.12040 1.04357e-17
7178.59290 1.03839e-17
7180.06540 1.02497e-17
7181.53790 1.03303e-17
7183.00038 1.04131e-17
7184.47288 1.04768e-17
7185.94538 1.07070e-17
7187.41787 1.07345e-17
7188.88036 1.03787e-17
7190.35286 1.01955e-17
7191.82535 1.03890e-17
7193.29785 1.05685e-17
7194.76034 1.04081e-17
7196.23283 1.02992e-17
7197.70533 1.04923e-17
7199.17783 1.05939e-17
7200.64031 1.05384e-17
7202.11281 1.05245e-17
7203.58531 1.03924e-17
7205.05781 1.04394e-17
7206.52029 1.04846e-17
7207.99279 1.03403e-17
7209.46529 1.03409e-17
7210.93779 1.02893e-17
7212.40027 1.03782e-17
7213.87277 1.04663e-17
7215.34527 1.04902e-17
7216.81777 1.05799e-17
7218.28025 1.05507e-17
7219.75275 1.04769e-17
7221.22525 1.04747e-17
7222.69775 1.06505e-17
7224.16023 1.07790e-17
7225.63273 1.06347e-17
7227.10523 1.07071e-17
7228.57773 1.08575e-17
7230.04021 1.07734e-17
7231.51271 1.08386e-17
7232.98521 1.09170e-17
7234.45771 1.09046e-17
7235.92019 1.10749e-17
7237.39269 1.09599e-17
7238.86519 1.09803e-17
7240.33769 1.12842e-17
7241.80017 1.11486e-17
7243.27267 1.10707e-17
7244.74517 1.12789e-17
7246.21766 1.11279e-17
7247.68015 1.08900e-17
7249.15265 1.10233e-17
7250.62514 1.12302e-17
7252.09764 1.13802e-17
7253.56012 1.13547e-17
7255.03262 1.08258e-17
7256.50512 1.06103e-17
7257.97762 1.10123e-17
7259.44010 1.11370e-17
7260.91260 1.11825e-17
7262.38510 1.11844e-17
7263.84758 1.10289e-17
7265.32008 1.12187e-17
7266.79258 1.12250e-17
7268.26508 1.09318e-17
7269.73758 1.09717e-17
7271.20006 1.10160e-17
7272.67256 1.10978e-17
7274.14506 1.13068e-17
7275.60754 1.13566e-17
7277.08004 1.15980e-17
7278.55254 1.13900e-17
7280.02504 1.09210e-17
7281.48752 1.08498e-17
7282.96002 1.10700e-17
7284.43252 1.10400e-17
7285.90502 1.09755e-17
7287.36750 1.12147e-17
7288.84000 1.11956e-17
7290.31250 1.11776e-17
7291.78500 1.12514e-17
7293.24748 1.08481e-17
7294.71998 1.07450e-17
7296.19248 1.06838e-17
7297.66498 1.06273e-17
7299.12746 1.07885e-17
7300.59996 1.10051e-17
7302.07246 1.08936e-17
7303.54496 1.09058e-17
7305.00744 1.09143e-17
7306.47994 1.05943e-17
7307.95244 1.04354e-17
7309.42493 1.06156e-17
7310.88742 1.07512e-17
7312.35992 1.06270e-17
7313.83241 1.04887e-17
7315.30491 1.04146e-17
7316.76740 1.06056e-17
7318.23989 1.06826e-17
7319.71239 1.05559e-17
7321.18489 1.03973e-17
7322.64737 1.03525e-17
7324.11987 1.04701e-17
7325.59237 1.04720e-17
7327.06487 1.03043e-17
7328.52735 1.02596e-17
7329.99985 1.01068e-17
7331.47235 1.02310e-17
7332.94485 1.03096e-17
7334.40733 1.01760e-17
7335.87983 1.01860e-17
7337.35233 1.00737e-17
7338.82483 1.00358e-17
7340.28731 1.00315e-17
7341.75981 9.97616e-18
7343.23231 1.01204e-17
7344.70481 1.01876e-17
7346.16729 1.01874e-17
7347.63979 1.02255e-17
7349.11229 1.03582e-17
7350.57477 1.03606e-17
7352.04727 1.01829e-17
7353.51977 1.02430e-17
7354.99227 1.04224e-17
7356.46477 1.04651e-17
7357.92725 1.04839e-17
7359.39975 1.03918e-17
7360.87225 1.03567e-17
7362.34475 1.03788e-17
7363.80723 1.04039e-17
7365.27973 1.03475e-17
7366.75223 1.02888e-17
7368.21471 1.01867e-17
7369.68721 1.02265e-17
7371.15971 1.03547e-17
7372.63220 1.02035e-17
7374.09469 1.02454e-17
7375.56719 1.03266e-17
7377.03968 1.04740e-17
7378.51218 1.03860e-17
7379.97466 1.02830e-17
7381.44716 1.03588e-17
7382.91966 1.05940e-17
7384.39216 1.05372e-17
7385.85464 1.04332e-17
7387.32714 1.04538e-17
7388.79964 1.04378e-17
7390.27214 1.04700e-17
7391.73462 1.05255e-17
7393.20712 1.05485e-17
7394.67962 1.06079e-17
7396.15212 1.05570e-17
7397.61460 1.05370e-17
7399.08710 1.05261e-17
7400.55960 1.05387e-17
7402.03210 1.04647e-17
7403.49458 1.05093e-17
7404.96708 1.04717e-17
7406.43958 1.05356e-17
7407.91208 1.04830e-17
7409.37456 1.03227e-17
7410.84706 1.01398e-17
7412.31956 1.02723e-17
