55334.4 3.33076e-19 1.08221e-19 PTF48_R
55335.4 4.61429e-19 1.45471e-19 PTF48_R
55336.4 6.39282e-19 1.95397e-19 PTF48_R
55337.4 8.85741e-19 2.62253e-19 PTF48_R
55338.4 1.22729e-18 3.51686e-19 PTF48_R
55339.4 1.70065e-18 4.71191e-19 PTF48_R
55340.4 2.35673e-18 6.3069e-19 PTF48_R
55341.4 3.26611e-18 8.43296e-19 PTF48_R
55342.4 4.52667e-18 1.1263e-18 PTF48_R
55343.4 6.27414e-18 1.50243e-18 PTF48_R
55344.4 8.69674e-18 2.00152e-18 PTF48_R
55345.4 1.20555e-17 2.66256e-18 PTF48_R
55346.4 1.67125e-17 3.53634e-18 PTF48_R
55347.4 2.31698e-17 4.6888e-18 PTF48_R
55348.4 3.21238e-17 6.20507e-18 PTF48_R
55349.4 4.45405e-17 8.19456e-18 PTF48_R
55350.4 6.17594e-17 1.07969e-17 PTF48_R
55351.4 8.5638e-17 1.4189e-17 PTF48_R
55352.4 1.18752e-16 1.85929e-17 PTF48_R
55353.4 1.6467e-16 2.42841e-17 PTF48_R
55354.4 2.28338e-16 3.15997e-17 PTF48_R
55355.4 3.16599e-16 4.09439e-17 PTF48_R
55356.4 4.38918e-16 5.27892e-17 PTF48_R
55357.4 6.08356e-16 6.76677e-17 PTF48_R
55358.4 8.42899e-16 8.61449e-17 PTF48_R
55359.4 1.16722e-15 1.08765e-16 PTF48_R
55360.4 1.61497e-15 1.3595e-16 PTF48_R
55361.4 2.23172e-15 1.67833e-16 PTF48_R
55362.4 3.07839e-15 2.04002e-16 PTF48_R
55363.4 4.23508e-15 2.43143e-16 PTF48_R
55364.4 5.80429e-15 2.82634e-16 PTF48_R
55365.4 7.91199e-15 3.18246e-16 PTF48_R
55366.4 1.07033e-14 3.44457e-16 PTF48_R
55367.4 1.4328e-14 3.56428e-16 PTF48_R
55368.4 1.89096e-14 3.55492e-16 PTF48_R
55369.4 2.44951e-14 3.58584e-16 PTF48_R
55370.4 3.0992e-14 3.97888e-16 PTF48_R
55371.4 3.81157e-14 4.85646e-16 PTF48_R
55372.4 4.53885e-14 5.90159e-16 PTF48_R
55373.4 5.22202e-14 6.66493e-16 PTF48_R
55374.4 5.80542e-14 6.88234e-16 PTF48_R
55375.4 6.25104e-14 6.57815e-16 PTF48_R
55376.4 6.54542e-14 5.99673e-16 PTF48_R
55377.4 6.69709e-14 5.43345e-16 PTF48_R
55378.4 6.7283e-14 5.06628e-16 PTF48_R
55379.4 6.66633e-14 4.89413e-16 PTF48_R
55380.4 6.53733e-14 4.8154e-16 PTF48_R
55381.4 6.36321e-14 4.73595e-16 PTF48_R
55382.4 6.16089e-14 4.60965e-16 PTF48_R
55383.4 5.94272e-14 4.42883e-16 PTF48_R
55384.4 5.71732e-14 4.20525e-16 PTF48_R
55385.4 5.49053e-14 3.95692e-16 PTF48_R
55386.4 5.26621e-14 3.70141e-16 PTF48_R
55387.4 5.04679e-14 3.45327e-16 PTF48_R
55388.4 4.83378e-14 3.22334e-16 PTF48_R
55389.4 4.62804e-14 3.01899e-16 PTF48_R
55390.4 4.43001e-14 2.84452e-16 PTF48_R
55391.4 4.23985e-14 2.70164e-16 PTF48_R
55392.4 4.05754e-14 2.58994e-16 PTF48_R
55393.4 3.88296e-14 2.50734e-16 PTF48_R
55394.4 3.71591e-14 2.45056e-16 PTF48_R
55395.4 3.55614e-14 2.41567e-16 PTF48_R
55396.4 3.40341e-14 2.39846e-16 PTF48_R
55397.4 3.25743e-14 2.39486e-16 PTF48_R
55398.4 3.11794e-14 2.40117e-16 PTF48_R
55399.4 2.98465e-14 2.41416e-16 PTF48_R
55400.4 2.85732e-14 2.43113e-16 PTF48_R
55401.4 2.73568e-14 2.44989e-16 PTF48_R
55402.4 2.61948e-14 2.46868e-16 PTF48_R
55403.4 2.50848e-14 2.48612e-16 PTF48_R
55404.4 2.40245e-14 2.50118e-16 PTF48_R
55405.4 2.30117e-14 2.51303e-16 PTF48_R
55406.4 2.20443e-14 2.5211e-16 PTF48_R
55407.4 2.11203e-14 2.52496e-16 PTF48_R
55408.4 2.02377e-14 2.52431e-16 PTF48_R
55409.4 1.93946e-14 2.51896e-16 PTF48_R
55410.4 1.85894e-14 2.50883e-16 PTF48_R
55411.4 1.78202e-14 2.49388e-16 PTF48_R
55412.4 1.70854e-14 2.47417e-16 PTF48_R
55413.4 1.63836e-14 2.44977e-16 PTF48_R
55414.4 1.57132e-14 2.42084e-16 PTF48_R
55415.4 1.50729e-14 2.38756e-16 PTF48_R
55416.4 1.44612e-14 2.35015e-16 PTF48_R
55417.4 1.38768e-14 2.30888e-16 PTF48_R
55418.4 1.33186e-14 2.26407e-16 PTF48_R
55419.4 1.27854e-14 2.21607e-16 PTF48_R
55420.4 1.22759e-14 2.16526e-16 PTF48_R
55421.4 1.17892e-14 2.11209e-16 PTF48_R
55422.4 1.13243e-14 2.05706e-16 PTF48_R
55423.4 1.088e-14 2.00071e-16 PTF48_R
55424.4 1.04555e-14 1.94366e-16 PTF48_R
55425.4 1.005e-14 1.88658e-16 PTF48_R
55426.4 9.66241e-15 1.83023e-16 PTF48_R
55427.4 9.29207e-15 1.77544e-16 PTF48_R
55428.4 8.93816e-15 1.72313e-16 PTF48_R
55429.4 8.59994e-15 1.67426e-16 PTF48_R
55430.4 8.27668e-15 1.6299e-16 PTF48_R
55431.4 7.9677e-15 1.59112e-16 PTF48_R
55432.4 7.67236e-15 1.55904e-16 PTF48_R
55433.4 7.39003e-15 1.5347e-16 PTF48_R
55434.4 7.12011e-15 1.51908e-16 PTF48_R
55435.4 6.86204e-15 1.51299e-16 PTF48_R
55436.4 6.61529e-15 1.51702e-16 PTF48_R
55437.4 6.37932e-15 1.5315e-16 PTF48_R
55438.4 6.15365e-15 1.5565e-16 PTF48_R
55439.4 5.9378e-15 1.59179e-16 PTF48_R
55440.4 5.73133e-15 1.63695e-16 PTF48_R
55441.4 5.5338e-15 1.69133e-16 PTF48_R
55442.4 5.34481e-15 1.75417e-16 PTF48_R
55443.4 5.16397e-15 1.82466e-16 PTF48_R
55444.4 4.99089e-15 1.90193e-16 PTF48_R
55445.4 4.82523e-15 1.98517e-16 PTF48_R
55446.4 4.66664e-15 2.07357e-16 PTF48_R
55447.4 4.5148e-15 2.16638e-16 PTF48_R
55448.4 4.3694e-15 2.26294e-16 PTF48_R
55449.4 4.23014e-15 2.36262e-16 PTF48_R
55450.4 4.09674e-15 2.46486e-16 PTF48_R
55451.4 3.96893e-15 2.56916e-16 PTF48_R
55452.4 3.84646e-15 2.67507e-16 PTF48_R
55453.4 3.72907e-15 2.78218e-16 PTF48_R
55454.4 3.61654e-15 2.89013e-16 PTF48_R
55455.4 3.50864e-15 2.9986e-16 PTF48_R
55456.4 3.40516e-15 3.1073e-16 PTF48_R
55457.4 3.30589e-15 3.21596e-16 PTF48_R
55458.4 3.21064e-15 3.32434e-16 PTF48_R
55459.4 3.11924e-15 3.43224e-16 PTF48_R
55460.4 3.03149e-15 3.53945e-16 PTF48_R
55461.4 2.94724e-15 3.64581e-16 PTF48_R
55462.4 2.86632e-15 3.75115e-16 PTF48_R
55463.4 2.78858e-15 3.85534e-16 PTF48_R
55464.4 2.71387e-15 3.95823e-16 PTF48_R
55465.4 2.64206e-15 4.0597e-16 PTF48_R
55466.4 2.57302e-15 4.15966e-16 PTF48_R
55467.4 2.50661e-15 4.258e-16 PTF48_R
55468.4 2.44271e-15 4.35464e-16 PTF48_R
55469.4 2.38122e-15 4.44949e-16 PTF48_R
55470.4 2.32202e-15 4.54248e-16 PTF48_R
55471.4 2.26501e-15 4.63354e-16 PTF48_R
55472.4 2.21008e-15 4.72262e-16 PTF48_R
55473.4 2.15715e-15 4.80966e-16 PTF48_R
55474.4 2.10613e-15 4.89462e-16 PTF48_R
55475.4 2.05692e-15 4.97746e-16 PTF48_R
55476.4 2.00945e-15 5.05813e-16 PTF48_R
55477.4 1.96364e-15 5.13662e-16 PTF48_R
55478.4 1.91941e-15 5.21288e-16 PTF48_R
55479.4 1.87669e-15 5.28691e-16 PTF48_R
55480.4 1.83542e-15 5.35868e-16 PTF48_R
55481.4 1.79553e-15 5.42817e-16 PTF48_R
55482.4 1.75695e-15 5.49538e-16 PTF48_R
55483.4 1.71964e-15 5.5603e-16 PTF48_R
55484.4 1.68354e-15 5.62292e-16 PTF48_R
55485.4 1.64858e-15 5.68324e-16 PTF48_R
55486.4 1.61473e-15 5.74126e-16 PTF48_R
55487.4 1.58193e-15 5.79699e-16 PTF48_R
55488.4 1.55014e-15 5.85042e-16 PTF48_R
55489.4 1.51932e-15 5.90158e-16 PTF48_R
55490.4 1.48942e-15 5.95047e-16 PTF48_R
