3300.0 2.969493818472314e-09
3301.0 2.969043364385146e-09
3302.0 2.968592978629103e-09
3303.0 2.96814266119384e-09
3304.0 2.9676924120689837e-09
3305.0 2.967242231244161e-09
3306.0 2.9667921187090322e-09
3307.0 2.9663420744532276e-09
3308.0 2.96589209846639e-09
3309.0 2.9654421907381517e-09
3310.0 2.964992351258181e-09
3311.0 2.964542580016113e-09
3312.0 2.964092877001587e-09
3313.0 2.963643242204274e-09
3314.0 2.963193675613815e-09
3315.0 2.962744177219864e-09
3316.0 2.9622947470120648e-09
3317.0 2.961845384980096e-09
3318.0 2.961396091113604e-09
3319.0 2.9609468654022395e-09
3320.0 2.9604977078356834e-09
3321.0 2.9600486184035886e-09
3322.0 2.9595995970956194e-09
3323.0 2.9591506439014317e-09
3324.0 2.9587017588107133e-09
3325.0 2.9582529418131237e-09
3326.0 2.9578041928983335e-09
3327.0 2.957355512056003e-09
3328.0 2.956906899275829e-09
3329.0 2.9564583545474753e-09
3330.0 2.956009877860609e-09
3331.0 2.9555614692049283e-09
3332.0 2.9551131285701044e-09
3333.0 2.9546648559458178e-09
3334.0 2.9542166513217423e-09
3335.0 2.9537685146875825e-09
3336.0 2.9533204460330147e-09
3337.0 2.952872445347717e-09
3338.0 2.9524245126213987e-09
3339.0 2.951976647843741e-09
3340.0 2.951528851004437e-09
3341.0 2.9510811220931687e-09
3342.0 2.9506334610996546e-09
3343.0 2.9501858680135805e-09
3344.0 2.9497383428246463e-09
3345.0 2.9492908855225403e-09
3346.0 2.9488434960969865e-09
3347.0 2.9483961745376783e-09
3348.0 2.9479489208343093e-09
3349.0 2.9475017349766073e-09
3350.0 2.9470546169542713e-09
3351.0 2.94660756675701e-09
3352.0 2.9461605843745238e-09
3353.0 2.9457136697965477e-09
3354.0 2.9452668230127854e-09
3355.0 2.944820044012942e-09
3356.0 2.9443733327867566e-09
3357.0 2.943926689323937e-09
3358.0 2.943480113614205e-09
3359.0 2.943033605647272e-09
3360.0 2.942587165412882e-09
3361.0 2.942140792900751e-09
3362.0 2.941694488100606e-09
3363.0 2.941248251002164e-09
3364.0 2.9408020815951766e-09
3365.0 2.9403559798693653e-09
3366.0 2.939909945814452e-09
3367.0 2.939463979420193e-09
3368.0 2.939018080676314e-09
3369.0 2.9385722495725528e-09
3370.0 2.938126486098638e-09
3371.0 2.937680790244332e-09
3372.0 2.9372351619993667e-09
3373.0 2.936789601353476e-09
3374.0 2.936344108296426e-09
3375.0 2.9358986828179538e-09
3376.0 2.9354533249078075e-09
3377.0 2.9350080345557273e-09
3378.0 2.9345628117514864e-09
3379.0 2.9341176564848266e-09
3380.0 2.933672568745494e-09
3381.0 2.933227548523265e-09
3382.0 2.932782595807887e-09
3383.0 2.9323377105891203e-09
3384.0 2.9318928928567155e-09
3385.0 2.931448142600456e-09
3386.0 2.931003459810096e-09
3387.0 2.9305588444754e-09
3388.0 2.9301142965861276e-09
3389.0 2.929669816132066e-09
3390.0 2.929225403102976e-09
3391.0 2.92878105748862e-09
3392.0 2.928336779278792e-09
3393.0 2.927892568463257e-09
3394.0 2.927448425031791e-09
3395.0 2.927004348974162e-09
3396.0 2.9265603402801708e-09
3397.0 2.9261163989395883e-09
3398.0 2.9256725249421874e-09
3399.0 2.925228718277773e-09
3400.0 2.9247849789361206e-09
3401.0 2.9243413069070175e-09
3402.0 2.923897702180243e-09
3403.0 2.923454164745608e-09
3404.0 2.9230106945928953e-09
3405.0 2.9225672917118977e-09
3406.0 2.9221239560924e-09
3407.0 2.9216806877242203e-09
3408.0 2.9212374865971464e-09
3409.0 2.9207943527009684e-09
3410.0 2.9203512860255075e-09
3411.0 2.9199082865605567e-09
3412.0 2.919465354295921e-09
3413.0 2.9190224892213962e-09
3414.0 2.9185796913268107e-09
3415.0 2.918136960601962e-09
3416.0 2.917694297036652e-09
3417.0 2.917251700620714e-09
3418.0 2.9168091713439503e-09
3419.0 2.9163667091961764e-09
3420.0 2.9159243141672e-09
3421.0 2.915481986246859e-09
3422.0 2.9150397254249643e-09
3423.0 2.914597531691336e-09
3424.0 2.914155405035788e-09
3425.0 2.913713345448166e-09
3426.0 2.9132713529182843e-09
3427.0 2.9128294274359617e-09
3428.0 2.9123875689910475e-09
3429.0 2.9119457775733626e-09
3430.0 2.911504053172739e-09
3431.0 2.9110623957790003e-09
3432.0 2.910620805382003e-09
3433.0 2.9101792819715735e-09
3434.0 2.9097378255375405e-09
3435.0 2.9092964360697635e-09
3436.0 2.9088551135580754e-09
3437.0 2.9084138579923182e-09
3438.0 2.9079726693623264e-09
3439.0 2.907531547657968e-09
3440.0 2.9070904928690793e-09
3441.0 2.9066495049854994e-09
3442.0 2.9062085839971e-09
3443.0 2.9057677298937234e-09
3444.0 2.9053269426652234e-09
3445.0 2.904886222301445e-09
3446.0 2.9044455687922672e-09
3447.0 2.904004982127536e-09
3448.0 2.9035644622971127e-09
3449.0 2.903124009290849e-09
3450.0 2.9026836230986274e-09
3451.0 2.902243303710304e-09
3452.0 2.9018030511157333e-09
3453.0 2.901362865304805e-09
3454.0 2.9009227462673764e-09
3455.0 2.90048269399332e-09
3456.0 2.900042708472498e-09
3457.0 2.899602789694803e-09
3458.0 2.8991629376501023e-09
3459.0 2.898723152328261e-09
3460.0 2.8982834337191796e-09
3461.0 2.897843781812727e-09
3462.0 2.8974041965987847e-09
3463.0 2.8969646780672264e-09
3464.0 2.8965252262079565e-09
3465.0 2.896085841010852e-09
3466.0 2.8956465224657996e-09
3467.0 2.895207270562679e-09
3468.0 2.894768085291401e-09
3469.0 2.894328966641848e-09
3470.0 2.8938899146039037e-09
3471.0 2.8934509291674832e-09
3472.0 2.893012010322475e-09
3473.0 2.8925731580587763e-09
3474.0 2.892134372366277e-09
3475.0 2.891695653234899e-09
3476.0 2.8912570006545357e-09
3477.0 2.890818414615081e-09
3478.0 2.8903798951064616e-09
3479.0 2.8899414421185752e-09
3480.0 2.889503055641331e-09
3481.0 2.889064735664629e-09
3482.0 2.8886264821784023e-09
3483.0 2.8881882951725545e-09
3484.0 2.887750174637001e-09
3485.0 2.8873121205616486e-09
3486.0 2.8868741329364357e-09
3487.0 2.886436211751272e-09
3488.0 2.885998356996069e-09
3489.0 2.88556056866077e-09
3490.0 2.88512284673529e-09
3491.0 2.8846851912095533e-09
3492.0 2.884247602073479e-09
3493.0 2.883810079317015e-09
3494.0 2.8833726229300832e-09
3495.0 2.8829352329026053e-09
3496.0 2.8824979092245346e-09
3497.0 2.882060651885797e-09
3498.0 2.8816234608763283e-09
3499.0 2.881186336186057e-09
3500.0 2.8807492778049436e-09
3501.0 2.880312285722919e-09
3502.0 3.5038e-09
3504.0 3.4441e-09
3506.0 3.42e-09
3508.0 3.5114e-09
3510.0 3.4979e-09
3512.0 3.5525e-09
3514.0 3.4214e-09
3516.0 3.4595e-09
3518.0 3.4798e-09
3520.0 3.4139e-09
3522.0 3.5476e-09
3524.0 3.4681e-09
3526.0 3.4375e-09
3528.0 3.4454e-09
3530.0 3.4507e-09
3532.0 3.5435e-09
3534.0 3.4983e-09
3536.0 3.5192e-09
3538.0 3.4361e-09
3540.0 3.4752e-09
3542.0 3.3993e-09
3544.0 3.4146e-09
3546.0 3.3891e-09
3548.0 3.3981e-09
3550.0 3.5261e-09
3552.0 3.4177e-09
3554.0 3.4369e-09
3556.0 3.4257e-09
3558.0 3.5653e-09
3560.0 3.2795e-09
3562.0 3.452e-09
3564.0 3.4575e-09
3566.0 3.5477e-09
3568.0 3.4362e-09
3570.0 3.4686e-09
3572.0 3.469e-09
3574.0 3.463e-09
3576.0 3.4624e-09
3578.0 3.4599e-09
3580.0 3.3643e-09
3582.0 3.4258e-09
3584.0 3.4442e-09
3586.0 3.4189e-09
3588.0 3.5939e-09
3590.0 3.4139e-09
3592.0 3.4832e-09
3594.0 3.4909e-09
3596.0 3.4444e-09
3598.0 3.4678e-09
3600.0 3.4493e-09
3602.0 3.4108e-09
3604.0 3.4044e-09
3606.0 3.5143e-09
3608.0 3.4244e-09
3610.0 3.54e-09
3612.0 3.4735e-09
3614.0 3.4721e-09
3616.0 3.4998e-09
3618.0 3.5391e-09
3620.0 3.4221e-09
3622.0 3.4625e-09
3624.0 3.3207e-09
3626.0 3.4376e-09
3628.0 3.6048e-09
3630.0 3.4684e-09
3632.0 3.4868e-09
3634.0 3.4209e-09
3636.0 3.4473e-09
3638.0 3.3388e-09
3640.0 3.4517e-09
3642.0 3.5079e-09
3644.0 3.4084e-09
3646.0 3.5399e-09
3648.0 3.4106e-09
3650.0 3.4638e-09
3652.0 3.492e-09
3654.0 3.473e-09
3656.0 3.5247e-09
3658.0 3.4098e-09
3660.0 3.3831e-09
3662.0 3.4456e-09
3664.0 3.4602e-09
3666.0 3.4062e-09
3668.0 3.4101e-09
3670.0 3.4051e-09
3672.0 3.5104e-09
3674.0 3.4237e-09
3676.0 3.396e-09
3678.0 3.3941e-09
3680.0 3.4185e-09
3682.0 3.4608e-09
3684.0 3.4414e-09
3686.0 3.3903e-09
3688.0 3.4214e-09
3690.0 3.4017e-09
3692.0 3.4828e-09
3694.0 3.4256e-09
3696.0 3.4783e-09
3698.0 3.4658e-09
3700.0 3.3846e-09
3702.0 3.4508e-09
3704.0 3.3946e-09
3706.0 3.4105e-09
3708.0 3.4021e-09
3710.0 3.426e-09
3712.0 3.3968e-09
3714.0 3.5161e-09
3716.0 3.3977e-09
3718.0 3.4334e-09
3720.0 3.4078e-09
3722.0 3.3968e-09
3724.0 3.45e-09
3726.0 3.3668e-09
3728.0 3.3904e-09
3730.0 3.3604e-09
3732.0 3.4045e-09
3734.0 3.3822e-09
3736.0 3.3581e-09
3738.0 3.4696e-09
3740.0 3.3546e-09
3742.0 3.4291e-09
3744.0 3.3571e-09
3746.0 3.3482e-09
3748.0 3.3945e-09
3750.0 3.3501e-09
3752.0 3.3005e-09
3754.0 3.3329e-09
3756.0 3.412e-09
3758.0 3.2012e-09
3760.0 3.3405e-09
3762.0 3.285e-09
3764.0 3.3718e-09
3766.0 3.3249e-09
3768.0 3.4765e-09
3770.0 3.3805e-09
3772.0 3.4249e-09
3774.0 3.3479e-09
3776.0 3.371e-09
3778.0 3.3085e-09
3780.0 3.3508e-09
3782.0 3.3134e-09
3784.0 3.2644e-09
3786.0 3.28e-09
3788.0 3.3544e-09
3790.0 3.2714e-09
3792.0 3.2526e-09
3794.0 3.3673e-09
3796.0 3.3047e-09
3798.0 3.324e-09
3800.0 3.2633e-09
3802.0 3.2765e-09
3804.0 3.3485e-09
3806.0 3.2929e-09
3808.0 3.3284e-09
3810.0 3.2253e-09
3812.0 3.2583e-09
3814.0 3.2518e-09
3816.0 3.191e-09
3818.0 3.2803e-09
3820.0 3.2397e-09
3822.0 3.2145e-09
3824.0 3.2889e-09
3826.0 3.2233e-09
3828.0 3.2036e-09
3830.0 3.2559e-09
3832.0 3.2876e-09
3834.0 3.3261e-09
3836.0 3.2912e-09
3838.0 3.2857e-09
3840.0 3.2548e-09
3842.0 3.2482e-09
3844.0 3.2805e-09
3846.0 3.3454e-09
3848.0 3.2665e-09
3850.0 3.2668e-09
3852.0 3.34e-09
3854.0 3.2167e-09
3856.0 3.2259e-09
3858.0 3.2368e-09
3860.0 3.2188e-09
3862.0 3.3122e-09
3864.0 3.2106e-09
3866.0 3.2822e-09
3868.0 3.211e-09
3870.0 3.278e-09
3872.0 3.2412e-09
3874.0 3.2816e-09
3876.0 3.305e-09
3878.0 3.284e-09
3880.0 3.2186e-09
3882.0 3.2658e-09
3884.0 3.2704e-09
3886.0 3.2702e-09
3888.0 3.2483e-09
3890.0 3.2917e-09
3892.0 3.2557e-09
3894.0 3.2959e-09
3896.0 3.2511e-09
3898.0 3.2372e-09
3900.0 3.2776e-09
3902.0 3.274e-09
3904.0 3.2418e-09
3906.0 3.2399e-09
3908.0 3.183e-09
3910.0 3.2873e-09
3912.0 3.3799e-09
3914.0 3.3199e-09
3916.0 3.2121e-09
3918.0 3.3074e-09
3920.0 3.2588e-09
3922.0 3.2341e-09
3924.0 3.2877e-09
3926.0 3.281e-09
3928.0 3.1551e-09
3930.0 3.2849e-09
3932.0 3.2113e-09
3934.0 3.2583e-09
3936.0 3.2672e-09
3938.0 3.1635e-09
3940.0 3.1928e-09
3942.0 3.1789e-09
3944.0 3.1323e-09
3946.0 3.0934e-09
3948.0 3.1235e-09
3950.0 3.0477e-09
3952.0 3.1051e-09
3954.0 3.0485e-09
3956.0 3.0535e-09
3958.0 3.0307e-09
3960.0 3.0177e-09
3962.0 3.0179e-09
3964.0 2.9561e-09
3966.0 3.0037e-09
3968.0 3.013e-09
3970.0 2.9685e-09
3972.0 3.0801e-09
3974.0 3.0381e-09
3976.0 2.9986e-09
3978.0 2.9523e-09
3980.0 2.9356e-09
3982.0 2.9331e-09
3984.0 2.9447e-09
3986.0 2.9562e-09
3988.0 2.9686e-09
3990.0 2.9309e-09
3992.0 2.9277e-09
3994.0 2.9547e-09
3996.0 2.8727e-09
3998.0 2.848e-09
4000.0 2.8961e-09
4002.0 2.9225e-09
4004.0 2.8397e-09
4006.0 2.9363e-09
4008.0 2.9557e-09
4010.0 2.984e-09
4012.0 2.9162e-09
4014.0 2.858e-09
4016.0 2.8614e-09
4018.0 2.7619e-09
4020.0 2.8843e-09
4022.0 2.8627e-09
4024.0 2.8248e-09
4026.0 2.8612e-09
4028.0 2.8968e-09
4030.0 2.877e-09
4032.0 2.9487e-09
4034.0 2.9107e-09
4036.0 2.933e-09
4038.0 3.0113e-09
4040.0 2.9115e-09
4042.0 2.9508e-09
4044.0 2.9397e-09
4046.0 3.0017e-09
4048.0 2.9886e-09
4050.0 2.962e-09
4052.0 3.0425e-09
4054.0 3.0631e-09
4056.0 2.9752e-09
4058.0 3.0623e-09
4060.0 2.9972e-09
4062.0 2.9541e-09
4064.0 3.0244e-09
4066.0 2.992e-09
4068.0 3.0235e-09
4070.0 3.0035e-09
4072.0 2.9948e-09
4074.0 2.8803e-09
4076.0 2.974e-09
4078.0 2.9053e-09
4080.0 2.8259e-09
4082.0 2.828e-09
4084.0 2.8479e-09
4086.0 2.7788e-09
4088.0 2.7565e-09
4090.0 2.8185e-09
4092.0 2.7648e-09
4094.0 2.7266e-09
4096.0 2.7657e-09
4098.0 2.69e-09
4100.0 2.7535e-09
4102.0 2.6887e-09
4104.0 2.7118e-09
4106.0 2.6939e-09
4108.0 2.72e-09
4110.0 2.7254e-09
4112.0 2.7944e-09
4114.0 2.6711e-09
4116.0 2.7158e-09
4118.0 2.7418e-09
4120.0 2.7105e-09
4122.0 2.6877e-09
4124.0 2.7822e-09
4126.0 2.7138e-09
4128.0 2.7352e-09
4130.0 2.7717e-09
4132.0 2.8506e-09
4134.0 2.8047e-09
4136.0 2.8053e-09
4138.0 2.7946e-09
4140.0 2.8667e-09
4142.0 2.7901e-09
4144.0 2.8354e-09
4146.0 2.8666e-09
4148.0 2.7625e-09
4150.0 2.825e-09
4152.0 2.7517e-09
4154.0 2.7698e-09
4156.0 2.7497e-09
4158.0 2.7494e-09
4160.0 2.7673e-09
4162.0 2.791e-09
4164.0 2.7075e-09
4166.0 2.7471e-09
4168.0 2.7289e-09
4170.0 2.8059e-09
4172.0 2.68e-09
4174.0 2.7169e-09
4176.0 2.7069e-09
4178.0 2.7998e-09
4180.0 2.794e-09
4182.0 2.7502e-09
4184.0 2.7667e-09
4186.0 2.6956e-09
4188.0 2.8247e-09
4190.0 2.8325e-09
4192.0 2.8148e-09
4194.0 2.8067e-09
4196.0 2.8198e-09
4198.0 2.7944e-09
4200.0 2.861e-09
4202.0 2.8704e-09
4204.0 2.8524e-09
4206.0 2.8252e-09
4208.0 2.8538e-09
4210.0 2.7895e-09
4212.0 2.8651e-09
4214.0 2.7815e-09
4216.0 2.8007e-09
4218.0 2.7673e-09
4220.0 2.8071e-09
4222.0 2.7883e-09
4224.0 2.8166e-09
4226.0 2.8045e-09
4228.0 2.713e-09
4230.0 2.79e-09
4232.0 2.7486e-09
4234.0 2.7397e-09
4236.0 2.8094e-09
4238.0 2.8325e-09
4240.0 2.9131e-09
4242.0 2.8373e-09
4244.0 2.8838e-09
4246.0 2.9076e-09
4248.0 2.9885e-09
4250.0 2.9853e-09
4252.0 2.9148e-09
4254.0 2.9406e-09
4256.0 2.9605e-09
4258.0 2.9856e-09
4260.0 3.0163e-09
4262.0 3.0026e-09
4264.0 3.0154e-09
4266.0 2.9852e-09
4268.0 3.0368e-09
4270.0 3.022e-09
4272.0 3.0431e-09
4274.0 3.0472e-09
4276.0 3.0592e-09
4278.0 3.1154e-09
4280.0 3.1299e-09
4282.0 3.0488e-09
4284.0 3.0958e-09
4286.0 3.1408e-09
4288.0 3.1132e-09
4290.0 3.1023e-09
4292.0 3.0362e-09
4294.0 3.0433e-09
4296.0 3.1011e-09
4298.0 3.0538e-09
4300.0 2.9816e-09
4302.0 3.048e-09
4304.0 3.0429e-09
4306.0 3.0072e-09
4308.0 3.0457e-09
4310.0 2.9422e-09
4312.0 2.9798e-09
4314.0 2.9205e-09
4316.0 2.9777e-09
4318.0 2.8724e-09
4320.0 2.8742e-09
4322.0 2.8818e-09
4324.0 2.8526e-09
4326.0 2.8742e-09
4328.0 2.8006e-09
4330.0 2.8174e-09
4332.0 2.8202e-09
4334.0 2.8317e-09
4336.0 2.8564e-09
4338.0 2.8318e-09
4340.0 2.8488e-09
4342.0 2.8578e-09
4344.0 2.8523e-09
4346.0 2.8274e-09
4348.0 2.7954e-09
4350.0 2.8071e-09
4352.0 2.842e-09
4354.0 2.8681e-09
4356.0 2.8058e-09
4358.0 2.8358e-09
4360.0 2.8279e-09
4362.0 2.878e-09
4364.0 2.8015e-09
4366.0 2.8512e-09
4368.0 2.7719e-09
4370.0 2.7545e-09
4372.0 2.788e-09
4374.0 2.7445e-09
4376.0 2.8222e-09
4378.0 2.7505e-09
4380.0 2.7262e-09
4382.0 2.7126e-09
4384.0 2.7524e-09
4386.0 2.7986e-09
4388.0 2.7906e-09
4390.0 2.7214e-09
4392.0 2.7569e-09
4394.0 2.7385e-09
4396.0 2.6929e-09
4398.0 2.6838e-09
4400.0 2.6883e-09
4402.0 2.6487e-09
4404.0 2.6838e-09
4406.0 2.7183e-09
4408.0 2.7213e-09
4410.0 2.6785e-09
4412.0 2.6806e-09
4414.0 2.7134e-09
4416.0 2.6375e-09
4418.0 2.6595e-09
4420.0 2.7035e-09
4422.0 2.6787e-09
4424.0 2.7566e-09
4426.0 2.7577e-09
4428.0 2.7232e-09
4430.0 2.7825e-09
4432.0 2.6654e-09
4434.0 2.6985e-09
4436.0 2.6963e-09
4438.0 2.7144e-09
4440.0 2.6891e-09
4442.0 2.7157e-09
4444.0 2.6703e-09
4446.0 2.7611e-09
4448.0 2.6732e-09
4450.0 2.6792e-09
4452.0 2.6706e-09
4454.0 2.7403e-09
4456.0 2.6843e-09
4458.0 2.7434e-09
4460.0 2.719e-09
4462.0 2.757e-09
4464.0 2.7468e-09
4466.0 2.7227e-09
4468.0 2.8086e-09
4470.0 2.7199e-09
4472.0 2.7992e-09
4474.0 2.7837e-09
4476.0 2.7654e-09
4478.0 2.7991e-09
4480.0 2.7971e-09
4482.0 2.7958e-09
4484.0 2.8221e-09
4486.0 2.7941e-09
4488.0 2.8135e-09
4490.0 2.8338e-09
4492.0 2.8472e-09
4494.0 2.8338e-09
4496.0 2.7872e-09
4498.0 2.794e-09
4500.0 2.8421e-09
4502.0 2.8335e-09
4504.0 2.8643e-09
4506.0 2.8224e-09
4508.0 2.8849e-09
4510.0 2.8599e-09
4512.0 2.7841e-09
4514.0 2.8003e-09
4516.0 2.7691e-09
4518.0 2.8482e-09
4520.0 2.8248e-09
4522.0 2.8129e-09
4524.0 2.8246e-09
4526.0 2.8227e-09
4528.0 2.9222e-09
4530.0 2.7664e-09
4532.0 2.8296e-09
4534.0 2.7253e-09
4536.0 2.7917e-09
4538.0 2.7704e-09
4540.0 2.7517e-09
4542.0 2.7129e-09
4544.0 2.7453e-09
4546.0 2.7257e-09
4548.0 2.7182e-09
4550.0 2.6038e-09
4552.0 2.6288e-09
4554.0 2.5794e-09
4556.0 2.6001e-09
4558.0 2.5128e-09
4560.0 2.5023e-09
4562.0 2.5137e-09
4564.0 2.4651e-09
4566.0 2.463e-09
4568.0 2.4291e-09
4570.0 2.3721e-09
4572.0 2.3913e-09
4574.0 2.3779e-09
4576.0 2.3772e-09
4578.0 2.2683e-09
4580.0 2.3435e-09
4582.0 2.2576e-09
4584.0 2.2862e-09
4586.0 2.2445e-09
4588.0 2.3094e-09
4590.0 2.2772e-09
4592.0 2.2628e-09
4594.0 2.2412e-09
4596.0 2.2478e-09
4598.0 2.2365e-09
4600.0 2.2875e-09
4602.0 2.2132e-09
4604.0 2.1589e-09
4606.0 2.192e-09
4608.0 2.1981e-09
4610.0 2.1458e-09
4612.0 2.1761e-09
4614.0 2.1267e-09
4616.0 2.1202e-09
4618.0 2.0605e-09
4620.0 2.1983e-09
4622.0 2.121e-09
4624.0 2.1325e-09
4626.0 2.1146e-09
4628.0 2.0989e-09
4630.0 2.1733e-09
4632.0 2.0877e-09
4634.0 2.0634e-09
4636.0 2.0989e-09
4638.0 2.0421e-09
4640.0 2.0513e-09
4642.0 2.0476e-09
4644.0 2.0971e-09
4646.0 2.0277e-09
4648.0 2.0449e-09
4650.0 2.0803e-09
4652.0 2.0589e-09
4654.0 2.0657e-09
4656.0 2.0069e-09
4658.0 2.0347e-09
4660.0 1.9621e-09
4662.0 2.0232e-09
4664.0 2.0062e-09
4666.0 1.9734e-09
4668.0 1.9845e-09
4670.0 1.9578e-09
4672.0 1.9757e-09
4674.0 1.9801e-09
4676.0 1.9865e-09
4678.0 1.9654e-09
4680.0 2.0029e-09
4682.0 1.936e-09
4684.0 1.9747e-09
4686.0 1.9659e-09
4688.0 1.9337e-09
4690.0 2.0067e-09
4692.0 1.9958e-09
4694.0 2.0233e-09
4696.0 1.9682e-09
4698.0 2.0371e-09
4700.0 2.0024e-09
4702.0 2.0115e-09
4704.0 2.0119e-09
4706.0 2.0172e-09
4708.0 2.0066e-09
4710.0 2.0422e-09
4712.0 2.0255e-09
4714.0 2.021e-09
4716.0 2.0567e-09
4718.0 2.0197e-09
4720.0 1.9567e-09
4722.0 2.0146e-09
4724.0 2.0414e-09
4726.0 1.9902e-09
4728.0 2.0967e-09
4730.0 2.0635e-09
4732.0 2.0631e-09
4734.0 2.0571e-09
4736.0 2.1008e-09
4738.0 2.0606e-09
4740.0 2.1193e-09
4742.0 2.0643e-09
4744.0 2.0551e-09
4746.0 2.057e-09
4748.0 2.1026e-09
4750.0 2.0908e-09
4752.0 2.0921e-09
4754.0 2.0998e-09
4756.0 2.1091e-09
4758.0 2.144e-09
4760.0 2.117e-09
4762.0 2.2239e-09
4764.0 2.1703e-09
4766.0 2.1749e-09
4768.0 2.2382e-09
4770.0 2.2178e-09
4772.0 2.2748e-09
4774.0 2.2577e-09
4776.0 2.3102e-09
4778.0 2.2932e-09
4780.0 2.3862e-09
4782.0 2.2419e-09
4784.0 2.3546e-09
4786.0 2.3982e-09
4788.0 2.378e-09
4790.0 2.4561e-09
4792.0 2.4945e-09
4794.0 2.4435e-09
4796.0 2.5268e-09
4798.0 2.4975e-09
4800.0 2.5695e-09
4802.0 2.5281e-09
4804.0 2.5808e-09
4806.0 2.5921e-09
4808.0 2.5961e-09
4810.0 2.5535e-09
4812.0 2.581e-09
4814.0 2.5089e-09
4816.0 2.5482e-09
4818.0 2.5048e-09
4820.0 2.5064e-09
4822.0 2.4884e-09
4824.0 2.4473e-09
4826.0 2.4068e-09
4828.0 2.3534e-09
4830.0 2.3889e-09
4832.0 2.2899e-09
4834.0 2.2515e-09
4836.0 2.1911e-09
4838.0 2.1735e-09
4840.0 2.1487e-09
4842.0 2.1139e-09
4844.0 2.1153e-09
4846.0 2.0436e-09
4848.0 2.0528e-09
4850.0 2.0167e-09
4852.0 2.0451e-09
4854.0 2.0591e-09
4856.0 2.0102e-09
4858.0 2.0128e-09
4860.0 2.0262e-09
4862.0 1.9918e-09
4864.0 2.0019e-09
4866.0 2.0036e-09
4868.0 2.0206e-09
4870.0 1.971e-09
4872.0 2.0219e-09
4874.0 2.0481e-09
4876.0 1.9777e-09
4878.0 2.0107e-09
4880.0 2.0169e-09
4882.0 2.028e-09
4884.0 2.0335e-09
4886.0 2.0339e-09
4888.0 2.0175e-09
4890.0 1.9986e-09
4892.0 1.9955e-09
4894.0 1.9537e-09
4896.0 1.9434e-09
4898.0 1.9405e-09
4900.0 1.9028e-09
4902.0 1.8943e-09
4904.0 1.8358e-09
4906.0 1.7913e-09
4908.0 1.7156e-09
4910.0 1.849e-09
4912.0 1.8775e-09
4914.0 1.8663e-09
4916.0 1.8113e-09
4918.0 1.7387e-09
4920.0 1.7265e-09
4922.0 1.7056e-09
4924.0 1.7145e-09
4926.0 1.6826e-09
4928.0 1.7022e-09
4930.0 1.7123e-09
4932.0 1.7811e-09
4934.0 1.7542e-09
4936.0 1.7029e-09
4938.0 1.757e-09
4940.0 1.8075e-09
4942.0 1.7917e-09
4944.0 1.8161e-09
4946.0 1.8717e-09
4948.0 1.863e-09
4950.0 1.8295e-09
4952.0 1.9268e-09
4954.0 1.8956e-09
4956.0 1.9368e-09
4958.0 1.8979e-09
4960.0 1.9497e-09
4962.0 1.9681e-09
4964.0 1.9961e-09
4966.0 1.9594e-09
4968.0 1.9721e-09
4970.0 2.0709e-09
4972.0 2.1131e-09
4974.0 2.1371e-09
4976.0 2.0694e-09
4978.0 2.115e-09
4980.0 2.1097e-09
4982.0 2.1093e-09
4984.0 2.117e-09
4986.0 2.0919e-09
4988.0 2.0501e-09
4990.0 2.0819e-09
4992.0 2.0265e-09
4994.0 2.0358e-09
4996.0 1.9721e-09
4998.0 1.9269e-09
5000.0 1.9942e-09
5002.0 1.9139e-09
5004.0 1.9165e-09
5006.0 1.8625e-09
5008.0 1.8729e-09
5010.0 1.8352e-09
5012.0 1.8191e-09
5014.0 1.7495e-09
5016.0 1.8391e-09
5018.0 1.7998e-09
5020.0 1.7533e-09
5022.0 1.7458e-09
5024.0 1.6972e-09
5026.0 1.6825e-09
5028.0 1.7185e-09
5030.0 1.6875e-09
5032.0 1.7094e-09
5034.0 1.7021e-09
5036.0 1.7458e-09
5038.0 1.7024e-09
5040.0 1.6846e-09
5042.0 1.717e-09
5044.0 1.6727e-09
5046.0 1.6851e-09
5048.0 1.6699e-09
5050.0 1.7465e-09
5052.0 1.6803e-09
5054.0 1.6199e-09
5056.0 1.6532e-09
5058.0 1.6764e-09
5060.0 1.7318e-09
5062.0 1.7475e-09
5064.0 1.7177e-09
5066.0 1.6814e-09
5068.0 1.766e-09
5070.0 1.7581e-09
5072.0 1.7783e-09
5074.0 1.7559e-09
5076.0 1.8088e-09
5078.0 1.744e-09
5080.0 1.7527e-09
5082.0 1.7795e-09
5084.0 1.8687e-09
5086.0 1.8977e-09
5088.0 1.8723e-09
5090.0 1.8956e-09
5092.0 1.9113e-09
5094.0 2.0309e-09
5096.0 2.0066e-09
5098.0 2.0814e-09
5100.0 2.1403e-09
5102.0 2.1865e-09
5104.0 2.1257e-09
5106.0 2.1857e-09
5108.0 2.2393e-09
5110.0 2.2674e-09
5112.0 2.2812e-09
5114.0 2.3129e-09
5116.0 2.2772e-09
5118.0 2.3397e-09
5120.0 2.3546e-09
5122.0 2.3633e-09
5124.0 2.3328e-09
5126.0 2.3709e-09
5128.0 2.3693e-09
5130.0 2.345e-09
5132.0 2.3648e-09
5134.0 2.3494e-09
5136.0 2.3286e-09
5138.0 2.2806e-09
5140.0 2.3117e-09
5142.0 2.3055e-09
5144.0 2.2551e-09
5146.0 2.2272e-09
5148.0 2.2169e-09
5150.0 2.1943e-09
5152.0 2.2233e-09
5154.0 2.2182e-09
5156.0 2.1072e-09
5158.0 2.1365e-09
5160.0 2.1468e-09
5162.0 2.1009e-09
5164.0 2.081e-09
5166.0 2.1059e-09
5168.0 2.0523e-09
5170.0 2.0542e-09
5172.0 2.0239e-09
5174.0 2.0222e-09
5176.0 2.0329e-09
5178.0 1.9618e-09
5180.0 2.0032e-09
5182.0 1.9897e-09
5184.0 1.9196e-09
5186.0 1.9996e-09
5188.0 1.933e-09
5190.0 1.9681e-09
5192.0 1.9152e-09
5194.0 1.9172e-09
5196.0 1.9237e-09
5198.0 1.8915e-09
5200.0 1.9589e-09
5202.0 1.9473e-09
5204.0 1.9082e-09
5206.0 1.9176e-09
5208.0 1.9023e-09
5210.0 1.8454e-09
5212.0 1.8786e-09
5214.0 1.8681e-09
5216.0 1.8878e-09
5218.0 1.8767e-09
5220.0 1.8731e-09
5222.0 1.8659e-09
5224.0 1.853e-09
5226.0 1.8567e-09
5228.0 1.8306e-09
5230.0 1.843e-09
5232.0 1.9127e-09
5234.0 1.8652e-09
5236.0 1.8677e-09
5238.0 1.8304e-09
5240.0 1.8532e-09
5242.0 1.8387e-09
5244.0 1.8629e-09
5246.0 1.8201e-09
5248.0 1.8747e-09
5250.0 1.8465e-09
5252.0 1.8235e-09
5254.0 1.8284e-09
5256.0 1.8579e-09
5258.0 1.8438e-09
5260.0 1.8451e-09
5262.0 1.8539e-09
5264.0 1.8447e-09
5266.0 1.8568e-09
5268.0 1.8223e-09
5270.0 1.8772e-09
5272.0 1.8606e-09
5274.0 1.8903e-09
5276.0 1.8523e-09
5278.0 1.8328e-09
5280.0 1.7981e-09
5282.0 1.838e-09
5284.0 1.8275e-09
5286.0 1.8267e-09
5288.0 1.8067e-09
5290.0 1.8143e-09
5292.0 1.8188e-09
5294.0 1.8334e-09
5296.0 1.7384e-09
5298.0 1.8066e-09
5300.0 1.7654e-09
5302.0 1.722e-09
5304.0 1.7723e-09
5306.0 1.7118e-09
5308.0 1.7013e-09
5310.0 1.7469e-09
5312.0 1.701e-09
5314.0 1.703e-09
5316.0 1.7034e-09
5318.0 1.6611e-09
5320.0 1.6816e-09
5322.0 1.7094e-09
5324.0 1.6711e-09
5326.0 1.7005e-09
5328.0 1.631e-09
5330.0 1.6786e-09
5332.0 1.6139e-09
5334.0 1.6843e-09
5336.0 1.6337e-09
5338.0 1.659e-09
5340.0 1.6444e-09
5342.0 1.6026e-09
5344.0 1.5686e-09
5346.0 1.634e-09
5348.0 1.6045e-09
5350.0 1.6053e-09
5352.0 1.5929e-09
5354.0 1.5658e-09
5356.0 1.57e-09
5358.0 1.5953e-09
5360.0 1.5716e-09
5362.0 1.5568e-09
5364.0 1.5562e-09
5366.0 1.504e-09
5368.0 1.5746e-09
5370.0 1.5652e-09
5372.0 1.6288e-09
5374.0 1.575e-09
5376.0 1.5704e-09
5378.0 1.5671e-09
5380.0 1.5983e-09
5382.0 1.5445e-09
5384.0 1.5706e-09
5386.0 1.5744e-09
5388.0 1.5753e-09
5390.0 1.5849e-09
5392.0 1.5553e-09
5394.0 1.5766e-09
5396.0 1.5472e-09
5398.0 1.5637e-09
5400.0 1.5889e-09
5402.0 1.6035e-09
5404.0 1.5156e-09
5406.0 1.5919e-09
5408.0 1.5563e-09
5410.0 1.4907e-09
5412.0 1.5373e-09
5414.0 1.5359e-09
5416.0 1.5054e-09
5418.0 1.5535e-09
5420.0 1.5252e-09
5422.0 1.5648e-09
5424.0 1.4908e-09
5426.0 1.4987e-09
5428.0 1.538e-09
5430.0 1.5547e-09
5432.0 1.5453e-09
5434.0 1.4804e-09
5436.0 1.5481e-09
5438.0 1.5646e-09
5440.0 1.5529e-09
5442.0 1.5313e-09
5444.0 1.5213e-09
5446.0 1.5345e-09
5448.0 1.4939e-09
5450.0 1.5597e-09
5452.0 1.5487e-09
5454.0 1.5445e-09
5456.0 1.5803e-09
5458.0 1.5806e-09
5460.0 1.5412e-09
5462.0 1.5187e-09
5464.0 1.5411e-09
5466.0 1.5674e-09
5468.0 1.5473e-09
5470.0 1.6121e-09
5472.0 1.6239e-09
5474.0 1.617e-09
5476.0 1.6402e-09
5478.0 1.6239e-09
5480.0 1.6478e-09
5482.0 1.6286e-09
5484.0 1.6533e-09
5486.0 1.6613e-09
5488.0 1.6885e-09
5490.0 1.651e-09
5492.0 1.6574e-09
5494.0 1.6528e-09
5496.0 1.6773e-09
5498.0 1.6555e-09
5500.0 1.6645e-09
5502.0 1.6378e-09
5504.0 1.6126e-09
5506.0 1.6602e-09
5508.0 1.6186e-09
5510.0 1.6101e-09
5512.0 1.5936e-09
5514.0 1.5638e-09
5516.0 1.6083e-09
5518.0 1.573e-09
5520.0 1.5721e-09
5522.0 1.5921e-09
5524.0 1.5693e-09
5526.0 1.5407e-09
5528.0 1.5389e-09
5530.0 1.5752e-09
5532.0 1.5847e-09
5534.0 1.5358e-09
5536.0 1.547e-09
5538.0 1.5813e-09
5540.0 1.5586e-09
5542.0 1.5001e-09
5544.0 1.5448e-09
5546.0 1.5469e-09
5548.0 1.5066e-09
5550.0 1.4642e-09
5552.0 1.492e-09
5554.0 1.5258e-09
5556.0 1.502e-09
5558.0 1.4926e-09
5560.0 1.4902e-09
5562.0 1.5224e-09
5564.0 1.469e-09
5566.0 1.5566e-09
5568.0 1.5093e-09
5570.0 1.5286e-09
5572.0 1.5519e-09
5574.0 1.5665e-09
5576.0 1.4935e-09
5578.0 1.4821e-09
5580.0 1.5242e-09
5582.0 1.5559e-09
5584.0 1.5504e-09
5586.0 1.528e-09
5588.0 1.5734e-09
5590.0 1.594e-09
5592.0 1.5275e-09
5594.0 1.5538e-09
5596.0 1.5739e-09
5598.0 1.559e-09
5600.0 1.6152e-09
5602.0 1.5804e-09
5604.0 1.6029e-09
5606.0 1.619e-09
5608.0 1.5512e-09
5610.0 1.5896e-09
5612.0 1.5851e-09
5614.0 1.5853e-09
5616.0 1.6569e-09
5618.0 1.6708e-09
5620.0 1.6535e-09
5622.0 1.6685e-09
5624.0 1.6648e-09
5626.0 1.67e-09
5628.0 1.8098e-09
5630.0 1.7051e-09
5632.0 1.6329e-09
5634.0 1.6945e-09
5636.0 1.6951e-09
5638.0 1.6886e-09
5640.0 1.6513e-09
5642.0 1.7206e-09
5644.0 1.7197e-09
5646.0 1.6677e-09
5648.0 1.6766e-09
5650.0 1.6965e-09
5652.0 1.724e-09
5654.0 1.6625e-09
5656.0 1.6903e-09
5658.0 1.6052e-09
5660.0 1.6801e-09
5662.0 1.5916e-09
5664.0 1.6183e-09
5666.0 1.6462e-09
5668.0 1.626e-09
5670.0 1.621e-09
5672.0 1.6283e-09
5674.0 1.6225e-09
5676.0 1.597e-09
5678.0 1.6094e-09
5680.0 1.6218e-09
5682.0 1.5945e-09
5684.0 1.6283e-09
5686.0 1.612e-09
5688.0 1.5474e-09
5690.0 1.5553e-09
5692.0 1.5798e-09
5694.0 1.5944e-09
5696.0 1.5707e-09
5698.0 1.5507e-09
5700.0 1.5947e-09
5702.0 1.568e-09
5704.0 1.5248e-09
5706.0 1.5701e-09
5708.0 1.5929e-09
5710.0 1.5757e-09
5712.0 1.5559e-09
5714.0 1.5999e-09
5716.0 1.5636e-09
5718.0 1.5353e-09
5720.0 1.5342e-09
5722.0 1.5587e-09
5724.0 1.5692e-09
5726.0 1.5744e-09
5728.0 1.5911e-09
5730.0 1.5835e-09
5732.0 1.5842e-09
5734.0 1.5833e-09
5736.0 1.5895e-09
5738.0 1.5903e-09
5740.0 1.5874e-09
5742.0 1.5651e-09
5744.0 1.5711e-09
5746.0 1.5766e-09
5748.0 1.57e-09
5750.0 1.5862e-09
5752.0 1.5928e-09
5754.0 1.614e-09
5756.0 1.635e-09
5758.0 1.6136e-09
5760.0 1.6325e-09
5762.0 1.6485e-09
5764.0 1.6437e-09
5766.0 1.658e-09
5768.0 1.6548e-09
5770.0 1.6674e-09
5772.0 1.6891e-09
5774.0 1.6983e-09
5776.0 1.7217e-09
5778.0 1.7447e-09
5780.0 1.7487e-09
5782.0 1.7688e-09
5784.0 1.7998e-09
5786.0 1.8083e-09
5788.0 1.8369e-09
5790.0 1.8926e-09
5792.0 1.8994e-09
5794.0 1.9198e-09
5796.0 1.9517e-09
5798.0 1.9561e-09
5800.0 2.002e-09
5802.0 2.0414e-09
5804.0 2.0722e-09
5806.0 2.0721e-09
5808.0 2.0588e-09
5810.0 2.1363e-09
5812.0 2.1533e-09
5814.0 2.1429e-09
5816.0 2.1357e-09
5818.0 2.1569e-09
5820.0 2.171e-09
5822.0 2.1345e-09
5824.0 2.1213e-09
5826.0 2.1263e-09
5828.0 2.1526e-09
5830.0 2.1226e-09
5832.0 2.0951e-09
5834.0 2.1094e-09
5836.0 2.0983e-09
5838.0 2.1166e-09
5840.0 2.0883e-09
5842.0 2.0644e-09
5844.0 2.0547e-09
5846.0 2.0123e-09
5848.0 1.9956e-09
5850.0 1.9752e-09
5852.0 1.9564e-09
5854.0 1.9611e-09
5856.0 1.9347e-09
5858.0 1.917e-09
5860.0 1.9049e-09
5862.0 1.8817e-09
5864.0 1.8575e-09
5866.0 1.8137e-09
5868.0 1.7882e-09
5870.0 1.7689e-09
5872.0 1.7521e-09
5874.0 1.7403e-09
5876.0 1.732e-09
5878.0 1.7078e-09
5880.0 1.6948e-09
5882.0 1.6757e-09
5884.0 1.656e-09
5886.0 1.637e-09
5888.0 1.6215e-09
5890.0 1.6311e-09
5892.0 1.6282e-09
5894.0 1.6506e-09
5896.0 1.635e-09
5898.0 1.6264e-09
5900.0 1.5815e-09
5902.0 1.5761e-09
5904.0 1.5286e-09
5906.0 1.52e-09
5908.0 1.5292e-09
5910.0 1.519e-09
5912.0 1.5021e-09
5914.0 1.487e-09
5916.0 1.493e-09
5918.0 1.4677e-09
5920.0 1.5007e-09
5922.0 1.4932e-09
5924.0 1.4604e-09
5926.0 1.4604e-09
5928.0 1.4502e-09
5930.0 1.4606e-09
5932.0 1.4505e-09
5934.0 1.46e-09
5936.0 1.4532e-09
5938.0 1.4323e-09
5940.0 1.4392e-09
5942.0 1.4511e-09
5944.0 1.4453e-09
5946.0 1.4503e-09
5948.0 1.5233e-09
5950.0 1.6561e-09
5952.0 1.846e-09
5954.0 1.919e-09
5956.0 1.8658e-09
5958.0 1.8403e-09
5960.0 1.7748e-09
5962.0 1.6335e-09
5964.0 1.5072e-09
5966.0 1.4445e-09
5968.0 1.417e-09
5970.0 1.4105e-09
5972.0 1.4234e-09
5974.0 1.4362e-09
5976.0 1.4545e-09
5978.0 1.4302e-09
5980.0 1.4212e-09
5982.0 1.4394e-09
5984.0 1.4355e-09
5986.0 1.4217e-09
5988.0 1.4204e-09
5990.0 1.4447e-09
5992.0 1.4531e-09
5994.0 1.439e-09
5996.0 1.4241e-09
5998.0 1.4272e-09
6000.0 1.4437e-09
6002.0 1.4597e-09
6004.0 1.4512e-09
6006.0 1.451e-09
6008.0 1.4625e-09
6010.0 1.4646e-09
6012.0 1.4735e-09
6014.0 1.4731e-09
6016.0 1.4714e-09
6018.0 1.494e-09
6020.0 1.4963e-09
6022.0 1.4876e-09
6024.0 1.482e-09
6026.0 1.496e-09
6028.0 1.4834e-09
6030.0 1.478e-09
6032.0 1.5102e-09
6034.0 1.512e-09
6036.0 1.5322e-09
6038.0 1.5364e-09
6040.0 1.5438e-09
6042.0 1.5349e-09
6044.0 1.5185e-09
6046.0 1.5296e-09
6048.0 1.5492e-09
6050.0 1.5196e-09
6052.0 1.539e-09
6054.0 1.5194e-09
6056.0 1.5311e-09
6058.0 1.5545e-09
6060.0 1.5621e-09
6062.0 1.5292e-09
6064.0 1.5344e-09
6066.0 1.5465e-09
6068.0 1.5607e-09
6070.0 1.5549e-09
6072.0 1.5416e-09
6074.0 1.5788e-09
6076.0 1.5855e-09
6078.0 1.5335e-09
6080.0 1.5679e-09
6082.0 1.5467e-09
6084.0 1.5406e-09
6086.0 1.5651e-09
6088.0 1.5711e-09
6090.0 1.5733e-09
6092.0 1.5711e-09
6094.0 1.5868e-09
6096.0 1.579e-09
6098.0 1.551e-09
6100.0 1.558e-09
6102.0 1.5652e-09
6104.0 1.5843e-09
6106.0 1.5962e-09
6108.0 1.5859e-09
6110.0 1.5794e-09
6112.0 1.5795e-09
6114.0 1.5616e-09
6116.0 1.5526e-09
6118.0 1.5337e-09
6120.0 1.557e-09
6122.0 1.5662e-09
6124.0 1.5478e-09
6126.0 1.5435e-09
6128.0 1.5417e-09
6130.0 1.5716e-09
6132.0 1.5693e-09
6134.0 1.5755e-09
6136.0 1.5629e-09
6138.0 1.5453e-09
6140.0 1.5516e-09
6142.0 1.5683e-09
6144.0 1.5829e-09
6146.0 1.5585e-09
6148.0 1.5495e-09
6150.0 1.5686e-09
6152.0 1.5561e-09
6154.0 1.5461e-09
6156.0 1.5498e-09
6158.0 1.5301e-09
6160.0 1.539e-09
6162.0 1.55e-09
6164.0 1.5395e-09
6166.0 1.5619e-09
6168.0 1.5636e-09
6170.0 1.5682e-09
6172.0 1.5596e-09
6174.0 1.5665e-09
6176.0 1.565e-09
6178.0 1.5392e-09
6180.0 1.5417e-09
6182.0 1.5456e-09
6184.0 1.569e-09
6186.0 1.571e-09
6188.0 1.572e-09
6190.0 1.5725e-09
6192.0 1.5778e-09
6194.0 1.586e-09
6196.0 1.5778e-09
6198.0 1.5693e-09
6200.0 1.5819e-09
6202.0 1.5953e-09
6204.0 1.6001e-09
6206.0 1.61e-09
6208.0 1.6064e-09
6210.0 1.5811e-09
6212.0 1.5885e-09
6214.0 1.5977e-09
6216.0 1.594e-09
6218.0 1.5726e-09
6220.0 1.5571e-09
6222.0 1.5599e-09
6224.0 1.5602e-09
6226.0 1.5639e-09
6228.0 1.5643e-09
6230.0 1.5669e-09
6232.0 1.5684e-09
6234.0 1.5587e-09
6236.0 1.5711e-09
6238.0 1.5618e-09
6240.0 1.5469e-09
6242.0 1.5728e-09
6244.0 1.5834e-09
6246.0 1.5492e-09
6248.0 1.5328e-09
6250.0 1.5176e-09
6252.0 1.5233e-09
6254.0 1.5181e-09
6256.0 1.513e-09
6258.0 1.5049e-09
6260.0 1.4971e-09
6262.0 1.4928e-09
6264.0 1.4853e-09
6266.0 1.5249e-09
6268.0 1.528e-09
6270.0 1.5251e-09
6272.0 1.5117e-09
6274.0 1.4969e-09
6276.0 1.498e-09
6278.0 1.5091e-09
6280.0 1.5113e-09
6282.0 1.5042e-09
6284.0 1.5049e-09
6286.0 1.5222e-09
6288.0 1.551e-09
6290.0 1.5638e-09
6292.0 1.5335e-09
6294.0 1.5148e-09
6296.0 1.5233e-09
6298.0 1.5144e-09
6300.0 1.5171e-09
6302.0 1.5276e-09
6304.0 1.5295e-09
6306.0 1.5245e-09
6308.0 1.5384e-09
6310.0 1.5551e-09
6312.0 1.5702e-09
6314.0 1.5589e-09
6316.0 1.5504e-09
6318.0 1.5829e-09
6320.0 1.5746e-09
6322.0 1.5537e-09
6324.0 1.5633e-09
6326.0 1.5766e-09
6328.0 1.5849e-09
6330.0 1.5922e-09
6332.0 1.5882e-09
6334.0 1.5728e-09
6336.0 1.5983e-09
6338.0 1.5939e-09
6340.0 1.5826e-09
6342.0 1.5906e-09
6344.0 1.6058e-09
6346.0 1.6186e-09
6348.0 1.6224e-09
6350.0 1.6415e-09
6352.0 1.6468e-09
6354.0 1.624e-09
6356.0 1.6067e-09
6358.0 1.5945e-09
6360.0 1.6139e-09
6362.0 1.6147e-09
6364.0 1.6152e-09
6366.0 1.6103e-09
6368.0 1.5989e-09
6370.0 1.6157e-09
6372.0 1.5909e-09
6374.0 1.5823e-09
6376.0 1.5979e-09
6378.0 1.5951e-09
6380.0 1.5895e-09
6382.0 1.5854e-09
6384.0 1.6015e-09
6386.0 1.6107e-09
6388.0 1.5899e-09
6390.0 1.5854e-09
6392.0 1.5956e-09
6394.0 1.5931e-09
6396.0 1.5773e-09
6398.0 1.59e-09
6400.0 1.588e-09
6402.0 1.5883e-09
6404.0 1.6078e-09
6406.0 1.5809e-09
6408.0 1.5746e-09
6410.0 1.6122e-09
6412.0 1.6251e-09
6414.0 1.6196e-09
6416.0 1.6072e-09
6418.0 1.609e-09
6420.0 1.6385e-09
6422.0 1.6392e-09
6424.0 1.6152e-09
6426.0 1.6105e-09
6428.0 1.6226e-09
6430.0 1.6352e-09
6432.0 1.6072e-09
6434.0 1.6069e-09
6436.0 1.619e-09
6438.0 1.6305e-09
6440.0 1.6447e-09
6442.0 1.6595e-09
6444.0 1.6667e-09
6446.0 1.6684e-09
6448.0 1.6533e-09
6450.0 1.6636e-09
6452.0 1.6787e-09
6454.0 1.7076e-09
6456.0 1.7235e-09
6458.0 1.7094e-09
6460.0 1.7118e-09
6462.0 1.724e-09
6464.0 1.7193e-09
6466.0 1.7172e-09
6468.0 1.7401e-09
6470.0 1.7239e-09
6472.0 1.7064e-09
6474.0 1.7198e-09
6476.0 1.7337e-09
6478.0 1.7237e-09
6480.0 1.699e-09
6482.0 1.7125e-09
6484.0 1.709e-09
6486.0 1.6874e-09
6488.0 1.6547e-09
6490.0 1.6424e-09
6492.0 1.6507e-09
6494.0 1.6476e-09
6496.0 1.6239e-09
6498.0 1.5948e-09
6500.0 1.5732e-09
6502.0 1.5317e-09
6504.0 1.5261e-09
6506.0 1.4858e-09
6508.0 1.4661e-09
6510.0 1.4329e-09
6512.0 1.3948e-09
6514.0 1.377e-09
6516.0 1.34e-09
6518.0 1.319e-09
6520.0 1.2769e-09
6522.0 1.2361e-09
6524.0 1.1923e-09
6526.0 1.1652e-09
6528.0 1.1258e-09
6530.0 1.0877e-09
6532.0 1.0577e-09
6534.0 1.0298e-09
6536.0 9.937e-10
6538.0 9.6827e-10
6540.0 9.4916e-10
6542.0 9.2203e-10
6544.0 8.9678e-10
6546.0 8.8419e-10
6548.0 8.5871e-10
6550.0 8.3563e-10
6552.0 8.2246e-10
6554.0 8.1654e-10
6556.0 8.002e-10
6558.0 7.7732e-10
6560.0 7.6244e-10
6562.0 7.5164e-10
6564.0 7.404e-10
6566.0 7.2588e-10
6568.0 7.1302e-10
6570.0 7.066e-10
6572.0 6.8931e-10
6574.0 6.9023e-10
6576.0 6.8566e-10
6578.0 6.7195e-10
6580.0 6.6762e-10
6582.0 6.6868e-10
6584.0 6.8183e-10
6586.0 6.7555e-10
6588.0 6.8108e-10
6590.0 6.728e-10
6592.0 6.6448e-10
6594.0 6.6889e-10
6596.0 6.6877e-10
6598.0 6.6698e-10
6600.0 6.6849e-10
6602.0 6.6865e-10
6604.0 6.7183e-10
6606.0 6.7271e-10
6608.0 6.6267e-10
6610.0 6.562e-10
6612.0 6.5862e-10
6614.0 6.6052e-10
6616.0 6.5482e-10
6618.0 6.7174e-10
6620.0 6.9057e-10
6622.0 7.1023e-10
6624.0 7.1268e-10
6626.0 6.8194e-10
6628.0 6.3448e-10
6630.0 5.8863e-10
6632.0 6.2543e-10
6634.0 7.3301e-10
6636.0 8.1491e-10
6638.0 8.1643e-10
6640.0 7.5681e-10
6642.0 7.1814e-10
6644.0 7.0438e-10
6646.0 7.1832e-10
6648.0 7.319e-10
6650.0 7.0371e-10
6652.0 6.9921e-10
6654.0 7.6057e-10
6656.0 8.1969e-10
6658.0 8.343e-10
6660.0 8.3347e-10
6662.0 8.1545e-10
6664.0 8.2513e-10
6666.0 8.3036e-10
6668.0 8.3062e-10
6670.0 8.4165e-10
6672.0 8.5342e-10
6674.0 8.5029e-10
6676.0 8.5961e-10
6678.0 8.864e-10
6680.0 8.9459e-10
6682.0 9.1339e-10
6684.0 9.3934e-10
6686.0 9.4629e-10
6688.0 9.421e-10
6690.0 9.5246e-10
6692.0 9.655e-10
6694.0 9.6617e-10
6696.0 9.7626e-10
6698.0 9.9511e-10
6700.0 1.0108e-09
6702.0 1.0197e-09
6704.0 1.0144e-09
6706.0 1.0241e-09
6708.0 1.0443e-09
6710.0 1.0405e-09
6712.0 1.0561e-09
6714.0 1.0698e-09
6716.0 1.0784e-09
6718.0 1.0863e-09
6720.0 1.1062e-09
6722.0 1.1247e-09
6724.0 1.1206e-09
6726.0 1.146e-09
6728.0 1.1685e-09
6730.0 1.1462e-09
6732.0 1.1506e-09
6734.0 1.1692e-09
6736.0 1.1643e-09
6738.0 1.1773e-09
6740.0 1.1956e-09
6742.0 1.22e-09
6744.0 1.2358e-09
6746.0 1.2311e-09
6748.0 1.2318e-09
6750.0 1.257e-09
6752.0 1.2683e-09
6754.0 1.264e-09
6756.0 1.2795e-09
6758.0 1.2848e-09
6760.0 1.2941e-09
6762.0 1.3093e-09
6764.0 1.3244e-09
6766.0 1.3286e-09
6768.0 1.3335e-09
6770.0 1.3397e-09
6772.0 1.3503e-09
6774.0 1.379e-09
6776.0 1.3829e-09
6778.0 1.3793e-09
6780.0 1.3947e-09
6782.0 1.4015e-09
6784.0 1.3807e-09
6786.0 1.3631e-09
6788.0 1.3897e-09
6790.0 1.4284e-09
6792.0 1.4471e-09
6794.0 1.4499e-09
6796.0 1.4384e-09
6798.0 1.4074e-09
6800.0 1.398e-09
6802.0 1.4357e-09
6804.0 1.4644e-09
6806.0 1.4612e-09
6808.0 1.4504e-09
6810.0 1.4642e-09
6812.0 1.4695e-09
6814.0 1.4571e-09
6816.0 1.4485e-09
6818.0 1.4448e-09
6820.0 1.4663e-09
6822.0 1.4723e-09
6824.0 1.4769e-09
6826.0 1.4777e-09
6828.0 1.4777e-09
6830.0 1.4606e-09
6832.0 1.4534e-09
6834.0 1.4817e-09
6836.0 1.4966e-09
6838.0 1.493e-09
6840.0 1.4951e-09
6842.0 1.4948e-09
6844.0 1.5005e-09
6846.0 1.5039e-09
6848.0 1.4828e-09
6850.0 1.4924e-09
6852.0 1.5002e-09
6854.0 1.4831e-09
6856.0 1.5067e-09
6858.0 1.5038e-09
6860.0 1.4919e-09
6862.0 1.4918e-09
6864.0 1.5027e-09
6866.0 1.5232e-09
6868.0 1.5247e-09
6870.0 1.5228e-09
6872.0 1.5231e-09
6874.0 1.4975e-09
6876.0 1.5011e-09
6878.0 1.5173e-09
6880.0 1.5248e-09
6882.0 1.5354e-09
6884.0 1.5364e-09
6886.0 1.5251e-09
6888.0 1.5245e-09
6890.0 1.5427e-09
6892.0 1.5407e-09
6894.0 1.5366e-09
6896.0 1.5404e-09
6898.0 1.5338e-09
6900.0 1.5105e-09
6902.0 1.5064e-09
6904.0 1.5493e-09
6906.0 1.5479e-09
6908.0 1.5461e-09
6910.0 1.5409e-09
6912.0 1.54e-09
6914.0 1.546e-09
6916.0 1.5567e-09
6918.0 1.5595e-09
6920.0 1.5666e-09
6922.0 1.5624e-09
6924.0 1.5476e-09
6926.0 1.5879e-09
6928.0 1.5897e-09
6930.0 1.5777e-09
6932.0 1.5798e-09
6934.0 1.5834e-09
6936.0 1.5911e-09
6938.0 1.5973e-09
6940.0 1.6014e-09
6942.0 1.6054e-09
6944.0 1.5837e-09
6946.0 1.5912e-09
6948.0 1.6098e-09
6950.0 1.6067e-09
6952.0 1.6111e-09
6954.0 1.5995e-09
6956.0 1.6008e-09
6958.0 1.6135e-09
6960.0 1.6305e-09
6962.0 1.6453e-09
6964.0 1.6279e-09
6966.0 1.6114e-09
6968.0 1.6214e-09
6970.0 1.6269e-09
6972.0 1.6198e-09
6974.0 1.6201e-09
6976.0 1.6359e-09
6978.0 1.6361e-09
6980.0 1.6053e-09
6982.0 1.607e-09
6984.0 1.6233e-09
6986.0 1.6162e-09
6988.0 1.6115e-09
6990.0 1.6109e-09
6992.0 1.6132e-09
6994.0 1.6047e-09
6996.0 1.5961e-09
6998.0 1.5981e-09
7000.0 1.6011e-09
7002.0 1.6189e-09
7004.0 1.6143e-09
7006.0 1.5816e-09
7008.0 1.587e-09
7010.0 1.5956e-09
7012.0 1.5971e-09
7014.0 1.5963e-09
7016.0 1.5975e-09
7018.0 1.5973e-09
7020.0 1.5851e-09
7022.0 1.5826e-09
7024.0 1.5907e-09
7026.0 1.5793e-09
7028.0 1.5603e-09
7030.0 1.5667e-09
7032.0 1.5533e-09
7034.0 1.5665e-09
7036.0 1.5799e-09
7038.0 1.5626e-09
7040.0 1.5518e-09
7042.0 1.5568e-09
7044.0 1.5543e-09
7046.0 1.5707e-09
7048.0 1.5542e-09
7050.0 1.5436e-09
7052.0 1.5665e-09
7054.0 1.5864e-09
7056.0 1.5623e-09
7058.0 1.561e-09
7060.0 1.557e-09
7062.0 1.5419e-09
7064.0 1.5526e-09
7066.0 1.5606e-09
7068.0 1.5641e-09
7070.0 1.5346e-09
7072.0 1.5337e-09
7074.0 1.5363e-09
7076.0 1.5234e-09
7078.0 1.5433e-09
7080.0 1.5415e-09
7082.0 1.5414e-09
7084.0 1.5699e-09
7086.0 1.5611e-09
7088.0 1.5694e-09
7090.0 1.5775e-09
7092.0 1.5739e-09
7094.0 1.5512e-09
7096.0 1.5196e-09
7098.0 1.5326e-09
7100.0 1.5582e-09
7102.0 1.5573e-09
7104.0 1.5597e-09
7106.0 1.5532e-09
7108.0 1.545e-09
7110.0 1.5507e-09
7112.0 1.5365e-09
7114.0 1.5411e-09
7116.0 1.5511e-09
7118.0 1.5627e-09
7120.0 1.551e-09
7122.0 1.5601e-09
7124.0 1.5552e-09
7126.0 1.5634e-09
7128.0 1.5855e-09
7130.0 1.5801e-09
7132.0 1.5508e-09
7134.0 1.5539e-09
7136.0 1.5576e-09
7138.0 1.552e-09
7140.0 1.5509e-09
7142.0 1.5534e-09
7144.0 1.5544e-09
7146.0 1.5746e-09
7148.0 1.5741e-09
7150.0 1.5789e-09
7152.0 1.5785e-09
7154.0 1.5763e-09
7156.0 1.5893e-09
7158.0 1.5573e-09
7160.0 1.5827e-09
7162.0 1.5806e-09
7164.0 1.598e-09
7166.0 1.6057e-09
7168.0 1.5973e-09
7170.0 1.6009e-09
7172.0 1.6051e-09
7174.0 1.6095e-09
7176.0 1.6068e-09
7178.0 1.6082e-09
7180.0 1.5926e-09
7182.0 1.5828e-09
7184.0 1.6382e-09
7186.0 1.6152e-09
7188.0 1.6009e-09
7190.0 1.6032e-09
7192.0 1.6047e-09
7194.0 1.6017e-09
7196.0 1.6005e-09
7198.0 1.5998e-09
7200.0 1.5909e-09
7202.0 1.5967e-09
7204.0 1.6006e-09
7206.0 1.5916e-09
7208.0 1.6017e-09
7210.0 1.5845e-09
7212.0 1.5795e-09
7214.0 1.6043e-09
7216.0 1.6122e-09
7218.0 1.5944e-09
7220.0 1.5796e-09
7222.0 1.5967e-09
7224.0 1.6053e-09
7226.0 1.5985e-09
7228.0 1.5702e-09
7230.0 1.5676e-09
7232.0 1.6085e-09
7234.0 1.6171e-09
7236.0 1.5801e-09
7238.0 1.5516e-09
7240.0 1.5687e-09
7242.0 1.584e-09
7244.0 1.5713e-09
7246.0 1.5637e-09
7248.0 1.5735e-09
7250.0 1.5794e-09
7252.0 1.5748e-09
7254.0 1.5868e-09
7256.0 1.5959e-09
7258.0 1.5752e-09
7260.0 1.5883e-09
7262.0 1.5892e-09
7264.0 1.5898e-09
7266.0 1.574e-09
7268.0 1.5754e-09
7270.0 1.5806e-09
7272.0 1.5869e-09
7274.0 1.5873e-09
7276.0 1.5934e-09
7278.0 1.5813e-09
7280.0 1.5549e-09
7282.0 1.5571e-09
7284.0 1.5675e-09
7286.0 1.5637e-09
7288.0 1.5781e-09
7290.0 1.5702e-09
7292.0 1.5772e-09
7294.0 1.5813e-09
7296.0 1.5793e-09
7298.0 1.5868e-09
7300.0 1.5745e-09
7302.0 1.565e-09
7304.0 1.5552e-09
7306.0 1.5747e-09
7308.0 1.5756e-09
7310.0 1.554e-09
7312.0 1.5468e-09
7314.0 1.5528e-09
7316.0 1.547e-09
7318.0 1.53e-09
7320.0 1.5276e-09
7322.0 1.5432e-09
7324.0 1.5361e-09
7326.0 1.5341e-09
7328.0 1.5503e-09
7330.0 1.5796e-09
7332.0 1.5837e-09
7334.0 1.541e-09
7336.0 1.5354e-09
7338.0 1.5467e-09
7340.0 1.5438e-09
7342.0 1.5481e-09
7344.0 1.5328e-09
7346.0 1.5452e-09
7348.0 1.5453e-09
7350.0 1.5389e-09
7352.0 1.5553e-09
7354.0 1.5562e-09
7356.0 1.5577e-09
7358.0 1.5689e-09
7360.0 1.5488e-09
7362.0 1.5562e-09
7364.0 1.5727e-09
7366.0 1.5743e-09
7368.0 1.5628e-09
7370.0 1.5465e-09
7372.0 1.5258e-09
7374.0 1.5386e-09
7376.0 1.5311e-09
7378.0 1.5428e-09
7380.0 1.5609e-09
7382.0 1.5581e-09
7384.0 1.5447e-09
7386.0 1.5465e-09
7388.0 1.5654e-09
7390.0 1.5858e-09
7392.0 1.5758e-09
7394.0 1.5455e-09
7396.0 1.5441e-09
7398.0 1.5637e-09
7400.0 1.5797e-09
7402.0 1.5653e-09
7404.0 1.5511e-09
7406.0 1.5734e-09
7408.0 1.5575e-09
7410.0 1.5572e-09
7412.0 1.5588e-09
7414.0 1.5712e-09
7416.0 1.5726e-09
7418.0 1.5679e-09
7420.0 1.5734e-09
7422.0 1.5758e-09
7424.0 1.5639e-09
7426.0 1.5647e-09
7428.0 1.56e-09
7430.0 1.577e-09
7432.0 1.5627e-09
7434.0 1.5751e-09
7436.0 1.5953e-09
7438.0 1.573e-09
7440.0 1.5721e-09
7442.0 1.578e-09
7444.0 1.5614e-09
7446.0 1.5573e-09
7448.0 1.5811e-09
7450.0 1.5684e-09
7452.0 1.5524e-09
7454.0 1.5675e-09
7456.0 1.5752e-09
7458.0 1.5561e-09
7460.0 1.542e-09
7462.0 1.5539e-09
7464.0 1.5536e-09
7466.0 1.5404e-09
7468.0 1.539e-09
7470.0 1.5557e-09
7472.0 1.5574e-09
7474.0 1.54e-09
7476.0 1.5688e-09
7478.0 1.5531e-09
7480.0 1.5458e-09
7482.0 1.5479e-09
7484.0 1.5558e-09
7486.0 1.5704e-09
7488.0 1.5468e-09
7490.0 1.5284e-09
7492.0 1.5281e-09
7494.0 1.5597e-09
7496.0 1.5816e-09
7498.0 1.5735e-09
7500.0 1.5509e-09
7502.0 1.5479e-09
7504.0 1.5561e-09
7506.0 1.5439e-09
7508.0 1.5643e-09
7510.0 1.5649e-09
7512.0 1.5463e-09
7514.0 1.5605e-09
7516.0 1.5727e-09
7518.0 1.5563e-09
7520.0 1.5649e-09
7522.0 1.5543e-09
7524.0 1.556e-09
7526.0 1.5862e-09
7528.0 1.5721e-09
7530.0 1.5674e-09
7532.0 1.5686e-09
7534.0 1.5627e-09
7536.0 1.573e-09
7538.0 1.5816e-09
7540.0 1.578e-09
7542.0 1.5782e-09
7544.0 1.5797e-09
7546.0 1.5908e-09
7548.0 1.5753e-09
7550.0 1.5789e-09
7552.0 1.5822e-09
7554.0 1.5874e-09
7556.0 1.6134e-09
7558.0 1.6081e-09
7560.0 1.6018e-09
7562.0 1.6082e-09
7564.0 1.6117e-09
7566.0 1.603e-09
7568.0 1.6053e-09
7570.0 1.6151e-09
7572.0 1.6032e-09
7574.0 1.5898e-09
7576.0 1.5965e-09
7578.0 1.6013e-09
7580.0 1.6031e-09
7582.0 1.59e-09
7584.0 1.6019e-09
7586.0 1.6146e-09
7588.0 1.6025e-09
7590.0 1.6083e-09
7592.0 1.6446e-09
7594.0 1.6477e-09
7596.0 1.6023e-09
7598.0 1.6019e-09
7600.0 1.6322e-09
7602.0 1.6778e-09
7604.0 1.6695e-09
7606.0 1.6526e-09
7608.0 1.63e-09
7610.0 1.6238e-09
7612.0 1.6365e-09
7614.0 1.6331e-09
7616.0 1.6359e-09
7618.0 1.6445e-09
7620.0 1.6756e-09
7622.0 1.6803e-09
7624.0 1.6583e-09
7626.0 1.6509e-09
7628.0 1.682e-09
7630.0 1.6899e-09
7632.0 1.6816e-09
7634.0 1.6847e-09
7636.0 1.7e-09
7638.0 1.7087e-09
7640.0 1.7036e-09
7642.0 1.7131e-09
7644.0 1.7156e-09
7646.0 1.7425e-09
7648.0 1.7564e-09
7650.0 1.7411e-09
7652.0 1.7521e-09
7654.0 1.7617e-09
7656.0 1.7624e-09
7658.0 1.7861e-09
7660.0 1.8212e-09
7662.0 1.8573e-09
7664.0 1.8663e-09
7666.0 1.8917e-09
7668.0 1.883e-09
7670.0 1.9009e-09
7672.0 1.9133e-09
7674.0 1.923e-09
7676.0 1.9281e-09
7678.0 1.912e-09
7680.0 1.8804e-09
7682.0 1.891e-09
7684.0 1.9006e-09
7686.0 1.924e-09
7688.0 1.929e-09
7690.0 1.9194e-09
7692.0 1.9183e-09
7694.0 1.9157e-09
7696.0 1.9269e-09
7698.0 1.9592e-09
7700.0 1.9689e-09
7702.0 1.9645e-09
7704.0 1.9512e-09
7706.0 1.9643e-09
7708.0 1.9806e-09
7710.0 1.9566e-09
7712.0 1.9729e-09
7714.0 1.9851e-09
7716.0 1.9637e-09
7718.0 1.9578e-09
7720.0 1.9707e-09
7722.0 1.9538e-09
7724.0 1.9406e-09
7726.0 1.9465e-09
7728.0 1.9536e-09
7730.0 1.9411e-09
7732.0 1.9247e-09
7734.0 1.9061e-09
7736.0 1.8863e-09
7738.0 1.8817e-09
7740.0 1.8748e-09
7742.0 1.8802e-09
7744.0 1.8891e-09
7746.0 1.879e-09
7748.0 1.8298e-09
7750.0 1.7934e-09
7752.0 1.7802e-09
7754.0 1.776e-09
7756.0 1.7719e-09
7758.0 1.7632e-09
7760.0 1.752e-09
7762.0 1.7304e-09
7764.0 1.7182e-09
7766.0 1.7106e-09
7768.0 1.6744e-09
7770.0 1.6951e-09
7772.0 1.6924e-09
7774.0 1.6839e-09
7776.0 1.7058e-09
7778.0 1.699e-09
7780.0 1.6889e-09
7782.0 1.6849e-09
7784.0 1.6708e-09
7786.0 1.6433e-09
7788.0 1.6332e-09
7790.0 1.6245e-09
7792.0 1.605e-09
7794.0 1.6069e-09
7796.0 1.6211e-09
7798.0 1.614e-09
7800.0 1.6125e-09
7802.0 1.6018e-09
7804.0 1.5893e-09
7806.0 1.5873e-09
7808.0 1.5851e-09
7810.0 1.5843e-09
7812.0 1.5689e-09
7814.0 1.5696e-09
7816.0 1.5695e-09
7818.0 1.5756e-09
7820.0 1.5569e-09
7822.0 1.5472e-09
7824.0 1.5325e-09
7826.0 1.5653e-09
7828.0 1.5624e-09
7830.0 1.5563e-09
7832.0 1.5699e-09
7834.0 1.5577e-09
7836.0 1.5287e-09
7838.0 1.5324e-09
7840.0 1.5583e-09
7842.0 1.5567e-09
7844.0 1.5553e-09
7846.0 1.5436e-09
7848.0 1.5408e-09
7850.0 1.5509e-09
7852.0 1.5697e-09
7854.0 1.5534e-09
7856.0 1.5697e-09
7858.0 1.5727e-09
7860.0 1.5647e-09
7862.0 1.5525e-09
7864.0 1.5484e-09
7866.0 1.5453e-09
7868.0 1.5314e-09
7870.0 1.545e-09
7872.0 1.5657e-09
7874.0 1.565e-09
7876.0 1.5462e-09
7878.0 1.5637e-09
7880.0 1.566e-09
7882.0 1.5727e-09
7884.0 1.5783e-09
7886.0 1.5563e-09
7888.0 1.5582e-09
7890.0 1.579e-09
7892.0 1.58e-09
7894.0 1.5665e-09
7896.0 1.5642e-09
7898.0 1.5719e-09
7900.0 1.5738e-09
7902.0 1.5848e-09
7904.0 1.6003e-09
7906.0 1.6062e-09
7908.0 1.6055e-09
7910.0 1.5943e-09
7912.0 1.5932e-09
7914.0 1.5805e-09
7916.0 1.582e-09
7918.0 1.6201e-09
7920.0 1.6183e-09
7922.0 1.6202e-09
7924.0 1.6344e-09
7926.0 1.6211e-09
7928.0 1.6063e-09
7930.0 1.6354e-09
7932.0 1.6251e-09
7934.0 1.6159e-09
7936.0 1.6389e-09
7938.0 1.6253e-09
7940.0 1.624e-09
7942.0 1.6299e-09
7944.0 1.6123e-09
7946.0 1.6175e-09
7948.0 1.6421e-09
7950.0 1.6547e-09
7952.0 1.6621e-09
7954.0 1.6612e-09
7956.0 1.662e-09
7958.0 1.6411e-09
7960.0 1.6611e-09
7962.0 1.6665e-09
7964.0 1.6611e-09
7966.0 1.6349e-09
7968.0 1.6293e-09
7970.0 1.6444e-09
7972.0 1.6425e-09
7974.0 1.6546e-09
7976.0 1.6642e-09
7978.0 1.6472e-09
7980.0 1.6475e-09
7982.0 1.6643e-09
7984.0 1.6729e-09
7986.0 1.6941e-09
7988.0 1.687e-09
7990.0 1.6924e-09
7992.0 1.6827e-09
7994.0 1.6822e-09
7996.0 1.6578e-09
7998.0 1.689e-09
8000.0 1.7101e-09
8002.0 1.6776e-09
8004.0 1.6892e-09
8006.0 1.7004e-09
8008.0 1.6963e-09
8010.0 1.7057e-09
8012.0 1.7018e-09
8014.0 1.6829e-09
8016.0 1.6774e-09
8018.0 1.6814e-09
8020.0 1.6929e-09
8022.0 1.6971e-09
8024.0 1.6888e-09
8026.0 1.6957e-09
8028.0 1.6883e-09
8030.0 1.6977e-09
8032.0 1.7104e-09
8034.0 1.7155e-09
8036.0 1.713e-09
8038.0 1.7243e-09
8040.0 1.7204e-09
8042.0 1.7083e-09
8044.0 1.7181e-09
8046.0 1.7273e-09
8048.0 1.7111e-09
8050.0 1.7177e-09
8052.0 1.7478e-09
8054.0 1.7346e-09
8056.0 1.7127e-09
8058.0 1.7213e-09
8060.0 1.7031e-09
8062.0 1.734e-09
8064.0 1.7442e-09
8066.0 1.7428e-09
8068.0 1.7286e-09
8070.0 1.7169e-09
8072.0 1.7315e-09
8074.0 1.7428e-09
8076.0 1.7263e-09
8078.0 1.7177e-09
8080.0 1.7406e-09
8082.0 1.7255e-09
8084.0 1.7269e-09
8086.0 1.7521e-09
8088.0 1.7388e-09
8090.0 1.7475e-09
8092.0 1.7492e-09
8094.0 1.7547e-09
8096.0 1.7467e-09
8098.0 1.7333e-09
8100.0 1.74e-09
8102.0 1.7523e-09
8104.0 1.7627e-09
8106.0 1.7553e-09
8108.0 1.7461e-09
8110.0 1.7423e-09
8112.0 1.7508e-09
8114.0 1.7212e-09
8116.0 1.7292e-09
8118.0 1.7449e-09
8120.0 1.7576e-09
8122.0 1.7676e-09
8124.0 1.7623e-09
8126.0 1.7479e-09
8128.0 1.7727e-09
8130.0 1.7717e-09
8132.0 1.742e-09
8134.0 1.781e-09
8136.0 1.7825e-09
8138.0 1.767e-09
8140.0 1.7752e-09
8142.0 1.7799e-09
8144.0 1.7786e-09
8146.0 1.767e-09
8148.0 1.7599e-09
8150.0 1.7804e-09
8152.0 1.7791e-09
8154.0 1.766e-09
8156.0 1.7842e-09
8158.0 1.7696e-09
8160.0 1.7611e-09
8162.0 1.7815e-09
8164.0 1.7962e-09
8166.0 1.7888e-09
8168.0 1.7843e-09
8170.0 1.7689e-09
8172.0 1.7673e-09
8174.0 1.7809e-09
8176.0 1.786e-09
8178.0 1.788e-09
8180.0 1.7798e-09
8182.0 1.7649e-09
8184.0 1.7809e-09
8186.0 1.775e-09
8188.0 1.7615e-09
8190.0 1.7881e-09
8192.0 1.7877e-09
8194.0 1.7772e-09
8196.0 1.7778e-09
8198.0 1.7731e-09
8200.0 1.787e-09
8202.0 1.7792e-09
8204.0 1.7871e-09
8206.0 1.7867e-09
8208.0 1.7695e-09
8210.0 1.7867e-09
8212.0 1.7645e-09
8214.0 1.7585e-09
8216.0 1.7435e-09
8218.0 1.7585e-09
8220.0 1.7512e-09
8222.0 1.7706e-09
8224.0 1.7721e-09
8226.0 1.7591e-09
8228.0 1.76e-09
8230.0 1.7596e-09
8232.0 1.7626e-09
8234.0 1.7519e-09
8236.0 1.7646e-09
8238.0 1.7609e-09
8240.0 1.7459e-09
8242.0 1.7546e-09
8244.0 1.754e-09
8246.0 1.7566e-09
8248.0 1.7545e-09
8250.0 1.7369e-09
8252.0 1.7422e-09
8254.0 1.771e-09
8256.0 1.7533e-09
8258.0 1.7552e-09
8260.0 1.7583e-09
8262.0 1.758e-09
8264.0 1.772e-09
8266.0 1.7498e-09
8268.0 1.7592e-09
8270.0 1.7655e-09
8272.0 1.749e-09
8274.0 1.7636e-09
8276.0 1.7725e-09
8278.0 1.7552e-09
8280.0 1.7712e-09
8282.0 1.7849e-09
8284.0 1.7429e-09
8286.0 1.7209e-09
8288.0 1.7474e-09
8290.0 1.7696e-09
8292.0 1.7714e-09
8294.0 1.7574e-09
8296.0 1.7683e-09
8298.0 1.7517e-09
8300.0 1.7465e-09
8302.0 1.7507e-09
8304.0 1.7716e-09
8306.0 1.7657e-09
8308.0 1.796e-09
8310.0 1.8046e-09
8312.0 1.7865e-09
8314.0 1.7938e-09
8316.0 1.8097e-09
8318.0 1.8063e-09
8320.0 1.798e-09
8322.0 1.8269e-09
8324.0 1.8393e-09
8326.0 1.8253e-09
8328.0 1.8683e-09
8330.0 1.8918e-09
8332.0 1.8769e-09
8334.0 1.8918e-09
8336.0 1.9173e-09
8338.0 1.9276e-09
8340.0 1.9571e-09
8342.0 1.9352e-09
8344.0 1.9423e-09
8346.0 1.955e-09
8348.0 1.9173e-09
8350.0 1.9446e-09
8352.0 1.9594e-09
8354.0 1.9668e-09
8356.0 1.9573e-09
8358.0 1.9526e-09
8360.0 1.9784e-09
8362.0 1.9892e-09
8364.0 1.9894e-09
8366.0 2.0251e-09
8368.0 2.0251e-09
8370.0 2.016e-09
8372.0 2.0235e-09
8374.0 2.0818e-09
8376.0 2.0815e-09
8378.0 2.0696e-09
8380.0 2.0482e-09
8382.0 2.0695e-09
8384.0 2.1023e-09
8386.0 2.1165e-09
8388.0 2.1365e-09
8390.0 2.1406e-09
8392.0 2.1414e-09
8394.0 2.167e-09
8396.0 2.1404e-09
8398.0 2.1374e-09
8400.0 2.1633e-09
8402.0 2.18e-09
8404.0 2.1955e-09
8406.0 2.2132e-09
8408.0 2.2126e-09
8410.0 2.2226e-09
8412.0 2.2164e-09
8414.0 2.2371e-09
8416.0 2.2771e-09
8418.0 2.2417e-09
8420.0 2.2515e-09
8422.0 2.3237e-09
8424.0 2.3224e-09
8426.0 2.3126e-09
8428.0 2.354e-09
8430.0 2.3587e-09
8432.0 2.3231e-09
8434.0 2.3311e-09
8436.0 2.3766e-09
8438.0 2.4079e-09
8440.0 2.3911e-09
8442.0 2.3662e-09
8444.0 2.3577e-09
8446.0 2.3473e-09
8448.0 2.3555e-09
8450.0 2.3416e-09
8452.0 2.2977e-09
8454.0 2.2937e-09
8456.0 2.2792e-09
8458.0 2.2728e-09
8460.0 2.2835e-09
8462.0 2.2763e-09
8464.0 2.2362e-09
8466.0 2.1966e-09
8468.0 2.2239e-09
8470.0 2.2421e-09
8472.0 2.2108e-09
8474.0 2.2168e-09
8476.0 2.2352e-09
8478.0 2.2352e-09
8480.0 2.1753e-09
8482.0 2.1417e-09
8484.0 2.0923e-09
8486.0 2.0537e-09
8488.0 2.0128e-09
8490.0 2.0188e-09
8492.0 1.9832e-09
8494.0 1.9602e-09
8496.0 1.9349e-09
8498.0 1.9071e-09
8500.0 1.9042e-09
8502.0 1.8994e-09
8504.0 1.8567e-09
8506.0 1.8189e-09
8508.0 1.8175e-09
8510.0 1.7944e-09
8512.0 1.7638e-09
8514.0 1.7516e-09
8516.0 1.7499e-09
8518.0 1.7494e-09
8520.0 1.7206e-09
8522.0 1.7209e-09
8524.0 1.7214e-09
8526.0 1.7156e-09
8528.0 1.7209e-09
8530.0 1.695e-09
8532.0 1.6911e-09
8534.0 1.7044e-09
8536.0 1.7059e-09
8538.0 1.7006e-09
8540.0 1.7182e-09
8542.0 1.7359e-09
8544.0 1.7237e-09
8546.0 1.7409e-09
8548.0 1.7683e-09
8550.0 1.7792e-09
8552.0 1.7685e-09
8554.0 1.761e-09
8556.0 1.7907e-09
8558.0 1.8108e-09
8560.0 1.8131e-09
8562.0 1.8122e-09
8564.0 1.8282e-09
8566.0 1.82e-09
8568.0 1.8322e-09
8570.0 1.8489e-09
8572.0 1.8583e-09
8574.0 1.836e-09
8576.0 1.8261e-09
8578.0 1.8405e-09
8580.0 1.875e-09
8582.0 1.8714e-09
8584.0 1.8678e-09
8586.0 1.8773e-09
8588.0 1.8875e-09
8590.0 1.9046e-09
8592.0 1.8697e-09
8594.0 1.8639e-09
8596.0 1.871e-09
8598.0 1.8597e-09
8600.0 1.8476e-09
8602.0 1.8365e-09
8604.0 1.8297e-09
8606.0 1.8269e-09
8608.0 1.8149e-09
8610.0 1.8161e-09
8612.0 1.832e-09
8614.0 1.8088e-09
8616.0 1.7817e-09
8618.0 1.7502e-09
8620.0 1.7275e-09
8622.0 1.7282e-09
8624.0 1.7236e-09
8626.0 1.7149e-09
8628.0 1.7057e-09
8630.0 1.6732e-09
8632.0 1.6682e-09
8634.0 1.6604e-09
8636.0 1.6572e-09
8638.0 1.6518e-09
8640.0 1.6464e-09
8642.0 1.6521e-09
8644.0 1.6323e-09
8646.0 1.6057e-09
8648.0 1.5975e-09
8650.0 1.5912e-09
8652.0 1.586e-09
8654.0 1.552e-09
8656.0 1.5359e-09
8658.0 1.5331e-09
8660.0 1.5424e-09
8662.0 1.5131e-09
8664.0 1.4875e-09
8666.0 1.4744e-09
8668.0 1.4707e-09
8670.0 1.4908e-09
8672.0 1.4615e-09
8674.0 1.4586e-09
8676.0 1.4375e-09
8678.0 1.4286e-09
8680.0 1.4349e-09
8682.0 1.4559e-09
8684.0 1.4445e-09
8686.0 1.4323e-09
8688.0 1.4551e-09
8690.0 1.4573e-09
8692.0 1.448e-09
8694.0 1.4486e-09
8696.0 1.4203e-09
8698.0 1.45e-09
8700.0 1.45e-09
8702.0 1.4315e-09
8704.0 1.4025e-09
8706.0 1.4118e-09
8708.0 1.4198e-09
8710.0 1.4163e-09
8712.0 1.4189e-09
8714.0 1.4158e-09
8716.0 1.4261e-09
8718.0 1.4225e-09
8720.0 1.4298e-09
8722.0 1.4272e-09
8724.0 1.4299e-09
8726.0 1.432e-09
8728.0 1.4363e-09
8730.0 1.4373e-09
8732.0 1.4467e-09
8734.0 1.4314e-09
8736.0 1.4328e-09
8738.0 1.4295e-09
8740.0 1.4137e-09
8742.0 1.432e-09
8744.0 1.4455e-09
8746.0 1.4219e-09
8748.0 1.4217e-09
8750.0 1.4297e-09
8752.0 1.4379e-09
8754.0 1.4296e-09
8756.0 1.4298e-09
8758.0 1.4454e-09
8760.0 1.4359e-09
8762.0 1.399e-09
8764.0 1.395e-09
8766.0 1.4489e-09
8768.0 1.4551e-09
8770.0 1.4391e-09
8772.0 1.4516e-09
8774.0 1.4252e-09
8776.0 1.4596e-09
8778.0 1.4799e-09
8780.0 1.4752e-09
8782.0 1.4895e-09
8784.0 1.4955e-09
8786.0 1.4871e-09
8788.0 1.4772e-09
8790.0 1.4889e-09
8792.0 1.4962e-09
8794.0 1.4995e-09
8796.0 1.5003e-09
8798.0 1.5023e-09
8800.0 1.4743e-09
8802.0 1.5083e-09
8804.0 1.5343e-09
8806.0 1.5351e-09
8808.0 1.5631e-09
8810.0 1.5711e-09
8812.0 1.5476e-09
8814.0 1.5714e-09
8816.0 1.5514e-09
8818.0 1.5255e-09
8820.0 1.5512e-09
8822.0 1.563e-09
8824.0 1.5684e-09
8826.0 1.5554e-09
8828.0 1.5655e-09
8830.0 1.5955e-09
8832.0 1.6166e-09
8834.0 1.6207e-09
8836.0 1.6127e-09
8838.0 1.5985e-09
8840.0 1.5966e-09
8842.0 1.5998e-09
8844.0 1.6181e-09
8846.0 1.6312e-09
8848.0 1.671e-09
8850.0 1.6456e-09
8852.0 1.6352e-09
8854.0 1.6216e-09
8856.0 1.6053e-09
8858.0 1.6194e-09
8860.0 1.6779e-09
8862.0 1.6931e-09
8864.0 1.6952e-09
8866.0 1.7016e-09
8868.0 1.7123e-09
8870.0 1.7277e-09
8872.0 1.7368e-09
8874.0 1.75e-09
8876.0 1.7326e-09
8878.0 1.7827e-09
8880.0 1.7973e-09
8882.0 1.774e-09
8884.0 1.7968e-09
8886.0 1.8158e-09
8888.0 1.8059e-09
8890.0 1.8015e-09
8892.0 1.8654e-09
8894.0 1.8404e-09
8896.0 1.824e-09
8898.0 1.8293e-09
8900.0 1.8508e-09
8902.0 1.8181e-09
8904.0 1.8233e-09
8906.0 1.8396e-09
8908.0 1.8262e-09
8910.0 1.8475e-09
8912.0 1.8666e-09
8914.0 1.866e-09
8916.0 1.8367e-09
8918.0 1.836e-09
8920.0 1.8765e-09
8922.0 1.863e-09
8924.0 1.8697e-09
8926.0 1.85e-09
8928.0 1.8439e-09
8930.0 1.8982e-09
8932.0 1.8986e-09
8934.0 1.8793e-09
8936.0 1.8755e-09
8938.0 1.8897e-09
8940.0 1.8727e-09
8942.0 1.8432e-09
8944.0 1.8572e-09
8946.0 1.8767e-09
8948.0 1.8703e-09
8950.0 1.8774e-09
8952.0 1.8988e-09
8954.0 1.9066e-09
8956.0 1.9e-09
8958.0 1.8648e-09
8960.0 1.8647e-09
8962.0 1.886e-09
8964.0 1.8969e-09
8966.0 1.89e-09
8968.0 1.8966e-09
8970.0 1.8996e-09
8972.0 1.877e-09
8974.0 1.8604e-09
8976.0 1.8599e-09
8978.0 1.8735e-09
8980.0 1.895e-09
8982.0 1.8729e-09
8984.0 1.8742e-09
8986.0 1.9075e-09
8988.0 1.897e-09
8990.0 1.8482e-09
8992.0 1.828e-09
8994.0 1.8397e-09
8996.0 1.8542e-09
8998.0 1.8457e-09
9000.0 1.8493e-09
9002.0 1.8247e-09
9004.0 1.7861e-09
9006.0 1.7946e-09
9008.0 1.8216e-09
9010.0 1.8345e-09
9012.0 1.8242e-09
9014.0 1.8402e-09
9016.0 1.849e-09
9018.0 1.8491e-09
9020.0 1.8332e-09
9022.0 1.8395e-09
9024.0 1.8683e-09
9026.0 1.8765e-09
9028.0 1.8761e-09
9030.0 1.8736e-09
9032.0 1.8791e-09
9034.0 1.8666e-09
9036.0 1.8704e-09
9038.0 1.9034e-09
9040.0 1.9243e-09
9042.0 1.8926e-09
9044.0 1.8727e-09
9046.0 1.8722e-09
9048.0 1.9008e-09
9050.0 1.8974e-09
9052.0 1.8789e-09
9054.0 1.8408e-09
9056.0 1.8917e-09
9058.0 1.941e-09
9060.0 1.9138e-09
9062.0 1.9424e-09
9064.0 1.9379e-09
9066.0 1.9246e-09
9068.0 1.9375e-09
9070.0 1.8923e-09
9072.0 1.9045e-09
9074.0 1.9228e-09
9076.0 1.9357e-09
9078.0 1.9565e-09
9080.0 1.9288e-09
9082.0 1.9166e-09
9084.0 1.94e-09
9086.0 1.939e-09
9088.0 1.9003e-09
9090.0 1.9445e-09
9092.0 1.9864e-09
9094.0 1.9608e-09
9096.0 1.9351e-09
9098.0 1.9363e-09
9100.0 1.9367e-09
9102.0 1.9491e-09
9104.0 1.9501e-09
9106.0 1.9368e-09
9108.0 1.9648e-09
9110.0 1.9548e-09
9112.0 1.9517e-09
9114.0 1.9759e-09
9116.0 1.977e-09
9118.0 1.9649e-09
9120.0 1.9549e-09
9122.0 1.9766e-09
9124.0 1.9486e-09
9126.0 1.9651e-09
9128.0 1.9924e-09
9130.0 2.0013e-09
9132.0 2.0045e-09
9134.0 2.0067e-09
9136.0 1.982e-09
9138.0 1.9556e-09
9140.0 2.0272e-09
9142.0 1.9973e-09
9144.0 1.9871e-09
9146.0 1.9747e-09
9148.0 1.9754e-09
9150.0 2.0032e-09
9152.0 2.0112e-09
9154.0 2.0295e-09
9156.0 2.0294e-09
