5055.00 1.6728e-16
5057.64 1.654e-16
5060.29 1.6017e-16
5062.93 1.7465e-16
5065.58 1.7282e-16
5068.22 1.6276e-16
5070.87 1.57e-16
5073.51 1.7104e-16
5076.16 1.8067e-16
5078.80 1.5298e-16
5081.45 1.3508e-16
5084.09 1.4513e-16
5086.74 1.352e-16
5089.38 1.2401e-16
5092.03 1.1581e-16
5094.67 1.2353e-16
5097.32 1.2725e-16
5099.96 1.2792e-16
5102.61 1.2856e-16
5105.25 1.203e-16
5107.90 1.1281e-16
5110.54 1.2172e-16
5113.19 1.2624e-16
5115.83 1.2112e-16
5118.48 1.2777e-16
5121.12 1.3653e-16
5123.76 1.248e-16
5126.41 1.2798e-16
5129.05 1.3138e-16
5131.70 1.1787e-16
5134.34 1.1463e-16
5136.99 1.1018e-16
5139.63 1.0791e-16
5142.28 1.114e-16
5144.92 1.0983e-16
5147.57 1.0244e-16
5150.21 9.823e-17
5152.86 9.1066e-17
5155.50 8.7263e-17
5158.15 8.13e-17
5160.79 6.8102e-17
5163.44 6.6067e-17
5166.08 6.379e-17
5168.73 5.6627e-17
5171.37 5.2427e-17
5174.02 5.3913e-17
5176.66 5.6477e-17
5179.31 6.3976e-17
5181.95 7.2368e-17
5184.60 8.0441e-17
5187.24 7.8546e-17
5189.88 6.9153e-17
5192.53 8.1415e-17
5195.17 1.0017e-16
5197.82 1.0127e-16
5200.46 1.0568e-16
5203.11 1.1434e-16
5205.75 1.1624e-16
5208.40 1.1701e-16
5211.04 1.1377e-16
5213.69 1.151e-16
5216.33 1.1827e-16
5218.98 1.1172e-16
5221.62 1.071e-16
5224.27 1.09e-16
5226.91 1.0978e-16
5229.56 1.1215e-16
5232.20 1.124e-16
5234.85 1.1137e-16
5237.49 1.0578e-16
5240.14 9.3277e-17
5242.78 9.1457e-17
5245.43 9.27e-17
5248.07 8.7957e-17
5250.72 8.152e-17
5253.36 8.0166e-17
5256.00 8.0443e-17
5258.65 8.3417e-17
5261.29 8.5433e-17
5263.94 7.7614e-17
5266.58 8.4865e-17
5269.23 8.948e-17
5271.87 9.2951e-17
5274.52 1.014e-16
5277.16 1.0591e-16
5279.81 1.0887e-16
5282.45 1.18e-16
5285.10 1.2829e-16
5287.74 1.3083e-16
5290.39 1.3974e-16
5293.03 1.4915e-16
5295.68 1.4765e-16
5298.32 1.4488e-16
5300.97 1.4237e-16
5303.61 1.4578e-16
5306.26 1.4014e-16
5308.90 1.2746e-16
5311.55 1.2078e-16
5314.19 1.2223e-16
5316.84 1.176e-16
5319.48 1.0983e-16
5322.12 1.0947e-16
5324.77 1.0207e-16
5327.41 9.912e-17
5330.06 1.0237e-16
5332.70 9.9076e-17
5335.35 1.072e-16
5337.99 1.1315e-16
5340.64 1.1789e-16
5343.28 1.2862e-16
5345.93 1.3276e-16
5348.57 1.2646e-16
5351.22 1.3125e-16
5353.86 1.3718e-16
5356.51 1.354e-16
5359.15 1.3239e-16
5361.80 1.3568e-16
5364.44 1.3291e-16
5367.09 1.1626e-16
5369.73 1.1442e-16
5372.38 1.1626e-16
5375.02 1.1341e-16
5377.67 1.1435e-16
5380.31 1.1481e-16
5382.96 1.0976e-16
5385.60 1.0983e-16
5388.24 1.1461e-16
5390.89 1.2012e-16
5393.53 1.2033e-16
5396.18 1.1461e-16
5398.82 1.1535e-16
5401.47 1.1375e-16
5404.11 1.0969e-16
5406.76 1.1347e-16
5409.40 1.1544e-16
5412.05 1.1163e-16
5414.69 1.1018e-16
5417.34 1.2207e-16
5419.98 1.2753e-16
5422.63 1.2144e-16
5425.27 1.2198e-16
5427.92 1.2157e-16
5430.56 1.1603e-16
5433.21 1.1508e-16
5435.85 1.1434e-16
5438.50 1.1671e-16
5441.14 1.1917e-16
5443.79 1.2358e-16
5446.43 1.353e-16
5449.08 1.4128e-16
5451.72 1.4188e-16
5454.36 1.4349e-16
5457.01 1.4506e-16
5459.65 1.5351e-16
5462.30 1.5853e-16
5464.94 1.5832e-16
5467.59 1.668e-16
5470.23 1.7942e-16
5472.88 1.9287e-16
5475.52 2.0255e-16
5478.17 2.015e-16
5480.81 2.0082e-16
5483.46 2.0244e-16
5486.10 1.9963e-16
5488.75 1.8959e-16
5491.39 1.9042e-16
5494.04 1.9368e-16
5496.68 1.8897e-16
5499.33 1.8459e-16
5501.97 1.8267e-16
5504.62 1.8505e-16
5507.26 1.917e-16
5509.91 1.8807e-16
5512.55 1.8492e-16
5515.20 1.8636e-16
5517.84 1.8397e-16
5520.48 1.8069e-16
5523.13 1.8161e-16
5525.77 1.7992e-16
5528.42 1.7332e-16
5531.06 1.7629e-16
5533.71 1.7627e-16
5536.35 1.6418e-16
5539.00 1.638e-16
5541.64 1.7153e-16
5544.29 1.7421e-16
5546.93 1.7357e-16
5549.58 1.749e-16
5552.22 1.8691e-16
5554.87 2.0134e-16
5557.51 2.0292e-16
5560.16 1.9977e-16
5562.80 1.9988e-16
5565.45 2.0431e-16
5568.09 2.2039e-16
5570.74 2.1925e-16
5573.38 2.1574e-16
5576.03 2.0792e-16
5578.67 1.8791e-16
5581.31 1.7531e-16
5583.96 1.7762e-16
5586.60 1.9156e-16
5589.25 1.9415e-16
5591.89 2.0446e-16
5594.54 2.0376e-16
5597.18 1.9606e-16
5599.83 1.9853e-16
5602.47 1.9576e-16
5605.12 2.014e-16
5607.76 2.0487e-16
5610.41 2.0103e-16
5613.05 2.0047e-16
5615.70 2.0246e-16
5618.34 1.9979e-16
5620.99 1.9801e-16
5623.63 1.9934e-16
5626.28 1.9999e-16
5628.92 2.0197e-16
5631.57 2.0748e-16
5634.21 2.103e-16
5636.86 2.0174e-16
5639.50 1.9377e-16
5642.15 1.9536e-16
5644.79 1.8968e-16
5647.43 1.7961e-16
5650.08 1.7987e-16
5652.72 1.7151e-16
5655.37 1.6503e-16
5658.01 1.7018e-16
5660.66 1.7126e-16
5663.30 1.6421e-16
5665.95 1.5576e-16
5668.59 1.5858e-16
5671.24 1.5649e-16
5673.88 1.5366e-16
5676.53 1.5632e-16
5679.17 1.6023e-16
5681.82 1.627e-16
5684.46 1.6682e-16
5687.11 1.7593e-16
5689.75 1.7842e-16
5692.40 1.7603e-16
5695.04 1.763e-16
5697.69 1.7921e-16
5700.33 1.7415e-16
5702.98 1.8224e-16
5705.62 1.8714e-16
5708.27 1.8278e-16
5710.91 1.8055e-16
5713.55 1.7982e-16
5716.20 1.8008e-16
5718.84 1.778e-16
5721.49 1.8111e-16
5724.13 1.825e-16
5726.78 1.8478e-16
5729.42 1.9126e-16
5732.07 1.9177e-16
5734.71 1.8535e-16
5737.36 1.8388e-16
5740.00 1.9046e-16
5742.65 1.9306e-16
5745.29 1.9005e-16
5747.94 1.942e-16
5750.58 1.9721e-16
5753.23 1.9699e-16
5755.87 1.9362e-16
5758.52 1.9532e-16
5761.16 1.9568e-16
5763.81 1.8931e-16
5766.45 1.9556e-16
5769.10 1.963e-16
5771.74 1.9332e-16
5774.39 1.9592e-16
5777.03 1.9031e-16
5779.67 1.889e-16
5782.32 1.8894e-16
5784.96 1.8137e-16
5787.61 1.7687e-16
5790.25 1.6884e-16
5792.90 1.5041e-16
5795.54 1.3452e-16
5798.19 1.2964e-16
5800.83 1.1989e-16
5803.48 1.0497e-16
5806.12 1.0053e-16
5808.77 9.2784e-17
5811.41 8.5462e-17
5814.06 8.2167e-17
5816.70 7.9431e-17
5819.35 7.727e-17
5821.99 7.7609e-17
5824.64 7.6706e-17
5827.28 7.2867e-17
5829.93 7.0113e-17
5832.57 6.8502e-17
5835.22 6.0907e-17
5837.86 5.5564e-17
5840.51 5.5183e-17
5843.15 5.3304e-17
5845.79 5.2528e-17
5848.44 4.8904e-17
5851.08 4.7567e-17
5853.73 4.8973e-17
5856.37 5.0064e-17
5859.02 4.7965e-17
5861.66 5.1151e-17
5864.31 5.3414e-17
5866.95 5.1626e-17
5869.60 5.814e-17
5872.24 6.4816e-17
5874.89 6.4727e-17
5877.53 6.8904e-17
5880.18 7.3667e-17
5882.82 8.0331e-17
5885.47 9.2475e-17
5888.11 9.5055e-17
5890.76 8.8398e-17
5893.40 9.3466e-17
5896.05 1.0327e-16
5898.69 1.1964e-16
5901.34 1.3936e-16
5903.98 1.5879e-16
5906.63 1.8387e-16
5909.27 2.1052e-16
5911.91 2.3307e-16
5914.56 2.4939e-16
5917.20 2.6326e-16
5919.85 2.8076e-16
5922.49 2.9156e-16
5925.14 3.0571e-16
5927.78 3.1829e-16
5930.43 3.1417e-16
5933.07 3.1185e-16
5935.72 3.1821e-16
5938.36 3.2205e-16
5941.01 3.2042e-16
5943.65 3.1804e-16
5946.30 3.1152e-16
5948.94 3.0508e-16
5951.59 3.0543e-16
5954.23 3.0139e-16
5956.88 2.9431e-16
5959.52 2.8806e-16
5962.17 2.7809e-16
5964.81 2.6921e-16
5967.46 2.665e-16
5970.10 2.6562e-16
5972.75 2.6002e-16
5975.39 2.548e-16
5978.03 2.5273e-16
5980.68 2.5826e-16
5983.32 2.5198e-16
5985.97 2.4596e-16
5988.61 2.4162e-16
5991.26 2.3999e-16
5993.90 2.3672e-16
5996.55 2.3409e-16
5999.19 2.3358e-16
6001.84 2.3182e-16
6004.48 2.2395e-16
6007.13 2.1913e-16
6009.77 2.2143e-16
6012.42 2.2294e-16
6015.06 2.2129e-16
6017.71 2.1806e-16
6020.35 2.1664e-16
6023.00 2.1796e-16
6025.64 2.1317e-16
6028.29 2.0854e-16
6030.93 2.104e-16
6033.58 2.1141e-16
6036.22 2.0621e-16
6038.87 2.0649e-16
6041.51 2.0778e-16
6044.15 2.046e-16
6046.80 2.0548e-16
6049.44 2.0548e-16
6052.09 2.081e-16
6054.73 2.0762e-16
6057.38 2.0126e-16
6060.02 1.9825e-16
6062.67 2.0109e-16
6065.31 2.0264e-16
6067.96 1.9861e-16
6070.60 1.9575e-16
6073.25 1.9446e-16
6075.89 1.9124e-16
6078.54 1.9281e-16
6081.18 1.9315e-16
6083.83 1.9564e-16
6086.47 1.9418e-16
6089.12 1.8987e-16
6091.76 1.9197e-16
6094.41 1.9107e-16
6097.05 1.8787e-16
6099.70 1.8632e-16
6102.34 1.8197e-16
6104.99 1.7869e-16
6107.63 1.8042e-16
6110.27 1.7787e-16
6112.92 1.7135e-16
6115.56 1.6863e-16
6118.21 1.6371e-16
6120.85 1.4943e-16
6123.50 1.3442e-16
6126.14 1.2315e-16
6128.79 1.1407e-16
6131.43 1.0468e-16
6134.08 9.5973e-17
6136.72 8.4907e-17
6139.37 7.5158e-17
6142.01 7.9553e-17
6144.66 8.2889e-17
6147.30 8.4513e-17
6149.95 9.3778e-17
6152.59 1.082e-16
6155.24 1.1699e-16
6157.88 1.3374e-16
6160.53 1.4963e-16
6163.17 1.6435e-16
6165.82 1.7577e-16
6168.46 1.8573e-16
6171.11 1.9683e-16
6173.75 2.0698e-16
6176.39 2.1666e-16
6179.04 2.2184e-16
6181.68 2.2727e-16
6184.33 2.3145e-16
6186.97 2.3232e-16
6189.62 2.3506e-16
6192.26 2.3701e-16
6194.91 2.336e-16
6197.55 2.309e-16
6200.20 2.3484e-16
6202.84 2.3501e-16
6205.49 2.3707e-16
6208.13 2.3682e-16
6210.78 2.2594e-16
6213.42 2.2496e-16
6216.07 2.2329e-16
6218.71 2.208e-16
6221.36 2.1487e-16
6224.00 2.1478e-16
6226.65 2.1423e-16
6229.29 2.0954e-16
6231.94 2.0999e-16
6234.58 2.0756e-16
6237.23 2.0355e-16
6239.87 2.0146e-16
6242.51 1.9755e-16
6245.16 1.9574e-16
6247.80 1.9186e-16
6250.45 1.8707e-16
6253.09 1.8563e-16
6255.74 1.8218e-16
6258.38 1.7849e-16
6261.03 1.7712e-16
6263.67 1.7817e-16
6266.32 1.8058e-16
6268.96 1.8698e-16
6271.61 1.894e-16
6274.25 1.8502e-16
6276.90 1.8418e-16
6279.54 1.8518e-16
6282.19 1.8713e-16
6284.83 1.8835e-16
6287.48 1.9363e-16
6290.12 1.9547e-16
6292.77 1.9506e-16
6295.41 1.9826e-16
6298.06 2.0182e-16
6300.70 2.0413e-16
6303.35 2.0341e-16
6305.99 2.0531e-16
6308.63 2.0474e-16
6311.28 2.0642e-16
6313.92 2.0807e-16
6316.57 2.0769e-16
6319.21 2.0947e-16
6321.86 2.0855e-16
6324.50 2.0821e-16
6327.15 2.1228e-16
6329.79 2.1412e-16
6332.44 2.1403e-16
6335.08 2.1601e-16
6337.73 2.1439e-16
6340.37 2.1441e-16
6343.02 2.1927e-16
6345.66 2.1525e-16
6348.31 2.1077e-16
6350.95 2.1714e-16
6353.60 2.1357e-16
6356.24 2.0839e-16
6358.89 2.0528e-16
6361.53 2.0125e-16
6364.18 2.0538e-16
6366.82 2.0772e-16
6369.47 2.0873e-16
6372.11 2.0799e-16
6374.75 2.0945e-16
6377.40 2.164e-16
6380.04 2.1609e-16
6382.69 2.1882e-16
6385.33 2.2109e-16
6387.98 2.1829e-16
6390.62 2.2008e-16
6393.27 2.2496e-16
6395.91 2.274e-16
6398.56 2.2629e-16
6401.20 2.2201e-16
6403.85 2.1923e-16
6406.49 2.2057e-16
6409.14 2.206e-16
6411.78 2.2109e-16
6414.43 2.1825e-16
6417.07 2.1616e-16
6419.72 2.1384e-16
6422.36 2.1068e-16
6425.01 2.1124e-16
6427.65 2.0854e-16
6430.30 2.078e-16
6432.94 2.0655e-16
6435.59 2.0465e-16
6438.23 2.0385e-16
6440.87 2.056e-16
6443.52 2.0753e-16
6446.16 2.0225e-16
6448.81 2.0321e-16
6451.45 2.0188e-16
6454.10 1.968e-16
6456.74 2.0228e-16
6459.39 2.0353e-16
6462.03 1.9139e-16
6464.68 1.8703e-16
6467.32 1.8013e-16
6469.97 1.6976e-16
6472.61 1.6299e-16
6475.26 1.5945e-16
6477.90 1.5255e-16
6480.55 1.4506e-16
6483.19 1.3801e-16
6485.84 1.2659e-16
6488.48 1.1865e-16
6491.13 1.1269e-16
6493.77 1.0036e-16
6496.42 8.9884e-17
6499.06 8.6602e-17
6501.71 8.6633e-17
6504.35 9.3208e-17
6506.99 9.896e-17
6509.64 1.1292e-16
6512.28 1.2659e-16
6514.93 1.4209e-16
6517.57 1.8782e-16
6520.22 2.3942e-16
6522.86 2.242e-16
6525.51 1.9774e-16
6528.15 2.2055e-16
6530.80 2.3013e-16
6533.44 2.3479e-16
6536.09 2.4214e-16
6538.73 2.5266e-16
6541.38 2.5568e-16
6544.02 2.5121e-16
6546.67 2.4763e-16
6549.31 2.4312e-16
6551.96 2.4101e-16
6554.60 2.3741e-16
6557.25 2.3302e-16
6559.89 2.3182e-16
6562.54 2.3629e-16
6565.18 2.4473e-16
6567.83 2.5948e-16
6570.47 2.8476e-16
6573.11 3.1136e-16
6575.76 3.4244e-16
6578.40 3.8077e-16
6581.05 4.2331e-16
6583.69 4.4606e-16
6586.34 4.5774e-16
6588.98 4.7462e-16
6591.63 4.8539e-16
6594.27 4.9552e-16
6596.92 5.2995e-16
6599.56 5.7211e-16
6602.21 5.9164e-16
6604.85 5.7379e-16
6607.50 5.1755e-16
6610.14 4.5847e-16
6612.79 4.1647e-16
6615.43 3.9025e-16
6618.08 3.8208e-16
6620.72 3.7701e-16
6623.37 3.6209e-16
6626.01 3.448e-16
6628.66 3.2802e-16
6631.30 3.1092e-16
6633.94 2.9718e-16
6636.59 2.8596e-16
6639.23 2.7428e-16
6641.88 2.7025e-16
6644.52 2.689e-16
6647.17 2.591e-16
6649.81 2.537e-16
6652.46 2.4707e-16
6655.10 2.4288e-16
6657.75 2.3877e-16
6660.39 2.3677e-16
6663.04 2.3264e-16
6665.68 2.2539e-16
6668.33 2.1984e-16
6670.97 2.1923e-16
6673.62 2.1789e-16
6676.26 2.1548e-16
6678.91 2.1384e-16
6681.55 2.1505e-16
6684.20 2.1226e-16
6686.84 2.0915e-16
6689.49 2.103e-16
6692.13 2.1125e-16
6694.78 2.1237e-16
6697.42 2.0932e-16
6700.06 2.1098e-16
6702.71 2.1778e-16
6705.35 2.1769e-16
6708.00 2.1074e-16
6710.64 2.1453e-16
6713.29 2.1787e-16
6715.93 2.1314e-16
6718.58 2.137e-16
6721.22 2.1582e-16
6723.87 2.1256e-16
6726.51 2.0786e-16
6729.16 2.063e-16
6731.80 2.0478e-16
6734.45 2.0431e-16
6737.09 2.0577e-16
6739.74 2.0443e-16
6742.38 2.0357e-16
6745.03 2.0575e-16
6747.67 2.0423e-16
6750.32 2.0513e-16
6752.96 2.148e-16
6755.61 2.2145e-16
6758.25 2.1758e-16
6760.90 2.1168e-16
6763.54 2.0652e-16
6766.18 2.038e-16
6768.83 2.0305e-16
6771.47 2.0533e-16
6774.12 2.0686e-16
6776.76 2.0084e-16
6779.41 1.9552e-16
6782.05 1.9795e-16
6784.70 1.9727e-16
6787.34 1.9391e-16
6789.99 1.9458e-16
6792.63 1.9706e-16
6795.28 1.9949e-16
6797.92 1.963e-16
6800.57 1.9525e-16
6803.21 1.9682e-16
6805.86 1.9964e-16
6808.50 1.9947e-16
6811.15 1.9803e-16
6813.79 1.9736e-16
6816.44 2.0581e-16
6819.08 2.0767e-16
6821.73 2.0202e-16
6824.37 2.0541e-16
6827.02 2.0456e-16
6829.66 2.0154e-16
6832.30 2.037e-16
6834.95 1.9798e-16
6837.59 1.9344e-16
6840.24 1.9344e-16
6842.88 1.9374e-16
6845.53 1.9799e-16
6848.17 2.0038e-16
6850.82 2.0281e-16
6853.46 2.0251e-16
6856.11 2.0526e-16
6858.75 2.0938e-16
6861.40 2.1196e-16
6864.04 2.1115e-16
6866.69 2.0641e-16
6869.33 2.008e-16
6871.98 1.8897e-16
6874.62 1.8517e-16
6877.27 1.8972e-16
6879.91 1.9394e-16
6882.56 2.0073e-16
6885.20 2.0553e-16
6887.85 1.9942e-16
6890.49 1.9524e-16
6893.14 1.9562e-16
6895.78 1.9185e-16
6898.42 1.9447e-16
6901.07 1.9952e-16
6903.71 2.0317e-16
6906.36 2.0009e-16
6909.00 1.9535e-16
6911.65 1.9668e-16
6914.29 1.9764e-16
6916.94 1.9837e-16
6919.58 1.9404e-16
6922.23 1.9321e-16
6924.87 1.9352e-16
6927.52 1.8872e-16
6930.16 1.8655e-16
6932.81 1.859e-16
6935.45 1.8292e-16
6938.10 1.845e-16
6940.74 1.8556e-16
6943.39 1.848e-16
6946.03 1.9093e-16
6948.68 1.9186e-16
6951.32 1.8629e-16
6953.97 1.8429e-16
6956.61 1.8325e-16
6959.26 1.9102e-16
6961.90 1.9427e-16
6964.54 1.93e-16
6967.19 1.9423e-16
6969.83 1.9882e-16
6972.48 1.9921e-16
6975.12 1.9672e-16
6977.77 1.9579e-16
6980.41 1.9421e-16
6983.06 1.9077e-16
6985.70 1.9097e-16
6988.35 1.9222e-16
6990.99 1.952e-16
6993.64 1.9831e-16
6996.28 1.9924e-16
6998.93 1.9924e-16
7001.57 1.9713e-16
7004.22 1.9518e-16
7006.86 1.9526e-16
7009.51 1.9848e-16
7012.15 1.9401e-16
7014.80 1.8908e-16
7017.44 1.8864e-16
7020.09 1.8878e-16
7022.73 1.9147e-16
7025.38 1.958e-16
7028.02 1.9449e-16
7030.66 1.9353e-16
7033.31 1.9439e-16
7035.95 1.9406e-16
7038.60 1.962e-16
7041.24 1.9838e-16
7043.89 1.957e-16
7046.53 1.9803e-16
7049.18 2.022e-16
7051.82 2.0162e-16
7054.47 2.0106e-16
7057.11 1.996e-16
7059.76 2.0103e-16
7062.40 2.0757e-16
7065.05 2.0666e-16
7067.69 2.0119e-16
7070.34 2.0233e-16
7072.98 2.0525e-16
7075.63 2.0404e-16
7078.27 2.0338e-16
7080.92 2.0456e-16
7083.56 2.0242e-16
7086.21 2.071e-16
7088.85 2.1326e-16
7091.50 2.1145e-16
7094.14 2.1027e-16
7096.78 2.0896e-16
7099.43 2.1073e-16
7102.07 2.1421e-16
7104.72 2.1576e-16
7107.36 2.1445e-16
7110.01 2.1352e-16
7112.65 2.1817e-16
7115.30 2.189e-16
7117.94 2.1533e-16
7120.59 2.1634e-16
7123.23 2.1826e-16
7125.88 2.1686e-16
7128.52 2.1405e-16
7131.17 2.1257e-16
7133.81 2.0822e-16
7136.46 2.0402e-16
7139.10 2.0151e-16
7141.75 2.0111e-16
7144.39 2.0311e-16
7147.04 2.0325e-16
7149.68 1.9776e-16
7152.33 1.9462e-16
7154.97 1.9563e-16
7157.62 2.0007e-16
7160.26 1.962e-16
7162.90 1.9093e-16
7165.55 1.9035e-16
7168.19 1.8952e-16
7170.84 1.944e-16
7173.48 1.9423e-16
7176.13 1.9668e-16
7178.77 2.0337e-16
7181.42 1.99e-16
7184.06 1.972e-16
7186.71 1.9839e-16
7189.35 1.968e-16
7192.00 1.9502e-16
7194.64 1.9506e-16
7197.29 1.9314e-16
7199.93 1.9256e-16
7202.58 1.9567e-16
7205.22 1.9976e-16
7207.87 1.9857e-16
7210.51 2.009e-16
7213.16 2.0335e-16
7215.80 2.0757e-16
7218.45 2.0422e-16
7221.09 2.0064e-16
7223.74 1.9919e-16
7226.38 1.9585e-16
7229.02 1.9692e-16
7231.67 1.944e-16
7234.31 1.9316e-16
7236.96 1.9635e-16
7239.60 1.9442e-16
7242.25 1.9277e-16
7244.89 1.9073e-16
7247.54 1.9629e-16
7250.18 2.0054e-16
7252.83 1.9592e-16
7255.47 1.972e-16
7258.12 1.9726e-16
7260.76 1.9634e-16
7263.41 1.9866e-16
7266.05 1.9891e-16
7268.70 1.9762e-16
7271.34 2.0122e-16
7273.99 2.0175e-16
7276.63 1.9272e-16
7279.28 1.885e-16
7281.92 1.9458e-16
7284.57 1.9758e-16
7287.21 1.972e-16
7289.86 1.9419e-16
7292.50 1.8849e-16
7295.14 1.9095e-16
7297.79 1.9548e-16
7300.43 1.9371e-16
7303.08 1.9752e-16
7305.72 2.039e-16
7308.37 2.0879e-16
7311.01 2.1749e-16
7313.66 2.2687e-16
7316.30 2.2877e-16
7318.95 2.2532e-16
7321.59 2.2752e-16
7324.24 2.332e-16
7326.88 2.3785e-16
7329.53 2.398e-16
7332.17 2.3931e-16
7334.82 2.4307e-16
7337.46 2.4911e-16
7340.11 2.5335e-16
7342.75 2.5179e-16
7345.40 2.4679e-16
7348.04 2.5082e-16
7350.69 2.5953e-16
7353.33 2.6127e-16
7355.98 2.6134e-16
7358.62 2.5709e-16
7361.26 2.5526e-16
7363.91 2.5802e-16
7366.55 2.536e-16
7369.20 2.4747e-16
7371.84 2.4384e-16
7374.49 2.4117e-16
7377.13 2.3721e-16
7379.78 2.3397e-16
7382.42 2.3522e-16
7385.07 2.3608e-16
7387.71 2.3317e-16
7390.36 2.3197e-16
7393.00 2.317e-16
7395.65 2.2708e-16
7398.29 2.2549e-16
7400.94 2.2382e-16
7403.58 2.215e-16
7406.23 2.2313e-16
7408.87 2.2241e-16
7411.52 2.1995e-16
7414.16 2.169e-16
7416.81 2.1675e-16
7419.45 2.142e-16
7422.10 2.1151e-16
7424.74 2.1342e-16
7427.38 2.1023e-16
7430.03 2.0814e-16
7432.67 2.0876e-16
7435.32 2.0605e-16
7437.96 2.0232e-16
7440.61 1.9972e-16
7443.25 2.0045e-16
7445.90 2.0479e-16
7448.54 2.0515e-16
7451.19 2.0543e-16
7453.83 2.055e-16
7456.48 2.0451e-16
7459.12 2.0558e-16
7461.77 2.0375e-16
7464.41 2.0472e-16
7467.06 2.0606e-16
7469.70 2.0327e-16
7472.35 2.0714e-16
7474.99 2.0714e-16
7477.64 2.0682e-16
7480.28 2.0962e-16
7482.93 2.1272e-16
7485.57 2.0678e-16
7488.22 2.0208e-16
7490.86 2.0376e-16
7493.50 2.0823e-16
7496.15 2.1143e-16
7498.79 2.0843e-16
7501.44 2.0495e-16
7504.08 2.1017e-16
7506.73 2.1413e-16
7509.37 2.1346e-16
7512.02 2.1508e-16
7514.66 2.1636e-16
7517.31 2.1548e-16
7519.95 2.1514e-16
7522.60 2.1226e-16
7525.24 2.1166e-16
7527.89 2.0854e-16
7530.53 2.0451e-16
7533.18 2.0775e-16
7535.82 2.1108e-16
7538.47 2.1141e-16
7541.11 2.1282e-16
7543.76 2.1409e-16
7546.40 2.1314e-16
7549.05 2.1167e-16
7551.69 2.1347e-16
7554.34 2.1243e-16
7556.98 2.1172e-16
7559.62 2.1113e-16
7562.27 2.1139e-16
7564.91 2.1798e-16
7567.56 2.2025e-16
7570.20 2.1565e-16
7572.85 2.1237e-16
7575.49 2.097e-16
7578.14 2.035e-16
7580.78 2.0501e-16
7583.43 2.0895e-16
7586.07 2.094e-16
7588.72 2.1245e-16
7591.36 2.1721e-16
7594.01 2.1761e-16
7596.65 2.141e-16
7599.30 2.1027e-16
7601.94 1.9627e-16
7604.59 1.6855e-16
7607.23 1.5922e-16
7609.88 1.5106e-16
7612.52 1.4981e-16
7615.17 1.6046e-16
7617.81 1.7107e-16
7620.46 1.7915e-16
7623.10 1.8744e-16
7625.74 1.8859e-16
7628.39 1.8309e-16
7631.03 1.7578e-16
7633.68 1.7408e-16
7636.32 1.7615e-16
7638.97 1.7828e-16
7641.61 1.8086e-16
7644.26 1.8482e-16
7646.90 1.8183e-16
7649.55 1.8338e-16
7652.19 1.8771e-16
7654.84 1.8707e-16
7657.48 1.8845e-16
7660.13 1.9341e-16
7662.77 1.9313e-16
7665.42 1.9376e-16
7668.06 1.9082e-16
7670.71 1.8601e-16
7673.35 1.8616e-16
7676.00 1.8836e-16
7678.64 1.9275e-16
7681.29 1.9647e-16
7683.93 1.9766e-16
7686.57 2.0037e-16
7689.22 2.016e-16
7691.86 2.0221e-16
7694.51 2.0719e-16
7697.15 2.1291e-16
7699.80 2.1846e-16
7702.44 2.2353e-16
7705.09 2.2559e-16
7707.73 2.2352e-16
7710.38 2.1979e-16
7713.02 2.2036e-16
7715.67 2.2215e-16
7718.31 2.2002e-16
7720.96 2.1691e-16
7723.60 2.2024e-16
7726.25 2.2302e-16
7728.89 2.2149e-16
7731.54 2.2301e-16
7734.18 2.2403e-16
7736.83 2.2566e-16
7739.47 2.3016e-16
7742.12 2.3391e-16
7744.76 2.3455e-16
7747.41 2.3248e-16
7750.05 2.3008e-16
7752.69 2.2494e-16
7755.34 2.215e-16
7757.98 2.2021e-16
7760.63 2.2227e-16
7763.27 2.2441e-16
7765.92 2.2171e-16
7768.56 2.215e-16
7771.21 2.2596e-16
7773.85 2.2374e-16
7776.50 2.2118e-16
7779.14 2.1684e-16
7781.79 2.0573e-16
7784.43 1.9784e-16
7787.08 1.9977e-16
7789.72 2.0535e-16
7792.37 2.0861e-16
7795.01 2.0938e-16
7797.66 2.0315e-16
7800.30 1.9938e-16
7802.95 2.0192e-16
7805.59 2.0684e-16
7808.24 2.0938e-16
7810.88 2.1067e-16
7813.53 2.1212e-16
7816.17 2.1403e-16
7818.81 2.1635e-16
7821.46 2.1311e-16
7824.10 2.0545e-16
7826.75 1.9977e-16
7829.39 2.0284e-16
7832.04 2.1159e-16
7834.68 2.1714e-16
7837.33 2.1316e-16
7839.97 2.0422e-16
7842.62 2.0253e-16
7845.26 2.0704e-16
7847.91 2.1174e-16
7850.55 2.0673e-16
7853.20 2.0154e-16
7855.84 2.0037e-16
7858.49 1.9388e-16
7861.13 1.9387e-16
7863.78 1.9988e-16
7866.42 2.0212e-16
7869.07 1.9843e-16
7871.71 1.9544e-16
7874.36 1.9512e-16
7877.00 1.9166e-16
7879.65 1.9381e-16
7882.29 2.0004e-16
7884.93 2.0148e-16
7887.58 1.9473e-16
7890.22 1.9047e-16
7892.87 1.9084e-16
7895.51 1.8876e-16
7898.16 1.8874e-16
7900.80 1.9803e-16
7903.45 2.0471e-16
7906.09 2.0307e-16
7908.74 2.0025e-16
7911.38 1.9578e-16
7914.03 1.9035e-16
7916.67 1.8647e-16
7919.32 1.8407e-16
7921.96 1.8601e-16
7924.61 1.8527e-16
7927.25 1.854e-16
7929.90 1.9253e-16
7932.54 1.9799e-16
7935.19 1.9875e-16
7937.83 1.914e-16
7940.48 1.9278e-16
7943.12 1.971e-16
7945.77 1.9448e-16
7948.41 1.9452e-16
7951.05 1.9984e-16
7953.70 1.9995e-16
7956.34 1.9839e-16
7958.99 2.0095e-16
7961.63 1.9906e-16
7964.28 1.9498e-16
7966.92 1.976e-16
7969.57 1.9759e-16
7972.21 1.9495e-16
7974.86 1.9627e-16
7977.50 1.9677e-16
7980.15 2.0069e-16
7982.79 2.0255e-16
7985.44 1.982e-16
7988.08 2.044e-16
7990.73 2.0782e-16
7993.37 2.0181e-16
7996.02 1.9442e-16
7998.66 1.8445e-16
8001.31 1.8478e-16
8003.95 1.9053e-16
8006.60 1.9478e-16
8009.24 2.0056e-16
8011.89 2.0316e-16
8014.53 1.9959e-16
8017.17 1.9685e-16
8019.82 2.0139e-16
8022.46 2.049e-16
8025.11 2.021e-16
8027.75 1.9821e-16
8030.40 2.0006e-16
8033.04 2.0064e-16
8035.69 1.9653e-16
8038.33 1.9646e-16
8040.98 1.9899e-16
8043.62 1.9925e-16
8046.27 2.0219e-16
8048.91 2.0381e-16
8051.56 2.0275e-16
8054.20 2.0328e-16
8056.85 2.0447e-16
8059.49 2.0426e-16
8062.14 2.0415e-16
8064.78 2.0368e-16
8067.43 2.0062e-16
8070.07 2.0211e-16
8072.72 2.0132e-16
8075.36 2.0134e-16
8078.01 2.0423e-16
8080.65 2.045e-16
8083.29 2.0512e-16
8085.94 2.0635e-16
8088.58 2.0381e-16
8091.23 2.0164e-16
8093.87 2.0174e-16
8096.52 2.0651e-16
8099.16 2.0912e-16
8101.81 2.0516e-16
8104.45 2.0731e-16
8107.10 2.1304e-16
8109.74 2.0821e-16
8112.39 2.0335e-16
8115.03 2.0743e-16
8117.68 2.0708e-16
8120.32 2.0501e-16
8122.97 2.0158e-16
8125.61 2.0108e-16
8128.26 1.9635e-16
8130.90 1.8828e-16
8133.55 1.8479e-16
8136.19 1.831e-16
8138.84 1.8403e-16
8141.48 1.879e-16
8144.13 1.8856e-16
8146.77 1.8661e-16
8149.41 1.838e-16
8152.06 1.7884e-16
8154.70 1.7226e-16
8157.35 1.7299e-16
8159.99 1.7706e-16
8162.64 1.7925e-16
8165.28 1.7502e-16
8167.93 1.6994e-16
8170.57 1.6952e-16
8173.22 1.7144e-16
8175.86 1.7363e-16
8178.51 1.7406e-16
8181.15 1.753e-16
8183.80 1.739e-16
8186.44 1.7254e-16
8189.09 1.7315e-16
8191.73 1.6747e-16
8194.38 1.614e-16
8197.02 1.5853e-16
8199.67 1.6258e-16
8202.31 1.6726e-16
8204.96 1.6982e-16
8207.60 1.6602e-16
8210.25 1.6181e-16
8212.89 1.6102e-16
8215.53 1.5814e-16
8218.18 1.6038e-16
8220.82 1.622e-16
8223.47 1.6384e-16
8226.11 1.6169e-16
8228.76 1.5168e-16
8231.40 1.508e-16
8234.05 1.5902e-16
8236.69 1.6855e-16
8239.34 1.7804e-16
8241.98 1.8762e-16
8244.63 1.9679e-16
8247.27 1.9995e-16
8249.92 1.982e-16
8252.56 1.9518e-16
8255.21 1.908e-16
8257.85 1.8918e-16
8260.50 1.9391e-16
8263.14 1.9817e-16
8265.79 2.0088e-16
8268.43 2.054e-16
8271.08 2.0056e-16
8273.72 1.9027e-16
8276.37 1.8609e-16
8279.01 1.8296e-16
8281.65 1.8352e-16
8284.30 1.8447e-16
8286.94 1.8301e-16
8289.59 1.8639e-16
8292.23 1.8706e-16
8294.88 1.7964e-16
8297.52 1.7591e-16
8300.17 1.7543e-16
8302.81 1.6992e-16
8305.46 1.6744e-16
8308.10 1.7182e-16
8310.75 1.8147e-16
8313.39 1.842e-16
8316.04 1.7556e-16
8318.68 1.6467e-16
8321.33 1.6577e-16
8323.97 1.7285e-16
8326.62 1.8046e-16
8329.26 1.8424e-16
8331.91 1.8396e-16
8334.55 1.8457e-16
8337.20 1.846e-16
8339.84 1.8717e-16
8342.49 1.8483e-16
8345.13 1.7987e-16
8347.77 1.815e-16
8350.42 1.8103e-16
8353.06 1.8539e-16
8355.71 1.8799e-16
8358.35 1.8416e-16
8361.00 1.8164e-16
8363.64 1.8126e-16
8366.29 1.7921e-16
8368.93 1.8238e-16
8371.58 1.8866e-16
8374.22 1.9719e-16
8376.87 2.0245e-16
8379.51 2.0222e-16
8382.16 1.927e-16
8384.80 1.8319e-16
8387.45 1.8124e-16
8390.09 1.867e-16
8392.74 1.9057e-16
8395.38 1.9417e-16
8398.03 2.0001e-16
8400.67 2.0712e-16
8403.32 1.9375e-16
8405.96 1.6439e-16
8408.61 1.5939e-16
8411.25 1.6572e-16
8413.89 1.6416e-16
8416.54 1.6307e-16
8419.18 1.5717e-16
8421.83 1.5126e-16
8424.47 1.4911e-16
8427.12 1.3504e-16
8429.76 1.0931e-16
8432.41 9.4741e-17
8435.05 8.6879e-17
8437.70 7.7748e-17
8440.34 6.3063e-17
8442.99 4.7321e-17
8445.63 3.5129e-17
8448.28 3.2316e-17
8450.92 2.4576e-17
8453.57 1.945e-17
8456.21 1.9633e-17
8458.86 2.1449e-17
8461.50 2.2742e-17
8464.15 1.5355e-17
8466.79 2.5723e-18
8469.44 -5.2491e-18
8472.08 -9.937e-19
8474.73 9.4342e-18
8477.37 1.7861e-17
8480.01 2.3387e-17
8482.66 2.6079e-17
8485.30 3.1246e-17
8487.95 3.1163e-17
8490.59 3.0666e-17
8493.24 3.2238e-17
8495.88 2.795e-17
8498.53 3.1105e-17
8501.17 4.3618e-17
8503.82 4.6482e-17
8506.46 3.5525e-17
8509.11 2.8167e-17
8511.75 3.8577e-17
8514.40 5.4764e-17
8517.04 6.8102e-17
8519.69 7.6249e-17
8522.33 8.6011e-17
8524.98 8.9495e-17
8527.62 8.1829e-17
8530.27 8.58e-17
8532.91 9.9498e-17
8535.56 1.0885e-16
8538.20 1.2015e-16
8540.85 1.3375e-16
8543.49 1.4503e-16
8546.13 1.4938e-16
8548.78 1.414e-16
8551.42 1.3399e-16
8554.07 1.4276e-16
8556.71 1.6148e-16
8559.36 1.8306e-16
8562.00 2.0323e-16
8564.65 2.2193e-16
8567.29 2.3278e-16
8569.94 2.3469e-16
8572.58 2.4121e-16
8575.23 2.3721e-16
8577.87 2.2092e-16
8580.52 2.1031e-16
8583.16 2.0136e-16
8585.81 1.9261e-16
8588.45 1.8659e-16
8591.10 1.7833e-16
8593.74 1.6411e-16
8596.39 1.4608e-16
8599.03 1.2968e-16
8601.68 1.1572e-16
8604.32 1.074e-16
8606.97 1.0794e-16
8609.61 1.0822e-16
8612.25 1.0969e-16
8614.90 1.122e-16
8617.54 1.0782e-16
8620.19 1.0784e-16
8622.83 1.0678e-16
8625.48 1.0838e-16
8628.12 1.1657e-16
8630.77 1.2927e-16
8633.41 1.4442e-16
8636.06 1.4103e-16
8638.70 1.3314e-16
8641.35 1.2775e-16
8643.99 1.1959e-16
8646.64 1.2122e-16
8649.28 1.3748e-16
8651.93 1.5188e-16
8654.57 1.649e-16
8657.22 1.805e-16
8659.86 1.8364e-16
8662.51 1.7758e-16
8665.15 1.6587e-16
8667.80 1.5206e-16
8670.44 1.5745e-16
8673.09 1.8265e-16
8675.73 2.1127e-16
8678.37 2.3444e-16
8681.02 2.6023e-16
8683.66 2.8346e-16
8686.31 3.0158e-16
8688.95 3.0964e-16
8691.60 3.1307e-16
8694.24 3.1792e-16
8696.89 3.2461e-16
8699.53 3.4282e-16
8702.18 3.5965e-16
8704.82 3.7485e-16
8707.47 3.8839e-16
8710.11 4.0158e-16
8712.76 4.208e-16
8715.40 4.2496e-16
8718.05 4.114e-16
8720.69 4.0173e-16
8723.34 3.9623e-16
8725.98 4.0289e-16
8728.63 4.2185e-16
8731.27 4.3971e-16
8733.92 4.6057e-16
8736.56 4.6934e-16
8739.20 4.633e-16
8741.85 4.4682e-16
8744.49 4.1903e-16
8747.14 4.0454e-16
8749.78 4.109e-16
8752.43 4.2124e-16
8755.07 4.397e-16
8757.72 4.6024e-16
8760.36 4.5126e-16
8763.01 4.2044e-16
8765.65 3.7633e-16
8768.30 3.365e-16
8770.94 3.3308e-16
8773.59 3.5025e-16
8776.23 3.7163e-16
8778.88 3.9647e-16
8781.52 4.0775e-16
8784.17 3.9669e-16
8786.81 3.6739e-16
8789.46 3.2895e-16
8792.10 3.0751e-16
8794.75 3.1038e-16
8797.39 3.1946e-16
8800.04 3.3372e-16
8802.68 3.4053e-16
8805.32 3.3564e-16
8807.97 3.2322e-16
8810.61 2.998e-16
8813.26 2.6971e-16
8815.90 2.5785e-16
8818.55 2.6907e-16
8821.19 2.8134e-16
8823.84 2.9121e-16
8826.48 3.0907e-16
8829.13 3.2469e-16
8831.77 3.0341e-16
8834.42 2.4633e-16
8837.06 2.0031e-16
8839.71 1.9691e-16
8842.35 2.2793e-16
8845.00 2.6566e-16
8847.64 2.9127e-16
8850.29 3.0215e-16
8852.93 2.9401e-16
8855.58 2.7434e-16
8858.22 2.5621e-16
8860.87 2.4663e-16
8863.51 2.5431e-16
8866.16 2.6435e-16
8868.80 2.7406e-16
8871.44 2.92e-16
8874.09 3.0397e-16
8876.73 2.9755e-16
8879.38 2.784e-16
8882.02 2.548e-16
8884.67 2.349e-16
8887.31 2.0804e-16
8889.96 1.9176e-16
8892.60 2.0546e-16
8895.25 2.3079e-16
8897.89 2.4794e-16
8900.54 2.6335e-16
8903.18 2.7983e-16
8905.83 2.8702e-16
8908.47 2.745e-16
8911.12 2.4326e-16
8913.76 2.3657e-16
8916.41 2.4361e-16
8919.05 2.4469e-16
8921.70 2.6198e-16
8924.34 2.8846e-16
8926.99 2.6916e-16
8929.63 2.3499e-16
8932.28 2.071e-16
8934.92 1.888e-16
8937.56 1.9005e-16
8940.21 2.0016e-16
8942.85 2.0911e-16
8945.50 2.3091e-16
8948.14 2.4074e-16
8950.79 2.3375e-16
8953.43 2.2661e-16
8956.08 1.9898e-16
8958.72 1.4647e-16
8961.37 1.103e-16
8964.01 1.2514e-16
8966.66 1.4806e-16
8969.30 1.6306e-16
8971.95 1.7227e-16
8974.59 1.7866e-16
8977.24 1.8733e-16
8979.88 1.9774e-16
8982.53 1.9559e-16
8985.17 1.7634e-16
8987.82 1.5451e-16
8990.46 1.4265e-16
8993.11 1.5478e-16
8995.75 1.7455e-16
8998.40 1.8623e-16
9001.04 1.8898e-16
9003.68 1.8996e-16
9006.33 1.7569e-16
9008.97 1.5407e-16
9011.62 1.548e-16
9014.26 1.5551e-16
9016.91 1.5475e-16
9019.55 1.6333e-16
9022.20 1.6728e-16
9024.84 1.7191e-16
9027.49 1.8547e-16
9030.13 1.917e-16
9032.78 1.9368e-16
9035.42 2.012e-16
9038.07 1.969e-16
9040.71 1.8714e-16
9043.36 1.7974e-16
9046.00 1.7721e-16
9048.65 1.8288e-16
9051.29 1.9394e-16
9053.94 2.0535e-16
9056.58 2.1277e-16
9059.23 2.1881e-16
9061.87 2.1002e-16
9064.52 1.8629e-16
9067.16 1.749e-16
9069.80 1.7031e-16
9072.45 1.7365e-16
9075.09 1.8176e-16
9077.74 1.8933e-16
9080.38 1.9635e-16
9083.03 1.9891e-16
9085.67 1.9406e-16
9088.32 1.7533e-16
9090.96 1.6302e-16
9093.61 1.5966e-16
9096.25 1.6436e-16
9098.90 1.8417e-16
9101.54 2.0185e-16
9104.19 2.0639e-16
9106.83 2.0693e-16
9109.48 1.9423e-16
9112.12 1.6991e-16
9114.77 1.5486e-16
9117.41 1.5293e-16
9120.06 1.6326e-16
9122.70 1.7744e-16
9125.35 1.8541e-16
9127.99 1.875e-16
9130.64 1.8726e-16
9133.28 1.8054e-16
9135.92 1.8473e-16
9138.57 1.8815e-16
9141.21 1.8062e-16
9143.86 1.7754e-16
9146.50 1.7503e-16
9149.15 1.6957e-16
9151.79 1.6825e-16
9154.44 1.7462e-16
9157.08 1.8675e-16
9159.73 2.0176e-16
9162.37 2.0393e-16
9165.02 1.9367e-16
9167.66 1.8269e-16
9170.31 1.6639e-16
9172.95 1.5969e-16
9175.60 1.6379e-16
9178.24 1.71e-16
9180.89 1.8321e-16
9183.53 1.9597e-16
9186.18 1.9741e-16
9188.82 1.8975e-16
9191.47 1.7665e-16
9194.11 1.6568e-16
9196.76 1.5937e-16
9199.40 1.6245e-16
9202.04 1.7425e-16
9204.69 1.8037e-16
9207.33 1.8138e-16
9209.98 1.8902e-16
9212.62 1.9035e-16
9215.27 1.8186e-16
9217.91 1.7868e-16
9220.56 1.7017e-16
9223.20 1.5498e-16
9225.85 1.4792e-16
9228.49 1.4503e-16
9231.14 1.417e-16
9233.78 1.4584e-16
9236.43 1.5534e-16
9239.07 1.6792e-16
9241.72 1.6284e-16
9244.36 1.5113e-16
9247.01 1.4571e-16
9249.65 1.3735e-16
9252.30 1.3187e-16
9254.94 1.3374e-16
9257.59 1.4073e-16
9260.23 1.5631e-16
9262.88 1.7315e-16
9265.52 1.7843e-16
9268.16 1.6868e-16
9270.81 1.5489e-16
9273.45 1.4665e-16
9276.10 1.3509e-16
9278.74 1.2724e-16
9281.39 1.2623e-16
9284.03 1.2944e-16
9286.68 1.3161e-16
9289.32 1.3431e-16
9291.97 1.4271e-16
9294.61 1.4803e-16
9297.26 1.5672e-16
9299.90 1.709e-16
9302.55 1.7415e-16
9305.19 1.7419e-16
9307.84 1.8772e-16
9310.48 2.0155e-16
9313.13 2.2065e-16
9315.77 2.4182e-16
9318.42 2.3022e-16
9321.06 1.8069e-16
9323.71 1.0775e-16
9326.35 5.6e-17
9329.00 3.8968e-17
9331.64 7.1564e-17
9334.28 1.0835e-16
9336.93 1.2356e-16
9339.57 1.3161e-16
9342.22 1.4299e-16
9344.86 1.3833e-16
9347.51 1.2959e-16
9350.15 1.2287e-16
9352.80 1.1753e-16
9355.44 1.169e-16
9358.09 1.163e-16
9360.73 1.1907e-16
9363.38 1.2744e-16
9366.02 1.4579e-16
9368.67 1.8596e-16
9371.31 1.9055e-16
9373.96 9.5104e-17
9376.60 6.9817e-17
9379.25 6.1448e-17
9381.89 2.0155e-17
9384.54 1.2479e-16
9387.18 1.7666e-16
9389.83 1.9087e-16
9392.47 1.903e-16
9395.12 1.7839e-16
9397.76 1.633e-16
9400.40 1.3846e-16
9403.05 1.0596e-16
9405.69 9.7319e-17
9408.34 1.1198e-16
9410.98 1.2295e-16
9413.63 1.2915e-16
9416.27 1.4707e-16
9418.92 1.6169e-16
9421.56 1.556e-16
9424.21 1.2369e-16
9426.85 8.2792e-17
9429.50 9.2874e-17
9432.14 1.124e-16
9434.79 1.3266e-16
9437.43 1.6373e-16
9440.08 2.2912e-16
9442.72 2.4523e-16
9445.37 1.3434e-16
9448.01 6.1151e-17
9450.66 8.6212e-17
9453.30 1.1991e-16
9455.95 1.5549e-16
9458.59 1.9879e-16
9461.24 2.1664e-16
9463.88 1.8639e-16
9466.52 1.5102e-16
9469.17 1.4798e-16
9471.81 1.6998e-16
9474.46 1.517e-16
9477.10 1.1309e-16
9479.75 1.1287e-16
9482.39 1.3596e-16
9485.04 1.5307e-16
9487.68 1.4853e-16
9490.33 1.4989e-16
9492.97 1.6265e-16
9495.62 1.6675e-16
9498.26 1.5253e-16
9500.91 1.3017e-16
9503.55 1.2214e-16
9506.20 1.1825e-16
9508.84 1.2596e-16
9511.49 1.4032e-16
9514.13 1.3665e-16
9516.78 1.3808e-16
9519.42 1.1901e-16
9522.07 9.9593e-17
9524.71 9.1842e-17
9527.36 9.622e-17
