      3890.39 -1.23370e-19
      3891.39 -2.69264e-19
      3892.39 -6.71111e-19
      3893.39 -5.25185e-19
      3894.39  1.34490e-18
      3895.39  1.34482e-18
      3896.39  1.58787e-18
      3897.39 -1.23315e-19
      3898.39  2.37896e-18
      3899.39  4.31031e-18
      3900.39  3.34974e-18
      3901.39  3.30415e-18
      3902.39  3.20352e-18
      3903.39  3.80895e-18
      3904.39  3.80871e-18
      3905.39  6.19560e-18
      3906.39  5.69007e-18
      3907.39  6.42593e-18
      3908.39  6.19442e-18
      3909.39  9.28610e-18
      3910.39  9.66657e-18
      3911.39  9.66596e-18
      3912.39  9.66535e-18
      3913.39  9.83046e-18
      3914.39  1.00935e-17
      3915.39  9.77999e-18
      3916.39  1.00922e-17
      3917.39  8.81254e-18
      3918.39  1.00920e-17
      3919.39  1.04042e-17
      3920.39  1.00908e-17
      3921.39  1.00890e-17
      3922.39  1.08561e-17
      3923.39  1.10735e-17
      3924.39  9.10328e-18
      3925.39  7.95567e-18
      3926.39  8.37894e-18
      3927.39  6.78890e-18
      3928.39  8.04221e-18
      3929.39  8.02969e-18
      3930.39  8.13609e-18
      3931.39  8.24377e-18
      3932.39  8.53927e-18
      3933.39  8.53874e-18
      3934.39  8.83349e-18
      3935.39  8.53768e-18
      3936.39  8.13798e-18
      3937.39  7.88184e-18
      3938.39  7.25355e-18
      3939.39  8.03602e-18
      3940.39  9.27128e-18
      3941.39  9.27071e-18
      3942.39  9.90330e-18
      3943.39  9.08597e-18
      3944.39  9.90208e-18
      3945.39  9.45739e-18
      3946.39  9.45682e-18
      3947.39  8.85229e-18
      3948.40  8.44109e-18
      3949.40  8.72677e-18
      3950.40  8.45303e-18
      3951.40  8.97943e-18
      3952.40  6.88312e-18
      3953.40  8.97834e-18
      3954.40  9.29705e-18
      3955.40  9.49965e-18
      3956.40  9.40723e-18
      3957.40  9.38719e-18
      3958.40  9.11717e-18
      3959.40  9.13294e-18
      3960.40  6.72601e-18
      3961.40  6.26396e-18
      3962.40  6.07497e-18
      3963.40  4.90184e-18
      3964.40  4.76507e-18
      3965.40  4.23770e-18
      3966.40  4.23744e-18
      3967.40  3.99776e-18
      3968.40  4.23693e-18
      3969.40  3.74615e-18
      3970.40  2.02267e-18
      3971.40  9.63561e-19
      3972.40  1.06645e-18
      3973.40  1.00794e-18
      3974.40  1.00787e-18
      3975.40  2.16040e-18
      3976.40  2.16027e-18
      3977.40  2.16014e-18
      3978.40  2.06763e-18
      3979.40  2.15988e-18
      3980.40  9.15147e-19
      3981.40  1.87075e-18
      3982.40  6.06370e-18
      3983.40  6.16204e-18
      3984.40  6.14591e-18
      3985.40  6.44851e-18
      3986.40  6.14518e-18
      3987.40  6.14482e-18
      3988.40  6.75328e-18
      3989.40  6.43641e-18
      3990.40  6.47086e-18
      3991.40  6.12429e-18
      3992.40  6.02527e-18
      3993.40  6.02492e-18
      3994.40  6.12320e-18
      3995.40  5.01571e-18
      3996.40  3.68945e-18
      3997.40  5.11619e-18
      3998.40  4.57052e-18
      3999.40  4.74604e-18
      4000.40  4.87358e-18
      4001.40  4.34079e-18
      4002.40  4.35440e-18
      4003.40  5.64493e-18
      4004.40  5.87571e-18
      4005.40  5.34886e-18
      4006.40  5.63007e-18
      4007.40  5.16216e-18
      4008.40  5.51550e-18
      4009.40  5.70180e-18
      4010.40  5.76885e-18
      4011.40  5.76851e-18
      4012.40  5.76817e-18
      4013.40  7.26306e-18
      4014.40  7.60726e-18
      4015.40  7.82477e-18
      4016.40  7.09402e-18
      4017.40  6.87568e-18
      4018.40  7.09319e-18
      4019.40  7.88019e-18
      4020.40  8.00525e-18
      4021.40  7.51944e-18
      4022.40  7.64451e-18
      4023.40  8.18252e-18
      4024.40  8.26947e-18
      4025.40  9.00810e-18
      4026.40  9.00758e-18
      4027.40  8.51614e-18
      4028.40  8.36343e-18
      4029.40  9.15820e-18
      4030.40  9.00548e-18
      4031.40  9.25310e-18
      4032.40  9.90721e-18
      4033.40  9.50005e-18
      4034.40  9.90606e-18
      4035.40  9.75333e-18
      4036.40  1.01304e-17
      4037.40  9.95174e-18
      4038.40  9.74690e-18
      4039.40  9.74633e-18
      4040.40  1.10704e-17
      4041.40  1.18296e-17
      4042.40  1.18290e-17
      4043.40  1.14466e-17
      4044.40  1.10678e-17
      4045.40  1.10671e-17
      4046.40  1.14860e-17
      4047.40  1.14854e-17
      4048.41  1.10880e-17
      4049.41  1.05923e-17
      4050.41  1.10867e-17
      4051.41  1.15848e-17
      4052.41  1.27176e-17
      4053.41  1.27169e-17
      4054.41  1.16132e-17
      4055.41  1.16125e-17
      4056.41  1.08739e-17
      4057.41  1.08733e-17
      4058.41  1.08727e-17
      4059.41  1.13143e-17
      4060.41  1.05174e-17
      4061.41  1.07311e-17
      4062.41  1.08477e-17
      4063.41  1.06684e-17
      4064.41  1.07292e-17
      4065.41  1.10317e-17
      4066.41  1.10311e-17
      4067.41  1.10952e-17
      4068.41  1.10946e-17
      4069.41  1.04209e-17
      4070.41  1.04203e-17
      4071.41  1.03876e-17
      4072.41  1.02315e-17
      4073.41  1.03864e-17
      4074.41  1.04634e-17
      4075.41  1.04628e-17
      4076.41  1.04225e-17
      4077.41  1.08373e-17
      4078.41  1.06891e-17
      4079.41  1.09319e-17
      4080.41  1.09313e-17
      4081.41  1.04130e-17
      4082.41  1.05223e-17
      4083.41  1.05217e-17
      4084.41  1.05211e-17
      4085.41  1.00302e-17
      4086.41  1.06605e-17
      4087.41  1.07578e-17
      4088.41  1.07884e-17
      4089.41  1.06861e-17
      4090.41  1.06452e-17
      4091.41  1.06849e-17
      4092.41  1.08249e-17
      4093.41  1.07853e-17
      4094.41  1.08417e-17
      4095.41  1.06958e-17
      4096.41  1.07522e-17
      4097.41  1.07829e-17
      4098.41  1.06403e-17
      4099.41  1.04972e-17
      4100.41  1.04533e-17
      4101.41  1.04306e-17
      4102.41  9.22506e-18
      4103.41  9.33974e-18
      4104.41  9.22731e-18
      4105.41  8.95402e-18
      4106.41  9.14121e-18
      4107.41  8.95299e-18
      4108.41  8.50665e-18
      4109.41  8.68913e-18
      4110.41  8.56096e-18
      4111.41  8.30477e-18
      4112.41  8.33079e-18
      4113.41  8.37656e-18
      4114.41  7.80488e-18
      4115.41  8.32935e-18
      4116.41  7.91543e-18
      4117.41  7.53697e-18
      4118.41  7.94538e-18
      4119.41  7.12624e-18
      4120.41  7.19239e-18
      4121.41  7.26664e-18
      4122.41  7.12501e-18
      4123.41  6.99062e-18
      4124.41  8.08383e-18
      4125.41  8.39821e-18
      4126.41  7.87102e-18
      4127.41  7.94884e-18
      4128.41  8.39676e-18
      4129.41  8.53927e-18
      4130.41  8.72166e-18
      4131.41  8.81897e-18
      4132.41  9.35037e-18
      4133.41  9.75443e-18
      4134.41  9.57878e-18
      4135.41  9.59269e-18
      4136.41  9.49716e-18
      4137.41  8.75660e-18
      4138.41  9.32100e-18
      4139.41  9.32046e-18
      4140.41  9.10875e-18
      4141.41  9.05691e-18
      4142.41  9.64013e-18
      4143.41  9.30653e-18
      4144.41  1.02808e-17
      4145.41  1.02806e-17
      4146.41  9.30492e-18
      4147.42  9.36717e-18
      4148.42  8.81838e-18
      4149.42  8.86601e-18
      4150.42  9.10350e-18
      4151.42  9.10297e-18
      4152.42  9.40301e-18
      4153.42  9.40246e-18
      4154.42  9.92825e-18
      4155.42  9.68442e-18
      4156.42  9.65614e-18
      4157.42  8.98043e-18
      4158.42  8.76857e-18
      4159.42  9.04240e-18
      4160.42  9.04188e-18
      4161.42  9.04136e-18
      4162.42  8.17079e-18
      4163.42  8.17032e-18
      4164.42  8.01493e-18
      4165.42  8.24328e-18
      4166.42  8.27942e-18
      4167.42  8.39478e-18
      4168.42  8.39429e-18
      4169.42  8.42813e-18
      4170.42  8.50153e-18
      4171.42  8.11829e-18
      4172.42  8.10126e-18
      4173.42  7.20958e-18
      4174.42  7.20916e-18
      4175.42  7.18851e-18
      4176.42  7.20833e-18
      4177.42  6.95835e-18
      4178.42  7.36846e-18
      4179.42  7.31053e-18
      4180.42  7.37579e-18
      4181.42  7.63305e-18
      4182.42  7.63260e-18
      4183.42  7.64034e-18
      4184.42  7.01991e-18
      4185.42  7.01950e-18
      4186.42  6.87268e-18
      4187.42  6.87227e-18
      4188.42  7.24598e-18
      4189.42  7.30627e-18
      4190.42  7.24514e-18
      4191.42  6.99820e-18
      4192.42  7.42652e-18
      4193.42  7.24387e-18
      4194.42  7.12321e-18
      4195.42  7.12279e-18
      4196.42  6.68888e-18
      4197.42  6.68849e-18
      4198.42  6.59942e-18
      4199.42  6.30811e-18
      4200.42  6.23940e-18
      4201.42  6.51797e-18
      4202.42  6.43780e-18
      4203.42  6.37463e-18
      4204.42  6.40833e-18
      4205.42  4.89461e-18
      4206.42  4.89432e-18
      4207.42  4.72957e-18
      4208.42  4.59559e-18
      4209.42  4.59532e-18
      4210.42  4.72891e-18
      4211.42  4.56353e-18
      4212.42  4.27785e-18
      4213.42  4.53285e-18
      4214.42  4.29798e-18
      4215.42  4.46772e-18
      4216.42  4.51102e-18
      4217.42  3.67463e-18
      4218.42  3.24398e-18
      4219.42  3.49032e-18
      4220.42  3.49011e-18
      4221.42  3.64259e-18
      4222.42  3.77406e-18
      4223.42  3.60559e-18
      4224.42  3.57738e-18
      4225.42  3.60516e-18
      4226.42  3.28316e-18
      4227.42  3.28296e-18
      4228.42  3.57653e-18
      4229.42  3.57632e-18
      4230.42  3.57611e-18
      4231.42  4.14210e-18
      4232.42  4.14185e-18
      4233.42  4.57787e-18
      4234.42  4.90789e-18
      4235.42  4.30191e-18
      4236.42  4.30165e-18
      4237.42  4.55057e-18
      4238.42  5.15588e-18
      4239.42  4.55003e-18
      4240.42  4.90980e-18
      4241.42  4.90056e-18
      4242.42  4.82968e-18
      4243.42  4.92806e-18
      4244.42  5.27910e-18
      4245.42  5.27879e-18
      4246.42  5.33814e-18
      4247.42  5.43961e-18
      4248.42  5.44358e-18
      4249.42  5.44326e-18
      4250.43  5.44293e-18
      4251.43  5.44261e-18
      4252.43  5.43799e-18
      4253.43  5.55976e-18
      4254.43  6.15419e-18
      4255.43  5.99331e-18
      4256.43  6.04050e-18
      4257.43  5.72016e-18
      4258.43  6.13342e-18
      4259.43  5.58197e-18
      4260.43  5.58163e-18
      4261.43  5.53204e-18
      4262.43  5.40809e-18
      4263.43  5.53138e-18
      4264.43  5.71067e-18
      4265.43  6.23543e-18
      4266.43  6.23506e-18
      4267.43  6.43588e-18
      4268.43  6.44411e-18
      4269.43  6.78235e-18
      4270.43  6.58843e-18
      4271.43  6.70153e-18
      4272.43  6.79829e-18
      4273.43  7.16885e-18
      4274.43  7.34099e-18
      4275.43  7.24240e-18
      4276.43  6.95104e-18
      4277.43  6.95062e-18
      4278.43  7.17891e-18
      4279.43  7.56746e-18
      4280.43  7.49564e-18
      4281.43  7.20718e-18
      4282.43  7.93180e-18
      4283.43  7.98364e-18
      4284.43  7.86075e-18
      4285.43  7.98267e-18
      4286.43  8.19784e-18
      4287.43  8.36114e-18
      4288.43  8.48511e-18
      4289.43  8.43216e-18
      4290.43  8.49159e-18
      4291.43  8.47771e-18
      4292.43  9.28742e-18
      4293.43  9.28686e-18
      4294.43  9.25161e-18
      4295.43  8.44419e-18
      4296.43  9.13722e-18
      4297.43  9.68237e-18
      4298.43  9.13288e-18
      4299.43  8.93728e-18
      4300.43  8.93352e-18
      4301.43  9.08264e-18
      4302.43  9.51457e-18
      4303.43  9.49471e-18
      4304.43  9.60365e-18
      4305.43  8.96400e-18
      4306.43  9.16505e-18
      4307.43  8.85340e-18
      4308.43  8.32192e-18
      4309.43  8.10097e-18
      4310.43  8.32090e-18
      4311.43  8.57779e-18
      4312.43  8.77537e-18
      4313.43  8.97634e-18
      4314.43  8.45094e-18
      4315.43  8.55987e-18
      4316.43  8.56271e-18
      4317.43  8.21032e-18
      4318.43  8.22635e-18
      4319.43  8.05902e-18
      4320.43  8.13403e-18
      4321.43  8.17958e-18
      4322.43  9.08127e-18
      4323.43  8.88144e-18
      4324.43  8.83485e-18
      4325.43  8.88034e-18
      4326.43  8.09466e-18
      4327.43  8.17654e-18
      4328.43  8.17603e-18
      4329.43  7.83461e-18
      4330.43  8.20251e-18
      4331.43  9.24483e-18
      4332.43  9.45749e-18
      4333.43  9.47646e-18
      4334.43  9.80447e-18
      4335.43  9.84314e-18
      4336.43  9.72944e-18
      4337.43  9.80264e-18
      4338.43  8.99031e-18
      4339.43  9.02323e-18
      4340.43  8.67699e-18
      4341.43  8.75024e-18
      4342.43  9.10177e-18
      4343.43  9.21010e-18
      4344.43  9.66366e-18
      4345.43  9.65563e-18
      4346.43  9.20545e-18
      4347.44  8.93001e-18
      4348.44  9.01523e-18
      4349.44  8.85514e-18
      4350.44  8.70431e-18
      4351.44  8.86327e-18
      4352.44  8.86271e-18
      4353.44  9.01240e-18
      4354.44  9.24882e-18
      4355.44  9.70206e-18
      4356.44  9.70145e-18
      4357.44  9.70084e-18
      4358.44  9.32335e-18
      4359.44  9.33125e-18
      4360.44  9.33067e-18
      4361.44  9.82090e-18
      4362.44  9.32949e-18
      4363.44  9.11402e-18
      4364.44  9.60417e-18
      4365.44  9.04083e-18
      4366.44  8.57226e-18
      4367.44  8.35491e-18
      4368.44  8.19497e-18
      4369.44  7.96365e-18
      4370.44  7.83670e-18
      4371.44  7.96264e-18
      4372.44  7.27280e-18
      4373.44  7.27234e-18
      4374.44  6.31371e-18
      4375.44  6.12200e-18
      4376.44  6.12161e-18
      4377.44  5.92426e-18
      4378.44  5.76510e-18
      4379.44  5.58184e-18
      4380.44  5.71745e-18
      4381.44  5.71708e-18
      4382.44  5.41728e-18
      4383.44  5.04276e-18
      4384.44  4.88029e-18
      4385.44  4.87672e-18
      4386.44  4.43226e-18
      4387.44  4.28891e-18
      4388.44  4.24406e-18
      4389.44  4.24379e-18
      4390.44  4.43363e-18
      4391.44  4.25133e-18
      4392.44  4.37787e-18
      4393.44  4.37759e-18
      4394.44  3.90896e-18
      4395.44  3.58165e-18
      4396.44  3.72116e-18
      4397.44  3.67791e-18
      4398.44  3.67768e-18
      4399.44  4.09072e-18
      4400.44  3.93349e-18
      4401.44  3.58027e-18
      4402.44  3.83426e-18
      4403.44  4.03100e-18
      4404.44  3.85056e-18
      4405.44  4.15158e-18
      4406.44  4.25177e-18
      4407.44  4.25150e-18
      4408.44  5.30150e-18
      4409.44  5.46596e-18
      4410.44  5.49992e-18
      4411.44  5.46525e-18
      4412.44  5.49921e-18
      4413.44  5.45810e-18
      4414.44  5.49849e-18
      4415.44  5.49814e-18
      4416.44  5.60938e-18
      4417.44  5.65684e-18
      4418.44  5.75655e-18
      4419.44  6.39831e-18
      4420.44  6.17653e-18
      4421.44  6.39748e-18
      4422.44  6.38479e-18
      4423.44  6.07246e-18
      4424.44  6.07206e-18
      4425.44  5.81567e-18
      4426.44  5.74001e-18
      4427.44  5.32920e-18
      4428.44  5.32885e-18
      4429.44  5.28914e-18
      4430.44  5.75793e-18
      4431.44  5.73814e-18
      4432.44  5.14316e-18
      4433.44  5.24929e-18
      4434.44  5.10403e-18
      4435.44  5.04896e-18
      4436.44  5.10336e-18
      4437.44  4.99184e-18
      4438.44  5.08622e-18
      4439.44  5.18789e-18
      4440.44  5.32466e-18
      4441.44  5.26498e-18
      4442.44  5.41985e-18
      4443.44  5.49846e-18
      4444.44  5.18619e-18
      4445.44  5.48722e-18
      4446.44  5.67966e-18
      4447.44  5.56544e-18
      4448.44  5.67891e-18
      4449.44  5.67854e-18
      4450.45  6.10325e-18
      4451.45  5.89118e-18
      4452.45  6.10245e-18
      4453.45  6.18335e-18
      4454.45  6.08271e-18
      4455.45  6.36503e-18
      4456.45  6.94529e-18
      4457.45  6.94483e-18
      4458.45  6.44302e-18
      4459.45  6.93777e-18
      4460.45  6.80767e-18
      4461.45  6.78199e-18
      4462.45  6.28646e-18
      4463.45  5.99674e-18
      4464.45  6.28562e-18
      4465.45  6.28520e-18
      4466.45  6.51107e-18
      4467.45  6.44531e-18
      4468.45  6.44488e-18
      4469.45  6.41088e-18
      4470.45  6.54107e-18
      4471.45  6.45506e-18
      4472.45  6.01509e-18
      4473.45  6.01469e-18
      4474.45  6.09739e-18
      4475.45  6.09944e-18
      4476.45  6.09903e-18
      4477.45  6.01308e-18
      4478.45  6.01428e-18
      4479.45  6.25909e-18
      4480.45  6.45118e-18
      4481.45  6.38687e-18
      4482.45  6.38644e-18
      4483.45  6.54725e-18
      4484.45  6.78433e-18
      4485.45  6.95996e-18
      4486.45  6.88923e-18
      4487.45  7.02638e-18
      4488.45  6.88830e-18
      4489.45  7.02544e-18
      4490.45  6.86917e-18
      4491.45  6.86871e-18
      4492.45  7.24697e-18
      4493.45  7.16965e-18
      4494.45  7.10183e-18
      4495.45  7.18688e-18
      4496.45  7.10088e-18
      4497.45  7.29534e-18
      4498.45  7.29484e-18
      4499.45  6.83155e-18
      4500.45  6.83109e-18
      4501.45  7.85010e-18
      4502.45  7.72627e-18
      4503.45  7.17039e-18
      4504.45  7.16991e-18
      4505.45  7.29739e-18
      4506.45  7.50846e-18
      4507.45  7.86847e-18
      4508.45  8.16321e-18
      4509.45  8.16265e-18
      4510.45  8.47500e-18
      4511.45  8.57148e-18
      4512.45  8.57090e-18
      4513.45  8.57032e-18
      4514.45  8.55514e-18
      4515.45  8.44023e-18
      4516.45  8.44972e-18
      4517.45  8.44914e-18
      4518.45  8.66069e-18
      4519.45  8.61486e-18
      4520.45  8.80503e-18
      4521.45  9.37153e-18
      4522.45  9.37861e-18
      4523.45  9.52218e-18
      4524.45  9.14616e-18
      4525.45  9.32811e-18
      4526.45  8.91567e-18
      4527.45  9.64626e-18
      4528.45  9.41450e-18
      4529.45  9.65216e-18
      4530.45  9.77160e-18
      4531.45  1.01731e-17
      4532.45  1.03418e-17
      4533.45  1.07565e-17
      4534.45  1.06448e-17
      4535.45  1.06441e-17
      4536.45  1.08878e-17
      4537.45  1.09014e-17
      4538.45  1.08612e-17
      4539.45  1.09728e-17
      4540.45  1.10359e-17
      4541.45  1.12796e-17
      4542.45  1.15501e-17
      4543.45  1.17412e-17
      4544.45  1.18546e-17
      4545.45  1.16336e-17
      4546.45  1.16669e-17
      4547.45  1.18580e-17
      4548.46  1.18572e-17
      4549.46  1.18563e-17
      4550.46  1.18837e-17
      4551.46  1.20604e-17
      4552.46  1.23188e-17
      4553.46  1.25394e-17
      4554.46  1.24285e-17
      4555.46  1.24277e-17
      4556.46  1.29274e-17
      4557.46  1.27998e-17
      4558.46  1.27990e-17
      4559.46  1.27981e-17
      4560.46  1.27769e-17
      4561.46  1.28860e-17
      4562.46  1.30271e-17
      4563.46  1.30723e-17
      4564.46  1.31618e-17
      4565.46  1.33848e-17
      4566.46  1.33905e-17
      4567.46  1.33829e-17
      4568.46  1.34923e-17
      4569.46  1.36264e-17
      4570.46  1.35240e-17
      4571.46  1.35231e-17
      4572.46  1.39176e-17
      4573.46  1.44215e-17
      4574.46  1.44836e-17
      4575.46  1.44195e-17
      4576.46  1.44185e-17
      4577.46  1.44175e-17
      4578.46  1.45268e-17
      4579.46  1.47744e-17
      4580.46  1.46216e-17
      4581.46  1.45703e-17
      4582.46  1.46918e-17
      4583.46  1.47410e-17
      4584.46  1.47221e-17
      4585.46  1.46458e-17
      4586.46  1.45034e-17
      4587.46  1.42971e-17
      4588.46  1.42536e-17
      4589.46  1.41018e-17
      4590.46  1.40890e-17
      4591.46  1.41285e-17
      4592.46  1.44192e-17
      4593.46  1.44182e-17
      4594.46  1.47366e-17
      4595.46  1.45444e-17
      4596.46  1.45220e-17
      4597.46  1.44805e-17
      4598.46  1.41859e-17
      4599.46  1.40168e-17
      4600.46  1.40101e-17
      4601.46  1.38341e-17
      4602.46  1.38854e-17
      4603.46  1.38321e-17
      4604.46  1.43274e-17
      4605.46  1.45183e-17
      4606.46  1.47148e-17
      4607.46  1.45163e-17
      4608.46  1.44580e-17
      4609.46  1.38360e-17
      4610.46  1.38005e-17
      4611.46  1.34789e-17
      4612.46  1.23065e-17
      4613.46  1.21945e-17
      4614.46  1.20322e-17
      4615.46  1.18123e-17
      4616.46  1.17843e-17
      4617.46  1.18161e-17
      4618.46  1.18451e-17
      4619.46  1.21894e-17
      4620.46  1.18294e-17
      4621.46  1.16953e-17
      4622.46  1.17056e-17
      4623.46  1.16841e-17
      4624.46  1.15798e-17
      4625.46  1.15373e-17
      4626.46  1.14070e-17
      4627.46  1.11201e-17
      4628.46  1.11964e-17
      4629.46  1.12282e-17
      4630.46  1.06684e-17
      4631.46  1.04449e-17
      4632.46  1.03042e-17
      4633.46  1.03157e-17
      4634.46  1.05237e-17
      4635.46  1.05229e-17
      4636.46  1.03959e-17
      4637.46  1.05090e-17
      4638.46  1.05082e-17
      4639.46  1.05533e-17
      4640.46  1.07624e-17
      4641.46  1.03801e-17
      4642.46  1.03793e-17
      4643.46  1.08156e-17
      4644.46  1.09532e-17
      4645.46  1.10797e-17
      4646.46  1.08133e-17
      4647.46  1.09869e-17
      4648.46  1.09861e-17
      4649.46  1.07453e-17
      4650.47  1.05981e-17
      4651.47  1.06334e-17
      4652.47  1.10257e-17
      4653.47  1.10249e-17
      4654.47  1.10851e-17
      4655.47  1.10843e-17
      4656.47  1.17513e-17
      4657.47  1.17402e-17
      4658.47  1.17394e-17
      4659.47  1.09962e-17
      4660.47  1.08907e-17
      4661.47  1.09117e-17
      4662.47  1.09109e-17
      4663.47  1.16893e-17
      4664.47  1.19233e-17
      4665.47  1.21329e-17
      4666.47  1.21320e-17
      4667.47  1.21609e-17
      4668.47  1.21600e-17
      4669.47  1.18185e-17
      4670.47  1.18132e-17
      4671.47  1.10768e-17
      4672.47  1.09548e-17
      4673.47  1.07773e-17
      4674.47  1.07249e-17
      4675.47  1.06214e-17
      4676.47  1.05884e-17
      4677.47  1.07477e-17
      4678.47  1.04687e-17
      4679.47  1.08840e-17
      4680.47  1.07232e-17
      4681.47  1.04315e-17
      4682.47  1.02644e-17
      4683.47  1.02626e-17
      4684.47  1.00851e-17
      4685.47  1.01237e-17
      4686.47  1.01590e-17
      4687.47  9.82633e-18
      4688.47  9.86162e-18
      4689.47  1.00169e-17
      4690.47  9.98024e-18
      4691.47  9.68660e-18
      4692.47  9.55755e-18
      4693.47  9.40093e-18
      4694.47  9.27389e-18
      4695.47  9.18997e-18
      4696.47  8.98514e-18
      4697.47  8.98450e-18
      4698.47  8.91511e-18
      4699.47  8.41612e-18
      4700.47  8.42489e-18
      4701.47  8.24135e-18
      4702.47  7.47560e-18
      4703.47  7.46594e-18
      4704.47  6.91269e-18
      4705.47  6.40225e-18
      4706.47  6.33581e-18
      4707.47  5.75613e-18
      4708.47  5.46097e-18
      4709.47  5.43681e-18
      4710.47  5.26775e-18
      4711.47  5.22829e-18
      4712.47  5.15243e-18
      4713.47  5.12648e-18
      4714.47  5.02215e-18
      4715.47  4.71582e-18
      4716.47  4.62371e-18
      4717.47  4.60844e-18
      4718.47  4.37008e-18
      4719.47  3.82509e-18
      4720.47  3.63495e-18
      4721.47  3.63469e-18
      4722.47  3.65456e-18
      4723.47  3.76406e-18
      4724.47  3.76379e-18
      4725.47  3.81527e-18
      4726.47  3.87539e-18
      4727.47  3.87511e-18
      4728.47  3.87483e-18
      4729.47  3.65473e-18
      4730.47  3.97576e-18
      4731.47  3.91463e-18
      4732.47  4.56195e-18
      4733.47  4.81918e-18
      4734.47  5.13281e-18
      4735.47  5.27728e-18
      4736.47  5.44653e-18
      4737.47  5.54089e-18
      4738.47  5.88368e-18
      4739.47  6.03498e-18
      4740.47  6.23656e-18
      4741.47  6.48618e-18
      4742.47  6.94079e-18
      4743.47  7.23243e-18
      4744.47  7.20291e-18
      4745.47  7.39420e-18
      4746.47  7.50282e-18
      4747.47  7.89541e-18
      4748.48  7.92096e-18
      4749.48  8.18487e-18
      4750.48  8.28349e-18
      4751.48  8.56921e-18
      4752.48  9.08540e-18
      4753.48  9.08474e-18
      4754.48  8.95479e-18
      4755.48  8.78461e-18
      4756.48  8.78716e-18
      4757.48  9.00182e-18
      4758.48  8.78106e-18
      4759.48  8.78902e-18
      4760.48  9.15693e-18
      4761.48  9.28550e-18
      4762.48  9.53996e-18
      4763.48  9.53927e-18
      4764.48  9.53858e-18
      4765.48  9.75510e-18
      4766.48  9.84801e-18
      4767.48  9.65726e-18
      4768.48  9.63627e-18
      4769.48  9.43871e-18
      4770.48  9.73129e-18
      4771.48  9.85361e-18
      4772.48  9.85290e-18
      4773.48  9.82786e-18
      4774.48  9.99891e-18
      4775.48  9.98695e-18
      4776.48  9.92626e-18
      4777.48  9.92555e-18
      4778.48  9.90931e-18
      4779.48  9.89087e-18
      4780.48  9.94758e-18
      4781.48  1.00377e-17
      4782.48  9.91010e-18
      4783.48  1.00051e-17
      4784.48  1.00980e-17
      4785.48  1.04156e-17
      4786.48  1.05084e-17
      4787.48  1.06823e-17
      4788.48  1.07170e-17
      4789.48  1.06807e-17
      4790.48  1.07146e-17
      4791.48  1.06233e-17
      4792.48  1.06758e-17
      4793.48  1.07350e-17
      4794.48  1.07342e-17
      4795.48  1.08526e-17
      4796.48  1.10232e-17
      4797.48  1.10613e-17
      4798.48  1.10216e-17
      4799.48  1.11192e-17
      4800.48  1.10002e-17
      4801.48  1.09843e-17
      4802.48  1.11466e-17
      4803.48  1.11701e-17
      4804.48  1.11565e-17
      4805.48  1.13762e-17
      4806.48  1.13810e-17
      4807.48  1.14429e-17
      4808.48  1.15126e-17
      4809.48  1.15450e-17
      4810.48  1.15442e-17
      4811.48  1.15434e-17
      4812.48  1.17054e-17
      4813.48  1.17045e-17
      4814.48  1.17037e-17
      4815.48  1.16746e-17
      4816.48  1.16591e-17
      4817.48  1.16583e-17
      4818.48  1.15102e-17
      4819.48  1.10080e-17
      4820.48  1.07573e-17
      4821.48  1.04506e-17
      4822.48  9.86527e-18
      4823.48  9.35026e-18
      4824.48  9.15906e-18
      4825.48  9.02765e-18
      4826.48  9.02699e-18
      4827.48  8.88393e-18
      4828.48  8.78284e-18
      4829.48  8.71096e-18
      4830.48  8.57939e-18
      4831.48  8.59600e-18
      4832.48  8.48936e-18
      4833.48  8.34586e-18
      4834.48  8.32587e-18
      4835.48  8.29973e-18
      4836.48  8.48690e-18
      4837.48  8.48628e-18
      4838.48  8.48567e-18
      4839.48  8.49537e-18
      4840.48  8.64064e-18
      4841.48  8.84302e-18
      4842.48  8.97460e-18
      4843.48  8.98071e-18
      4844.48  9.20230e-18
      4845.48  9.26744e-18
      4846.48  9.31954e-18
      4847.48  9.38548e-18
      4848.48  9.38192e-18
      4849.48  9.57560e-18
      4850.49  9.73965e-18
      4851.49  9.99415e-18
      4852.49  1.01317e-17
      4853.49  1.01060e-17
      4854.49  1.00688e-17
      4855.49  1.01299e-17
      4856.49  1.01038e-17
      4857.49  1.03724e-17
      4858.49  1.04993e-17
      4859.49  1.05213e-17
      4860.49  1.06979e-17
      4861.49  1.06971e-17
      4862.49  1.07879e-17
      4863.49  1.09928e-17
      4864.49  1.09920e-17
      4865.49  1.10907e-17
      4866.49  1.11103e-17
      4867.49  1.12360e-17
      4868.49  1.10662e-17
      4869.49  1.10486e-17
      4870.49  1.11947e-17
      4871.49  1.12959e-17
      4872.49  1.14306e-17
      4873.49  1.14688e-17
      4874.49  1.15094e-17
      4875.49  1.15617e-17
      4876.49  1.15245e-17
      4877.49  1.13840e-17
      4878.49  1.12318e-17
      4879.49  1.11211e-17
      4880.49  1.11628e-17
      4881.49  1.13516e-17
      4882.49  1.13215e-17
      4883.49  1.11179e-17
      4884.49  1.11001e-17
      4885.49  1.11163e-17
      4886.49  1.11528e-17
      4887.49  1.08609e-17
      4888.49  1.06136e-17
      4889.49  1.05011e-17
      4890.49  1.05003e-17
      4891.49  1.02606e-17
      4892.49  1.02048e-17
      4893.49  1.02943e-17
      4894.49  1.02907e-17
      4895.49  1.02928e-17
      4896.49  1.02596e-17
      4897.49  1.02484e-17
      4898.49  1.02553e-17
      4899.49  1.02441e-17
      4900.49  9.82545e-18
      4901.49  9.71403e-18
      4902.49  9.76186e-18
      4903.49  9.08561e-18
      4904.49  9.01787e-18
      4905.49  9.04399e-18
      4906.49  8.93640e-18
      4907.49  9.35558e-18
      4908.49  9.34567e-18
      4909.49  9.18741e-18
      4910.49  8.75141e-18
      4911.49  8.75078e-18
      4912.49  8.70086e-18
      4913.49  8.68361e-18
      4914.49  8.51189e-18
      4915.49  8.43051e-18
      4916.49  8.38777e-18
      4917.49  8.36475e-18
      4918.49  8.22644e-18
      4919.49  8.31035e-18
      4920.49  8.30975e-18
      4921.49  8.34510e-18
      4922.49  8.30856e-18
      4923.49  8.39011e-18
      4924.49  8.34863e-18
      4925.49  8.34803e-18
      4926.49  8.39674e-18
      4927.49  8.35874e-18
      4928.49  8.34623e-18
      4929.49  8.30824e-18
      4930.49  8.48446e-18
      4931.49  8.54115e-18
      4932.49  8.48324e-18
      4933.49  8.53992e-18
      4934.49  8.54238e-18
      4935.49  8.73702e-18
      4936.49  9.13309e-18
      4937.49  9.07774e-18
      4938.49  9.08649e-18
      4939.49  9.19694e-18
      4940.49  9.35582e-18
      4941.49  9.84037e-18
      4942.49  9.85498e-18
      4943.49  9.91972e-18
      4944.49  1.00181e-17
      4945.49  1.03647e-17
      4946.49  1.01670e-17
      4947.49  1.01663e-17
      4948.50  1.06215e-17
      4949.50  1.08020e-17
      4950.50  1.09133e-17
      4951.50  1.11476e-17
      4952.50  1.11705e-17
      4953.50  1.16631e-17
      4954.50  1.24219e-17
      4955.50  1.27943e-17
      4956.50  1.28292e-17
      4957.50  1.29914e-17
      4958.50  1.32042e-17
      4959.50  1.33888e-17
      4960.50  1.35907e-17
      4961.50  1.35997e-17
      4962.50  1.38660e-17
      4963.50  1.38861e-17
      4964.50  1.39706e-17
      4965.50  1.39696e-17
      4966.50  1.41700e-17
      4967.50  1.42761e-17
      4968.50  1.45101e-17
      4969.50  1.47367e-17
      4970.50  1.48774e-17
      4971.50  1.51055e-17
      4972.50  1.54597e-17
      4973.50  1.54625e-17
      4974.50  1.55811e-17
      4975.50  1.56108e-17
      4976.50  1.56950e-17
      4977.50  1.57381e-17
      4978.50  1.65035e-17
      4979.50  1.68081e-17
      4980.50  1.74772e-17
      4981.50  1.77354e-17
      4982.50  1.76064e-17
      4983.50  1.77598e-17
      4984.50  1.80696e-17
      4985.50  1.80510e-17
      4986.50  1.83310e-17
      4987.50  1.86300e-17
      4988.50  1.91691e-17
      4989.50  1.93718e-17
      4990.50  1.93750e-17
      4991.50  1.93690e-17
      4992.50  1.93676e-17
      4993.50  1.94305e-17
      4994.50  1.92968e-17
      4995.50  1.90668e-17
      4996.50  1.87537e-17
      4997.50  1.87524e-17
      4998.50  1.86524e-17
      4999.50  1.85357e-17
      5000.50  1.85344e-17
      5001.50  1.85293e-17
      5002.50  1.80676e-17
      5003.50  1.76036e-17
      5004.50  1.72355e-17
      5005.50  1.71293e-17
      5006.50  1.65910e-17
      5007.50  1.65447e-17
      5008.50  1.65336e-17
      5009.50  1.61030e-17
      5010.50  1.60999e-17
      5011.50  1.59354e-17
      5012.50  1.57439e-17
      5013.50  1.56516e-17
      5014.50  1.57048e-17
      5015.50  1.54921e-17
      5016.50  1.54910e-17
      5017.50  1.54365e-17
      5018.50  1.53885e-17
      5019.50  1.51112e-17
      5020.50  1.49640e-17
      5021.50  1.46226e-17
      5022.50  1.46842e-17
      5023.50  1.47897e-17
      5024.50  1.49598e-17
      5025.50  1.46982e-17
      5026.50  1.46263e-17
      5027.50  1.43105e-17
      5028.50  1.41514e-17
      5029.50  1.41950e-17
      5030.50  1.40117e-17
      5031.50  1.37303e-17
      5032.50  1.36390e-17
      5033.50  1.36524e-17
      5034.50  1.36960e-17
      5035.50  1.37014e-17
      5036.50  1.42039e-17
      5037.50  1.42976e-17
      5038.50  1.42966e-17
      5039.50  1.43692e-17
      5040.50  1.43775e-17
      5041.50  1.42793e-17
      5042.50  1.42783e-17
      5043.50  1.44137e-17
      5044.50  1.43480e-17
      5045.50  1.43128e-17
      5046.50  1.43510e-17
      5047.50  1.43450e-17
      5048.50  1.45538e-17
      5049.50  1.46824e-17
      5050.51  1.47197e-17
      5051.51  1.46131e-17
      5052.51  1.47177e-17
      5053.51  1.46116e-17
      5054.51  1.44357e-17
      5055.51  1.44240e-17
      5056.51  1.42967e-17
      5057.51  1.43302e-17
      5058.51  1.42880e-17
      5059.51  1.42890e-17
      5060.51  1.39286e-17
      5061.51  1.35656e-17
      5062.51  1.32794e-17
      5063.51  1.26376e-17
      5064.51  1.23548e-17
      5065.51  1.19190e-17
      5066.51  1.16996e-17
      5067.51  1.16988e-17
      5068.51  1.15026e-17
      5069.51  1.13142e-17
      5070.51  1.10738e-17
      5071.51  1.09987e-17
      5072.51  1.05947e-17
      5073.51  1.05069e-17
      5074.51  1.02538e-17
      5075.51  9.83155e-18
      5076.51  9.83087e-18
      5077.51  9.73399e-18
      5078.51  9.36497e-18
      5079.51  9.42309e-18
      5080.51  9.33842e-18
      5081.51  9.42179e-18
      5082.51  9.31064e-18
      5083.51  9.09609e-18
      5084.51  9.08898e-18
      5085.51  9.01207e-18
      5086.51  9.03071e-18
      5087.51  9.01083e-18
      5088.51  8.72999e-18
      5089.51  8.88063e-18
      5090.51  8.88484e-18
      5091.51  9.12510e-18
      5092.51  8.87664e-18
      5093.51  9.17058e-18
      5094.51  9.06290e-18
      5095.51  9.16932e-18
      5096.51  9.49764e-18
      5097.51  9.69199e-18
      5098.51  9.89643e-18
      5099.51  9.57295e-18
      5100.51  1.02313e-17
      5101.51  1.06339e-17
      5102.51  1.08816e-17
      5103.51  1.08809e-17
      5104.51  1.11481e-17
      5105.51  1.11474e-17
      5106.51  1.19473e-17
      5107.51  1.20199e-17
      5108.51  1.21544e-17
      5109.51  1.21960e-17
      5110.51  1.24444e-17
      5111.51  1.28123e-17
      5112.51  1.29940e-17
      5113.51  1.32665e-17
      5114.51  1.33401e-17
      5115.51  1.32784e-17
      5116.51  1.33984e-17
      5117.51  1.33629e-17
      5118.51  1.33502e-17
      5119.51  1.34391e-17
      5120.51  1.32739e-17
      5121.51  1.33130e-17
      5122.51  1.33466e-17
      5123.51  1.33660e-17
      5124.51  1.35371e-17
      5125.51  1.35489e-17
      5126.51  1.35352e-17
      5127.51  1.37379e-17
      5128.51  1.37500e-17
      5129.51  1.37480e-17
      5130.51  1.37849e-17
      5131.51  1.36951e-17
      5132.51  1.37897e-17
      5133.51  1.38079e-17
      5134.51  1.38313e-17
      5135.51  1.41000e-17
      5136.51  1.42134e-17
      5137.51  1.41301e-17
      5138.51  1.41557e-17
      5139.51  1.42615e-17
      5140.51  1.45238e-17
      5141.51  1.50579e-17
      5142.51  1.51161e-17
      5143.51  1.50729e-17
      5144.51  1.54401e-17
      5145.51  1.54866e-17
      5146.51  1.54886e-17
      5147.51  1.54870e-17
      5148.52  1.54909e-17
      5149.52  1.57437e-17
      5150.52  1.59433e-17
      5151.52  1.60434e-17
      5152.52  1.61851e-17
      5153.52  1.60171e-17
      5154.52  1.60161e-17
      5155.52  1.62009e-17
      5156.52  1.62048e-17
      5157.52  1.60630e-17
      5158.52  1.61307e-17
      5159.52  1.61196e-17
      5160.52  1.61238e-17
      5161.52  1.61326e-17
      5162.52  1.59067e-17
      5163.52  1.56899e-17
      5164.52  1.55624e-17
      5165.52  1.55124e-17
      5166.52  1.53585e-17
      5167.52  1.51976e-17
      5168.52  1.52640e-17
      5169.52  1.52630e-17
      5170.52  1.51809e-17
      5171.52  1.50063e-17
      5172.52  1.49368e-17
      5173.52  1.49907e-17
      5174.52  1.51484e-17
      5175.52  1.49072e-17
      5176.52  1.49024e-17
      5177.52  1.50801e-17
      5178.52  1.50908e-17
      5179.52  1.51578e-17
      5180.52  1.51568e-17
      5181.52  1.50343e-17
      5182.52  1.50860e-17
      5183.52  1.50323e-17
      5184.52  1.44896e-17
      5185.52  1.44922e-17
      5186.52  1.44876e-17
      5187.52  1.45351e-17
      5188.52  1.47519e-17
      5189.52  1.47856e-17
      5190.52  1.47846e-17
      5191.52  1.47836e-17
      5192.52  1.47109e-17
      5193.52  1.46263e-17
      5194.52  1.45284e-17
      5195.52  1.45463e-17
      5196.52  1.44977e-17
      5197.52  1.45927e-17
      5198.52  1.46714e-17
      5199.52  1.44991e-17
      5200.52  1.46695e-17
      5201.52  1.44929e-17
      5202.52  1.45001e-17
      5203.52  1.44803e-17
      5204.52  1.44557e-17
      5205.52  1.44547e-17
      5206.52  1.44273e-17
      5207.52  1.40500e-17
      5208.52  1.38652e-17
      5209.52  1.38643e-17
      5210.52  1.37893e-17
      5211.52  1.37884e-17
      5212.52  1.39829e-17
      5213.52  1.40066e-17
      5214.52  1.43608e-17
      5215.52  1.43598e-17
      5216.52  1.43589e-17
      5217.52  1.41339e-17
      5218.52  1.42758e-17
      5219.52  1.41194e-17
      5220.52  1.41185e-17
      5221.52  1.42604e-17
      5222.52  1.43213e-17
      5223.52  1.46659e-17
      5224.52  1.47924e-17
      5225.52  1.48687e-17
      5226.52  1.48772e-17
      5227.52  1.46440e-17
      5228.52  1.45811e-17
      5229.52  1.44934e-17
      5230.52  1.43806e-17
      5231.52  1.43797e-17
      5232.52  1.46307e-17
      5233.52  1.48260e-17
      5234.52  1.48445e-17
      5235.52  1.48904e-17
      5236.52  1.48050e-17
      5237.52  1.43503e-17
      5238.52  1.43299e-17
      5239.52  1.42172e-17
      5240.52  1.42118e-17
      5241.52  1.40983e-17
      5242.52  1.44521e-17
      5243.52  1.45895e-17
      5244.52  1.45886e-17
      5245.52  1.48695e-17
      5246.52  1.49910e-17
      5247.52  1.50330e-17
      5248.52  1.52156e-17
      5249.52  1.49552e-17
      5250.52  1.50477e-17
      5251.53  1.58522e-17
      5252.53  1.57778e-17
      5253.53  1.55931e-17
      5254.53  1.57252e-17
      5255.53  1.58472e-17
      5256.53  1.59444e-17
      5257.53  1.59595e-17
      5258.53  1.59585e-17
      5259.53  1.61141e-17
      5260.53  1.62967e-17
      5261.53  1.62956e-17
      5262.53  1.60033e-17
      5263.53  1.59862e-17
      5264.53  1.59733e-17
      5265.53  1.58661e-17
      5266.53  1.56669e-17
      5267.53  1.56498e-17
      5268.53  1.56369e-17
      5269.53  1.58502e-17
      5270.53  1.57889e-17
      5271.53  1.50628e-17
      5272.53  1.51210e-17
      5273.53  1.54579e-17
      5274.53  1.51191e-17
      5275.53  1.47811e-17
      5276.53  1.47802e-17
      5277.53  1.47792e-17
      5278.53  1.52980e-17
      5279.53  1.58015e-17
      5280.53  1.58607e-17
      5281.53  1.59464e-17
      5282.53  1.57985e-17
      5283.53  1.56110e-17
      5284.53  1.56281e-17
      5285.53  1.56271e-17
      5286.53  1.59594e-17
      5287.53  1.61812e-17
      5288.53  1.62408e-17
      5289.53  1.68008e-17
      5290.53  1.69403e-17
      5291.53  1.72304e-17
      5292.53  1.71398e-17
      5293.53  1.72838e-17
      5294.53  1.73000e-17
      5295.53  1.76769e-17
      5296.53  1.77883e-17
      5297.53  1.77872e-17
      5298.53  1.81421e-17
      5299.53  1.81866e-17
      5300.53  1.81855e-17
      5301.53  1.81176e-17
      5302.53  1.81165e-17
      5303.53  1.81153e-17
      5304.53  1.79472e-17
      5305.53  1.77992e-17
      5306.53  1.77981e-17
      5307.53  1.76083e-17
      5308.53  1.76770e-17
      5309.53  1.77366e-17
      5310.53  1.76385e-17
      5311.53  1.71569e-17
      5312.53  1.72770e-17
      5313.53  1.72760e-17
      5314.53  1.68013e-17
      5315.53  1.68124e-17
      5316.53  1.66781e-17
      5317.53  1.66771e-17
      5318.53  1.68699e-17
      5319.53  1.69036e-17
      5320.53  1.68441e-17
      5321.53  1.68668e-17
      5322.53  1.71156e-17
      5323.53  1.71311e-17
      5324.53  1.71456e-17
      5325.53  1.74277e-17
      5326.53  1.74266e-17
      5327.53  1.74083e-17
      5328.53  1.75209e-17
      5329.53  1.75597e-17
      5330.53  1.73385e-17
      5331.53  1.70767e-17
      5332.53  1.69221e-17
      5333.53  1.68938e-17
      5334.53  1.69201e-17
      5335.53  1.70463e-17
      5336.53  1.69377e-17
      5337.53  1.70639e-17
      5338.53  1.70890e-17
      5339.53  1.75680e-17
      5340.53  1.70257e-17
      5341.53  1.71050e-17
      5342.53  1.70976e-17
      5343.53  1.71586e-17
      5344.53  1.71576e-17
      5345.53  1.71303e-17
      5346.53  1.70545e-17
      5347.53  1.70534e-17
      5348.54  1.71557e-17
      5349.54  1.73420e-17
      5350.54  1.73473e-17
      5351.54  1.73931e-17
      5352.54  1.77243e-17
      5353.54  1.77959e-17
      5354.54  1.75687e-17
      5355.54  1.72924e-17
      5356.54  1.69592e-17
      5357.54  1.69194e-17
      5358.54  1.69184e-17
      5359.54  1.71167e-17
      5360.54  1.70487e-17
      5361.54  1.65808e-17
      5362.54  1.68975e-17
      5363.54  1.68965e-17
      5364.54  1.68360e-17
      5365.54  1.65110e-17
      5366.54  1.64775e-17
      5367.54  1.64515e-17
      5368.54  1.63145e-17
      5369.54  1.58653e-17
      5370.54  1.58643e-17
      5371.54  1.58634e-17
      5372.54  1.61098e-17
      5373.54  1.61088e-17
      5374.54  1.61560e-17
      5375.54  1.64059e-17
      5376.54  1.64812e-17
      5377.54  1.68196e-17
      5378.54  1.68186e-17
      5379.54  1.71043e-17
      5380.54  1.71167e-17
      5381.54  1.69886e-17
      5382.54  1.69876e-17
      5383.54  1.73036e-17
      5384.54  1.70760e-17
      5385.54  1.70749e-17
      5386.54  1.69835e-17
      5387.54  1.70595e-17
      5388.54  1.70584e-17
      5389.54  1.72607e-17
      5390.54  1.71693e-17
      5391.54  1.76515e-17
      5392.54  1.78105e-17
      5393.54  1.79687e-17
      5394.54  1.79690e-17
      5395.54  1.79679e-17
      5396.54  1.77459e-17
      5397.54  1.74163e-17
      5398.54  1.77438e-17
      5399.54  1.79623e-17
      5400.54  1.84402e-17
      5401.54  1.83870e-17
      5402.54  1.86190e-17
      5403.54  1.86960e-17
      5404.54  1.88166e-17
      5405.54  1.89128e-17
      5406.54  1.89671e-17
      5407.54  1.91718e-17
      5408.54  1.91750e-17
      5409.54  1.93217e-17
      5410.54  1.89875e-17
      5411.54  1.87826e-17
      5412.54  1.87815e-17
      5413.54  1.91694e-17
      5414.54  1.91682e-17
      5415.54  1.91135e-17
      5416.54  1.91124e-17
      5417.54  1.89661e-17
      5418.54  1.89649e-17
      5419.54  1.89520e-17
      5420.54  1.87525e-17
      5421.54  1.82616e-17
      5422.54  1.82107e-17
      5423.54  1.81047e-17
      5424.54  1.80110e-17
      5425.54  1.80100e-17
      5426.54  1.78497e-17
      5427.54  1.78389e-17
      5428.54  1.77634e-17
      5429.54  1.77071e-17
      5430.54  1.76644e-17
      5431.54  1.77097e-17
      5432.54  1.76096e-17
      5433.54  1.74024e-17
      5434.54  1.69609e-17
      5435.54  1.70550e-17
      5436.54  1.71027e-17
      5437.54  1.71129e-17
      5438.54  1.70246e-17
      5439.54  1.70575e-17
      5440.54  1.70565e-17
      5441.54  1.69433e-17
      5442.54  1.69167e-17
      5443.54  1.64666e-17
      5444.54  1.63446e-17
      5445.54  1.63240e-17
      5446.54  1.61858e-17
      5447.54  1.59765e-17
      5448.54  1.59502e-17
      5449.54  1.61315e-17
      5450.54  1.62582e-17
      5451.55  1.66023e-17
      5452.55  1.66141e-17
      5453.55  1.66590e-17
      5454.55  1.66581e-17
      5455.55  1.66571e-17
      5456.55  1.62351e-17
      5457.55  1.69598e-17
      5458.55  1.75767e-17
      5459.55  1.83459e-17
      5460.55  2.02837e-17
      5461.55  2.03513e-17
      5462.55  2.03526e-17
      5463.55  2.03927e-17
      5464.55  2.04815e-17
      5465.55  2.05543e-17
      5466.55  2.05595e-17
      5467.55  2.05584e-17
      5468.55  1.97192e-17
      5469.55  1.92427e-17
      5470.55  1.87898e-17
      5471.55  1.88903e-17
      5472.55  1.88152e-17
      5473.55  1.88006e-17
      5474.55  1.87151e-17
      5475.55  1.87141e-17
      5476.55  1.87974e-17
      5477.55  1.87964e-17
      5478.55  1.87953e-17
      5479.55  1.86864e-17
      5480.55  1.88080e-17
      5481.55  1.87921e-17
      5482.55  1.87911e-17
      5483.55  1.87603e-17
      5484.55  1.87593e-17
      5485.55  1.87831e-17
      5486.55  1.87572e-17
      5487.55  1.87958e-17
      5488.55  1.88263e-17
      5489.55  1.90573e-17
      5490.55  1.88974e-17
      5491.55  1.88151e-17
      5492.55  1.88141e-17
      5493.55  1.87988e-17
      5494.55  1.88120e-17
      5495.55  1.87839e-17
      5496.55  1.87957e-17
      5497.55  1.87935e-17
      5498.55  1.88748e-17
      5499.55  1.90676e-17
      5500.55  1.90665e-17
      5501.55  1.93103e-17
      5502.55  1.93093e-17
      5503.55  1.93628e-17
      5504.55  1.97748e-17
      5505.55  1.98332e-17
      5506.55  1.99340e-17
      5507.55  2.04892e-17
      5508.55  2.05681e-17
      5509.55  2.05895e-17
      5510.55  2.06347e-17
      5511.55  2.07039e-17
      5512.55  2.06325e-17
      5513.55  2.07016e-17
      5514.55  2.07005e-17
      5515.55  2.06993e-17
      5516.55  2.07186e-17
      5517.55  2.09524e-17
      5518.55  2.13496e-17
      5519.55  2.19550e-17
      5520.55  2.20937e-17
      5521.55  2.23970e-17
      5522.55  2.23747e-17
      5523.55  2.23852e-17
      5524.55  2.23587e-17
      5525.55  2.23116e-17
      5526.55  2.19620e-17
      5527.55  2.20889e-17
      5528.55  2.16714e-17
      5529.55  2.16138e-17
      5530.55  2.16276e-17
      5531.55  2.16509e-17
      5532.55  2.21489e-17
      5533.55  2.22599e-17
      5534.55  2.23114e-17
      5535.55  2.22853e-17
      5536.55  2.22824e-17
      5537.55  2.22812e-17
      5538.55  2.21934e-17
      5539.55  2.19023e-17
      5540.55  2.18621e-17
      5541.55  2.18116e-17
      5542.55  2.18644e-17
      5543.55  2.20037e-17
      5544.55  2.20025e-17
      5545.55  2.20013e-17
      5546.55  2.20071e-17
      5547.55  2.20447e-17
      5548.56  2.20036e-17
      5549.56  2.19547e-17
      5550.56  2.18130e-17
      5551.56  2.17604e-17
      5552.56  2.17592e-17
      5553.56  2.16214e-17
      5554.56  2.15317e-17
      5555.56  2.15031e-17
      5556.56  2.09130e-17
      5557.56  2.01143e-17
      5558.56  1.96326e-17
      5559.56  1.89510e-17
      5560.56  1.85550e-17
      5561.56  1.85366e-17
      5562.56  1.84813e-17
      5563.56  1.84803e-17
      5564.56  1.83745e-17
      5565.56  1.83879e-17
      5566.56  1.83870e-17
      5567.56  1.83860e-17
      5568.56  1.83787e-17
      5569.56  1.83778e-17
      5570.56  1.83831e-17
      5571.56  1.86569e-17
      5572.56  1.92112e-17
      5573.56  1.98716e-17
      5574.56  2.06653e-17
      5575.56  2.11963e-17
      5576.56  2.11951e-17
      5577.56  2.11724e-17
      5578.56  2.11447e-17
      5579.56  2.11436e-17
      5580.56  2.11425e-17
      5581.56  2.11237e-17
      5582.56  2.07893e-17
      5583.56  2.00422e-17
      5584.56  1.80185e-17
      5585.56  1.65058e-17
      5586.56  1.65049e-17
      5587.56  1.63516e-17
      5588.56  1.62920e-17
      5589.56  1.60454e-17
      5590.56  1.58118e-17
      5591.56  1.56987e-17
      5592.56  1.54118e-17
      5593.56  1.53378e-17
      5594.56  1.49500e-17
      5595.56  1.47854e-17
      5596.56  1.44304e-17
      5597.56  1.43692e-17
      5598.56  1.41326e-17
      5599.56  1.39634e-17
      5600.56  1.39552e-17
      5601.56  1.37662e-17
      5602.56  1.37655e-17
      5603.56  1.38788e-17
      5604.56  1.40226e-17
      5605.56  1.40219e-17
      5606.56  1.40971e-17
      5607.56  1.42440e-17
      5608.56  1.41620e-17
      5609.56  1.41135e-17
      5610.56  1.40902e-17
      5611.56  1.37561e-17
      5612.56  1.34743e-17
      5613.56  1.35997e-17
      5614.56  1.39335e-17
      5615.56  1.41957e-17
      5616.56  1.47231e-17
      5617.56  1.48668e-17
      5618.56  1.47277e-17
      5619.56  1.44614e-17
      5620.56  1.41744e-17
      5621.56  1.40914e-17
      5622.56  1.37697e-17
      5623.56  1.37034e-17
      5624.56  1.37027e-17
      5625.56  1.37020e-17
      5626.56  1.40238e-17
      5627.56  1.40231e-17
      5628.56  1.40844e-17
      5629.56  1.40837e-17
      5630.56  1.40483e-17
      5631.56  1.39743e-17
      5632.56  1.39736e-17
      5633.56  1.39729e-17
      5634.56  1.39834e-17
      5635.56  1.40174e-17
      5636.56  1.40167e-17
      5637.56  1.40048e-17
      5638.56  1.40041e-17
      5639.56  1.38845e-17
      5640.56  1.35167e-17
      5641.56  1.35008e-17
      5642.56  1.34374e-17
      5643.56  1.32979e-17
      5644.56  1.32973e-17
      5645.56  1.33123e-17
      5646.56  1.33183e-17
      5647.56  1.32090e-17
      5648.56  1.32084e-17
      5649.56  1.30763e-17
      5650.56  1.28909e-17
      5651.57  1.27230e-17
      5652.57  1.26516e-17
      5653.57  1.26345e-17
      5654.57  1.26123e-17
      5655.57  1.23469e-17
      5656.57  1.23180e-17
      5657.57  1.23320e-17
      5658.57  1.22385e-17
      5659.57  1.21903e-17
      5660.57  1.20831e-17
      5661.57  1.20619e-17
      5662.57  1.21519e-17
      5663.57  1.20905e-17
      5664.57  1.20313e-17
      5665.57  1.17986e-17
      5666.57  1.17239e-17
      5667.57  1.14360e-17
      5668.57  1.14354e-17
      5669.57  1.13173e-17
      5670.57  1.12920e-17
      5671.57  1.08523e-17
      5672.57  1.08481e-17
      5673.57  1.07186e-17
      5674.57  1.07181e-17
      5675.57  1.06853e-17
      5676.57  1.06320e-17
      5677.57  1.05377e-17
      5678.57  1.05015e-17
      5679.57  1.04199e-17
      5680.57  1.03739e-17
      5681.57  1.03486e-17
      5682.57  1.02376e-17
      5683.57  1.01765e-17
      5684.57  1.01104e-17
      5685.57  1.00710e-17
      5686.57  9.73267e-18
      5687.57  9.69521e-18
      5688.57  9.56099e-18
      5689.57  8.98669e-18
      5690.57  8.98017e-18
      5691.57  8.86621e-18
      5692.57  8.40545e-18
      5693.57  8.30395e-18
      5694.57  7.99365e-18
      5695.57  7.97919e-18
      5696.57  7.79719e-18
      5697.57  7.38364e-18
      5698.57  7.07137e-18
      5699.57  6.66989e-18
      5700.57  6.64991e-18
      5701.57  6.56143e-18
      5702.57  6.49247e-18
      5703.57  6.29492e-18
      5704.57  6.04220e-18
      5705.57  6.01987e-18
      5706.57  5.84378e-18
      5707.57  5.82154e-18
      5708.57  5.52052e-18
      5709.57  5.06758e-18
      5710.57  4.88451e-18
      5711.57  4.86362e-18
      5712.57  4.81186e-18
      5713.57  4.53808e-18
      5714.57  4.42663e-18
      5715.57  4.41782e-18
      5716.57  4.36526e-18
      5717.57  4.21650e-18
      5718.57  4.06397e-18
      5719.57  4.00232e-18
      5720.57  3.73980e-18
      5721.57  3.44892e-18
      5722.57  3.28214e-18
      5723.57  3.14875e-18
      5724.57  2.91618e-18
      5725.57  2.91604e-18
      5726.57  2.90790e-18
      5727.57  2.86858e-18
      5728.57  2.85492e-18
      5729.57  2.81711e-18
      5730.57  2.78675e-18
      5731.57  2.59462e-18
      5732.57  2.68265e-18
      5733.57  2.64540e-18
      5734.57  2.63277e-18
      5735.57  2.54863e-18
      5736.57  2.53310e-18
      5737.57  2.56890e-18
      5738.57  2.55664e-18
      5739.57  2.53274e-18
      5740.57  2.51771e-18
      5741.57  2.48009e-18
      5742.57  2.55245e-18
      5743.57  2.62038e-18
      5744.57  2.62500e-18
      5745.57  2.58263e-18
      5746.57  2.62475e-18
      5747.57  2.67925e-18
      5748.58  2.71709e-18
      5749.58  2.71696e-18
      5750.58  2.76556e-18
      5751.58  2.84808e-18
      5752.58  2.98609e-18
      5753.58  3.03909e-18
      5754.58  3.20357e-18
      5755.58  3.33693e-18
      5756.58  3.32180e-18
      5757.58  3.44148e-18
      5758.58  3.44132e-18
      5759.58  3.46537e-18
      5760.58  3.52256e-18
      5761.58  3.59566e-18
      5762.58  3.87287e-18
      5763.58  3.91253e-18
      5764.58  3.97659e-18
      5765.58  4.12015e-18
      5766.58  4.23148e-18
      5767.58  4.36208e-18
      5768.58  4.33660e-18
      5769.58  4.33776e-18
      5770.58  4.38004e-18
      5771.58  4.37984e-18
      5772.58  5.00358e-18
      5773.58  5.10848e-18
      5774.58  5.28389e-18
      5775.58  5.46259e-18
      5776.58  5.55397e-18
      5777.58  5.72673e-18
      5778.58  5.91683e-18
      5779.58  6.13603e-18
      5780.58  6.16208e-18
      5781.58  6.13762e-18
      5782.58  6.17752e-18
      5783.58  6.24957e-18
      5784.58  6.33953e-18
      5785.58  6.93916e-18
      5786.58  7.33200e-18
      5787.58  7.42066e-18
      5788.58  7.76429e-18
      5789.58  8.15540e-18
      5790.58  8.58717e-18
      5791.58  8.62137e-18
      5792.58  8.86622e-18
      5793.58  8.94775e-18
      5794.58  9.34313e-18
      5795.58  9.50848e-18
      5796.58  9.70938e-18
      5797.58  9.93241e-18
      5798.58  1.00561e-17
      5799.58  1.00653e-17
      5800.58  1.02892e-17
      5801.58  1.03956e-17
      5802.58  1.05284e-17
      5803.58  1.07534e-17
      5804.58  1.08004e-17
      5805.58  1.14771e-17
      5806.58  1.19779e-17
      5807.58  1.20002e-17
      5808.58  1.20480e-17
      5809.58  1.21940e-17
      5810.58  1.22727e-17
      5811.58  1.23206e-17
      5812.58  1.26748e-17
      5813.58  1.29569e-17
      5814.58  1.30214e-17
      5815.58  1.30464e-17
      5816.58  1.30859e-17
      5817.58  1.32410e-17
      5818.58  1.33059e-17
      5819.58  1.33456e-17
      5820.58  1.38962e-17
      5821.58  1.46609e-17
      5822.58  1.52187e-17
      5823.58  1.53889e-17
      5824.58  1.55591e-17
      5825.58  1.56111e-17
      5826.58  1.57637e-17
      5827.58  1.59013e-17
      5828.58  1.61002e-17
      5829.58  1.62981e-17
      5830.58  1.66567e-17
      5831.58  1.69499e-17
      5832.58  1.71386e-17
      5833.58  1.69772e-17
      5834.58  1.69883e-17
      5835.58  1.71491e-17
      5836.58  1.71484e-17
      5837.58  1.70450e-17
      5838.58  1.74474e-17
      5839.58  1.77976e-17
      5840.58  1.81467e-17
      5841.58  1.84432e-17
      5842.58  1.88489e-17
      5843.58  1.88490e-17
      5844.58  1.86745e-17
      5845.58  1.89048e-17
      5846.58  1.89819e-17
      5847.58  1.89810e-17
      5848.58  1.92995e-17
      5849.58  1.94144e-17
      5850.58  1.95618e-17
      5851.59  1.96245e-17
      5852.59  2.01206e-17
      5853.59  2.01309e-17
      5854.59  2.01906e-17
      5855.59  2.03384e-17
      5856.59  2.04604e-17
      5857.59  2.05560e-17
      5858.59  2.15571e-17
      5859.59  2.16725e-17
      5860.59  2.17191e-17
      5861.59  2.17556e-17
      5862.59  2.17547e-17
      5863.59  2.18208e-17
      5864.59  2.20686e-17
      5865.59  2.20258e-17
      5866.59  2.19830e-17
      5867.59  2.19755e-17
      5868.59  2.22193e-17
      5869.59  2.24713e-17
      5870.59  2.24864e-17
      5871.59  2.25231e-17
      5872.59  2.25018e-17
      5873.59  2.27659e-17
      5874.59  2.31972e-17
      5875.59  2.31962e-17
      5876.59  2.31545e-17
      5877.59  2.33507e-17
      5878.59  2.33497e-17
      5879.59  2.31515e-17
      5880.59  2.33315e-17
      5881.59  2.27400e-17
      5882.59  2.25061e-17
      5883.59  2.25051e-17
      5884.59  2.21664e-17
      5885.59  2.13437e-17
      5886.59  1.92336e-17
      5887.59  1.91548e-17
      5888.59  1.90948e-17
      5889.59  1.81129e-17
      5890.59  1.78134e-17
      5891.59  1.77959e-17
      5892.59  1.77951e-17
      5893.59  1.77944e-17
      5894.59  1.76934e-17
      5895.59  1.77707e-17
      5896.59  1.77699e-17
      5897.59  1.78081e-17
      5898.59  1.80464e-17
      5899.59  1.80587e-17
      5900.59  1.80579e-17
      5901.59  1.81656e-17
      5902.59  1.81772e-17
      5903.59  1.82415e-17
      5904.59  1.85663e-17
      5905.59  1.86402e-17
      5906.59  1.85878e-17
      5907.59  1.86294e-17
      5908.59  1.92442e-17
      5909.59  1.94153e-17
      5910.59  1.99194e-17
      5911.59  1.98560e-17
      5912.59  1.98718e-17
      5913.59  1.99008e-17
      5914.59  1.99101e-17
      5915.59  2.01408e-17
      5916.59  2.01479e-17
      5917.59  2.02934e-17
      5918.59  2.00579e-17
      5919.59  2.00999e-17
      5920.59  2.00991e-17
      5921.59  1.98215e-17
      5922.59  1.97665e-17
      5923.59  1.96558e-17
      5924.59  1.96979e-17
      5925.59  1.98550e-17
      5926.59  1.98473e-17
      5927.59  1.97185e-17
      5928.59  1.96877e-17
      5929.59  1.94580e-17
      5930.59  1.95386e-17
      5931.59  1.92870e-17
      5932.59  1.90474e-17
      5933.59  1.90219e-17
      5934.59  1.91291e-17
      5935.59  1.88844e-17
      5936.59  1.88134e-17
      5937.59  1.86158e-17
      5938.59  1.88119e-17
      5939.59  1.90323e-17
      5940.59  1.89268e-17
      5941.59  1.88343e-17
      5942.59  1.84708e-17
      5943.59  1.85073e-17
      5944.59  1.88695e-17
      5945.59  1.88189e-17
      5946.59  1.87809e-17
      5947.59  1.83926e-17
      5948.59  1.83341e-17
      5949.60  1.83333e-17
      5950.60  1.81764e-17
      5951.60  1.81741e-17
      5952.60  1.79744e-17
      5953.60  1.79896e-17
      5954.60  1.79197e-17
      5955.60  1.77824e-17
      5956.60  1.77176e-17
      5957.60  1.75554e-17
      5958.60  1.75304e-17
      5959.60  1.75297e-17
      5960.60  1.71884e-17
      5961.60  1.71673e-17
      5962.60  1.71103e-17
      5963.60  1.68497e-17
      5964.60  1.69680e-17
      5965.60  1.68625e-17
      5966.60  1.66295e-17
      5967.60  1.64094e-17
      5968.60  1.64088e-17
      5969.60  1.63293e-17
      5970.60  1.65765e-17
      5971.60  1.65864e-17
      5972.60  1.63123e-17
      5973.60  1.61290e-17
      5974.60  1.60582e-17
      5975.60  1.60362e-17
      5976.60  1.58715e-17
      5977.60  1.58709e-17
      5978.60  1.60319e-17
      5979.60  1.59481e-17
      5980.60  1.57773e-17
      5981.60  1.58157e-17
      5982.60  1.57541e-17
      5983.60  1.56563e-17
      5984.60  1.56242e-17
      5985.60  1.56306e-17
      5986.60  1.56011e-17
      5987.60  1.54156e-17
      5988.60  1.53522e-17
      5989.60  1.52845e-17
      5990.60  1.52213e-17
      5991.60  1.52598e-17
      5992.60  1.48857e-17
      5993.60  1.46547e-17
      5994.60  1.43736e-17
      5995.60  1.43122e-17
      5996.60  1.41955e-17
      5997.60  1.40208e-17
      5998.60  1.39168e-17
      5999.60  1.38770e-17
      6000.60  1.38765e-17
      6001.60  1.38356e-17
      6002.60  1.39146e-17
      6003.60  1.39140e-17
      6004.60  1.39135e-17
      6005.60  1.37942e-17
      6006.60  1.37589e-17
      6007.60  1.37105e-17
      6008.60  1.35989e-17
      6009.60  1.35827e-17
      6010.60  1.35822e-17
      6011.60  1.36212e-17
      6012.60  1.34253e-17
      6013.60  1.35288e-17
      6014.60  1.35282e-17
      6015.60  1.35277e-17
      6016.60  1.35272e-17
      6017.60  1.31058e-17
      6018.60  1.28187e-17
      6019.60  1.28182e-17
      6020.60  1.28177e-17
      6021.60  1.30606e-17
      6022.60  1.29111e-17
      6023.60  1.29106e-17
      6024.60  1.29101e-17
      6025.60  1.29096e-17
      6026.60  1.28969e-17
      6027.60  1.28838e-17
      6028.60  1.26399e-17
      6029.60  1.25782e-17
      6030.60  1.25777e-17
      6031.60  1.28739e-17
      6032.60  1.30074e-17
      6033.60  1.30256e-17
      6034.60  1.29315e-17
      6035.60  1.29310e-17
      6036.60  1.28887e-17
      6037.60  1.28428e-17
      6038.60  1.27349e-17
      6039.60  1.26085e-17
      6040.60  1.24755e-17
      6041.60  1.24751e-17
      6042.60  1.24746e-17
      6043.60  1.24476e-17
      6044.60  1.24450e-17
      6045.60  1.24468e-17
      6046.60  1.25172e-17
      6047.60  1.25167e-17
      6048.60  1.25081e-17
      6049.60  1.24811e-17
      6050.60  1.24314e-17
      6051.61  1.23467e-17
      6052.61  1.22789e-17
      6053.61  1.21642e-17
      6054.61  1.21487e-17
      6055.61  1.21096e-17
      6056.61  1.20190e-17
      6057.61  1.22602e-17
      6058.61  1.23276e-17
      6059.61  1.23271e-17
      6060.61  1.23103e-17
      6061.61  1.22967e-17
      6062.61  1.22269e-17
      6063.61  1.22264e-17
      6064.61  1.22260e-17
      6065.61  1.19661e-17
      6066.61  1.21951e-17
      6067.61  1.21947e-17
      6068.61  1.22241e-17
      6069.61  1.22237e-17
      6070.61  1.22399e-17
      6071.61  1.21529e-17
      6072.61  1.21525e-17
      6073.61  1.21348e-17
      6074.61  1.20196e-17
      6075.61  1.14746e-17
      6076.61  1.12704e-17
      6077.61  1.12700e-17
      6078.61  1.12807e-17
      6079.61  1.12567e-17
      6080.61  1.12370e-17
      6081.61  1.12333e-17
      6082.61  1.11912e-17
      6083.61  1.11908e-17
      6084.61  1.11927e-17
      6085.61  1.11828e-17
      6086.61  1.11709e-17
      6087.61  1.11656e-17
      6088.61  1.11341e-17
      6089.61  1.11573e-17
      6090.61  1.11866e-17
      6091.61  1.12162e-17
      6092.61  1.14667e-17
      6093.61  1.15016e-17
      6094.61  1.16060e-17
      6095.61  1.17068e-17
      6096.61  1.17064e-17
      6097.61  1.17492e-17
      6098.61  1.17773e-17
      6099.61  1.17646e-17
      6100.61  1.18424e-17
      6101.61  1.17687e-17
      6102.61  1.18284e-17
      6103.61  1.17808e-17
      6104.61  1.16400e-17
      6105.61  1.15061e-17
      6106.61  1.14915e-17
      6107.61  1.14943e-17
      6108.61  1.14907e-17
      6109.61  1.14934e-17
      6110.61  1.14930e-17
      6111.61  1.14777e-17
      6112.61  1.14772e-17
      6113.61  1.13868e-17
      6114.61  1.13642e-17
      6115.61  1.14050e-17
      6116.61  1.13821e-17
      6117.61  1.13934e-17
      6118.61  1.13930e-17
      6119.61  1.14828e-17
      6120.61  1.17495e-17
      6121.61  1.18120e-17
      6122.61  1.19486e-17
      6123.61  1.21846e-17
      6124.61  1.22263e-17
      6125.61  1.23372e-17
      6126.61  1.23368e-17
      6127.61  1.26322e-17
      6128.61  1.27389e-17
      6129.61  1.26313e-17
      6130.61  1.26020e-17
      6131.61  1.25442e-17
      6132.61  1.24470e-17
      6133.61  1.23359e-17
      6134.61  1.23438e-17
      6135.61  1.23161e-17
      6136.61  1.23391e-17
      6137.61  1.24414e-17
      6138.61  1.24410e-17
      6139.61  1.22402e-17
      6140.61  1.22592e-17
      6141.61  1.21919e-17
      6142.61  1.21363e-17
      6143.61  1.21598e-17
      6144.61  1.21042e-17
      6145.61  1.21038e-17
      6146.61  1.21165e-17
      6147.61  1.21161e-17
      6148.61  1.21157e-17
      6149.62  1.21360e-17
      6150.62  1.20911e-17
      6151.62  1.20196e-17
      6152.62  1.20121e-17
      6153.62  1.19085e-17
      6154.62  1.16359e-17
      6155.62  1.16284e-17
      6156.62  1.15500e-17
      6157.62  1.14680e-17
      6158.62  1.14588e-17
      6159.62  1.14538e-17
      6160.62  1.13968e-17
      6161.62  1.11587e-17
      6162.62  1.09883e-17
      6163.62  1.09879e-17
      6164.62  1.09875e-17
      6165.62  1.10380e-17
      6166.62  1.10376e-17
      6167.62  1.10372e-17
      6168.62  1.11385e-17
      6169.62  1.13492e-17
      6170.62  1.13701e-17
      6171.62  1.14928e-17
      6172.62  1.13635e-17
      6173.62  1.15908e-17
      6174.62  1.15961e-17
      6175.62  1.16058e-17
      6176.62  1.17087e-17
      6177.62  1.17310e-17
      6178.62  1.18797e-17
      6179.62  1.19135e-17
      6180.62  1.19948e-17
      6181.62  1.20505e-17
      6182.62  1.19940e-17
      6183.62  1.18869e-17
      6184.62  1.18580e-17
      6185.62  1.17843e-17
      6186.62  1.15632e-17
      6187.62  1.14603e-17
      6188.62  1.14290e-17
      6189.62  1.14286e-17
      6190.62  1.12216e-17
      6191.62  1.12208e-17
      6192.62  1.14085e-17
      6193.62  1.13446e-17
      6194.62  1.13442e-17
      6195.62  1.14237e-17
      6196.62  1.14233e-17
      6197.62  1.14806e-17
      6198.62  1.16085e-17
      6199.62  1.18267e-17
      6200.62  1.18335e-17
      6201.62  1.18553e-17
      6202.62  1.21071e-17
      6203.62  1.21544e-17
      6204.62  1.21540e-17
      6205.62  1.23605e-17
      6206.62  1.25540e-17
      6207.62  1.28059e-17
      6208.62  1.31172e-17
      6209.62  1.31358e-17
      6210.62  1.32245e-17
      6211.62  1.36089e-17
      6212.62  1.36085e-17
      6213.62  1.37570e-17
      6214.62  1.37565e-17
      6215.62  1.33315e-17
      6216.62  1.32515e-17
      6217.62  1.33306e-17
      6218.62  1.33521e-17
      6219.62  1.33316e-17
      6220.62  1.33439e-17
      6221.62  1.32817e-17
      6222.62  1.31115e-17
      6223.62  1.31438e-17
      6224.62  1.31363e-17
      6225.62  1.31374e-17
      6226.62  1.31699e-17
      6227.62  1.30454e-17
      6228.62  1.30449e-17
      6229.62  1.31001e-17
      6230.62  1.30409e-17
      6231.62  1.30365e-17
      6232.62  1.29352e-17
      6233.62  1.28983e-17
      6234.62  1.28926e-17
      6235.62  1.28610e-17
      6236.62  1.28462e-17
      6237.62  1.28454e-17
      6238.62  1.28422e-17
      6239.62  1.28899e-17
      6240.62  1.33846e-17
      6241.62  1.34779e-17
      6242.62  1.34922e-17
      6243.62  1.34769e-17
      6244.62  1.34588e-17
      6245.62  1.33971e-17
      6246.62  1.35010e-17
      6247.62  1.38791e-17
      6248.62  1.38954e-17
      6249.62  1.39997e-17
      6250.62  1.38997e-17
      6251.63  1.40881e-17
      6252.63  1.41587e-17
      6253.63  1.41630e-17
      6254.63  1.41771e-17
      6255.63  1.42172e-17
      6256.63  1.43237e-17
      6257.63  1.45783e-17
      6258.63  1.45773e-17
      6259.63  1.45768e-17
      6260.63  1.43069e-17
      6261.63  1.43218e-17
      6262.63  1.43399e-17
      6263.63  1.42442e-17
      6264.63  1.39977e-17
      6265.63  1.39788e-17
      6266.63  1.39547e-17
      6267.63  1.38797e-17
      6268.63  1.38160e-17
      6269.63  1.38104e-17
      6270.63  1.36299e-17
      6271.63  1.36626e-17
      6272.63  1.37085e-17
      6273.63  1.36617e-17
      6274.63  1.36280e-17
      6275.63  1.35448e-17
      6276.63  1.35440e-17
      6277.63  1.35183e-17
      6278.63  1.34701e-17
      6279.63  1.33757e-17
      6280.63  1.28657e-17
      6281.63  1.28493e-17
      6282.63  1.28489e-17
      6283.63  1.28485e-17
      6284.63  1.28461e-17
      6285.63  1.28373e-17
      6286.63  1.28739e-17
      6287.63  1.30029e-17
      6288.63  1.31844e-17
      6289.63  1.30562e-17
      6290.63  1.29849e-17
      6291.63  1.29828e-17
      6292.63  1.29823e-17
      6293.63  1.29819e-17
      6294.63  1.28212e-17
      6295.63  1.28252e-17
      6296.63  1.27412e-17
      6297.63  1.27489e-17
      6298.63  1.28503e-17
      6299.63  1.28498e-17
      6300.63  1.27395e-17
      6301.63  1.28490e-17
      6302.63  1.28938e-17
      6303.63  1.28710e-17
      6304.63  1.30009e-17
      6305.63  1.30184e-17
      6306.63  1.30401e-17
      6307.63  1.30396e-17
      6308.63  1.30212e-17
      6309.63  1.28113e-17
      6310.63  1.25803e-17
      6311.63  1.25019e-17
      6312.63  1.24673e-17
      6313.63  1.23214e-17
      6314.63  1.22573e-17
      6315.63  1.21349e-17
      6316.63  1.22666e-17
      6317.63  1.19976e-17
      6318.63  1.17045e-17
      6319.63  1.15884e-17
      6320.63  1.15513e-17
      6321.63  1.15287e-17
      6322.63  1.14834e-17
      6323.63  1.11324e-17
      6324.63  1.10023e-17
      6325.63  1.08690e-17
      6326.63  1.08681e-17
      6327.63  1.06402e-17
      6328.63  1.03167e-17
      6329.63  1.02364e-17
      6330.63  1.02360e-17
      6331.63  1.01578e-17
      6332.63  1.00964e-17
      6333.63  9.87278e-18
      6334.63  9.92373e-18
      6335.63  9.93750e-18
      6336.63  9.91489e-18
      6337.63  9.85087e-18
      6338.63  9.71260e-18
      6339.63  9.64392e-18
      6340.63  9.56848e-18
      6341.63  9.29738e-18
      6342.63  9.21941e-18
      6343.63  9.18142e-18
      6344.63  9.18112e-18
      6345.63  9.21509e-18
      6346.63  9.25248e-18
      6347.63  9.21790e-18
      6348.63  9.10330e-18
      6349.64  8.96714e-18
      6350.64  8.81003e-18
      6351.64  8.56012e-18
      6352.64  8.32414e-18
      6353.64  8.27821e-18
      6354.64  8.21673e-18
      6355.64  8.23319e-18
      6356.64  8.21619e-18
      6357.64  8.18155e-18
      6358.64  8.21278e-18
      6359.64  8.17198e-18
      6360.64  8.16066e-18
      6361.64  8.16039e-18
      6362.64  8.16013e-18
      6363.64  8.15986e-18
      6364.64  8.15578e-18
      6365.64  8.16748e-18
      6366.64  8.19423e-18
      6367.64  8.17064e-18
      6368.64  8.17037e-18
      6369.64  8.18470e-18
      6370.64  8.15667e-18
      6371.64  8.20438e-18
      6372.64  8.20761e-18
      6373.64  8.49088e-18
      6374.64  8.51862e-18
      6375.64  8.73877e-18
      6376.64  9.08393e-18
      6377.64  9.09790e-18
      6378.64  9.14083e-18
      6379.64  8.79703e-18
      6380.64  8.86052e-18
      6381.64  8.86023e-18
      6382.64  8.95589e-18
      6383.64  9.13362e-18
      6384.64  9.20960e-18
      6385.64  9.43343e-18
      6386.64  9.61152e-18
      6387.64  9.69387e-18
      6388.64  9.72225e-18
      6389.64  9.72194e-18
      6390.64  9.76427e-18
      6391.64  9.76395e-18
      6392.64  9.74763e-18
      6393.64  9.75141e-18
      6394.64  9.79471e-18
      6395.64  1.00976e-17
      6396.64  1.04458e-17
      6397.64  1.04860e-17
      6398.64  1.04951e-17
      6399.64  1.07024e-17
      6400.64  1.08213e-17
      6401.64  1.14773e-17
      6402.64  1.21126e-17
      6403.64  1.28534e-17
      6404.64  1.32432e-17
      6405.64  1.33444e-17
      6406.64  1.36497e-17
      6407.64  1.37253e-17
      6408.64  1.39633e-17
      6409.64  1.39762e-17
      6410.64  1.39998e-17
      6411.64  1.41733e-17
      6412.64  1.41729e-17
      6413.64  1.47123e-17
      6414.64  1.52211e-17
      6415.64  1.53204e-17
      6416.64  1.53388e-17
      6417.64  1.54258e-17
      6418.64  1.57841e-17
      6419.64  1.58538e-17
      6420.64  1.58609e-17
      6421.64  1.59197e-17
      6422.64  1.59965e-17
      6423.64  1.60555e-17
      6424.64  1.60588e-17
      6425.64  1.62009e-17
      6426.64  1.62192e-17
      6427.64  1.62850e-17
      6428.64  1.69362e-17
      6429.64  1.69797e-17
      6430.64  1.71069e-17
      6431.64  1.75289e-17
      6432.64  1.78589e-17
      6433.64  1.79935e-17
      6434.64  1.83097e-17
      6435.64  1.83389e-17
      6436.64  1.83587e-17
      6437.64  1.83581e-17
      6438.64  1.80775e-17
      6439.64  1.81093e-17
      6440.64  1.86001e-17
      6441.64  1.90491e-17
      6442.64  1.92487e-17
      6443.64  2.02839e-17
      6444.64  2.03809e-17
      6445.64  2.08277e-17
      6446.64  2.11311e-17
      6447.65  2.12149e-17
      6448.65  2.09479e-17
      6449.65  2.09472e-17
      6450.65  2.08665e-17
      6451.65  2.12122e-17
      6452.65  2.12160e-17
      6453.65  2.13149e-17
      6454.65  2.13148e-17
      6455.65  2.14017e-17
      6456.65  2.16633e-17
      6457.65  2.17935e-17
      6458.65  2.15338e-17
      6459.65  2.21511e-17
      6460.65  2.27146e-17
      6461.65  2.27564e-17
      6462.65  2.27557e-17
      6463.65  2.27550e-17
      6464.65  2.28611e-17
      6465.65  2.28604e-17
      6466.65  2.27528e-17
      6467.65  2.27521e-17
      6468.65  2.28478e-17
      6469.65  2.28441e-17
      6470.65  2.26608e-17
      6471.65  2.28427e-17
      6472.65  2.28420e-17
      6473.65  2.29028e-17
      6474.65  2.29021e-17
      6475.65  2.29530e-17
      6476.65  2.29525e-17
      6477.65  2.30685e-17
      6478.65  2.30159e-17
      6479.65  2.27678e-17
      6480.65  2.27668e-17
      6481.65  2.27661e-17
      6482.65  2.30344e-17
      6483.65  2.31095e-17
      6484.65  2.32044e-17
      6485.65  2.35941e-17
      6486.65  2.37231e-17
      6487.65  2.39750e-17
      6488.65  2.41587e-17
      6489.65  2.42155e-17
      6490.65  2.42792e-17
      6491.65  2.42879e-17
      6492.65  2.42967e-17
      6493.65  2.42384e-17
      6494.65  2.42376e-17
      6495.65  2.42369e-17
      6496.65  2.42936e-17
      6497.65  2.42928e-17
      6498.65  2.42921e-17
      6499.65  2.43556e-17
      6500.65  2.43453e-17
      6501.65  2.43095e-17
      6502.65  2.38700e-17
      6503.65  2.36846e-17
      6504.65  2.36259e-17
      6505.65  2.16532e-17
      6506.65  2.05243e-17
      6507.65  2.03070e-17
      6508.65  2.02057e-17
      6509.65  2.01429e-17
      6510.65  2.00952e-17
      6511.65  2.00286e-17
      6512.65  1.99653e-17
      6513.65  1.97050e-17
      6514.65  1.95020e-17
      6515.65  1.91332e-17
      6516.65  1.90051e-17
      6517.65  1.91320e-17
      6518.65  1.93864e-17
      6519.65  1.95498e-17
      6520.65  1.95017e-17
      6521.65  1.94656e-17
      6522.65  1.92417e-17
      6523.65  1.90776e-17
      6524.65  1.89002e-17
      6525.65  1.85183e-17
      6526.65  1.83676e-17
      6527.65  1.81979e-17
      6528.65  1.80673e-17
      6529.65  1.79737e-17
      6530.65  1.77677e-17
      6531.65  1.76979e-17
      6532.65  1.76496e-17
      6533.65  1.73822e-17
      6534.65  1.68327e-17
      6535.65  1.69813e-17
      6536.65  1.69807e-17
      6537.65  1.68266e-17
      6538.65  1.65972e-17
      6539.65  1.64257e-17
      6540.65  1.62534e-17
      6541.65  1.59446e-17
      6542.65  1.58256e-17
      6543.65  1.57901e-17
      6544.65  1.57198e-17
      6545.65  1.56923e-17
      6546.65  1.53640e-17
      6547.65  1.53098e-17
      6548.65  1.53631e-17
      6549.66  1.53626e-17
      6550.66  1.53332e-17
      6551.66  1.53176e-17
      6552.66  1.52522e-17
      6553.66  1.52443e-17
      6554.66  1.52117e-17
      6555.66  1.51626e-17
      6556.66  1.51374e-17
      6557.66  1.51369e-17
      6558.66  1.51365e-17
      6559.66  1.52241e-17
      6560.66  1.52798e-17
      6561.66  1.53711e-17
      6562.66  1.55081e-17
      6563.66  1.55532e-17
      6564.66  1.55675e-17
      6565.66  1.55066e-17
      6566.66  1.53670e-17
      6567.66  1.53278e-17
      6568.66  1.55034e-17
      6569.66  1.54129e-17
      6570.66  1.54219e-17
      6571.66  1.55680e-17
      6572.66  1.55675e-17
      6573.66  1.56234e-17
      6574.66  1.57364e-17
      6575.66  1.57359e-17
      6576.66  1.57445e-17
      6577.66  1.57973e-17
      6578.66  1.58005e-17
      6579.66  1.58220e-17
      6580.66  1.60564e-17
      6581.66  1.63012e-17
      6582.66  1.63873e-17
      6583.66  1.64761e-17
      6584.66  1.65958e-17
      6585.66  1.66287e-17
      6586.66  1.66467e-17
      6587.66  1.66440e-17
      6588.66  1.65927e-17
      6589.66  1.66299e-17
      6590.66  1.69440e-17
      6591.66  1.71650e-17
      6592.66  1.72678e-17
      6593.66  1.75407e-17
      6594.66  1.80174e-17
      6595.66  1.82036e-17
      6596.66  1.82105e-17
      6597.66  1.83214e-17
      6598.66  1.83208e-17
      6599.66  1.87072e-17
      6600.66  1.91769e-17
      6601.66  1.92967e-17
      6602.66  1.93458e-17
      6603.66  1.95163e-17
      6604.66  1.96850e-17
      6605.66  1.97200e-17
      6606.66  1.98145e-17
      6607.66  1.98124e-17
      6608.66  1.98756e-17
      6609.66  1.98865e-17
      6610.66  1.99411e-17
      6611.66  2.03015e-17
      6612.66  2.03988e-17
      6613.66  2.06636e-17
      6614.66  2.10895e-17
      6615.66  2.11942e-17
      6616.66  2.12429e-17
      6617.66  2.13968e-17
      6618.66  2.15688e-17
      6619.66  2.16081e-17
      6620.66  2.17319e-17
      6621.66  2.18224e-17
      6622.66  2.20100e-17
      6623.66  2.21506e-17
      6624.66  2.22007e-17
      6625.66  2.23403e-17
      6626.66  2.23440e-17
      6627.66  2.22854e-17
      6628.66  2.22854e-17
      6629.66  2.21622e-17
      6630.66  2.24492e-17
      6631.66  2.24745e-17
      6632.66  2.25246e-17
      6633.66  2.25239e-17
      6634.66  2.25232e-17
      6635.66  2.25225e-17
      6636.66  2.25218e-17
      6637.66  2.26142e-17
      6638.66  2.25840e-17
      6639.66  2.25833e-17
      6640.66  2.25563e-17
      6641.66  2.25800e-17
      6642.66  2.28052e-17
      6643.66  2.29746e-17
      6644.66  2.30724e-17
      6645.66  2.30111e-17
      6646.66  2.30496e-17
      6647.67  2.32019e-17
      6648.67  2.33683e-17
      6649.67  2.35626e-17
      6650.67  2.35973e-17
      6651.67  2.36050e-17
      6652.67  2.36368e-17
      6653.67  2.36361e-17
      6654.67  2.36039e-17
      6655.67  2.36021e-17
      6656.67  2.39018e-17
      6657.67  2.45544e-17
      6658.67  2.44493e-17
      6659.67  2.43869e-17
      6660.67  2.40532e-17
      6661.67  2.33249e-17
      6662.67  2.32310e-17
      6663.67  2.22141e-17
      6664.67  2.14003e-17
      6665.67  2.13528e-17
      6666.67  2.12554e-17
      6667.67  2.10152e-17
      6668.67  2.10145e-17
      6669.67  2.11431e-17
      6670.67  2.11866e-17
      6671.67  2.11130e-17
      6672.67  2.11229e-17
      6673.67  2.11052e-17
      6674.67  2.10201e-17
      6675.67  2.07464e-17
      6676.67  2.07144e-17
      6677.67  2.07121e-17
      6678.67  2.06396e-17
      6679.67  2.05497e-17
      6680.67  2.03412e-17
      6681.67  2.02786e-17
      6682.67  2.01204e-17
      6683.67  2.00706e-17
      6684.67  2.00622e-17
      6685.67  2.00172e-17
      6686.67  1.97910e-17
      6687.67  1.97462e-17
      6688.67  1.95297e-17
      6689.67  1.92824e-17
      6690.67  1.92560e-17
      6691.67  1.92554e-17
      6692.67  1.92549e-17
      6693.67  1.91798e-17
      6694.67  1.92510e-17
      6695.67  1.92339e-17
      6696.67  1.91667e-17
      6697.67  1.89766e-17
      6698.67  1.86286e-17
      6699.67  1.86051e-17
      6700.67  1.85535e-17
      6701.67  1.85332e-17
      6702.67  1.85327e-17
      6703.67  1.82928e-17
      6704.67  1.81801e-17
      6705.67  1.76649e-17
      6706.67  1.76815e-17
      6707.67  1.75919e-17
      6708.67  1.75617e-17
      6709.67  1.75704e-17
      6710.67  1.75235e-17
      6711.67  1.74004e-17
      6712.67  1.72444e-17
      6713.67  1.69783e-17
      6714.67  1.70234e-17
      6715.67  1.69410e-17
      6716.67  1.69269e-17
      6717.67  1.69471e-17
      6718.67  1.69283e-17
      6719.67  1.67548e-17
      6720.67  1.67543e-17
      6721.67  1.68474e-17
      6722.67  1.68516e-17
      6723.67  1.67528e-17
      6724.67  1.67014e-17
      6725.67  1.65986e-17
      6726.67  1.64915e-17
      6727.67  1.63505e-17
      6728.67  1.62885e-17
      6729.67  1.62657e-17
      6730.67  1.60963e-17
      6731.67  1.61213e-17
      6732.67  1.60282e-17
      6733.67  1.57956e-17
      6734.67  1.57565e-17
      6735.67  1.57130e-17
      6736.67  1.54770e-17
      6737.67  1.50844e-17
      6738.67  1.45290e-17
      6739.67  1.44005e-17
      6740.67  1.40633e-17
      6741.67  1.38936e-17
      6742.67  1.40554e-17
      6743.67  1.40550e-17
      6744.67  1.40530e-17
      6745.67  1.40526e-17
      6746.67  1.39748e-17
      6747.67  1.38512e-17
      6748.67  1.38507e-17
      6749.68  1.38417e-17
      6750.68  1.37743e-17
      6751.68  1.37127e-17
      6752.68  1.37114e-17
      6753.68  1.37118e-17
      6754.68  1.37194e-17
      6755.68  1.37334e-17
      6756.68  1.37330e-17
      6757.68  1.37366e-17
      6758.68  1.36182e-17
      6759.68  1.34711e-17
      6760.68  1.33526e-17
      6761.68  1.31735e-17
      6762.68  1.28968e-17
      6763.68  1.26102e-17
      6764.68  1.22824e-17
      6765.68  1.18946e-17
      6766.68  1.13159e-17
      6767.68  1.07247e-17
      6768.68  1.07725e-17
      6769.68  1.08580e-17
      6770.68  1.08576e-17
      6771.68  1.08573e-17
      6772.68  1.08570e-17
      6773.68  1.08169e-17
      6774.68  1.07373e-17
      6775.68  1.07370e-17
      6776.68  1.06397e-17
      6777.68  1.06506e-17
      6778.68  1.07466e-17
      6779.68  1.09310e-17
      6780.68  1.09672e-17
      6781.68  1.10851e-17
      6782.68  1.11543e-17
      6783.68  1.11806e-17
      6784.68  1.11771e-17
      6785.68  1.11081e-17
      6786.68  1.10706e-17
      6787.68  1.10702e-17
      6788.68  1.10109e-17
      6789.68  1.09755e-17
      6790.68  1.08846e-17
      6791.68  1.06380e-17
      6792.68  1.04636e-17
      6793.68  1.04190e-17
      6794.68  1.03387e-17
      6795.68  1.03280e-17
      6796.68  1.02502e-17
      6797.68  1.01230e-17
      6798.68  1.01242e-17
      6799.68  1.01685e-17
      6800.68  1.01623e-17
      6801.68  1.00958e-17
      6802.68  1.00524e-17
      6803.68  9.97571e-18
      6804.68  9.96711e-18
      6805.68  9.95362e-18
      6806.68  9.89854e-18
      6807.68  9.81390e-18
      6808.68  9.84512e-18
      6809.68  9.85415e-18
      6810.68  9.85385e-18
      6811.68  9.85355e-18
      6812.68  9.85325e-18
      6813.68  9.80567e-18
      6814.68  9.77186e-18
      6815.68  9.62201e-18
      6816.68  9.27433e-18
      6817.68  8.92529e-18
      6818.68  8.87579e-18
      6819.68  8.80937e-18
      6820.68  8.74538e-18
      6821.68  8.65606e-18
      6822.68  8.55328e-18
      6823.68  8.48318e-18
      6824.68  8.45914e-18
      6825.68  8.27613e-18
      6826.68  8.34234e-18
      6827.68  8.29884e-18
      6828.68  8.25366e-18
      6829.68  8.16817e-18
      6830.68  8.09213e-18
      6831.68  7.94257e-18
      6832.68  7.75339e-18
      6833.68  7.63492e-18
      6834.68  7.60389e-18
      6835.68  7.56523e-18
      6836.68  7.51231e-18
      6837.68  7.51208e-18
      6838.68  7.55295e-18
      6839.68  7.54707e-18
      6840.68  7.43651e-18
      6841.68  7.34804e-18
      6842.68  7.31539e-18
      6843.68  7.15412e-18
      6844.68  7.04806e-18
      6845.68  7.05645e-18
      6846.68  7.04310e-18
      6847.69  6.98312e-18
      6848.69  6.95815e-18
      6849.69  6.95793e-18
      6850.69  6.96010e-18
      6851.69  6.94704e-18
      6852.69  6.92676e-18
      6853.69  6.85830e-18
      6854.69  6.80251e-18
      6855.69  6.69351e-18
      6856.69  6.56287e-18
      6857.69  6.50816e-18
      6858.69  6.49991e-18
      6859.69  6.44629e-18
      6860.69  6.42502e-18
      6861.69  6.32122e-18
      6862.69  6.29730e-18
      6863.69  6.30437e-18
      6864.69  6.33297e-18
      6865.69  6.30398e-18
      6866.69  6.27996e-18
      6867.69  6.27223e-18
      6868.69  6.17208e-18
      6869.69  6.05302e-18
      6870.69  5.92272e-18
      6871.69  5.73556e-18
      6872.69  5.71840e-18
      6873.69  5.62310e-18
      6874.69  5.35470e-18
      6875.69  5.32478e-18
      6876.69  5.37437e-18
      6877.69  5.17984e-18
      6878.69  5.38660e-18
      6879.69  5.36738e-18
      6880.69  5.35371e-18
      6881.69  5.33346e-18
      6882.69  5.32664e-18
      6883.69  5.32256e-18
      6884.69  5.31345e-18
      6885.69  5.26073e-18
      6886.69  5.06327e-18
      6887.69  5.17749e-18
      6888.69  5.16828e-18
      6889.69  5.15309e-18
      6890.69  5.15220e-18
      6891.69  5.15204e-18
      6892.69  5.15188e-18
      6893.69  5.15246e-18
      6894.69  5.15157e-18
      6895.69  4.94207e-18
      6896.69  4.93618e-18
      6897.69  4.93837e-18
      6898.69  4.92539e-18
      6899.69  4.92523e-18
      6900.69  4.92508e-18
      6901.69  4.92493e-18
      6902.69  4.93970e-18
      6903.69  5.03031e-18
      6904.69  5.04126e-18
      6905.69  5.05245e-18
      6906.69  5.18924e-18
      6907.69  5.25047e-18
      6908.69  5.28130e-18
      6909.69  5.32874e-18
      6910.69  5.42905e-18
      6911.69  5.57522e-18
      6912.69  5.73373e-18
      6913.69  5.90122e-18
      6914.69  6.09414e-18
      6915.69  6.13299e-18
      6916.69  6.25017e-18
      6917.69  6.26663e-18
      6918.69  6.26644e-18
      6919.69  6.30147e-18
      6920.69  6.31514e-18
      6921.69  6.40686e-18
      6922.69  6.41073e-18
      6923.69  6.41239e-18
      6924.69  6.50881e-18
      6925.69  6.82270e-18
      6926.69  7.06126e-18
      6927.69  7.22456e-18
      6928.69  7.37539e-18
      6929.69  7.48944e-18
      6930.69  7.59234e-18
      6931.69  7.63270e-18
      6932.69  7.64849e-18
      6933.69  7.89243e-18
      6934.69  8.24411e-18
      6935.69  8.46010e-18
      6936.69  8.64880e-18
      6937.69  8.85989e-18
      6938.69  9.19186e-18
      6939.69  9.55010e-18
      6940.69  9.94531e-18
      6941.69  1.02307e-17
      6942.69  1.04921e-17
      6943.69  1.05283e-17
      6944.69  1.05541e-17
      6945.69  1.06887e-17
      6946.69  1.06961e-17
      6947.69  1.08935e-17
      6948.69  1.09635e-17
      6949.70  1.11614e-17
      6950.70  1.12127e-17
      6951.70  1.12505e-17
      6952.70  1.16351e-17
      6953.70  1.16764e-17
      6954.70  1.16824e-17
      6955.70  1.17117e-17
      6956.70  1.17149e-17
      6957.70  1.18074e-17
      6958.70  1.18387e-17
      6959.70  1.20640e-17
      6960.70  1.23304e-17
      6961.70  1.24803e-17
      6962.70  1.25246e-17
      6963.70  1.25612e-17
      6964.70  1.25608e-17
      6965.70  1.26324e-17
      6966.70  1.28534e-17
      6967.70  1.28965e-17
      6968.70  1.31526e-17
      6969.70  1.35366e-17
      6970.70  1.38206e-17
      6971.70  1.41273e-17
      6972.70  1.44172e-17
      6973.70  1.44168e-17
      6974.70  1.43817e-17
      6975.70  1.45053e-17
      6976.70  1.45668e-17
      6977.70  1.47267e-17
      6978.70  1.47263e-17
      6979.70  1.47514e-17
      6980.70  1.49581e-17
      6981.70  1.50788e-17
      6982.70  1.50794e-17
      6983.70  1.50789e-17
      6984.70  1.49562e-17
      6985.70  1.53293e-17
      6986.70  1.58397e-17
      6987.70  1.60473e-17
      6988.70  1.63805e-17
      6989.70  1.64800e-17
      6990.70  1.65570e-17
      6991.70  1.68569e-17
      6992.70  1.72572e-17
      6993.70  1.73991e-17
      6994.70  1.73756e-17
      6995.70  1.73751e-17
      6996.70  1.73811e-17
      6997.70  1.73969e-17
      6998.70  1.76676e-17
      6999.70  1.78186e-17
      7000.70  1.78037e-17
      7001.70  1.78029e-17
      7002.70  1.78023e-17
      7003.70  1.78065e-17
      7004.70  1.78012e-17
      7005.70  1.78007e-17
      7006.70  1.76853e-17
      7007.70  1.78079e-17
      7008.70  1.79461e-17
      7009.70  1.81755e-17
      7010.70  1.82868e-17
      7011.70  1.85892e-17
      7012.70  1.85907e-17
      7013.70  1.89256e-17
      7014.70  1.89669e-17
      7015.70  1.90401e-17
      7016.70  1.94586e-17
      7017.70  1.98220e-17
      7018.70  1.98893e-17
      7019.70  1.98949e-17
      7020.70  1.99815e-17
      7021.70  1.99808e-17
      7022.70  1.99758e-17
      7023.70  1.99010e-17
      7024.70  1.99010e-17
      7025.70  1.99099e-17
      7026.70  1.99093e-17
      7027.70  1.99076e-17
      7028.70  1.98830e-17
      7029.70  1.98481e-17
      7030.70  1.98519e-17
      7031.70  1.98512e-17
      7032.70  1.97816e-17
      7033.70  1.96512e-17
      7034.70  1.94670e-17
      7035.70  1.93590e-17
      7036.70  1.93979e-17
      7037.70  1.93973e-17
      7038.70  1.92912e-17
      7039.70  1.90395e-17
      7040.70  1.89639e-17
      7041.70  1.88442e-17
      7042.70  1.84128e-17
      7043.70  1.82441e-17
      7044.70  1.81214e-17
      7045.70  1.80825e-17
      7046.70  1.78902e-17
      7047.71  1.78603e-17
      7048.71  1.78513e-17
      7049.71  1.74613e-17
      7050.71  1.69472e-17
      7051.71  1.69910e-17
      7052.71  1.68989e-17
      7053.71  1.68318e-17
      7054.71  1.67380e-17
      7055.71  1.65037e-17
      7056.71  1.63438e-17
      7057.71  1.63096e-17
      7058.71  1.62465e-17
      7059.71  1.61553e-17
      7060.71  1.59931e-17
      7061.71  1.58618e-17
      7062.71  1.58427e-17
      7063.71  1.57644e-17
      7064.71  1.57242e-17
      7065.71  1.55913e-17
      7066.71  1.56114e-17
      7067.71  1.55039e-17
      7068.71  1.51764e-17
      7069.71  1.51152e-17
      7070.71  1.50254e-17
      7071.71  1.48671e-17
      7072.71  1.47937e-17
      7073.71  1.45098e-17
      7074.71  1.42848e-17
      7075.71  1.46398e-17
      7076.71  1.46333e-17
      7077.71  1.46329e-17
      7078.71  1.45888e-17
      7079.71  1.41803e-17
      7080.71  1.40553e-17
      7081.71  1.38983e-17
      7082.71  1.37939e-17
      7083.71  1.35229e-17
      7084.71  1.34512e-17
      7085.71  1.34460e-17
      7086.71  1.34451e-17
      7087.71  1.34451e-17
      7088.71  1.34071e-17
      7089.71  1.33334e-17
      7090.71  1.28348e-17
      7091.71  1.26834e-17
      7092.71  1.28340e-17
      7093.71  1.27481e-17
      7094.71  1.26822e-17
      7095.71  1.24360e-17
      7096.71  1.21916e-17
      7097.71  1.21227e-17
      7098.71  1.18409e-17
      7099.71  1.17746e-17
      7100.71  1.17551e-17
      7101.71  1.16791e-17
      7102.71  1.16117e-17
      7103.71  1.16053e-17
      7104.71  1.16049e-17
      7105.71  1.15365e-17
      7106.71  1.14456e-17
      7107.71  1.11799e-17
      7108.71  1.10764e-17
      7109.71  1.10221e-17
      7110.71  1.10052e-17
      7111.71  1.08731e-17
      7112.71  1.08278e-17
      7113.71  1.06794e-17
      7114.71  1.07580e-17
      7115.71  1.07576e-17
      7116.71  1.07486e-17
      7117.71  1.06357e-17
      7118.71  1.05765e-17
      7119.71  1.03952e-17
      7120.71  1.02888e-17
      7121.71  1.02884e-17
      7122.71  1.02881e-17
      7123.71  1.02891e-17
      7124.71  1.04672e-17
      7125.71  1.05079e-17
      7126.71  1.05881e-17
      7127.71  1.06099e-17
      7128.71  1.06096e-17
      7129.71  1.05518e-17
      7130.71  1.05342e-17
      7131.71  1.05115e-17
      7132.71  1.05011e-17
      7133.71  1.04767e-17
      7134.71  1.04786e-17
      7135.71  1.09007e-17
      7136.71  1.10051e-17
      7137.71  1.14262e-17
      7138.71  1.14259e-17
      7139.71  1.14255e-17
      7140.71  1.13111e-17
      7141.71  1.09653e-17
      7142.71  1.09650e-17
      7143.71  1.09449e-17
      7144.71  1.09847e-17
      7145.71  1.11161e-17
      7146.71  1.15739e-17
      7147.71  1.17742e-17
      7148.71  1.17745e-17
      7149.72  1.17735e-17
      7150.72  1.16258e-17
      7151.72  1.15604e-17
      7152.72  1.14747e-17
      7153.72  1.14665e-17
      7154.72  1.14594e-17
      7155.72  1.14807e-17
      7156.72  1.15908e-17
      7157.72  1.17205e-17
      7158.72  1.17310e-17
      7159.72  1.17943e-17
      7160.72  1.17939e-17
      7161.72  1.17935e-17
      7162.72  1.17641e-17
      7163.72  1.17514e-17
      7164.72  1.16770e-17
      7165.72  1.16747e-17
      7166.72  1.17503e-17
      7167.72  1.21329e-17
      7168.72  1.24014e-17
      7169.72  1.24010e-17
      7170.72  1.25019e-17
      7171.72  1.25080e-17
      7172.72  1.25422e-17
      7173.72  1.25596e-17
      7174.72  1.24713e-17
      7175.72  1.25445e-17
      7176.72  1.25441e-17
      7177.72  1.25852e-17
      7178.72  1.25848e-17
      7179.72  1.27565e-17
      7180.72  1.28133e-17
      7181.72  1.29101e-17
      7182.72  1.32405e-17
      7183.72  1.32636e-17
      7184.72  1.34268e-17
      7185.72  1.35265e-17
      7186.72  1.33047e-17
      7187.72  1.32526e-17
      7188.72  1.30509e-17
      7189.72  1.30800e-17
      7190.72  1.31610e-17
      7191.72  1.33319e-17
      7192.72  1.34026e-17
      7193.72  1.40048e-17
      7194.72  1.40426e-17
      7195.72  1.40407e-17
      7196.72  1.39945e-17
      7197.72  1.39897e-17
      7198.72  1.33772e-17
      7199.72  1.33357e-17
      7200.72  1.33532e-17
      7201.72  1.33571e-17
      7202.72  1.34024e-17
      7203.72  1.40630e-17
      7204.72  1.41163e-17
      7205.72  1.41707e-17
      7206.72  1.45505e-17
      7207.72  1.47603e-17
      7208.72  1.46404e-17
      7209.72  1.42165e-17
      7210.72  1.41570e-17
      7211.72  1.40592e-17
      7212.72  1.40559e-17
      7213.72  1.41094e-17
      7214.72  1.43446e-17
      7215.72  1.43922e-17
      7216.72  1.44368e-17
      7217.72  1.44811e-17
      7218.72  1.44358e-17
      7219.72  1.43974e-17
      7220.72  1.41003e-17
      7221.72  1.40238e-17
      7222.72  1.39349e-17
      7223.72  1.39326e-17
      7224.72  1.39071e-17
      7225.72  1.38570e-17
      7226.72  1.38162e-17
      7227.72  1.38492e-17
      7228.72  1.38703e-17
      7229.72  1.36939e-17
      7230.72  1.36794e-17
      7231.72  1.36577e-17
      7232.72  1.35658e-17
      7233.72  1.34734e-17
      7234.72  1.34211e-17
      7235.72  1.34725e-17
      7236.72  1.34816e-17
      7237.72  1.33961e-17
      7238.72  1.32325e-17
      7239.72  1.32589e-17
      7240.72  1.32585e-17
      7241.72  1.32125e-17
      7242.72  1.30915e-17
      7243.72  1.30893e-17
      7244.72  1.30889e-17
      7245.72  1.30884e-17
      7246.72  1.30876e-17
      7247.73  1.31318e-17
      7248.73  1.31336e-17
      7249.73  1.31314e-17
      7250.73  1.31520e-17
      7251.73  1.31772e-17
      7252.73  1.30346e-17
      7253.73  1.30342e-17
      7254.73  1.30051e-17
      7255.73  1.29079e-17
      7256.73  1.28545e-17
      7257.73  1.29336e-17
      7258.73  1.28446e-17
      7259.73  1.29144e-17
      7260.73  1.27139e-17
      7261.73  1.25210e-17
      7262.73  1.24638e-17
      7263.73  1.24634e-17
      7264.73  1.25071e-17
      7265.73  1.25340e-17
      7266.73  1.24242e-17
      7267.73  1.24238e-17
      7268.73  1.24234e-17
      7269.73  1.25382e-17
      7270.73  1.24226e-17
      7271.73  1.24164e-17
      7272.73  1.24208e-17
      7273.73  1.24998e-17
      7274.73  1.25609e-17
      7275.73  1.25618e-17
      7276.73  1.25633e-17
      7277.73  1.25798e-17
      7278.73  1.27740e-17
      7279.73  1.27735e-17
      7280.73  1.25871e-17
      7281.73  1.25045e-17
      7282.73  1.24060e-17
      7283.73  1.24056e-17
      7284.73  1.24831e-17
      7285.73  1.24949e-17
      7286.73  1.23883e-17
      7287.73  1.22829e-17
      7288.73  1.22464e-17
      7289.73  1.21942e-17
      7290.73  1.22195e-17
      7291.73  1.21468e-17
      7292.73  1.20142e-17
      7293.73  1.19300e-17
      7294.73  1.18919e-17
      7295.73  1.18637e-17
      7296.73  1.17165e-17
      7297.73  1.16858e-17
      7298.73  1.18285e-17
      7299.73  1.18375e-17
      7300.73  1.19736e-17
      7301.73  1.20057e-17
      7302.73  1.20069e-17
      7303.73  1.20065e-17
      7304.73  1.21239e-17
      7305.73  1.21355e-17
      7306.73  1.22322e-17
      7307.73  1.20888e-17
      7308.73  1.20884e-17
      7309.73  1.20880e-17
