# wavelength flux
3975.00000 -1.04299e-17
3976.84152 2.65212e-17
3978.68304 2.17083e-17
3980.52457 1.86827e-17
3982.36609 -1.59065e-17
3984.20761 -4.09270e-17
3986.04913 -1.05248e-17
3987.89065 5.48968e-17
3989.73218 3.94384e-17
3991.57370 5.35940e-17
3993.41522 5.04457e-17
3995.25674 1.88169e-17
3997.09826 -1.87587e-17
3998.93978 -1.74755e-17
4000.78131 -1.59948e-17
4002.62283 4.16252e-17
4004.46435 -9.82255e-18
4006.30587 -5.17684e-18
4008.14739 1.63609e-17
4009.98892 3.85104e-17
4011.83044 4.48929e-17
4013.67196 -4.45309e-17
4015.51348 3.11450e-17
4017.35500 4.33363e-17
4019.19652 -2.29895e-17
4021.03805 3.65757e-17
4022.87957 3.18018e-17
4024.72109 2.70280e-17
4026.56261 2.22548e-17
4028.40413 8.12684e-17
4030.24566 5.40182e-17
4032.08718 2.71324e-17
4033.92870 3.52639e-17
4035.77022 -1.75018e-17
4037.61174 6.79250e-17
4039.45327 5.05356e-17
4041.29479 5.77426e-17
4043.13631 5.24248e-17
4044.97783 -4.82991e-18
4046.81935 5.29203e-17
4048.66088 3.18636e-17
4050.50240 2.01644e-17
4052.34392 5.90523e-18
4054.18544 5.54510e-17
4056.02696 2.73328e-17
4057.86848 3.99917e-17
4059.71001 5.43257e-17
4061.55153 2.36759e-17
4063.39305 7.08192e-18
4065.23457 -1.49539e-17
4067.07609 2.07812e-17
4068.91762 2.89360e-17
4070.75914 3.83728e-17
4072.60066 -4.30759e-19
4074.44218 -2.94809e-17
4076.28370 2.23672e-17
4078.12522 4.50404e-17
4079.96675 -1.92775e-17
4081.80827 -2.55173e-17
4083.64979 1.49710e-17
4085.49131 1.13882e-17
4087.33283 2.46391e-17
4089.17436 4.58919e-17
4091.01588 3.53091e-17
4092.85740 4.20425e-17
4094.69892 3.63659e-17
4096.54044 6.51804e-17
4098.38197 2.36865e-17
4100.22349 2.24028e-17
4102.06501 5.80162e-17
4103.90653 6.22636e-17
4105.74805 4.13485e-17
4107.58957 2.09236e-18
4109.43110 4.28413e-17
4111.27262 4.26944e-17
4113.11414 2.17595e-17
4114.95566 7.99957e-17
4116.79718 3.03264e-17
4118.63871 3.25267e-17
4120.48023 4.25824e-17
4122.32175 2.36990e-17
4124.16327 2.56564e-17
4126.00479 2.76143e-17
4127.84632 2.95717e-17
4129.68784 3.15296e-17
4131.52936 3.34870e-17
4133.37088 3.54449e-17
4135.21240 4.44785e-17
4137.05393 4.35563e-17
4138.89545 5.40467e-17
4140.73697 7.12524e-18
4142.57849 4.88565e-17
4144.42001 2.65936e-17
4146.26153 1.87732e-17
4148.10306 3.28381e-17
4149.94458 2.45517e-17
4151.78610 -1.94701e-17
4153.62762 2.09167e-17
4155.46914 3.30041e-17
4157.31067 3.19049e-17
4159.15219 3.61287e-17
4160.99371 4.61413e-17
4162.83523 4.27344e-17
4164.67675 2.10318e-17
4166.51828 3.70271e-17
4168.35980 3.08132e-17
4170.20132 2.33865e-17
4172.04284 1.09551e-17
4173.88436 4.50745e-18
4175.72588 5.85184e-17
4177.56741 5.14622e-17
4179.40893 2.04132e-17
4181.25045 3.16449e-17
4183.09197 2.87301e-17
4184.93349 1.20163e-17
4186.77502 2.35367e-17
4188.61654 1.47374e-17
4190.45806 2.52820e-17
4192.29958 2.54514e-17
4194.14110 3.30863e-17
4195.98262 4.14230e-17
4197.82415 5.60457e-17
4199.66567 5.16185e-17
4201.50719 3.19545e-17
4203.34871 1.18525e-17
4205.19023 4.92975e-17
4207.03176 4.92542e-17
4208.87328 3.67786e-17
4210.71480 3.26966e-17
4212.55632 1.55686e-17
4214.39784 4.25089e-17
4216.23937 4.33380e-17
4218.08089 3.62393e-17
4219.92241 4.03459e-17
4221.76393 3.08738e-17
4223.60545 5.22971e-17
4225.44697 3.67681e-17
4227.28850 1.39879e-17
4229.13002 2.15681e-17
4230.97154 1.87662e-17
4232.81306 2.08575e-17
4234.65458 1.30630e-17
4236.49611 2.11694e-17
4238.33763 4.41892e-17
4240.17915 2.43462e-17
4242.02067 2.37094e-17
4243.86219 5.85363e-17
4245.70372 4.80163e-17
4247.54524 1.77552e-17
4249.38676 3.80054e-17
4251.22828 2.95441e-17
4253.06980 2.25950e-17
4254.91133 3.16313e-17
4256.75285 2.77910e-17
4258.59437 -1.13594e-18
4260.43589 -6.59746e-19
4262.27741 2.54419e-17
4264.11893 2.42140e-17
4265.96046 2.95872e-17
4267.80198 1.73214e-17
4269.64350 1.18473e-17
4271.48502 1.96096e-17
4273.32654 3.89329e-17
4275.16807 3.90884e-17
4277.00959 3.42308e-17
4278.85111 1.60342e-17
4280.69263 4.75024e-17
4282.53415 5.85539e-17
4284.37568 5.09171e-17
4286.21720 3.78514e-17
4288.05872 3.62352e-17
4289.90024 1.06508e-17
4291.74176 9.36055e-18
4293.58328 4.14609e-17
4295.42481 4.09712e-17
4297.26633 3.05199e-17
4299.10785 3.07288e-17
4300.94937 1.98998e-17
4302.79089 2.22878e-17
4304.63242 3.49089e-17
4306.47394 3.64289e-17
4308.31546 2.23133e-17
4310.15698 3.33713e-17
4311.99850 5.89079e-17
4313.84003 3.05617e-17
4315.68155 2.51930e-17
4317.52307 4.43956e-17
4319.36459 3.77318e-17
4321.20611 4.11150e-17
4323.04763 4.28628e-17
4324.88916 4.78760e-17
4326.73068 3.50357e-17
4328.57220 3.90541e-17
4330.41372 1.50710e-17
4332.25524 1.20975e-17
4334.09677 2.44495e-17
4335.93829 5.38454e-18
4337.77981 1.24130e-17
4339.62133 1.62089e-17
4341.46285 2.65000e-17
4343.30437 1.23825e-17
4345.14590 2.88119e-17
4346.98742 2.05662e-17
4348.82894 1.66024e-17
4350.67046 3.67458e-17
4352.51198 4.31216e-17
4354.35351 2.92412e-17
4356.19503 1.86023e-17
4358.03655 1.88394e-17
4359.87807 2.25750e-17
4361.71959 3.97356e-17
4363.56112 2.86062e-17
4365.40264 8.80547e-18
4367.24416 2.88386e-17
4369.08568 2.79078e-17
4370.92720 3.91849e-17
4372.76872 5.01041e-17
4374.61025 2.30177e-17
4376.45177 3.31774e-17
4378.29329 2.95097e-17
4380.13481 3.64656e-17
4381.97634 2.59310e-17
4383.81786 3.22512e-17
4385.65938 3.69750e-17
4387.50090 3.22711e-17
4389.34242 2.57867e-17
4391.18394 2.86575e-17
4393.02547 3.08754e-17
4394.86699 3.23141e-17
4396.70851 2.62666e-17
4398.55003 1.92883e-17
4400.39155 2.03306e-17
4402.23308 2.13727e-17
4404.07460 2.24151e-17
4405.91612 2.34572e-17
4407.75764 2.44995e-17
4409.59916 3.46158e-17
4411.44068 3.33052e-17
4413.28221 2.45535e-17
4415.12373 2.09284e-17
4416.96525 3.01802e-17
4418.80677 1.49132e-17
4420.64829 2.34602e-17
4422.48982 3.75654e-17
4424.33134 3.65378e-17
4426.17286 1.84264e-17
4428.01438 2.61127e-17
4429.85590 2.37191e-17
4431.69743 2.93984e-17
4433.53895 4.16112e-17
4435.38047 2.91436e-17
4437.22199 2.87559e-17
4439.06351 2.83454e-17
4440.90503 2.55262e-17
4442.74656 2.73626e-17
4444.58808 3.55915e-17
4446.42960 4.52836e-17
4448.27112 3.59124e-17
4450.11264 2.58591e-17
4451.95417 3.25346e-17
4453.79569 3.34352e-17
4455.63721 2.13050e-17
4457.47873 2.79509e-17
4459.32025 1.35834e-17
4461.16177 4.55836e-17
4463.00330 3.68507e-17
4464.84482 3.95286e-17
4466.68634 2.94083e-17
4468.52786 3.44970e-17
4470.36938 3.85491e-17
4472.21091 4.25554e-17
4474.05243 2.19920e-17
4475.89395 2.25477e-17
4477.73547 3.21248e-17
4479.57699 3.81625e-17
4481.41852 3.34825e-17
4483.26004 2.62791e-17
4485.10156 2.57894e-17
4486.94308 3.07659e-17
4488.78460 2.76163e-17
4490.62612 2.08002e-17
4492.46765 2.94885e-17
4494.30917 3.57850e-17
4496.15069 3.28388e-17
4497.99221 3.41109e-17
4499.83374 1.93080e-17
4501.67526 2.43494e-17
4503.51678 2.24292e-17
4505.35830 2.34926e-17
4507.19982 3.48064e-17
4509.04134 3.65064e-17
4510.88287 2.81651e-17
4512.72439 2.70776e-17
4514.56591 2.89807e-17
4516.40743 3.05169e-17
4518.24895 2.87003e-17
4520.09047 1.63010e-17
4521.93200 2.46861e-17
4523.77352 3.89856e-17
4525.61504 3.27160e-17
4527.45656 3.76292e-17
4529.29809 3.28289e-17
4531.13961 2.53053e-17
4532.98113 2.98516e-17
4534.82265 2.69966e-17
4536.66417 3.53185e-17
4538.50569 3.27326e-17
4540.34722 3.72122e-17
4542.18874 1.93707e-17
4544.03026 3.40304e-17
4545.87178 3.84334e-17
4547.71330 2.58187e-17
4549.55483 2.08649e-17
4551.39635 2.58187e-17
4553.23787 3.70949e-17
4555.07939 3.53395e-17
4556.92091 1.61099e-17
4558.76243 2.13984e-17
4560.60396 3.07809e-17
4562.44548 2.57522e-17
4564.28700 2.83797e-17
4566.12852 3.40945e-17
4567.97004 3.33883e-17
4569.81157 2.87758e-17
4571.65309 4.59245e-17
4573.49461 3.83786e-17
4575.33613 2.79124e-17
4577.17765 3.55240e-17
4579.01918 4.82277e-17
4580.86070 4.85010e-17
4582.70222 3.79694e-17
4584.54374 3.28046e-17
4586.38526 2.42597e-17
4588.22678 3.72669e-17
4590.06831 4.61788e-17
4591.90983 4.92877e-17
4593.75135 4.02958e-17
4595.59287 3.00161e-17
4597.43439 3.27808e-17
4599.27592 3.96824e-17
4601.11744 3.13722e-17
4602.95896 2.86322e-17
4604.80048 4.40519e-17
4606.64200 3.64845e-17
4608.48352 3.76359e-17
4610.32505 4.35487e-17
4612.16657 2.95292e-17
4614.00809 2.82529e-17
4615.84961 3.66397e-17
4617.69114 4.38219e-17
4619.53266 4.24315e-17
4621.37418 4.53550e-17
4623.21570 3.91603e-17
4625.05722 4.35666e-17
4626.89874 4.90084e-17
4628.74027 3.74443e-17
4630.58179 3.61684e-17
4632.42331 4.36015e-17
4634.26483 3.13936e-17
4636.10635 2.68797e-17
4637.94787 3.97973e-17
4639.78940 4.04144e-17
4641.63092 4.26275e-17
4643.47244 3.58561e-17
4645.31396 3.89068e-17
4647.15549 4.53169e-17
4648.99701 3.51566e-17
4650.83853 3.42499e-17
4652.68005 2.93042e-17
4654.52157 3.36400e-17
4656.36309 3.50183e-17
4658.20462 2.76276e-17
4660.04614 3.42438e-17
4661.88766 4.01446e-17
4663.72918 3.15558e-17
4665.57070 4.21770e-17
4667.41223 3.48562e-17
4669.25375 2.63299e-17
4671.09527 3.12173e-17
4672.93679 3.18898e-17
4674.77831 2.30149e-17
4676.61984 2.84335e-17
4678.46136 3.41510e-17
4680.30288 2.16194e-17
4682.14440 2.28512e-17
4683.98592 2.87383e-17
4685.82744 3.56493e-17
4687.66897 2.11504e-17
4689.51049 2.78849e-17
4691.35201 2.51909e-17
4693.19353 2.83176e-17
4695.03505 2.88821e-17
4696.87658 3.09096e-17
4698.71810 2.50193e-17
4700.55962 2.81061e-17
4702.40114 2.81439e-17
4704.24266 2.23074e-17
4706.08418 2.71223e-17
4707.92571 3.28969e-17
4709.76723 2.81186e-17
4711.60875 3.14726e-17
4713.45027 3.08287e-17
4715.29179 2.81835e-17
4717.13332 2.85042e-17
4718.97484 2.98402e-17
4720.81636 3.25545e-17
4722.65788 3.37387e-17
4724.49940 3.26416e-17
4726.34093 3.39244e-17
4728.18245 2.94493e-17
4730.02397 2.63190e-17
4731.86549 3.57698e-17
4733.70701 3.41563e-17
4735.54853 2.94962e-17
4737.39006 3.07427e-17
4739.23158 3.12169e-17
4741.07310 3.43280e-17
4742.91462 2.80678e-17
4744.75614 2.90189e-17
4746.59767 2.74496e-17
4748.43919 2.61481e-17
4750.28071 3.74996e-17
4752.12223 2.43855e-17
4753.96375 2.35066e-17
4755.80527 3.10667e-17
4757.64680 3.02012e-17
4759.48832 2.34425e-17
4761.32984 2.96719e-17
4763.17136 3.38989e-17
4765.01289 3.38734e-17
4766.85441 2.88723e-17
4768.69593 2.56296e-17
4770.53745 2.80686e-17
4772.37897 2.70687e-17
4774.22049 3.34125e-17
4776.06202 3.68370e-17
4777.90354 2.74113e-17
4779.74506 3.07350e-17
4781.58658 2.64694e-17
4783.42810 3.49770e-17
4785.26962 2.97736e-17
4787.11115 3.10370e-17
4788.95267 2.71515e-17
4790.79419 2.53386e-17
4792.63571 2.81791e-17
4794.47724 2.85189e-17
4796.31876 2.71821e-17
4798.16028 2.17020e-17
4800.00180 2.18258e-17
4801.84332 3.17568e-17
4803.68484 2.99094e-17
4805.52637 2.96206e-17
4807.36789 3.16190e-17
4809.20941 2.73019e-17
4811.05093 2.72416e-17
4812.89245 3.70995e-17
4814.73398 3.16772e-17
4816.57550 2.48959e-17
4818.41702 2.79882e-17
4820.25854 2.69219e-17
4822.10006 2.81710e-17
4823.94158 2.89283e-17
4825.78311 2.90867e-17
4827.62463 3.61055e-17
4829.46615 3.24403e-17
4831.30767 3.07067e-17
4833.14919 2.76455e-17
4834.99072 2.43409e-17
4836.83224 1.98502e-17
4838.67376 2.64789e-17
4840.51528 3.68531e-17
4842.35680 3.31705e-17
4844.19833 2.32052e-17
4846.03985 2.97302e-17
4847.88137 3.12473e-17
4849.72289 2.80468e-17
4851.56441 2.67301e-17
4853.40593 3.40323e-17
4855.24746 2.54177e-17
4857.08898 2.13048e-17
4858.93050 2.51857e-17
4860.77202 2.73029e-17
4862.61354 3.58336e-17
4864.45507 3.25459e-17
4866.29659 3.11425e-17
4868.13811 3.20057e-17
4869.97963 2.95172e-17
4871.82115 2.74736e-17
4873.66267 3.18427e-17
4875.50420 2.79246e-17
4877.34572 2.36294e-17
4879.18724 2.80953e-17
4881.02876 2.82362e-17
4882.87028 2.56366e-17
4884.71181 2.82805e-17
4886.55333 3.02791e-17
4888.39485 2.98206e-17
4890.23637 2.77857e-17
4892.07789 2.24223e-17
4893.91942 1.97185e-17
4895.76094 2.12120e-17
4897.60246 2.27058e-17
4899.44398 2.41993e-17
4901.28550 2.56932e-17
4903.12702 2.71866e-17
4904.96855 2.02773e-17
4906.81007 2.05280e-17
4908.65159 2.07788e-17
4910.49311 2.10296e-17
4912.33464 2.12804e-17
4914.17616 2.74984e-17
4916.01768 2.56528e-17
4917.85920 3.13063e-17
4919.70072 3.22726e-17
4921.54224 2.78400e-17
4923.38377 2.56778e-17
4925.22529 2.57465e-17
4927.06681 2.70032e-17
4928.90833 3.05556e-17
4930.74985 2.76682e-17
4932.59137 3.39765e-17
4934.43290 3.10852e-17
4936.27442 2.92030e-17
4938.11594 2.94558e-17
4939.95746 2.95273e-17
4941.79899 2.93634e-17
4943.64051 3.12016e-17
4945.48203 3.06447e-17
4947.32355 3.07656e-17
4949.16507 3.43471e-17
4951.00659 3.13875e-17
4952.84812 3.35083e-17
4954.68964 3.06789e-17
4956.53116 2.21988e-17
4958.37268 2.21056e-17
4960.21420 2.52280e-17
4962.05573 2.15291e-17
4963.89725 2.43177e-17
4965.73877 2.98935e-17
4967.58029 3.08566e-17
4969.42181 2.94656e-17
4971.26333 2.84053e-17
4973.10486 2.17344e-17
4974.94638 2.49515e-17
4976.78790 2.57117e-17
4978.62942 2.75499e-17
4980.47094 3.02371e-17
4982.31247 2.44002e-17
4984.15399 2.40501e-17
4985.99551 2.91207e-17
4987.83703 2.65763e-17
4989.67855 2.85424e-17
4991.52008 3.08070e-17
4993.36160 3.46462e-17
4995.20312 3.23769e-17
4997.04464 3.63869e-17
4998.88616 3.34418e-17
5000.72768 3.36542e-17
5002.56921 2.60808e-17
5004.41073 1.87497e-17
5006.25225 2.64728e-17
5008.09377 2.72104e-17
5009.93529 2.58692e-17
5011.77682 3.02311e-17
5013.61834 3.42460e-17
5015.45986 3.34229e-17
5017.30138 3.17173e-17
5019.14290 3.15735e-17
5020.98442 2.65364e-17
5022.82595 2.58578e-17
5024.66747 2.94448e-17
5026.50899 2.73354e-17
5028.35051 2.64748e-17
5030.19204 2.28194e-17
5032.03356 2.34771e-17
5033.87508 2.98968e-17
5035.71660 3.09214e-17
5037.55812 3.02234e-17
5039.39964 3.47082e-17
5041.24117 3.70574e-17
5043.08269 3.49272e-17
5044.92421 3.96690e-17
5046.76573 3.59313e-17
5048.60725 2.93310e-17
5050.44877 2.57894e-17
5052.29030 2.52636e-17
5054.13182 2.73222e-17
5055.97334 2.81113e-17
5057.81486 3.26400e-17
5059.65639 3.20479e-17
5061.49791 2.80603e-17
5063.33943 2.55394e-17
5065.18095 3.10393e-17
5067.02247 3.00571e-17
5068.86399 2.62341e-17
5070.70552 2.50598e-17
5072.54704 2.41177e-17
5074.38856 2.63723e-17
5076.23008 2.95451e-17
5078.07160 3.10404e-17
5079.91313 2.53475e-17
5081.75465 2.28834e-17
5083.59617 2.55602e-17
5085.43769 2.52851e-17
5087.27921 2.28681e-17
5089.12074 2.27348e-17
5090.96226 2.59101e-17
5092.80378 2.81707e-17
5094.64530 2.99724e-17
5096.48682 2.87056e-17
5098.32834 2.65139e-17
5100.16987 3.24466e-17
5102.01139 2.90316e-17
5103.85291 2.63580e-17
5105.69443 2.93465e-17
5107.53595 2.78226e-17
5109.37748 2.83069e-17
5111.21900 2.80143e-17
5113.06052 2.57830e-17
5114.90204 2.66310e-17
5116.74356 2.85654e-17
5118.58508 3.13243e-17
5120.42661 3.05508e-17
5122.26813 2.58089e-17
5124.10965 2.61884e-17
5125.95117 2.43979e-17
5127.79269 2.74560e-17
5129.63422 3.01170e-17
5131.47574 2.77277e-17
5133.31726 2.43662e-17
5135.15878 2.18460e-17
5137.00030 2.40521e-17
5138.84183 3.03409e-17
5140.68335 2.71722e-17
5142.52487 2.77131e-17
5144.36639 3.03714e-17
5146.20791 2.88299e-17
5148.04943 2.84907e-17
5149.89096 2.72688e-17
5151.73248 2.76486e-17
5153.57400 3.18304e-17
5155.41552 2.19536e-17
5157.25704 2.31476e-17
5159.09857 2.66494e-17
5160.94009 2.65204e-17
5162.78161 2.87251e-17
5164.62313 2.61621e-17
5166.46465 2.28002e-17
5168.30617 3.08517e-17
5170.14770 2.91596e-17
5171.98922 2.94101e-17
5173.83074 2.82386e-17
5175.67226 2.96503e-17
5177.51379 3.00493e-17
5179.35531 3.22804e-17
5181.19683 2.74263e-17
5183.03835 2.91905e-17
5184.87987 2.84881e-17
5186.72139 2.74818e-17
5188.56292 2.93478e-17
5190.40444 2.55130e-17
5192.24596 2.89117e-17
5194.08748 2.78573e-17
5195.92900 3.01902e-17
5197.77052 3.41963e-17
5199.61205 3.49145e-17
5201.45357 2.88863e-17
5203.29509 2.40909e-17
5205.13661 2.08546e-17
5206.97814 2.14755e-17
5208.81966 2.32487e-17
5210.66118 2.63411e-17
5212.50270 1.98889e-17
5214.34422 2.17118e-17
5216.18574 2.74089e-17
5218.02727 2.92989e-17
5219.86879 2.63768e-17
5221.71031 3.01191e-17
5223.55183 2.72601e-17
5225.39335 2.42520e-17
5227.23488 2.43931e-17
5229.07640 2.85435e-17
5230.91792 2.80388e-17
5232.75944 2.42155e-17
5234.60096 2.48179e-17
5236.44248 2.63531e-17
5238.28401 2.54550e-17
5240.12553 2.88147e-17
5241.96705 2.56650e-17
5243.80857 3.04985e-17
5245.65009 2.72577e-17
5247.49162 2.52985e-17
5249.33314 2.77903e-17
5251.17466 2.87249e-17
5253.01618 2.44889e-17
5254.85770 2.55687e-17
5256.69923 2.66482e-17
5258.54075 2.77277e-17
5260.38227 2.88075e-17
5262.22379 2.98870e-17
5264.06531 2.69915e-17
5265.90683 2.70211e-17
5267.74836 2.83318e-17
5269.58988 2.90433e-17
5271.43140 2.67578e-17
5273.27292 2.60456e-17
5275.11444 2.80806e-17
5276.95597 2.97747e-17
5278.79749 2.82758e-17
5280.63901 2.75807e-17
5282.48053 3.10681e-17
5284.32205 2.96714e-17
5286.16357 3.29599e-17
5288.00510 3.41385e-17
5289.84662 2.88978e-17
5291.68814 2.80609e-17
5293.52966 2.87288e-17
5295.37118 2.92308e-17
5297.21271 3.18537e-17
5299.05423 2.73496e-17
5300.89575 2.98223e-17
5302.73727 2.67219e-17
5304.57879 2.66877e-17
5306.42032 2.68471e-17
5308.26184 2.78473e-17
5310.10336 2.69993e-17
5311.94488 3.01994e-17
5313.78640 2.72841e-17
5315.62792 2.87710e-17
5317.46945 2.69413e-17
5319.31097 2.73961e-17
5321.15249 2.65528e-17
5322.99401 2.58290e-17
5324.83554 2.88916e-17
5326.67706 2.20825e-17
5328.51858 2.94799e-17
5330.36010 2.24210e-17
5332.20162 2.33932e-17
5334.04314 3.18370e-17
5335.88467 2.66880e-17
5337.72619 2.53781e-17
5339.56771 2.18959e-17
5341.40923 3.15017e-17
5343.25075 3.06105e-17
5345.09227 3.04954e-17
5346.93380 3.08701e-17
5348.77532 3.33064e-17
5350.61684 3.00040e-17
5352.45836 3.18421e-17
5354.29989 3.18959e-17
5356.14141 2.72674e-17
5357.98293 2.53945e-17
5359.82445 3.10479e-17
5361.66597 2.65953e-17
5363.50749 2.58147e-17
5365.34902 2.54984e-17
5367.19054 2.13752e-17
5369.03206 2.37725e-17
5370.87358 3.05338e-17
5372.71510 2.86171e-17
5374.55663 2.82116e-17
5376.39815 3.05161e-17
5378.23967 2.95689e-17
5380.08119 3.02572e-17
5381.92271 3.09046e-17
5383.76423 3.26418e-17
5385.60576 2.88881e-17
5387.44728 2.77243e-17
5389.28880 3.23843e-17
5391.13032 3.03442e-17
5392.97184 2.90883e-17
5394.81337 2.83090e-17
5396.65489 3.11814e-17
5398.49641 3.04031e-17
5400.33793 2.67416e-17
5402.17945 2.87601e-17
5404.02098 2.89856e-17
5405.86250 2.72179e-17
5407.70402 2.69527e-17
5409.54554 2.76385e-17
5411.38706 3.15401e-17
5413.22858 3.23118e-17
5415.07011 2.55185e-17
5416.91163 2.75943e-17
5418.75315 2.49709e-17
5420.59467 2.40502e-17
5422.43619 2.88286e-17
5424.27772 3.07643e-17
5426.11924 2.64929e-17
5427.96076 2.35608e-17
5429.80228 2.61392e-17
5431.64380 2.83022e-17
5433.48532 2.72910e-17
5435.32685 2.55887e-17
5437.16837 2.67919e-17
5439.00989 2.43356e-17
5440.85141 2.78269e-17
5442.69294 3.01004e-17
5444.53446 2.69289e-17
5446.37598 2.50121e-17
5448.21750 2.84506e-17
5450.05902 2.82571e-17
5451.90054 2.67963e-17
5453.74207 2.33048e-17
5455.58359 2.19197e-17
5457.42511 2.20202e-17
5459.26663 2.67879e-17
5461.10815 2.78188e-17
5462.94967 2.80276e-17
5464.79120 2.33533e-17
5466.63272 2.44453e-17
5468.47424 2.84629e-17
5470.31576 2.54261e-17
5472.15729 2.74312e-17
5473.99881 2.95065e-17
5475.84033 2.89654e-17
5477.68185 2.86834e-17
5479.52337 2.86597e-17
5481.36489 3.21979e-17
5483.20642 3.01518e-17
5485.04794 2.61231e-17
5486.88946 2.25472e-17
5488.73098 2.14122e-17
5490.57250 3.02332e-17
5492.41403 3.19884e-17
5494.25555 2.42387e-17
5496.09707 2.77972e-17
5497.93859 2.57943e-17
5499.78011 2.71807e-17
5501.62164 2.75063e-17
5503.46316 2.47093e-17
5505.30468 2.56249e-17
5507.14620 2.71731e-17
5508.98772 3.02917e-17
5510.82924 2.82704e-17
5512.67077 2.69647e-17
5514.51229 1.93800e-17
5516.35381 2.38691e-17
5518.19533 2.41533e-17
5520.03685 2.73820e-17
5521.87838 2.76235e-17
5523.71990 2.37716e-17
5525.56142 2.35165e-17
5527.40294 2.78805e-17
5529.24446 2.92823e-17
5531.08598 2.48137e-17
5532.92751 1.83738e-17
5534.76903 2.54814e-17
5536.61055 2.73472e-17
5538.45207 2.55115e-17
5540.29359 2.99355e-17
5542.13512 2.86125e-17
5543.97664 2.54345e-17
5545.81816 2.33614e-17
5547.65968 2.53775e-17
5549.50120 2.79913e-17
5551.34273 2.09448e-17
5553.18425 2.06004e-17
5555.02577 2.72837e-17
5556.86729 2.85055e-17
5558.70881 3.19177e-17
5560.55033 3.20423e-17
5562.39186 2.98356e-17
5564.23338 3.26494e-17
5566.07490 3.35628e-17
5567.91642 2.57175e-17
5569.75794 2.04789e-17
5571.59947 2.67296e-17
5573.44099 1.79548e-17
5575.28251 2.35224e-17
5577.12403 2.62101e-17
5578.96555 2.83981e-17
5580.80708 2.46153e-17
5582.64860 2.50126e-17
5584.49012 2.95680e-17
5586.33164 3.00749e-17
5588.17316 3.03350e-17
5590.01469 3.00018e-17
5591.85621 2.86730e-17
5593.69773 2.82802e-17
5595.53925 2.55153e-17
5597.38077 2.79291e-17
5599.22229 2.72480e-17
5601.06382 2.80969e-17
5602.90534 2.68725e-17
5604.74686 2.24404e-17
5606.58838 2.48842e-17
5608.42990 2.25883e-17
5610.27143 2.70444e-17
5612.11295 2.84872e-17
5613.95447 2.76361e-17
5615.79599 2.96318e-17
5617.63751 2.96669e-17
5619.47904 2.67767e-17
5621.32056 2.40430e-17
5623.16208 2.90497e-17
5625.00360 3.09823e-17
5626.84512 2.58098e-17
5628.68664 2.45514e-17
5630.52817 2.50689e-17
5632.36969 2.65069e-17
5634.21121 2.47609e-17
5636.05273 2.45391e-17
5637.89425 2.66459e-17
5639.73578 2.56816e-17
5641.57730 2.50488e-17
5643.41882 2.49263e-17
5645.26034 2.98458e-17
5647.10186 3.02093e-17
5648.94338 2.54794e-17
5650.78491 2.86847e-17
5652.62643 3.03469e-17
5654.46795 2.95156e-17
5656.30947 1.90868e-17
5658.15099 2.68948e-17
5659.99252 2.76627e-17
5661.83404 2.77030e-17
5663.67556 2.27819e-17
5665.51708 2.36241e-17
5667.35860 2.28944e-17
5669.20013 2.62297e-17
5671.04165 2.48199e-17
5672.88317 2.40471e-17
5674.72469 2.37672e-17
5676.56621 2.46462e-17
5678.40773 2.64287e-17
5680.24926 2.75607e-17
5682.09078 2.75122e-17
5683.93230 2.19692e-17
5685.77382 2.22415e-17
5687.61534 2.63214e-17
5689.45687 2.59662e-17
5691.29839 2.53778e-17
5693.13991 2.41748e-17
5694.98143 2.70305e-17
5696.82295 3.10484e-17
5698.66448 2.94561e-17
5700.50600 2.42076e-17
5702.34752 2.72703e-17
5704.18904 2.99993e-17
5706.03056 2.95152e-17
5707.87208 2.33681e-17
5709.71361 2.66222e-17
5711.55513 2.75216e-17
5713.39665 2.92556e-17
5715.23817 2.79621e-17
5717.07969 2.55020e-17
5718.92122 2.72681e-17
5720.76274 2.77384e-17
5722.60426 2.47128e-17
5724.44578 1.98067e-17
5726.28730 2.45554e-17
5728.12883 2.69588e-17
5729.97035 2.62654e-17
5731.81187 2.40324e-17
5733.65339 2.70352e-17
5735.49491 2.47732e-17
5737.33644 2.75767e-17
5739.17796 2.50144e-17
5741.01948 2.54833e-17
5742.86100 2.79155e-17
5744.70252 2.53300e-17
5746.54404 2.42401e-17
5748.38557 2.35793e-17
5750.22709 2.45060e-17
5752.06861 2.37627e-17
5753.91013 2.48016e-17
5755.75165 2.81448e-17
5757.59318 2.37553e-17
5759.43470 2.25602e-17
5761.27622 2.51906e-17
5763.11774 2.61935e-17
5764.95926 2.52024e-17
5766.80079 2.41437e-17
5768.64231 2.26591e-17
5770.48383 2.37849e-17
5772.32535 2.35413e-17
5774.16687 2.64547e-17
5776.00839 2.96118e-17
5777.84992 3.07630e-17
5779.69144 2.73132e-17
5781.53296 2.41517e-17
5783.37448 2.71221e-17
5785.21600 2.71653e-17
5787.05753 2.39324e-17
5788.89905 2.30203e-17
5790.74057 2.76020e-17
5792.58209 2.38616e-17
5794.42361 2.39895e-17
5796.26513 2.68452e-17
5798.10666 2.48577e-17
5799.94818 2.35951e-17
5801.78970 2.53129e-17
5803.63122 2.71229e-17
5805.47274 2.71244e-17
5807.31427 2.53863e-17
5809.15579 2.39947e-17
5810.99731 2.73570e-17
5812.83883 2.90194e-17
5814.68035 2.45118e-17
5816.52188 2.65314e-17
5818.36340 2.61669e-17
5820.20492 2.70713e-17
5822.04644 2.74165e-17
5823.88796 2.58597e-17
5825.72948 2.16603e-17
5827.57101 2.05253e-17
5829.41253 2.68615e-17
5831.25405 2.14012e-17
5833.09557 3.07293e-17
5834.93709 2.48384e-17
5836.77862 2.29694e-17
5838.62014 2.64057e-17
5840.46166 2.66018e-17
5842.30318 2.19803e-17
5844.14470 2.66097e-17
5845.98623 2.54570e-17
5847.82775 2.47690e-17
5849.66927 2.65851e-17
5851.51079 2.71634e-17
5853.35231 2.72760e-17
5855.19384 2.53453e-17
5857.03536 2.75217e-17
5858.87688 2.87743e-17
5860.71840 2.75625e-17
5862.55992 2.90318e-17
5864.40144 2.81400e-17
5866.24297 2.84526e-17
5868.08449 2.61153e-17
5869.92601 2.46394e-17
5871.76753 2.66429e-17
5873.60905 2.63326e-17
5875.45058 2.63312e-17
5877.29210 2.65463e-17
5879.13362 2.70961e-17
5880.97514 2.38938e-17
5882.81666 2.37583e-17
5884.65819 2.61766e-17
5886.49971 2.90418e-17
5888.34123 3.01527e-17
5890.18275 2.81671e-17
5892.02427 2.89203e-17
5893.86579 2.25300e-17
5895.70732 2.38985e-17
5897.54884 2.99946e-17
5899.39036 2.80479e-17
5901.23188 2.54654e-17
5903.07340 2.88950e-17
5904.91493 2.99144e-17
5906.75645 2.67534e-17
5908.59797 2.43466e-17
5910.43949 2.23461e-17
5912.28101 2.44208e-17
5914.12254 2.47065e-17
5915.96406 2.56685e-17
5917.80558 3.01420e-17
5919.64710 2.40868e-17
5921.48862 2.66042e-17
5923.33014 2.96761e-17
5925.17167 2.94432e-17
5927.01319 2.95440e-17
5928.85471 2.67782e-17
5930.69623 2.83124e-17
5932.53775 2.90030e-17
5934.37928 2.84552e-17
5936.22080 2.75301e-17
5938.06232 2.67046e-17
5939.90384 2.86648e-17
5941.74536 3.00132e-17
5943.58688 2.86639e-17
5945.42841 2.51746e-17
5947.26993 2.67763e-17
5949.11145 2.41503e-17
5950.95297 2.08562e-17
5952.79449 2.29854e-17
5954.63602 2.70179e-17
5956.47754 2.83472e-17
5958.31906 2.85679e-17
5960.16058 2.57951e-17
5962.00210 2.78193e-17
5963.84363 3.45040e-17
5965.68515 3.17574e-17
5967.52667 2.66420e-17
5969.36819 2.68685e-17
5971.20971 3.15415e-17
5973.05123 3.05943e-17
5974.89276 3.05489e-17
5976.73428 2.72115e-17
5978.57580 2.85944e-17
5980.41732 3.07779e-17
5982.25884 2.58106e-17
5984.10037 2.51625e-17
5985.94189 3.00232e-17
5987.78341 2.90261e-17
5989.62493 3.07084e-17
5991.46645 3.08748e-17
5993.30798 2.92977e-17
5995.14950 2.71542e-17
5996.99102 2.64298e-17
5998.83254 2.68055e-17
6000.67406 2.65706e-17
6002.51559 2.72101e-17
6004.35711 2.93862e-17
6006.19863 2.77658e-17
6008.04015 2.54057e-17
6009.88167 2.49881e-17
6011.72319 2.23595e-17
6013.56472 2.26979e-17
6015.40624 2.78312e-17
6017.24776 3.01367e-17
6019.08928 2.51351e-17
6020.93080 2.04773e-17
6022.77233 2.50270e-17
6024.61385 2.38160e-17
6026.45537 2.15828e-17
6028.29689 2.18842e-17
6030.13841 2.42269e-17
6031.97994 2.35284e-17
6033.82146 2.42745e-17
6035.66298 2.73903e-17
6037.50450 2.68522e-17
6039.34602 2.50176e-17
6041.18754 2.78920e-17
6043.02907 2.49327e-17
6044.87059 2.55440e-17
6046.71211 2.61852e-17
6048.55363 2.71403e-17
6050.39515 2.92251e-17
6052.23668 2.92174e-17
6054.07820 2.79944e-17
6055.91972 2.26114e-17
6057.76124 2.13389e-17
6059.60276 2.67162e-17
6061.44428 2.54993e-17
6063.28581 2.52439e-17
6065.12733 2.57625e-17
6066.96885 2.51053e-17
6068.81037 2.52783e-17
6070.65189 2.29450e-17
6072.49342 2.47596e-17
6074.33494 2.68282e-17
6076.17646 2.48896e-17
6078.01798 2.58872e-17
6079.85950 2.34648e-17
6081.70103 2.49734e-17
6083.54255 2.48665e-17
6085.38407 2.61283e-17
6087.22559 2.88100e-17
6089.06711 2.14620e-17
6090.90863 2.36303e-17
6092.75016 2.73192e-17
6094.59168 2.30040e-17
6096.43320 2.40778e-17
6098.27472 2.60174e-17
6100.11624 2.64044e-17
6101.95777 2.73748e-17
6103.79929 2.51865e-17
6105.64081 2.30468e-17
6107.48233 2.06886e-17
6109.32385 2.07435e-17
6111.16538 1.98796e-17
6113.00690 2.47963e-17
6114.84842 2.65329e-17
6116.68994 2.01563e-17
6118.53146 2.45780e-17
6120.37298 2.46667e-17
6122.21451 2.53507e-17
6124.05603 1.85948e-17
6125.89755 2.19143e-17
6127.73907 2.33801e-17
6129.58059 2.45383e-17
6131.42212 2.19212e-17
6133.26364 2.56635e-17
6135.10516 2.40351e-17
6136.94668 2.52197e-17
6138.78820 2.62741e-17
6140.62973 2.66827e-17
6142.47125 3.08729e-17
6144.31277 2.72056e-17
6146.15429 2.48627e-17
6147.99581 2.82161e-17
6149.83734 2.71651e-17
6151.67886 2.44853e-17
6153.52038 2.75736e-17
6155.36190 2.61422e-17
6157.20342 2.41681e-17
6159.04494 2.50427e-17
6160.88647 2.23695e-17
6162.72799 2.68154e-17
6164.56951 2.70026e-17
6166.41103 2.06068e-17
6168.25255 2.99217e-17
6170.09408 2.72385e-17
6171.93560 2.21186e-17
6173.77712 2.64232e-17
6175.61864 2.67610e-17
6177.46016 2.69129e-17
6179.30169 2.45312e-17
6181.14321 2.21550e-17
6182.98473 2.47645e-17
6184.82625 2.63778e-17
6186.66777 2.58130e-17
6188.50929 2.71842e-17
6190.35082 2.60198e-17
6192.19234 2.30195e-17
6194.03386 2.63276e-17
6195.87538 2.46031e-17
6197.71690 2.42203e-17
6199.55843 2.54133e-17
6201.39995 2.72815e-17
6203.24147 2.52300e-17
6205.08299 2.44775e-17
6206.92451 2.38844e-17
6208.76603 2.18362e-17
6210.60756 2.09507e-17
6212.44908 2.07183e-17
6214.29060 2.36171e-17
6216.13212 2.49697e-17
6217.97364 2.51152e-17
6219.81517 2.54490e-17
6221.65669 2.17786e-17
6223.49821 1.88111e-17
6225.33973 2.10929e-17
6227.18125 2.57405e-17
6229.02278 2.87734e-17
6230.86430 2.85523e-17
6232.70582 2.78135e-17
6234.54734 2.57999e-17
6236.38886 2.45292e-17
6238.23038 2.29812e-17
6240.07191 2.23387e-17
6241.91343 2.36953e-17
6243.75495 2.80062e-17
6245.59647 2.52049e-17
6247.43799 2.01755e-17
6249.27952 2.17326e-17
6251.12104 2.39514e-17
6252.96256 2.44925e-17
6254.80408 2.54422e-17
6256.64560 2.16329e-17
6258.48713 1.74630e-17
6260.32865 2.33343e-17
6262.17017 2.43745e-17
6264.01169 2.02352e-17
6265.85321 2.34806e-17
6267.69474 2.57617e-17
6269.53626 2.54104e-17
6271.37778 2.69398e-17
6273.21930 2.49262e-17
6275.06082 2.24395e-17
6276.90234 2.30366e-17
6278.74387 2.83875e-17
6280.58539 3.12248e-17
6282.42691 3.35263e-17
6284.26843 3.16225e-17
6286.10995 2.60893e-17
6287.95148 3.19564e-17
6289.79300 3.63325e-17
6291.63452 3.49526e-17
6293.47604 3.71202e-17
6295.31756 4.06014e-17
6297.15909 4.07091e-17
6299.00061 3.95071e-17
6300.84213 4.13272e-17
6302.68365 4.24508e-17
6304.52517 4.33535e-17
6306.36669 4.48594e-17
6308.20822 4.38330e-17
6310.04974 4.26695e-17
6311.89126 4.21551e-17
6313.73278 4.23701e-17
6315.57430 4.30520e-17
6317.41583 4.19461e-17
6319.25735 4.52120e-17
6321.09887 4.12388e-17
6322.94039 4.40175e-17
6324.78191 4.73982e-17
6326.62344 4.38222e-17
6328.46496 4.78213e-17
6330.30648 4.87106e-17
6332.14800 4.33855e-17
6333.98952 4.17944e-17
6335.83104 3.73909e-17
6337.67257 3.81371e-17
6339.51409 4.22461e-17
6341.35561 4.29863e-17
6343.19713 3.78106e-17
6345.03865 3.61290e-17
6346.88018 4.33551e-17
6348.72170 4.51965e-17
6350.56322 4.48225e-17
6352.40474 4.87531e-17
6354.24626 4.45584e-17
6356.08778 4.15211e-17
6357.92931 4.83824e-17
6359.77083 5.03438e-17
6361.61235 4.59186e-17
