3519.82 1.8761e-14
3524.10 1.8576e-14
3528.38 1.846e-14
3532.67 1.8738e-14
3536.95 1.8608e-14
3541.23 1.842e-14
3545.52 1.8321e-14
3549.80 1.7929e-14
3554.09 1.7778e-14
3558.37 1.8165e-14
3562.65 1.8409e-14
3566.94 1.8284e-14
3571.22 1.7883e-14
3575.50 1.7835e-14
3579.79 1.8009e-14
3584.07 1.7985e-14
3588.36 1.8037e-14
3592.64 1.8237e-14
3596.92 1.8401e-14
3601.21 1.8388e-14
3605.49 1.8281e-14
3609.77 1.8324e-14
3614.06 1.8438e-14
3618.34 1.8517e-14
3622.62 1.8452e-14
3626.91 1.8267e-14
3631.19 1.8112e-14
3635.48 1.7979e-14
3639.76 1.7882e-14
3644.04 1.8039e-14
3648.33 1.8071e-14
3652.61 1.7819e-14
3656.89 1.7748e-14
3661.18 1.7894e-14
3665.46 1.7925e-14
3669.75 1.7864e-14
3674.03 1.8085e-14
3678.31 1.8236e-14
3682.60 1.8295e-14
3686.88 1.8311e-14
3691.16 1.8154e-14
3695.45 1.8151e-14
3699.73 1.8287e-14
3704.02 1.8405e-14
3708.30 1.8428e-14
3712.58 1.8391e-14
3716.87 1.8482e-14
3721.15 1.8541e-14
3725.43 1.8606e-14
3729.72 1.8557e-14
3734.00 1.827e-14
3738.29 1.8134e-14
3742.57 1.8281e-14
3746.85 1.8189e-14
3751.14 1.7887e-14
3755.42 1.7779e-14
3759.70 1.7651e-14
3763.99 1.7521e-14
3768.27 1.758e-14
3772.56 1.7541e-14
3776.84 1.7426e-14
3781.12 1.7436e-14
3785.41 1.7378e-14
3789.69 1.7289e-14
3793.97 1.7324e-14
3798.26 1.7314e-14
3802.54 1.728e-14
3806.83 1.7227e-14
3811.11 1.7191e-14
3815.39 1.7202e-14
3819.68 1.7162e-14
3823.96 1.7163e-14
3828.24 1.7127e-14
3832.53 1.7075e-14
3836.81 1.6995e-14
3841.10 1.6804e-14
3845.38 1.6751e-14
3849.66 1.6711e-14
3853.95 1.6581e-14
3858.23 1.6552e-14
3862.51 1.6442e-14
3866.80 1.6343e-14
3871.08 1.6372e-14
3875.37 1.6343e-14
3879.65 1.6405e-14
3883.93 1.658e-14
3888.22 1.6647e-14
3892.50 1.6784e-14
3896.78 1.713e-14
3901.07 1.7466e-14
3905.35 1.7672e-14
3909.64 1.7846e-14
3913.92 1.8101e-14
3918.20 1.8372e-14
3922.49 1.8589e-14
3926.77 1.8649e-14
3931.05 1.862e-14
3935.34 1.8525e-14
3939.62 1.8371e-14
3943.91 1.8238e-14
3948.19 1.8187e-14
3952.47 1.8074e-14
3956.76 1.7958e-14
3961.04 1.7937e-14
3965.32 1.7789e-14
3969.61 1.767e-14
3973.89 1.7537e-14
3978.18 1.7281e-14
3982.46 1.7102e-14
3986.74 1.6906e-14
3991.03 1.6657e-14
3995.31 1.645e-14
3999.59 1.6148e-14
4003.88 1.5847e-14
4008.16 1.5716e-14
4012.45 1.5631e-14
4016.73 1.5627e-14
4021.01 1.5759e-14
4025.30 1.5908e-14
4029.58 1.6071e-14
4033.86 1.6271e-14
4038.15 1.646e-14
4042.43 1.6581e-14
4046.71 1.6754e-14
4051.00 1.6973e-14
4055.28 1.7126e-14
4059.57 1.7199e-14
4063.85 1.7232e-14
4068.13 1.7315e-14
4072.42 1.7359e-14
4076.70 1.7317e-14
4080.98 1.7337e-14
4085.27 1.7398e-14
4089.55 1.7394e-14
4093.84 1.7294e-14
4098.12 1.7161e-14
4102.40 1.7123e-14
4106.69 1.7043e-14
4110.97 1.6843e-14
4115.25 1.6739e-14
4119.54 1.6721e-14
4123.82 1.6687e-14
4128.11 1.6593e-14
4132.39 1.6486e-14
4136.67 1.6417e-14
4140.96 1.6347e-14
4145.24 1.6231e-14
4149.52 1.613e-14
4153.81 1.6106e-14
4158.09 1.6122e-14
4162.38 1.6103e-14
4166.66 1.5994e-14
4170.94 1.5919e-14
4175.23 1.5897e-14
4179.51 1.5849e-14
4183.79 1.5788e-14
4188.08 1.574e-14
4192.36 1.5654e-14
4196.65 1.556e-14
4200.93 1.5425e-14
4205.21 1.5289e-14
4209.50 1.528e-14
4213.78 1.5166e-14
4218.06 1.4947e-14
4222.35 1.4832e-14
4226.63 1.471e-14
4230.92 1.4551e-14
4235.20 1.438e-14
4239.48 1.4262e-14
4243.77 1.4189e-14
4248.05 1.4132e-14
4252.33 1.4168e-14
4256.62 1.4395e-14
4260.90 1.4722e-14
4265.19 1.503e-14
4269.47 1.5399e-14
4273.75 1.5845e-14
4278.04 1.6183e-14
4282.32 1.6418e-14
4286.60 1.6704e-14
4290.89 1.7001e-14
4295.17 1.7187e-14
4299.46 1.7284e-14
4303.74 1.7433e-14
4308.02 1.7531e-14
4312.31 1.7503e-14
4316.59 1.7492e-14
4320.87 1.7493e-14
4325.16 1.7437e-14
4329.44 1.7287e-14
4333.73 1.7149e-14
4338.01 1.7099e-14
4342.29 1.7016e-14
4346.58 1.6896e-14
4350.86 1.6791e-14
4355.14 1.6636e-14
4359.43 1.6417e-14
4363.71 1.6253e-14
4368.00 1.6164e-14
4372.28 1.6004e-14
4376.56 1.581e-14
4380.85 1.5645e-14
4385.13 1.5493e-14
4389.41 1.5336e-14
4393.70 1.5155e-14
4397.98 1.5025e-14
4402.27 1.5004e-14
4406.55 1.4989e-14
4410.83 1.4968e-14
4415.12 1.4988e-14
4419.40 1.5032e-14
4423.68 1.5118e-14
4427.97 1.5181e-14
4432.25 1.521e-14
4436.54 1.5242e-14
4440.82 1.5249e-14
4445.10 1.5239e-14
4449.39 1.5247e-14
4453.67 1.528e-14
4457.95 1.5297e-14
4462.24 1.529e-14
4466.52 1.5251e-14
4470.80 1.5212e-14
4475.09 1.5181e-14
4479.37 1.5165e-14
4483.66 1.5209e-14
4487.94 1.5252e-14
4492.22 1.5253e-14
4496.51 1.5263e-14
4500.79 1.5244e-14
4505.07 1.5235e-14
4509.36 1.5238e-14
4513.64 1.5276e-14
4517.93 1.5323e-14
4522.21 1.529e-14
4526.49 1.5267e-14
4530.78 1.5238e-14
4535.06 1.5175e-14
4539.34 1.5145e-14
4543.63 1.5134e-14
4547.91 1.5117e-14
4552.20 1.5107e-14
4556.48 1.5063e-14
4560.76 1.4967e-14
4565.05 1.4887e-14
4569.33 1.4876e-14
4573.61 1.4865e-14
4577.90 1.479e-14
4582.18 1.474e-14
4586.47 1.4736e-14
4590.75 1.4677e-14
4595.03 1.4612e-14
4599.32 1.4623e-14
4603.60 1.4641e-14
4607.88 1.4595e-14
4612.17 1.4536e-14
4616.45 1.448e-14
4620.74 1.4409e-14
4625.02 1.4333e-14
4629.30 1.4311e-14
4633.59 1.4357e-14
4637.87 1.4356e-14
4642.15 1.4322e-14
4646.44 1.4263e-14
4650.72 1.4218e-14
4655.01 1.4215e-14
4659.29 1.4186e-14
4663.57 1.4157e-14
4667.86 1.4152e-14
4672.14 1.4101e-14
4676.42 1.4037e-14
4680.71 1.4015e-14
4684.99 1.4e-14
4689.28 1.3928e-14
4693.56 1.3824e-14
4697.84 1.3759e-14
4702.13 1.3708e-14
4706.41 1.3598e-14
4710.69 1.3465e-14
4714.98 1.3362e-14
4719.26 1.3256e-14
4723.55 1.312e-14
4727.83 1.299e-14
4732.11 1.2867e-14
4736.40 1.2753e-14
4740.68 1.2639e-14
4744.96 1.2478e-14
4749.25 1.2317e-14
4753.53 1.2206e-14
4757.82 1.2204e-14
4762.10 1.2258e-14
4766.38 1.2409e-14
4770.67 1.2666e-14
4774.95 1.2987e-14
4779.23 1.3344e-14
4783.52 1.37e-14
4787.80 1.4081e-14
4792.09 1.4504e-14
4796.37 1.4858e-14
4800.65 1.5167e-14
4804.94 1.5473e-14
4809.22 1.5705e-14
4813.50 1.589e-14
4817.79 1.6092e-14
4822.07 1.6205e-14
4826.36 1.6285e-14
4830.64 1.6372e-14
4834.92 1.6407e-14
4839.21 1.6406e-14
4843.49 1.6364e-14
4847.77 1.631e-14
4852.06 1.624e-14
4856.34 1.6176e-14
4860.63 1.6118e-14
4864.91 1.6023e-14
4869.19 1.587e-14
4873.48 1.5699e-14
4877.76 1.5548e-14
4882.04 1.5391e-14
4886.33 1.5245e-14
4890.61 1.5106e-14
4894.89 1.4953e-14
4899.18 1.481e-14
4903.46 1.4709e-14
4907.75 1.4576e-14
4912.03 1.4416e-14
4916.31 1.4292e-14
4920.60 1.4223e-14
4924.88 1.4165e-14
4929.16 1.4068e-14
4933.45 1.4009e-14
4937.73 1.4023e-14
4942.02 1.4015e-14
4946.30 1.3975e-14
4950.58 1.3949e-14
4954.87 1.3953e-14
4959.15 1.3951e-14
4963.43 1.3959e-14
4967.72 1.3957e-14
4972.00 1.3931e-14
4976.29 1.3944e-14
4980.57 1.3997e-14
4984.85 1.4004e-14
4989.14 1.3986e-14
4993.42 1.3949e-14
4997.70 1.3912e-14
5001.99 1.3894e-14
5006.27 1.3828e-14
5010.56 1.3746e-14
5014.84 1.3716e-14
5019.12 1.3675e-14
5023.41 1.3593e-14
5027.69 1.3525e-14
5031.97 1.3465e-14
5036.26 1.3378e-14
5040.54 1.3247e-14
5044.83 1.3109e-14
5049.11 1.3009e-14
5053.39 1.2959e-14
5057.68 1.2955e-14
5061.96 1.2921e-14
5066.24 1.2855e-14
5070.53 1.2812e-14
5074.81 1.2821e-14
5079.10 1.2863e-14
5083.38 1.2891e-14
5087.66 1.2905e-14
5091.95 1.2939e-14
5096.23 1.2985e-14
5100.51 1.2984e-14
5104.80 1.3001e-14
5109.08 1.3066e-14
5113.37 1.3116e-14
5117.65 1.3141e-14
5121.93 1.3149e-14
5126.22 1.3165e-14
5130.50 1.3172e-14
5134.78 1.3162e-14
5139.07 1.3154e-14
5143.35 1.3164e-14
5147.64 1.3179e-14
5151.92 1.3166e-14
5156.20 1.3141e-14
5160.49 1.3109e-14
5164.77 1.3049e-14
5169.05 1.3041e-14
5173.34 1.3057e-14
5177.62 1.3019e-14
5181.91 1.2969e-14
5186.19 1.2951e-14
5190.47 1.2934e-14
5194.76 1.2934e-14
5199.04 1.295e-14
5203.32 1.2922e-14
5207.61 1.2873e-14
5211.89 1.2843e-14
5216.18 1.281e-14
5220.46 1.276e-14
5224.74 1.2739e-14
5229.03 1.2749e-14
5233.31 1.2773e-14
5237.59 1.2774e-14
5241.88 1.2755e-14
5246.16 1.2763e-14
5250.45 1.2757e-14
5254.73 1.2713e-14
5259.01 1.2692e-14
5263.30 1.2701e-14
5267.58 1.2696e-14
5271.86 1.2687e-14
5276.15 1.2675e-14
5280.43 1.2639e-14
5284.72 1.2611e-14
5289.00 1.2617e-14
5293.28 1.2621e-14
5297.57 1.2616e-14
5301.85 1.2593e-14
5306.13 1.2547e-14
5310.42 1.2544e-14
5314.70 1.2566e-14
5318.98 1.2539e-14
5323.27 1.2478e-14
5327.55 1.2435e-14
5331.84 1.2419e-14
5336.12 1.2408e-14
5340.40 1.238e-14
5344.69 1.2343e-14
5348.97 1.2305e-14
5353.25 1.2262e-14
5357.54 1.2237e-14
5361.82 1.2223e-14
5366.11 1.2223e-14
5370.39 1.2221e-14
5374.67 1.2198e-14
5378.96 1.2173e-14
5383.24 1.2161e-14
5387.52 1.2138e-14
5391.81 1.2112e-14
5396.09 1.2121e-14
5400.38 1.2136e-14
5404.66 1.2142e-14
5408.94 1.2136e-14
5413.23 1.2083e-14
5417.51 1.2041e-14
5421.79 1.204e-14
5426.08 1.2046e-14
5430.36 1.2024e-14
5434.65 1.1993e-14
5438.93 1.1988e-14
5443.21 1.2016e-14
5447.50 1.2033e-14
5451.78 1.2021e-14
5456.06 1.1996e-14
5460.35 1.1974e-14
5464.63 1.1972e-14
5468.92 1.198e-14
5473.20 1.1983e-14
5477.48 1.1983e-14
5481.77 1.1971e-14
5486.05 1.1926e-14
5490.33 1.1887e-14
5494.62 1.1879e-14
5498.90 1.1893e-14
5503.19 1.1934e-14
5507.47 1.1943e-14
5511.75 1.1916e-14
5516.04 1.1885e-14
5520.32 1.1853e-14
5524.60 1.1841e-14
5528.89 1.1852e-14
5533.17 1.1861e-14
5537.46 1.1835e-14
5541.74 1.1794e-14
5546.02 1.1785e-14
5550.31 1.1808e-14
5554.59 1.1775e-14
5558.87 1.1722e-14
5563.16 1.1704e-14
5567.44 1.1706e-14
5571.73 1.173e-14
5576.01 1.1752e-14
5580.29 1.1753e-14
5584.58 1.1716e-14
5588.86 1.1692e-14
5593.14 1.1693e-14
5597.43 1.167e-14
5601.71 1.1624e-14
5606.00 1.1627e-14
5610.28 1.1645e-14
5614.56 1.1611e-14
5618.85 1.159e-14
5623.13 1.1603e-14
5627.41 1.161e-14
5631.70 1.1593e-14
5635.98 1.157e-14
5640.27 1.1565e-14
5644.55 1.1561e-14
5648.83 1.1537e-14
5653.12 1.1507e-14
5657.40 1.1502e-14
5661.68 1.1507e-14
5665.97 1.15e-14
5670.25 1.1484e-14
5674.54 1.147e-14
5678.82 1.142e-14
5683.10 1.1381e-14
5687.39 1.1368e-14
5691.67 1.1356e-14
5695.95 1.1336e-14
5700.24 1.1328e-14
5704.52 1.1329e-14
5708.81 1.1319e-14
5713.09 1.1305e-14
5717.37 1.1283e-14
5721.66 1.1236e-14
5725.94 1.1203e-14
5730.22 1.1213e-14
5734.51 1.1224e-14
5738.79 1.1208e-14
5743.08 1.1198e-14
5747.36 1.1217e-14
5751.64 1.1214e-14
5755.93 1.1165e-14
5760.21 1.1136e-14
5764.49 1.1103e-14
5768.78 1.1052e-14
5773.06 1.1047e-14
5777.34 1.1072e-14
5781.63 1.1084e-14
5785.91 1.1084e-14
5790.20 1.1107e-14
5794.48 1.1169e-14
5798.76 1.1232e-14
5803.05 1.123e-14
5807.33 1.1245e-14
5811.61 1.1319e-14
5815.90 1.1385e-14
5820.18 1.1443e-14
5824.47 1.1503e-14
5828.75 1.154e-14
5833.03 1.1591e-14
5837.32 1.1621e-14
5841.60 1.1627e-14
5845.88 1.1637e-14
5850.17 1.1646e-14
5854.45 1.1666e-14
5858.74 1.1666e-14
5863.02 1.1644e-14
5867.30 1.1629e-14
5871.59 1.1589e-14
5875.87 1.1506e-14
5880.15 1.1425e-14
5884.44 1.1362e-14
5888.72 1.1317e-14
5893.01 1.1308e-14
5897.29 1.1311e-14
5901.57 1.133e-14
5905.86 1.1363e-14
5910.14 1.1391e-14
5914.42 1.1381e-14
5918.71 1.1375e-14
5922.99 1.1386e-14
5927.28 1.1368e-14
5931.56 1.1338e-14
5935.84 1.1334e-14
5940.13 1.1309e-14
5944.41 1.1279e-14
5948.69 1.1275e-14
5952.98 1.1257e-14
5957.26 1.1251e-14
5961.55 1.1256e-14
5965.83 1.1252e-14
5970.11 1.123e-14
5974.40 1.1193e-14
5978.68 1.1176e-14
5982.96 1.1186e-14
5987.25 1.1211e-14
5991.53 1.1199e-14
5995.82 1.1133e-14
6000.10 1.1089e-14
6004.38 1.1087e-14
6008.67 1.108e-14
6012.95 1.1061e-14
6017.23 1.1052e-14
6021.52 1.1047e-14
6025.80 1.1031e-14
6030.09 1.1018e-14
6034.37 1.1029e-14
6038.65 1.1041e-14
6042.94 1.1017e-14
6047.22 1.098e-14
6051.50 1.0976e-14
6055.79 1.0984e-14
6060.07 1.0975e-14
6064.36 1.0971e-14
6068.64 1.0965e-14
6072.92 1.0944e-14
6077.21 1.0953e-14
6081.49 1.0984e-14
6085.77 1.0975e-14
6090.06 1.0966e-14
6094.34 1.0976e-14
6098.63 1.0947e-14
6102.91 1.0927e-14
6107.19 1.0924e-14
6111.48 1.0905e-14
6115.76 1.0903e-14
6120.04 1.0909e-14
6124.33 1.0898e-14
6128.61 1.0891e-14
6132.90 1.0892e-14
6137.18 1.088e-14
6141.46 1.0852e-14
6145.75 1.0854e-14
6150.03 1.0857e-14
6154.31 1.0837e-14
6158.60 1.0848e-14
6162.88 1.0862e-14
6167.17 1.0871e-14
6171.45 1.0888e-14
6175.73 1.0886e-14
6180.02 1.0859e-14
6184.30 1.0815e-14
6188.58 1.0795e-14
6192.87 1.0798e-14
6197.15 1.0776e-14
6201.43 1.0743e-14
6205.72 1.0715e-14
6210.00 1.07e-14
6214.29 1.0671e-14
6218.57 1.0626e-14
6222.85 1.0591e-14
6227.14 1.056e-14
6231.42 1.0538e-14
6235.70 1.0514e-14
6239.99 1.0475e-14
6244.27 1.0446e-14
6248.56 1.0407e-14
6252.84 1.037e-14
6257.12 1.0365e-14
6261.41 1.0348e-14
6265.69 1.0282e-14
6269.97 1.0234e-14
6274.26 1.0249e-14
6278.54 1.0266e-14
6282.83 1.028e-14
6287.11 1.032e-14
6291.39 1.037e-14
6295.68 1.0414e-14
6299.96 1.0435e-14
6304.24 1.0428e-14
6308.53 1.0465e-14
6312.81 1.054e-14
6317.10 1.0598e-14
6321.38 1.0633e-14
6325.66 1.0646e-14
6329.95 1.066e-14
6334.23 1.068e-14
6338.51 1.0678e-14
6342.80 1.0682e-14
6347.08 1.0703e-14
6351.37 1.0702e-14
6355.65 1.0691e-14
6359.93 1.0683e-14
6364.22 1.0654e-14
6368.50 1.0624e-14
6372.78 1.0609e-14
6377.07 1.0583e-14
6381.35 1.0558e-14
6385.64 1.053e-14
6389.92 1.0475e-14
6394.20 1.0392e-14
6398.49 1.0316e-14
6402.77 1.0248e-14
6407.05 1.0183e-14
6411.34 1.0142e-14
6415.62 1.011e-14
6419.91 1.0054e-14
6424.19 1.0006e-14
6428.47 9.9794e-15
6432.76 9.9656e-15
6437.04 9.9744e-15
6441.32 1.0012e-14
6445.61 1.0087e-14
6449.89 1.0217e-14
6454.18 1.0379e-14
6458.46 1.0527e-14
6462.74 1.0691e-14
6467.03 1.0914e-14
6471.31 1.1176e-14
6475.59 1.1459e-14
6479.88 1.1731e-14
6484.16 1.1983e-14
6488.45 1.2316e-14
6492.73 1.2634e-14
6497.01 1.2742e-14
6501.30 1.2881e-14
6505.58 1.3029e-14
6509.86 1.32e-14
6514.15 1.3374e-14
6518.43 1.35e-14
6522.72 1.3609e-14
6527.00 1.3722e-14
6531.28 1.3822e-14
6535.57 1.3911e-14
6539.85 1.3975e-14
6544.13 1.3996e-14
6548.42 1.3994e-14
6552.70 1.3993e-14
6556.99 1.4003e-14
6561.27 1.4001e-14
6565.55 1.3956e-14
6569.84 1.3882e-14
6574.12 1.3809e-14
6578.40 1.3721e-14
6582.69 1.36e-14
6586.97 1.3472e-14
6591.26 1.3343e-14
6595.54 1.3202e-14
6599.82 1.3053e-14
6604.11 1.2929e-14
6608.39 1.2835e-14
6612.67 1.2735e-14
6616.96 1.2626e-14
6621.24 1.2522e-14
6625.52 1.2433e-14
6629.81 1.2345e-14
6634.09 1.223e-14
6638.38 1.2127e-14
6642.66 1.2055e-14
6646.94 1.1973e-14
6651.23 1.1881e-14
6655.51 1.1803e-14
6659.79 1.173e-14
6664.08 1.1665e-14
6668.36 1.1607e-14
6672.65 1.1544e-14
6676.93 1.1469e-14
6681.21 1.1387e-14
6685.50 1.1328e-14
6689.78 1.128e-14
6694.06 1.1205e-14
6698.35 1.1121e-14
6702.63 1.1055e-14
6706.92 1.1002e-14
6711.20 1.0951e-14
6715.48 1.0891e-14
6719.77 1.0832e-14
6724.05 1.0764e-14
6728.33 1.0705e-14
6732.62 1.0672e-14
6736.90 1.0651e-14
6741.19 1.0627e-14
6745.47 1.0609e-14
6749.75 1.059e-14
6754.04 1.0563e-14
6758.32 1.0548e-14
6762.60 1.0541e-14
6766.89 1.0526e-14
6771.17 1.0505e-14
6775.46 1.048e-14
6779.74 1.0452e-14
6784.02 1.0429e-14
6788.31 1.0411e-14
6792.59 1.0414e-14
6796.87 1.0425e-14
6801.16 1.0403e-14
6805.44 1.0371e-14
6809.73 1.0355e-14
6814.01 1.0353e-14
6818.29 1.0363e-14
6822.58 1.0358e-14
6826.86 1.0332e-14
6831.14 1.0305e-14
6835.43 1.028e-14
6839.71 1.027e-14
6844.00 1.0263e-14
6848.28 1.024e-14
6852.56 1.0205e-14
6856.85 1.016e-14
6861.13 1.012e-14
6865.41 1.0089e-14
6869.70 1.0074e-14
6873.98 1.0095e-14
6878.27 1.0113e-14
6882.55 1.0075e-14
6886.83 1.0039e-14
6891.12 1.0052e-14
6895.40 1.0088e-14
6899.68 1.0091e-14
6903.97 1.0071e-14
6908.25 1.007e-14
6912.54 1.0071e-14
6916.82 1.0063e-14
6921.10 1.0057e-14
6925.39 1.0044e-14
6929.67 1.0015e-14
6933.95 9.9912e-15
6938.24 9.9763e-15
6942.52 9.9605e-15
6946.81 9.9552e-15
6951.09 9.958e-15
6955.37 9.9648e-15
6959.66 9.9657e-15
6963.94 9.9572e-15
6968.22 9.9604e-15
6972.51 9.9618e-15
6976.79 9.9582e-15
6981.08 9.9697e-15
6985.36 9.9629e-15
6989.64 9.9386e-15
6993.93 9.9291e-15
6998.21 9.9374e-15
7002.49 9.9192e-15
7006.78 9.8827e-15
7011.06 9.8914e-15
7015.35 9.8997e-15
7019.63 9.9087e-15
7023.91 9.9161e-15
7028.20 9.9215e-15
7032.48 9.9259e-15
7036.76 9.9302e-15
7041.05 9.9347e-15
7045.33 9.9374e-15
7049.61 9.9368e-15
7053.90 9.9318e-15
7058.18 9.9241e-15
7062.47 9.916e-15
7066.75 9.9092e-15
7071.03 9.9042e-15
7075.32 9.9002e-15
7079.60 9.8969e-15
7083.88 9.8936e-15
7088.17 9.8889e-15
7092.45 9.881e-15
7096.74 9.869e-15
7101.02 9.856e-15
7105.30 9.8453e-15
7109.59 9.8394e-15
7113.87 9.8367e-15
7118.15 9.8339e-15
7122.44 9.8278e-15
7126.72 9.8177e-15
7131.01 9.8057e-15
7135.29 9.793e-15
7139.57 9.7807e-15
7143.86 9.7681e-15
7148.14 9.755e-15
7152.42 9.7415e-15
7156.71 9.7278e-15
7160.99 9.7138e-15
7165.28 9.6998e-15
7169.56 9.6872e-15
7173.84 9.6788e-15
7178.13 9.6771e-15
7182.41 9.6828e-15
7186.69 9.6933e-15
7190.98 9.7062e-15
7195.26 9.7192e-15
7199.55 9.7317e-15
7203.83 9.7429e-15
7208.11 9.752e-15
7212.40 9.758e-15
7216.68 9.76e-15
7220.96 9.7568e-15
7225.25 9.7492e-15
7229.53 9.7394e-15
7233.82 9.7297e-15
7238.10 9.7216e-15
7242.38 9.7148e-15
7246.67 9.7088e-15
7250.95 9.7033e-15
7255.23 9.6981e-15
7259.52 9.6929e-15
7263.80 9.6873e-15
7268.09 9.6817e-15
7272.37 9.6771e-15
7276.65 9.6747e-15
7280.94 9.6746e-15
7285.22 9.6752e-15
7289.50 9.6755e-15
7293.79 9.6742e-15
7298.07 9.6707e-15
7302.36 9.6641e-15
7306.64 9.6537e-15
7310.92 9.641e-15
7315.21 9.6291e-15
7319.49 9.6207e-15
7323.77 9.6168e-15
7328.06 9.6161e-15
7332.34 9.6179e-15
7336.63 9.621e-15
7340.91 9.6226e-15
7345.19 9.62e-15
7349.48 9.6108e-15
7353.76 9.5963e-15
7358.04 9.5792e-15
7362.33 9.5619e-15
7366.61 9.5463e-15
7370.90 9.5339e-15
7375.18 9.5262e-15
7379.46 9.5239e-15
7383.75 9.5257e-15
7388.03 9.5309e-15
7392.31 9.5379e-15
7396.60 9.5438e-15
7400.88 9.5448e-15
7405.17 9.5378e-15
7409.45 9.524e-15
7413.73 9.508e-15
7418.02 9.4936e-15
7422.30 9.4835e-15
7426.58 9.4778e-15
7430.87 9.4774e-15
7435.15 9.4825e-15
7439.44 9.4907e-15
7443.72 9.4993e-15
7448.00 9.5061e-15
7452.29 9.5105e-15
7456.57 9.5126e-15
7460.85 9.5124e-15
7465.14 9.5107e-15
7469.42 9.5093e-15
7473.71 9.5099e-15
7477.99 9.5133e-15
7482.27 9.5171e-15
7486.56 9.5194e-15
7490.84 9.5182e-15
7495.12 9.5125e-15
7499.41 9.5013e-15
7503.69 9.4835e-15
7507.97 9.4616e-15
7512.26 9.4407e-15
7516.54 9.4255e-15
7520.83 9.4183e-15
7525.11 9.4171e-15
7529.39 9.4207e-15
7533.68 9.4271e-15
7537.96 9.4328e-15
7542.24 9.4335e-15
7546.53 9.4254e-15
7550.81 9.41e-15
7555.10 9.3921e-15
7559.38 9.3757e-15
7563.66 9.3618e-15
7567.95 9.347e-15
7572.23 9.3291e-15
7576.51 9.3062e-15
7580.80 9.2793e-15
7585.08 9.2489e-15
7589.37 9.2155e-15
7593.65 9.1807e-15
7597.93 9.1465e-15
7602.22 9.1149e-15
7606.50 9.0862e-15
7610.78 9.0595e-15
7615.07 9.0336e-15
7619.35 9.0086e-15
7623.64 8.9874e-15
7627.92 8.9729e-15
7632.20 8.9669e-15
7636.49 8.9662e-15
7640.77 8.967e-15
7645.05 8.9658e-15
7649.34 8.9641e-15
7653.62 8.9667e-15
7657.91 8.9776e-15
7662.19 8.9975e-15
7666.47 9.0217e-15
7670.76 9.0471e-15
7675.04 9.0705e-15
7679.32 9.091e-15
7683.61 9.1071e-15
7687.89 9.1179e-15
7692.18 9.1262e-15
7696.46 9.1363e-15
7700.74 9.1519e-15
7705.03 9.1741e-15
7709.31 9.1999e-15
7713.59 9.2276e-15
7717.88 9.255e-15
7722.16 9.2794e-15
7726.45 9.2977e-15
7730.73 9.3077e-15
7735.01 9.3119e-15
7739.30 9.314e-15
7743.58 9.3173e-15
7747.86 9.3228e-15
7752.15 9.3304e-15
7756.43 9.3406e-15
7760.72 9.3524e-15
7765.00 9.363e-15
7769.28 9.3694e-15
7773.57 9.3697e-15
7777.85 9.3667e-15
7782.13 9.3635e-15
7786.42 9.3627e-15
7790.70 9.3647e-15
7794.99 9.3692e-15
7799.27 9.3758e-15
7803.55 9.3837e-15
7807.84 9.3916e-15
7812.12 9.3988e-15
7816.40 9.4037e-15
7820.69 9.4028e-15
7824.97 9.392e-15
7829.26 9.369e-15
7833.54 9.3406e-15
7837.82 9.3158e-15
7842.11 9.3027e-15
7846.39 9.3024e-15
7850.67 9.3093e-15
7854.96 9.3193e-15
7859.24 9.3292e-15
7863.53 9.3381e-15
7867.81 9.3447e-15
7872.09 9.3476e-15
7876.38 9.3464e-15
7880.66 9.3412e-15
7884.94 9.332e-15
7889.23 9.3196e-15
7893.51 9.3052e-15
7897.80 9.2902e-15
7902.08 9.2751e-15
7906.36 9.2597e-15
7910.65 9.2439e-15
7914.93 9.2278e-15
7919.21 9.2105e-15
7923.50 9.1911e-15
7927.78 9.1689e-15
7932.06 9.1468e-15
7936.35 9.1289e-15
7940.63 9.1191e-15
7944.92 9.1166e-15
7949.20 9.1157e-15
7953.48 9.1116e-15
7957.77 9.1022e-15
7962.05 9.0913e-15
7966.33 9.0821e-15
7970.62 9.0774e-15
7974.90 9.0766e-15
7979.19 9.0792e-15
7983.47 9.085e-15
7987.75 9.092e-15
7992.04 9.0979e-15
7996.32 9.1002e-15
8000.60 9.0977e-15
8004.89 9.091e-15
8009.17 9.08e-15
8013.46 9.0656e-15
8017.74 9.0505e-15
8022.02 9.0381e-15
8026.31 9.031e-15
8030.59 9.028e-15
8034.87 9.0259e-15
8039.16 9.0222e-15
8043.44 9.0162e-15
8047.73 9.0095e-15
8052.01 9.0029e-15
8056.29 8.9973e-15
8060.58 8.9941e-15
8064.86 8.9951e-15
8069.14 9.0013e-15
8073.43 9.01e-15
8077.71 9.0178e-15
8082.00 9.0216e-15
8086.28 9.0207e-15
8090.56 9.0161e-15
8094.85 9.0076e-15
8099.13 8.997e-15
8103.41 8.9893e-15
8107.70 8.9896e-15
8111.98 9.0009e-15
8116.27 9.0167e-15
8120.55 9.0297e-15
8124.83 9.0335e-15
8129.12 9.0295e-15
8133.40 9.0229e-15
8137.68 9.0172e-15
8141.97 9.0146e-15
8146.25 9.0153e-15
8150.54 9.0207e-15
8154.82 9.0303e-15
8159.10 9.0375e-15
8163.39 9.035e-15
8167.67 9.0177e-15
8171.95 8.9915e-15
8176.24 8.9656e-15
8180.52 8.948e-15
8184.81 8.9402e-15
8189.09 8.9373e-15
8193.37 8.9358e-15
8197.66 8.9339e-15
8201.94 8.9342e-15
8206.22 8.9389e-15
8210.51 8.9486e-15
8214.79 8.9597e-15
8219.08 8.9676e-15
8223.36 8.9688e-15
8227.64 8.9635e-15
8231.93 8.9545e-15
8236.21 8.9437e-15
8240.49 8.9328e-15
8244.78 8.9225e-15
8249.06 8.9142e-15
8253.35 8.9084e-15
8257.63 8.9028e-15
8261.91 8.8946e-15
8266.20 8.8817e-15
8270.48 8.8665e-15
8274.76 8.8531e-15
8279.05 8.845e-15
8283.33 8.842e-15
8287.62 8.8394e-15
8291.90 8.8335e-15
8296.18 8.8225e-15
8300.47 8.8098e-15
8304.75 8.7978e-15
8309.03 8.7889e-15
8313.32 8.7831e-15
8317.60 8.7811e-15
8321.89 8.7831e-15
8326.17 8.787e-15
8330.45 8.7885e-15
8334.74 8.7831e-15
8339.02 8.7707e-15
8343.30 8.7576e-15
8347.59 8.7497e-15
8351.87 8.7506e-15
8356.15 8.7569e-15
8360.44 8.7647e-15
8364.72 8.771e-15
8369.01 8.775e-15
8373.29 8.7772e-15
8377.57 8.778e-15
8381.86 8.777e-15
8386.14 8.773e-15
8390.42 8.7642e-15
8394.71 8.7514e-15
8398.99 8.7411e-15
8403.28 8.7399e-15
8407.56 8.7526e-15
8411.84 8.7736e-15
8416.13 8.7949e-15
8420.41 8.81e-15
8424.69 8.8162e-15
8428.98 8.8149e-15
8433.26 8.8054e-15
8437.55 8.79e-15
8441.83 8.7747e-15
8446.11 8.7665e-15
8450.40 8.7694e-15
8454.68 8.7778e-15
8458.96 8.785e-15
8463.25 8.7854e-15
8467.53 8.7786e-15
8471.82 8.7672e-15
8476.10 8.7522e-15
8480.38 8.7362e-15
8484.67 8.7231e-15
8488.95 8.7173e-15
8493.23 8.7208e-15
8497.52 8.7289e-15
8501.80 8.7367e-15
8506.09 8.7401e-15
8510.37 8.7396e-15
8514.65 8.7369e-15
8518.94 8.7332e-15
8523.22 8.7286e-15
8527.50 8.7217e-15
8531.79 8.7121e-15
8536.07 8.6994e-15
8540.36 8.6831e-15
8544.64 8.6617e-15
8548.92 8.6354e-15
8553.21 8.6106e-15
8557.49 8.595e-15
8561.77 8.595e-15
8566.06 8.6078e-15
8570.34 8.6242e-15
8574.63 8.6367e-15
8578.91 8.6418e-15
8583.19 8.6435e-15
8587.48 8.6446e-15
8591.76 8.6467e-15
8596.04 8.6471e-15
8600.33 8.6437e-15
8604.61 8.6349e-15
8608.90 8.6218e-15
8613.18 8.6066e-15
8617.46 8.591e-15
8621.75 8.5773e-15
8626.03 8.5681e-15
8630.31 8.5657e-15
8634.60 8.5714e-15
8638.88 8.5852e-15
8643.17 8.608e-15
8647.45 8.6387e-15
8651.73 8.6687e-15
8656.02 8.6882e-15
8660.30 8.6886e-15
8664.58 8.6703e-15
8668.87 8.6401e-15
8673.15 8.6029e-15
8677.44 8.5656e-15
8681.72 8.5374e-15
8686.00 8.5285e-15
8690.29 8.5443e-15
8694.57 8.5761e-15
8698.85 8.6139e-15
8703.14 8.6485e-15
8707.42 8.6746e-15
8711.71 8.6889e-15
8715.99 8.6877e-15
8720.27 8.6708e-15
8724.56 8.6426e-15
8728.84 8.6069e-15
8733.12 8.5689e-15
8737.41 8.5358e-15
8741.69 8.5153e-15
8745.98 8.5132e-15
8750.26 8.528e-15
8754.54 8.5567e-15
8758.83 8.5958e-15
8763.11 8.6393e-15
8767.39 8.6793e-15
8771.68 8.7081e-15
8775.96 8.7205e-15
8780.24 8.7163e-15
8784.53 8.6935e-15
8788.81 8.6535e-15
8793.10 8.6073e-15
8797.38 8.5681e-15
8801.66 8.5476e-15
8805.95 8.5437e-15
8810.23 8.5464e-15
8814.51 8.547e-15
8818.80 8.544e-15
8823.08 8.5468e-15
8827.37 8.5626e-15
8831.65 8.5942e-15
8835.93 8.631e-15
8840.22 8.6631e-15
8844.50 8.6822e-15
8848.78 8.6854e-15
8853.07 8.6719e-15
8857.35 8.6402e-15
8861.64 8.595e-15
8865.92 8.5461e-15
8870.20 8.5027e-15
8874.49 8.4716e-15
8878.77 8.4538e-15
8883.05 8.4512e-15
8887.34 8.4638e-15
8891.62 8.4867e-15
8895.91 8.5142e-15
8900.19 8.5407e-15
8904.47 8.5601e-15
8908.76 8.5666e-15
8913.04 8.5536e-15
8917.32 8.5216e-15
8921.61 8.4807e-15
8925.89 8.4407e-15
8930.18 8.409e-15
8934.46 8.3847e-15
8938.74 8.3669e-15
8943.03 8.3548e-15
8947.31 8.3485e-15
8951.59 8.3487e-15
8955.88 8.3551e-15
8960.16 8.365e-15
8964.45 8.3736e-15
8968.73 8.3769e-15
8973.01 8.3713e-15
8977.30 8.354e-15
8981.58 8.3208e-15
8985.86 8.2707e-15
8990.15 8.2139e-15
8994.43 8.1632e-15
8998.72 8.1301e-15
9003.00 8.1163e-15
9007.28 8.1157e-15
9011.57 8.1243e-15
9015.85 8.138e-15
9020.13 8.1543e-15
9024.42 8.1692e-15
9028.70 8.1801e-15
9032.99 8.1899e-15
9037.27 8.2023e-15
9041.55 8.2202e-15
9045.84 8.2414e-15
9050.12 8.2614e-15
9054.40 8.2771e-15
9058.69 8.2852e-15
9062.97 8.2837e-15
9067.26 8.2698e-15
9071.54 8.2432e-15
9075.82 8.2099e-15
9080.11 8.1751e-15
9084.39 8.1442e-15
9088.67 8.121e-15
9092.96 8.1093e-15
9097.24 8.113e-15
9101.53 8.1288e-15
9105.81 8.1475e-15
9110.09 8.16e-15
9114.38 8.1622e-15
9118.66 8.1597e-15
9122.94 8.157e-15
9127.23 8.1576e-15
9131.51 8.1584e-15
9135.80 8.1565e-15
9140.08 8.1497e-15
9144.36 8.1385e-15
9148.65 8.1248e-15
9152.93 8.1093e-15
9157.21 8.0955e-15
9161.50 8.0903e-15
9165.78 8.1009e-15
9170.07 8.1303e-15
9174.35 8.1691e-15
9178.63 8.2082e-15
9182.92 8.2397e-15
9187.20 8.2605e-15
9191.48 8.2688e-15
9195.77 8.2621e-15
9200.05 8.2455e-15
9204.33 8.2313e-15
9208.62 8.2318e-15
9212.90 8.2522e-15
9217.19 8.2823e-15
9221.47 8.3128e-15
9225.75 8.3363e-15
9230.04 8.3535e-15
9234.32 8.366e-15
9238.60 8.3747e-15
9242.89 8.3802e-15
9247.17 8.3833e-15
9251.46 8.3854e-15
9255.74 8.386e-15
9260.02 8.3813e-15
9264.31 8.3681e-15
9268.59 8.3446e-15
9272.87 8.3137e-15
