3503.66 4.463e-17
3507.75 4.7067e-17
3511.83 2.202e-17
3515.92 1.5788e-17
3520.00 -1.507e-18
3524.09 5.145e-17
3528.18 9.386e-17
3532.26 5.6058e-17
3536.35 3.732e-17
3540.43 5.5783e-17
3544.52 6.5663e-17
3548.61 5.5697e-17
3552.69 2.1371e-17
3556.78 6.1421e-17
3560.86 2.5616e-17
3564.95 4.045e-17
3569.04 6.6067e-17
3573.12 7.089e-17
3577.21 3.6292e-17
3581.30 6.8324e-17
3585.38 6.419e-17
3589.47 4.9514e-17
3593.55 6.6503e-17
3597.64 7.4288e-17
3601.73 9.0831e-17
3605.81 2.966e-17
3609.90 8.5067e-17
3613.98 7.4361e-17
3618.07 8.6567e-17
3622.16 8.8455e-17
3626.24 7.9442e-17
3630.33 6.4976e-17
3634.41 5.1386e-17
3638.50 4.1659e-17
3642.59 5.9794e-17
3646.67 5.293e-17
3650.76 4.3532e-17
3654.84 4.1808e-17
3658.93 4.4263e-17
3663.02 4.1105e-17
3667.10 7.1546e-17
3671.19 2.4441e-17
3675.28 4.0783e-17
3679.36 3.9785e-17
3683.45 5.8332e-17
3687.53 5.291e-17
3691.62 4.0017e-17
3695.71 7.9167e-17
3699.79 7.3177e-17
3703.88 7.8822e-17
3707.96 8.8092e-17
3712.05 8.8161e-17
3716.14 8.3321e-17
3720.22 7.7786e-17
3724.31 1.0058e-16
3728.39 9.0201e-17
3732.48 9.2936e-17
3736.57 8.0121e-17
3740.65 8.6236e-17
3744.74 9.4825e-17
3748.82 7.8895e-17
3752.91 7.5391e-17
3757.00 7.426e-17
3761.08 6.1342e-17
3765.17 7.6908e-17
3769.26 8.9099e-17
3773.34 7.7066e-17
3777.43 7.001e-17
3781.51 7.2558e-17
3785.60 5.5215e-17
3789.69 7.1261e-17
3793.77 7.9242e-17
3797.86 6.4331e-17
3801.94 5.4694e-17
3806.03 4.8305e-17
3810.12 7.2759e-17
3814.20 5.2068e-17
3818.29 6.6835e-17
3822.37 5.9114e-17
3826.46 6.3404e-17
3830.55 5.4122e-17
3834.63 3.4276e-17
3838.72 3.996e-17
3842.80 5.0748e-17
3846.89 4.2792e-17
3850.98 5.5844e-17
3855.06 3.3515e-17
3859.15 4.9395e-17
3863.24 5.4558e-17
3867.32 6.16e-17
3871.41 4.3591e-17
3875.49 6.6653e-17
3879.58 7.3385e-17
3883.67 8.114e-17
3887.75 6.7528e-17
3891.84 7.7533e-17
3895.92 9.8113e-17
3900.01 9.6623e-17
3904.10 1.1747e-16
3908.18 1.2744e-16
3912.27 1.2384e-16
3916.35 1.2658e-16
3920.44 1.3242e-16
3924.53 1.1365e-16
3928.61 1.2803e-16
3932.70 1.2192e-16
3936.78 1.3103e-16
3940.87 1.3049e-16
3944.96 1.3586e-16
3949.04 1.3175e-16
3953.13 1.4683e-16
3957.22 1.3613e-16
3961.30 1.3974e-16
3965.39 1.552e-16
3969.47 1.5821e-16
3973.56 1.4015e-16
3977.65 1.3758e-16
3981.73 1.6724e-16
3985.82 1.4487e-16
3989.90 1.7037e-16
3993.99 1.7034e-16
3998.08 1.7635e-16
4002.16 1.8811e-16
4006.25 1.8452e-16
4010.33 1.9885e-16
4014.42 2.1534e-16
4018.51 2.1088e-16
4022.59 2.1994e-16
4026.68 2.1772e-16
4030.76 2.1873e-16
4034.85 2.054e-16
4038.94 2.0123e-16
4043.02 1.7646e-16
4047.11 1.7355e-16
4051.20 1.5161e-16
4055.28 1.526e-16
4059.37 1.511e-16
4063.45 1.3537e-16
4067.54 1.4805e-16
4071.63 1.6007e-16
4075.71 1.736e-16
4079.80 1.584e-16
4083.88 1.6554e-16
4087.97 1.8477e-16
4092.06 1.7243e-16
4096.14 1.6736e-16
4100.23 1.7943e-16
4104.31 1.7788e-16
4108.40 1.8543e-16
4112.49 1.6395e-16
4116.57 1.81e-16
4120.66 1.8394e-16
4124.74 1.9297e-16
4128.83 1.742e-16
4132.92 1.7513e-16
4137.00 1.8034e-16
4141.09 1.8116e-16
4145.18 1.694e-16
4149.26 1.7257e-16
4153.35 1.733e-16
4157.43 1.7601e-16
4161.52 1.6437e-16
4165.61 1.6893e-16
4169.69 1.7075e-16
4173.78 1.4632e-16
4177.86 1.6447e-16
4181.95 1.557e-16
4186.04 1.3909e-16
4190.12 1.5237e-16
4194.21 1.4329e-16
4198.29 1.266e-16
4202.38 1.2724e-16
4206.47 1.2764e-16
4210.55 1.2723e-16
4214.64 1.2018e-16
4218.73 1.3016e-16
4222.81 1.1576e-16
4226.90 1.2629e-16
4230.98 1.2765e-16
4235.07 1.2245e-16
4239.16 1.2396e-16
4243.24 1.3249e-16
4247.33 1.2473e-16
4251.41 1.3337e-16
4255.50 1.3992e-16
4259.59 1.5061e-16
4263.67 1.4465e-16
4267.76 1.4323e-16
4271.84 1.5127e-16
4275.93 1.4959e-16
4280.02 1.5353e-16
4284.10 1.6057e-16
4288.19 1.3885e-16
4292.27 1.501e-16
4296.36 1.5032e-16
4300.45 1.3623e-16
4304.53 1.3006e-16
4308.62 1.4014e-16
4312.71 1.344e-16
4316.79 1.2978e-16
4320.88 1.3373e-16
4324.96 1.3537e-16
4329.05 1.4038e-16
4333.14 1.4614e-16
4337.22 1.4616e-16
4341.31 1.361e-16
4345.39 1.5095e-16
4349.48 1.5605e-16
4353.57 1.5054e-16
4357.65 1.5558e-16
4361.74 1.5163e-16
4365.82 1.5556e-16
4369.91 1.5681e-16
4374.00 1.437e-16
4378.08 1.6524e-16
4382.17 1.6587e-16
4386.25 1.7429e-16
4390.34 1.7437e-16
4394.43 1.8259e-16
4398.51 1.7498e-16
4402.60 1.7933e-16
4406.69 1.6603e-16
4410.77 1.9765e-16
4414.86 1.876e-16
4418.94 1.8745e-16
4423.03 1.8219e-16
4427.12 1.7635e-16
4431.20 1.6267e-16
4435.29 1.4779e-16
4439.37 1.6687e-16
4443.46 1.628e-16
4447.55 1.5856e-16
4451.63 1.4886e-16
4455.72 1.5663e-16
4459.80 1.5218e-16
4463.89 1.457e-16
4467.98 1.526e-16
4472.06 1.52e-16
4476.15 1.4238e-16
4480.23 1.4731e-16
4484.32 1.5616e-16
4488.41 1.6204e-16
4492.49 1.6903e-16
4496.58 1.8623e-16
4500.67 2.0534e-16
4504.75 1.9586e-16
4508.84 2.1262e-16
4512.92 2.1551e-16
4517.01 2.4869e-16
4521.10 2.5542e-16
4525.18 2.8215e-16
4529.27 3.1536e-16
4533.35 3.2393e-16
4537.44 3.5097e-16
4541.53 3.8426e-16
4545.61 3.9533e-16
4549.70 3.9644e-16
4553.78 4.07e-16
4557.87 4.0908e-16
4561.96 4.3255e-16
4566.04 4.4266e-16
4570.13 4.3727e-16
4574.21 4.4018e-16
4578.30 4.37e-16
4582.39 4.5898e-16
4586.47 4.6217e-16
4590.56 4.7426e-16
4594.65 4.6991e-16
4598.73 4.8601e-16
4602.82 4.8405e-16
4606.90 4.9452e-16
4610.99 5.0816e-16
4615.08 5.1116e-16
4619.16 4.9101e-16
4623.25 5.065e-16
4627.33 5.2662e-16
4631.42 5.2716e-16
4635.51 5.0248e-16
4639.59 5.0482e-16
4643.68 5.1991e-16
4647.76 4.993e-16
4651.85 5.2261e-16
4655.94 5.2717e-16
4660.02 5.1316e-16
4664.11 5.1167e-16
4668.19 5.0148e-16
4672.28 4.9755e-16
4676.37 4.7693e-16
4680.45 4.8334e-16
4684.54 4.4858e-16
4688.63 4.512e-16
4692.71 4.2602e-16
4696.80 4.1693e-16
4700.88 4.264e-16
4704.97 4.062e-16
4709.06 4.1533e-16
4713.14 3.9417e-16
4717.23 3.7457e-16
4721.31 3.6933e-16
4725.40 3.7594e-16
4729.49 3.6934e-16
4733.57 3.6321e-16
4737.66 3.7285e-16
4741.74 3.5951e-16
4745.83 3.8151e-16
4749.92 3.8833e-16
4754.00 3.7169e-16
4758.09 3.5384e-16
4762.18 3.4749e-16
4766.26 3.3609e-16
4770.35 3.0709e-16
4774.43 2.9806e-16
4778.52 2.6755e-16
4782.61 2.6022e-16
4786.69 2.3374e-16
4790.78 2.1901e-16
4794.86 2.0552e-16
4798.95 2.0469e-16
4803.04 2.2559e-16
4807.12 2.2946e-16
4811.21 2.5008e-16
4815.29 2.6816e-16
4819.38 2.9375e-16
4823.47 3.1054e-16
4827.55 3.2563e-16
4831.64 3.1858e-16
4835.72 3.3754e-16
4839.81 3.2802e-16
4843.90 3.4434e-16
4847.98 3.5985e-16
4852.07 3.6133e-16
4856.16 4.0921e-16
4860.24 4.2066e-16
4864.33 4.2394e-16
4868.41 4.3494e-16
4872.50 4.3976e-16
4876.59 4.5598e-16
4880.67 4.6481e-16
4884.76 5.001e-16
4888.84 5.2137e-16
4892.93 5.1599e-16
4897.02 5.3101e-16
4901.10 5.3312e-16
4905.19 5.1452e-16
4909.27 4.9851e-16
4913.36 4.7992e-16
4917.45 4.728e-16
4921.53 4.7095e-16
4925.62 4.4659e-16
4929.70 4.1843e-16
4933.79 4.1206e-16
4937.88 3.9226e-16
4941.96 3.9564e-16
4946.05 3.9727e-16
4950.14 4.0163e-16
4954.22 4.1699e-16
4958.31 4.2369e-16
4962.39 4.4771e-16
4966.48 4.4218e-16
4970.57 4.7269e-16
4974.65 4.8219e-16
4978.74 5.2313e-16
4982.82 5.5929e-16
4986.91 5.4814e-16
4991.00 5.8293e-16
4995.08 5.8395e-16
4999.17 5.8705e-16
5003.25 6.2809e-16
5007.34 6.2009e-16
5011.43 6.008e-16
5015.51 6.0295e-16
5019.60 6.0039e-16
5023.68 5.7646e-16
5027.77 5.6939e-16
5031.86 5.5452e-16
5035.94 5.2706e-16
5040.03 5.0588e-16
5044.12 4.749e-16
5048.20 4.6798e-16
5052.29 4.3149e-16
5056.37 4.1746e-16
5060.46 4.0308e-16
5064.55 3.7113e-16
5068.63 3.5281e-16
5072.72 3.1801e-16
5076.80 3.0544e-16
5080.89 2.9931e-16
5084.98 2.754e-16
5089.06 2.7482e-16
5093.15 2.6499e-16
5097.23 2.4875e-16
5101.32 2.5892e-16
5105.41 2.5952e-16
5109.49 2.6396e-16
5113.58 2.7778e-16
5117.66 2.8786e-16
5121.75 3.0279e-16
5125.84 3.094e-16
5129.92 3.1776e-16
5134.01 3.1674e-16
5138.10 3.2795e-16
5142.18 3.327e-16
5146.27 3.4783e-16
5150.35 3.5808e-16
5154.44 3.5231e-16
5158.53 3.6407e-16
5162.61 3.7049e-16
5166.70 3.7292e-16
5170.78 3.8076e-16
5174.87 3.9179e-16
5178.96 4.004e-16
5183.04 4.1809e-16
5187.13 4.0754e-16
5191.21 4.2436e-16
5195.30 4.3992e-16
5199.39 4.6754e-16
5203.47 4.9619e-16
5207.56 4.8581e-16
5211.64 5.0571e-16
5215.73 4.9898e-16
5219.82 4.8638e-16
5223.90 5.0057e-16
5227.99 4.7082e-16
5232.08 4.649e-16
5236.16 4.5251e-16
5240.25 4.3949e-16
5244.33 4.2436e-16
5248.42 4.2036e-16
5252.51 4.2287e-16
5256.59 4.1138e-16
5260.68 4.1984e-16
5264.76 4.4085e-16
5268.85 4.4792e-16
5272.94 4.5288e-16
5277.02 4.6556e-16
5281.11 4.764e-16
5285.19 4.7016e-16
5289.28 4.8235e-16
5293.37 4.7842e-16
5297.45 4.5856e-16
5301.54 4.5702e-16
5305.63 4.5975e-16
5309.71 4.7037e-16
5313.80 4.6287e-16
5317.88 4.8495e-16
5321.97 4.7716e-16
5326.06 4.8914e-16
5330.14 4.9305e-16
5334.23 5.0668e-16
5338.31 4.8199e-16
5342.40 4.7538e-16
5346.49 4.8027e-16
5350.57 4.9652e-16
5354.66 4.9294e-16
5358.74 4.9567e-16
5362.83 5.1852e-16
5366.92 5.1228e-16
5371.00 5.1024e-16
5375.09 5.1969e-16
5379.17 5.3022e-16
5383.26 5.4248e-16
5387.35 5.3314e-16
5391.43 5.3341e-16
5395.52 5.3641e-16
5399.61 5.3567e-16
5403.69 5.5716e-16
5407.78 5.3114e-16
5411.86 5.4095e-16
5415.95 5.5396e-16
5420.04 5.3657e-16
5424.12 5.642e-16
5428.21 5.5493e-16
5432.29 5.4323e-16
5436.38 5.7564e-16
5440.47 5.6448e-16
5444.55 5.7493e-16
5448.64 5.6702e-16
5452.72 5.6839e-16
5456.81 5.7429e-16
5460.90 5.878e-16
5464.98 6.0227e-16
5469.07 5.7509e-16
5473.15 5.8479e-16
5477.24 6.1143e-16
5481.33 6.0177e-16
5485.41 6.115e-16
5489.50 6.302e-16
5493.59 6.5931e-16
5497.67 6.7143e-16
5501.76 6.6738e-16
5505.84 6.6494e-16
5509.93 6.9154e-16
5514.02 7.1171e-16
5518.10 7.1267e-16
5522.19 7.3196e-16
5526.27 7.298e-16
5530.36 7.0906e-16
5534.45 7.0908e-16
5538.53 7.0254e-16
5542.62 6.8186e-16
5546.70 6.7098e-16
5550.79 6.4232e-16
5554.88 6.1536e-16
5558.96 6.0384e-16
5563.05 5.879e-16
5567.13 5.5178e-16
5571.22 5.2591e-16
5575.31 5.3492e-16
5579.39 5.335e-16
5583.48 5.0185e-16
5587.57 5.0355e-16
5591.65 5.0626e-16
5595.74 4.7605e-16
5599.82 4.6853e-16
5603.91 4.8443e-16
5608.00 4.6198e-16
5612.08 4.7198e-16
5616.17 4.7189e-16
5620.25 4.7788e-16
5624.34 4.833e-16
5628.43 4.7699e-16
5632.51 4.9965e-16
5636.60 5.1349e-16
5640.68 5.0309e-16
5644.77 4.9052e-16
5648.86 4.8912e-16
5652.94 5.0304e-16
5657.03 5.1243e-16
5661.11 5.0255e-16
5665.20 5.1218e-16
5669.29 5.2802e-16
5673.37 5.1745e-16
5677.46 5.1629e-16
5681.55 5.1164e-16
5685.63 4.966e-16
5689.72 4.7545e-16
5693.80 4.8011e-16
5697.89 4.7698e-16
5701.98 4.7581e-16
5706.06 4.5174e-16
5710.15 4.5498e-16
5714.23 4.4264e-16
5718.32 4.2915e-16
5722.41 4.1146e-16
5726.49 3.7937e-16
5730.58 3.6631e-16
5734.66 3.4186e-16
5738.75 3.0654e-16
5742.84 2.8911e-16
5746.92 2.7121e-16
5751.01 2.5491e-16
5755.09 2.3061e-16
5759.18 1.8528e-16
5763.27 1.6967e-16
5767.35 1.5302e-16
5771.44 1.5212e-16
5775.53 1.4225e-16
5779.61 1.3162e-16
5783.70 1.2692e-16
5787.78 1.2207e-16
5791.87 1.2777e-16
5795.96 1.2922e-16
5800.04 1.3297e-16
5804.13 1.3828e-16
5808.21 1.3958e-16
5812.30 1.5842e-16
5816.39 1.8238e-16
5820.47 2.0243e-16
5824.56 2.29e-16
5828.64 2.3894e-16
5832.73 2.6311e-16
5836.82 2.8639e-16
5840.90 3.2787e-16
5844.99 3.4705e-16
5849.07 3.7769e-16
5853.16 3.7562e-16
5857.25 4.1488e-16
5861.33 4.6035e-16
5865.42 4.7841e-16
5869.51 5.0498e-16
5873.59 5.5189e-16
5877.68 5.9135e-16
5881.76 6.2442e-16
5885.85 6.462e-16
5889.94 6.5357e-16
5894.02 6.904e-16
5898.11 7.1247e-16
5902.19 7.4205e-16
5906.28 7.4776e-16
5910.37 7.362e-16
5914.45 7.5891e-16
5918.54 7.6314e-16
5922.62 7.347e-16
5926.71 7.3501e-16
5930.80 7.3823e-16
5934.88 7.2781e-16
5938.97 7.1406e-16
5943.06 7.0731e-16
5947.14 7.034e-16
5951.23 7.0597e-16
5955.31 6.9036e-16
5959.40 6.9221e-16
5963.49 6.654e-16
5967.57 6.4075e-16
5971.66 6.4399e-16
5975.74 6.3774e-16
5979.83 6.377e-16
5983.92 6.2981e-16
5988.00 6.1752e-16
5992.09 5.8974e-16
5996.17 5.8526e-16
6000.26 5.7895e-16
6004.35 5.6023e-16
6008.43 5.4482e-16
6012.52 5.227e-16
6016.60 5.1857e-16
6020.69 5.1768e-16
6024.78 5.086e-16
6028.86 4.8279e-16
6032.95 4.8735e-16
6037.04 4.6614e-16
6041.12 4.4092e-16
6045.21 4.4856e-16
6049.29 4.5751e-16
6053.38 4.3897e-16
6057.47 4.2855e-16
6061.55 4.426e-16
6065.64 4.3967e-16
6069.72 4.2848e-16
6073.81 4.4011e-16
6077.90 4.3488e-16
6081.98 4.4162e-16
6086.07 4.2957e-16
6090.15 4.3186e-16
6094.24 4.3333e-16
6098.33 4.4846e-16
6102.41 4.4454e-16
6106.50 4.5122e-16
6110.58 4.4924e-16
6114.67 4.4249e-16
6118.76 4.6141e-16
6122.84 4.7567e-16
6126.93 4.7251e-16
6131.02 4.7042e-16
6135.10 4.7196e-16
6139.19 4.6425e-16
6143.27 4.7082e-16
6147.36 4.7664e-16
6151.45 4.6271e-16
6155.53 4.763e-16
6159.62 4.8554e-16
6163.70 4.9043e-16
6167.79 4.7885e-16
6171.88 4.9928e-16
6175.96 5.1621e-16
6180.05 5.1426e-16
6184.13 5.0281e-16
6188.22 4.9275e-16
6192.31 5.0295e-16
6196.39 5.2926e-16
6200.48 5.4537e-16
6204.56 5.4438e-16
6208.65 5.4702e-16
6212.74 5.7433e-16
6216.82 5.859e-16
6220.91 6.0567e-16
6225.00 6.152e-16
6229.08 6.1855e-16
6233.17 6.3746e-16
6237.25 6.7049e-16
6241.34 6.7888e-16
6245.43 6.8391e-16
6249.51 6.8972e-16
6253.60 6.8162e-16
6257.68 6.8553e-16
6261.77 7.0758e-16
6265.86 7.0717e-16
6269.94 7.0903e-16
6274.03 7.1527e-16
6278.11 7.2269e-16
6282.20 7.4085e-16
6286.29 7.3448e-16
6290.37 7.3968e-16
6294.46 7.3806e-16
6298.54 7.4845e-16
6302.63 7.6092e-16
6306.72 7.3709e-16
6310.80 7.1491e-16
6314.89 7.0442e-16
6318.98 6.7566e-16
6323.06 6.8082e-16
6327.15 6.6081e-16
6331.23 6.7626e-16
6335.32 6.6373e-16
6339.41 6.4775e-16
6343.49 6.3892e-16
6347.58 6.426e-16
6351.66 6.2134e-16
6355.75 6.1743e-16
6359.84 6.227e-16
6363.92 6.0356e-16
6368.01 5.8076e-16
6372.09 5.6151e-16
6376.18 5.4102e-16
6380.27 5.284e-16
6384.35 5.0185e-16
6388.44 4.877e-16
6392.52 4.61e-16
6396.61 4.6029e-16
6400.70 4.5821e-16
6404.78 4.1508e-16
6408.87 4.0021e-16
6412.96 3.755e-16
6417.04 3.4324e-16
6421.13 3.3156e-16
6425.21 3.2352e-16
6429.30 3.2174e-16
6433.39 2.9806e-16
6437.47 3.1573e-16
6441.56 3.0573e-16
6445.64 3.0157e-16
6449.73 3.0385e-16
6453.82 3.1377e-16
6457.90 3.3118e-16
6461.99 3.6795e-16
6466.07 4.2357e-16
6470.16 4.9807e-16
6474.25 5.965e-16
6478.33 7.2348e-16
6482.42 8.7761e-16
6486.51 1.0309e-15
6490.59 1.2345e-15
6494.68 1.4709e-15
6498.76 1.6995e-15
6502.85 1.9293e-15
6506.94 2.1435e-15
6511.02 2.3394e-15
6515.11 2.5273e-15
6519.19 2.7188e-15
6523.28 2.9383e-15
6527.37 3.1232e-15
6531.45 3.269e-15
6535.54 3.4014e-15
6539.62 3.4965e-15
6543.71 3.6045e-15
6547.80 3.7105e-15
6551.88 3.8182e-15
6555.97 3.8296e-15
6560.05 3.8311e-15
6564.14 3.8098e-15
6568.23 3.754e-15
6572.31 3.6778e-15
6576.40 3.5661e-15
6580.49 3.4707e-15
6584.57 3.3962e-15
6588.66 3.2271e-15
6592.74 3.0912e-15
6596.83 3.0583e-15
6600.92 2.9655e-15
6605.00 3.0052e-15
6609.09 2.977e-15
6613.17 2.9909e-15
6617.26 2.9856e-15
6621.35 2.9234e-15
6625.43 2.8803e-15
6629.52 2.8263e-15
6633.60 2.7758e-15
6637.69 2.7233e-15
6641.78 2.6142e-15
6645.86 2.5264e-15
6649.95 2.454e-15
6654.03 2.3495e-15
6658.12 2.2155e-15
6662.21 2.0464e-15
6666.29 1.9258e-15
6670.38 1.8066e-15
6674.47 1.6571e-15
6678.55 1.5498e-15
6682.64 1.4637e-15
6686.72 1.3598e-15
6690.81 1.2761e-15
6694.90 1.208e-15
6698.98 1.1269e-15
6703.07 1.0625e-15
6707.15 9.968e-16
6711.24 9.606e-16
6715.33 9.2387e-16
6719.41 8.9037e-16
6723.50 8.5342e-16
6727.58 8.2423e-16
6731.67 7.965e-16
6735.76 7.6723e-16
6739.84 7.3905e-16
6743.93 7.1939e-16
6748.01 6.8861e-16
6752.10 6.4564e-16
6756.19 6.2859e-16
6760.27 6.1999e-16
6764.36 5.8438e-16
6768.45 5.9056e-16
6772.53 5.7969e-16
6776.62 5.5246e-16
6780.70 5.5561e-16
6784.79 5.6526e-16
6788.88 5.3958e-16
6792.96 5.0638e-16
6797.05 4.845e-16
6801.13 4.9228e-16
6805.22 5.0182e-16
6809.31 4.7145e-16
6813.39 4.5143e-16
6817.48 4.5674e-16
6821.56 4.4711e-16
6825.65 4.4692e-16
6829.74 4.4291e-16
6833.82 4.4311e-16
6837.91 4.2524e-16
6841.99 4.1851e-16
6846.08 4.232e-16
6850.17 4.3472e-16
6854.25 4.2816e-16
6858.34 4.1269e-16
6862.43 4.3145e-16
6866.51 3.9919e-16
6870.60 3.6735e-16
6874.68 3.59e-16
6878.77 3.5823e-16
6882.86 3.805e-16
6886.94 3.8764e-16
6891.03 3.7793e-16
6895.11 3.5935e-16
6899.20 3.5174e-16
6903.29 3.4461e-16
6907.37 3.4264e-16
6911.46 3.5013e-16
6915.54 3.3444e-16
6919.63 3.4965e-16
6923.72 3.6035e-16
6927.80 3.3317e-16
6931.89 3.3072e-16
6935.97 3.6109e-16
6940.06 3.6966e-16
6944.15 3.6409e-16
6948.23 3.7481e-16
6952.32 3.7279e-16
6956.41 3.7022e-16
6960.49 3.9005e-16
6964.58 3.973e-16
6968.66 4.022e-16
6972.75 4.0523e-16
6976.84 3.959e-16
6980.92 4.1249e-16
6985.01 4.3073e-16
6989.09 4.2845e-16
6993.18 4.2384e-16
6997.27 4.2341e-16
7001.35 4.4189e-16
7005.44 4.5601e-16
7009.52 4.5749e-16
7013.61 4.5818e-16
7017.70 4.5265e-16
7021.78 4.4502e-16
7025.87 4.4386e-16
7029.96 4.7563e-16
7034.04 4.8049e-16
7038.13 4.6114e-16
7042.21 4.6569e-16
7046.30 4.8082e-16
7050.39 4.7955e-16
7054.47 4.9399e-16
7058.56 4.8834e-16
7062.64 4.9043e-16
7066.73 5.0704e-16
7070.82 5.1164e-16
7074.90 5.2681e-16
7078.99 5.1541e-16
7083.07 5.0245e-16
7087.16 5.131e-16
7091.25 5.0168e-16
7095.33 5.3187e-16
7099.42 5.2622e-16
7103.50 5.0216e-16
7107.59 4.8967e-16
7111.68 4.8598e-16
7115.76 4.8874e-16
7119.85 4.9361e-16
7123.94 4.9333e-16
7128.02 4.7512e-16
7132.11 4.5921e-16
7136.19 4.583e-16
7140.28 4.8973e-16
7144.37 4.6405e-16
7148.45 4.7745e-16
7152.54 4.6725e-16
7156.62 4.9809e-16
7160.71 4.9774e-16
7164.80 5.0771e-16
7168.88 5.4474e-16
7172.97 5.3833e-16
7177.05 5.3697e-16
7181.14 5.5434e-16
7185.23 5.6612e-16
7189.31 6.0154e-16
7193.40 5.9169e-16
7197.48 6.0651e-16
7201.57 6.3084e-16
7205.66 6.7963e-16
7209.74 6.6463e-16
7213.83 6.5839e-16
7217.92 6.8166e-16
7222.00 7.2586e-16
7226.09 7.4802e-16
7230.17 7.4732e-16
7234.26 7.5015e-16
7238.35 7.2117e-16
7242.43 7.6072e-16
7246.52 7.9444e-16
7250.60 7.891e-16
7254.69 7.6918e-16
7258.78 7.9496e-16
7262.86 8.2322e-16
7266.95 8.4523e-16
7271.03 8.6013e-16
7275.12 8.7291e-16
7279.21 8.7862e-16
7283.29 9.1718e-16
7287.38 9.8635e-16
7291.46 1.0106e-15
7295.55 9.9959e-16
7299.64 1.0139e-15
7303.72 9.9732e-16
7307.81 1.0444e-15
7311.90 1.0492e-15
7315.98 1.014e-15
7320.07 1.0103e-15
7324.15 1.0236e-15
7328.24 1.0447e-15
7332.33 1.0263e-15
7336.41 9.6444e-16
7340.50 9.3528e-16
7344.58 9.3845e-16
7348.67 9.2182e-16
7352.76 8.8797e-16
7356.84 8.3798e-16
7360.93 7.9976e-16
7365.01 8.1416e-16
7369.10 8.1254e-16
7373.19 7.7131e-16
7377.27 7.1871e-16
7381.36 7.0499e-16
7385.44 6.9807e-16
7389.53 6.9605e-16
7393.62 6.6347e-16
7397.70 6.2078e-16
7401.79 6.4822e-16
7405.88 6.4553e-16
7409.96 6.226e-16
7414.05 5.8526e-16
7418.13 5.8431e-16
7422.22 5.9045e-16
7426.31 5.912e-16
7430.39 5.6096e-16
7434.48 5.229e-16
7438.56 5.5795e-16
7442.65 5.4671e-16
7446.74 4.9334e-16
7450.82 4.8013e-16
7454.91 4.8469e-16
7458.99 5.037e-16
7463.08 4.871e-16
7467.17 4.6103e-16
7471.25 4.3904e-16
7475.34 4.0872e-16
7479.42 3.938e-16
7483.51 3.8531e-16
