3500.38 4.2661e-14
3504.47 4.2258e-14
3508.55 4.2e-14
3512.64 4.2514e-14
3516.72 4.3296e-14
3520.80 4.3764e-14
3524.89 4.3921e-14
3528.97 4.4195e-14
3533.06 4.3664e-14
3537.14 4.2237e-14
3541.23 4.3533e-14
3545.31 4.4686e-14
3549.40 4.4375e-14
3553.48 4.3496e-14
3557.57 4.427e-14
3561.65 4.4038e-14
3565.74 4.246e-14
3569.82 4.2476e-14
3573.91 4.3666e-14
3577.99 4.3028e-14
3582.07 4.2996e-14
3586.16 4.2054e-14
3590.24 4.1273e-14
3594.33 4.1811e-14
3598.41 4.1736e-14
3602.50 4.1028e-14
3606.58 3.9927e-14
3610.67 4.0202e-14
3614.75 3.9576e-14
3618.84 3.9899e-14
3622.92 4.0299e-14
3627.01 4.0115e-14
3631.09 4.1207e-14
3635.18 4.1645e-14
3639.26 4.1668e-14
3643.35 4.2759e-14
3647.43 4.3373e-14
3651.51 4.4031e-14
3655.60 4.41e-14
3659.68 4.4552e-14
3663.77 4.5523e-14
3667.85 4.5915e-14
3671.94 4.7525e-14
3676.02 4.7332e-14
3680.11 4.6995e-14
3684.19 4.9091e-14
3688.28 4.8468e-14
3692.36 4.8976e-14
3696.45 4.8855e-14
3700.53 4.8846e-14
3704.62 4.8478e-14
3708.70 4.7303e-14
3712.79 4.7099e-14
3716.87 4.6853e-14
3720.95 4.6246e-14
3725.04 4.5609e-14
3729.12 4.5063e-14
3733.21 4.4296e-14
3737.29 4.3855e-14
3741.38 4.345e-14
3745.46 4.2316e-14
3749.55 4.2784e-14
3753.63 4.2095e-14
3757.72 4.1991e-14
3761.80 4.1885e-14
3765.89 4.1758e-14
3769.97 4.1817e-14
3774.06 4.1576e-14
3778.14 4.15e-14
3782.23 4.045e-14
3786.31 4.0258e-14
3790.39 3.9861e-14
3794.48 3.9191e-14
3798.56 3.9302e-14
3802.65 3.8789e-14
3806.73 3.9257e-14
3810.82 3.8279e-14
3814.90 3.8435e-14
3818.99 3.7234e-14
3823.07 3.7568e-14
3827.16 3.731e-14
3831.24 3.7724e-14
3835.33 3.7742e-14
3839.41 3.8394e-14
3843.50 3.8276e-14
3847.58 3.8223e-14
3851.67 3.9413e-14
3855.75 3.938e-14
3859.83 4.041e-14
3863.92 4.0425e-14
3868.00 4.0806e-14
3872.09 4.1299e-14
3876.17 4.1441e-14
3880.26 4.1885e-14
3884.34 4.2965e-14
3888.43 4.3481e-14
3892.51 4.3547e-14
3896.60 4.4316e-14
3900.68 4.4395e-14
3904.77 4.4758e-14
3908.85 4.4294e-14
3912.94 4.4597e-14
3917.02 4.494e-14
3921.10 4.431e-14
3925.19 4.3755e-14
3929.27 4.3495e-14
3933.36 4.3876e-14
3937.44 4.3754e-14
3941.53 4.3875e-14
3945.61 4.4265e-14
3949.70 4.3846e-14
3953.78 4.4234e-14
3957.87 4.4107e-14
3961.95 4.2913e-14
3966.04 4.2896e-14
3970.12 4.2904e-14
3974.21 4.33e-14
3978.29 4.3227e-14
3982.38 4.2951e-14
3986.46 4.27e-14
3990.54 4.2435e-14
3994.63 4.219e-14
3998.71 4.1864e-14
4002.80 4.1466e-14
4006.88 4.0715e-14
4010.97 4.0357e-14
4015.05 4.062e-14
4019.14 3.9903e-14
4023.22 3.9949e-14
4027.31 3.9765e-14
4031.39 3.9854e-14
4035.48 4.0314e-14
4039.56 4.0711e-14
4043.65 4.0981e-14
4047.73 4.054e-14
4051.82 4.1482e-14
4055.90 4.1902e-14
4059.98 4.2739e-14
4064.07 4.2472e-14
4068.15 4.2596e-14
4072.24 4.2756e-14
4076.32 4.3019e-14
4080.41 4.2946e-14
4084.49 4.2937e-14
4088.58 4.2868e-14
4092.66 4.2809e-14
4096.75 4.3177e-14
4100.83 4.3362e-14
4104.92 4.2656e-14
4109.00 4.2861e-14
4113.09 4.2424e-14
4117.17 4.2514e-14
4121.26 4.1783e-14
4125.34 4.1288e-14
4129.42 4.048e-14
4133.51 4.0169e-14
4137.59 3.9672e-14
4141.68 3.902e-14
4145.76 3.9084e-14
4149.85 3.8645e-14
4153.93 3.7399e-14
4158.02 3.7671e-14
4162.10 3.7829e-14
4166.19 3.7674e-14
4170.27 3.7267e-14
4174.36 3.7036e-14
4178.44 3.7198e-14
4182.53 3.6668e-14
4186.61 3.6743e-14
4190.69 3.6899e-14
4194.78 3.7006e-14
4198.86 3.6922e-14
4202.95 3.6734e-14
4207.03 3.69e-14
4211.12 3.7245e-14
4215.20 3.6964e-14
4219.29 3.6839e-14
4223.37 3.7216e-14
4227.46 3.7058e-14
4231.54 3.6527e-14
4235.63 3.6653e-14
4239.71 3.6778e-14
4243.80 3.6987e-14
4247.88 3.6735e-14
4251.97 3.6915e-14
4256.05 3.7495e-14
4260.13 3.7664e-14
4264.22 3.8155e-14
4268.30 3.8373e-14
4272.39 3.8789e-14
4276.47 3.8913e-14
4280.56 3.9017e-14
4284.64 3.9111e-14
4288.73 3.9252e-14
4292.81 3.9114e-14
4296.90 3.9148e-14
4300.98 3.9368e-14
4305.07 3.9183e-14
4309.15 3.9257e-14
4313.24 3.8997e-14
4317.32 3.889e-14
4321.41 3.8773e-14
4325.49 3.8465e-14
4329.57 3.8147e-14
4333.66 3.8498e-14
4337.74 3.7846e-14
4341.83 3.7492e-14
4345.91 3.7319e-14
4350.00 3.6633e-14
4354.08 3.6326e-14
4358.17 3.6136e-14
4362.25 3.5895e-14
4366.34 3.5621e-14
4370.42 3.5501e-14
4374.51 3.5678e-14
4378.59 3.4713e-14
4382.68 3.4579e-14
4386.76 3.4429e-14
4390.85 3.4455e-14
4394.93 3.4092e-14
4399.01 3.4175e-14
4403.10 3.4604e-14
4407.18 3.4339e-14
4411.27 3.4333e-14
4415.35 3.448e-14
4419.44 3.4509e-14
4423.52 3.4815e-14
4427.61 3.5266e-14
4431.69 3.546e-14
4435.78 3.5284e-14
4439.86 3.5826e-14
4443.95 3.5877e-14
4448.03 3.5662e-14
4452.12 3.5452e-14
4456.20 3.5811e-14
4460.28 3.611e-14
4464.37 3.6077e-14
4468.45 3.6505e-14
4472.54 3.6386e-14
4476.62 3.6294e-14
4480.71 3.6323e-14
4484.79 3.6957e-14
4488.88 3.7051e-14
4492.96 3.7014e-14
4497.05 3.7092e-14
4501.13 3.6864e-14
4505.22 3.7213e-14
4509.30 3.7242e-14
4513.39 3.7193e-14
4517.47 3.7163e-14
4521.56 3.7187e-14
4525.64 3.6975e-14
4529.72 3.6869e-14
4533.81 3.706e-14
4537.89 3.6943e-14
4541.98 3.6684e-14
4546.06 3.6736e-14
4550.15 3.7092e-14
4554.23 3.68e-14
4558.32 3.6419e-14
4562.40 3.6546e-14
4566.49 3.6439e-14
4570.57 3.6776e-14
4574.66 3.6673e-14
4578.74 3.6886e-14
4582.83 3.716e-14
4586.91 3.7016e-14
4591.00 3.6981e-14
4595.08 3.6914e-14
4599.16 3.6185e-14
4603.25 3.6631e-14
4607.33 3.6435e-14
4611.42 3.5982e-14
4615.50 3.6014e-14
4619.59 3.5786e-14
4623.67 3.5291e-14
4627.76 3.5449e-14
4631.84 3.5558e-14
4635.93 3.4777e-14
4640.01 3.4503e-14
4644.10 3.4447e-14
4648.18 3.4208e-14
4652.27 3.3387e-14
4656.35 3.3085e-14
4660.44 3.261e-14
4664.52 3.2388e-14
4668.60 3.2139e-14
4672.69 3.1562e-14
4676.77 3.1004e-14
4680.86 3.049e-14
4684.94 2.9866e-14
4689.03 2.9377e-14
4693.11 2.9386e-14
4697.20 2.9047e-14
4701.28 2.8762e-14
4705.37 2.8885e-14
4709.45 2.8638e-14
4713.54 2.874e-14
4717.62 2.8839e-14
4721.71 2.8976e-14
4725.79 2.9115e-14
4729.88 2.9267e-14
4733.96 2.938e-14
4738.04 2.9817e-14
4742.13 3.02e-14
4746.21 3.0219e-14
4750.30 3.0655e-14
4754.38 3.1152e-14
4758.47 3.1686e-14
4762.55 3.2168e-14
4766.64 3.2593e-14
4770.72 3.3331e-14
4774.81 3.3542e-14
4778.89 3.4082e-14
4782.98 3.491e-14
4787.06 3.4844e-14
4791.15 3.4895e-14
4795.23 3.5239e-14
4799.31 3.4936e-14
4803.40 3.519e-14
4807.48 3.5345e-14
4811.57 3.5276e-14
4815.65 3.5184e-14
4819.74 3.5223e-14
4823.82 3.5287e-14
4827.91 3.5023e-14
4831.99 3.4575e-14
4836.08 3.4336e-14
4840.16 3.429e-14
4844.25 3.4093e-14
4848.33 3.4285e-14
4852.42 3.3972e-14
4856.50 3.3753e-14
4860.59 3.3673e-14
4864.67 3.3102e-14
4868.75 3.3132e-14
4872.84 3.2827e-14
4876.92 3.2204e-14
4881.01 3.1903e-14
4885.09 3.2061e-14
4889.18 3.1868e-14
4893.26 3.1313e-14
4897.35 3.1119e-14
4901.43 3.1276e-14
4905.52 3.136e-14
4909.60 3.101e-14
4913.69 3.112e-14
4917.77 3.127e-14
4921.86 3.089e-14
4925.94 3.0753e-14
4930.03 3.0827e-14
4934.11 3.0788e-14
4938.19 3.0929e-14
4942.28 3.0967e-14
4946.36 3.1066e-14
4950.45 3.0843e-14
4954.53 3.1006e-14
4958.62 3.0682e-14
4962.70 3.0328e-14
4966.79 3.0081e-14
4970.87 3.0183e-14
4974.96 3.0232e-14
4979.04 2.96e-14
4983.13 2.9284e-14
4987.21 2.9076e-14
4991.30 2.8892e-14
4995.38 2.8975e-14
4999.47 2.8863e-14
5003.55 2.8585e-14
5007.63 2.831e-14
5011.72 2.853e-14
5015.80 2.8345e-14
5019.89 2.8606e-14
5023.97 2.81e-14
5028.06 2.7708e-14
5032.14 2.838e-14
5036.23 2.7788e-14
5040.31 2.8107e-14
5044.40 2.8136e-14
5048.48 2.8048e-14
5052.57 2.8283e-14
5056.65 2.8345e-14
5060.74 2.8601e-14
5064.82 2.8357e-14
5068.90 2.874e-14
5072.99 2.8857e-14
5077.07 2.8629e-14
5081.16 2.8691e-14
5085.24 2.8603e-14
5089.33 2.8867e-14
5093.41 2.9125e-14
5097.50 2.8962e-14
5101.58 2.8568e-14
5105.67 2.8627e-14
5109.75 2.881e-14
5113.84 2.8863e-14
5117.92 2.8684e-14
5122.01 2.8657e-14
5126.09 2.8692e-14
5130.18 2.8532e-14
5134.26 2.8641e-14
5138.34 2.8721e-14
5142.43 2.8364e-14
5146.51 2.8318e-14
5150.60 2.8674e-14
5154.68 2.8595e-14
5158.77 2.8504e-14
5162.85 2.8636e-14
5166.94 2.8584e-14
5171.02 2.8414e-14
5175.11 2.8484e-14
5179.19 2.8644e-14
5183.28 2.8423e-14
5187.36 2.833e-14
5191.45 2.8355e-14
5195.53 2.8451e-14
5199.62 2.824e-14
5203.70 2.8134e-14
5207.78 2.8202e-14
5211.87 2.808e-14
5215.95 2.7886e-14
5220.04 2.8276e-14
5224.12 2.7921e-14
5228.21 2.8e-14
5232.29 2.7957e-14
5236.38 2.826e-14
5240.46 2.806e-14
5244.55 2.7735e-14
5248.63 2.7815e-14
5252.72 2.7506e-14
5256.80 2.7759e-14
5260.89 2.7383e-14
5264.97 2.742e-14
5269.06 2.7403e-14
5273.14 2.6949e-14
5277.22 2.6848e-14
5281.31 2.6961e-14
5285.39 2.6921e-14
5289.48 2.654e-14
5293.56 2.6258e-14
5297.65 2.6432e-14
5301.73 2.6321e-14
5305.82 2.5798e-14
5309.90 2.5711e-14
5313.99 2.5665e-14
5318.07 2.5591e-14
5322.16 2.574e-14
5326.24 2.534e-14
5330.33 2.5288e-14
5334.41 2.5485e-14
5338.50 2.5498e-14
5342.58 2.5537e-14
5346.66 2.5392e-14
5350.75 2.5506e-14
5354.83 2.5604e-14
5358.92 2.5368e-14
5363.00 2.5403e-14
5367.09 2.5531e-14
5371.17 2.5301e-14
5375.26 2.5396e-14
5379.34 2.5551e-14
5383.43 2.5275e-14
5387.51 2.5243e-14
5391.60 2.5257e-14
5395.68 2.5193e-14
5399.77 2.5283e-14
5403.85 2.5261e-14
5407.93 2.5198e-14
5412.02 2.5349e-14
5416.10 2.5089e-14
5420.19 2.4911e-14
5424.27 2.5012e-14
5428.36 2.5226e-14
5432.44 2.4958e-14
5436.53 2.4703e-14
5440.61 2.4812e-14
5444.70 2.4875e-14
5448.78 2.4226e-14
5452.87 2.4427e-14
5456.95 2.4545e-14
5461.04 2.4718e-14
5465.12 2.4428e-14
5469.21 2.3974e-14
5473.29 2.4106e-14
5477.37 2.4322e-14
5481.46 2.4034e-14
5485.54 2.3951e-14
5489.63 2.3444e-14
5493.71 2.3295e-14
5497.80 2.3714e-14
5501.88 2.3556e-14
5505.97 2.3177e-14
5510.05 2.3102e-14
5514.14 2.3242e-14
5518.22 2.307e-14
5522.31 2.2979e-14
5526.39 2.2854e-14
5530.48 2.3025e-14
5534.56 2.323e-14
5538.65 2.3184e-14
5542.73 2.3331e-14
5546.81 2.2965e-14
5550.90 2.2978e-14
5554.98 2.3191e-14
5559.07 2.3339e-14
5563.15 2.3279e-14
5567.24 2.3313e-14
5571.32 2.3232e-14
5575.41 2.3052e-14
5579.49 2.3181e-14
5583.58 2.3145e-14
5587.66 2.3044e-14
5591.75 2.3098e-14
5595.83 2.3137e-14
5599.92 2.3056e-14
5604.00 2.3031e-14
5608.09 2.3004e-14
5612.17 2.2739e-14
5616.25 2.278e-14
5620.34 2.2716e-14
5624.42 2.2668e-14
5628.51 2.2615e-14
5632.59 2.2611e-14
5636.68 2.2482e-14
5640.76 2.2264e-14
5644.85 2.209e-14
5648.93 2.2348e-14
5653.02 2.1941e-14
5657.10 2.1711e-14
5661.19 2.1878e-14
5665.27 2.1964e-14
5669.36 2.1702e-14
5673.44 2.1312e-14
5677.52 2.1271e-14
5681.61 2.1149e-14
5685.69 2.0958e-14
5689.78 2.0695e-14
5693.86 2.0734e-14
5697.95 2.0689e-14
5702.03 2.0902e-14
5706.12 2.0635e-14
5710.20 2.1037e-14
5714.29 2.0872e-14
5718.37 2.0772e-14
5722.46 2.066e-14
5726.54 2.0648e-14
5730.63 2.0796e-14
5734.71 2.107e-14
5738.80 2.1143e-14
5742.88 2.1266e-14
5746.96 2.1406e-14
5751.05 2.1382e-14
5755.13 2.1711e-14
5759.22 2.1794e-14
5763.30 2.1711e-14
5767.39 2.1899e-14
5771.47 2.2115e-14
5775.56 2.1754e-14
5779.64 2.2344e-14
5783.73 2.2511e-14
5787.81 2.2444e-14
5791.90 2.2646e-14
5795.98 2.2834e-14
5800.07 2.2901e-14
5804.15 2.2644e-14
5808.24 2.2469e-14
5812.32 2.271e-14
5816.40 2.2861e-14
5820.49 2.2804e-14
5824.57 2.2803e-14
5828.66 2.2424e-14
5832.74 2.2483e-14
5836.83 2.2552e-14
5840.91 2.2391e-14
5845.00 2.2194e-14
5849.08 2.221e-14
5853.17 2.2482e-14
5857.25 2.2428e-14
5861.34 2.2527e-14
5865.42 2.2737e-14
5869.51 2.2587e-14
5873.59 2.2192e-14
5877.68 2.1752e-14
5881.76 2.1661e-14
5885.84 2.1595e-14
5889.93 2.1598e-14
5894.01 2.1926e-14
5898.10 2.1831e-14
5902.18 2.1617e-14
5906.27 2.1854e-14
5910.35 2.1755e-14
5914.44 2.1839e-14
5918.52 2.1659e-14
5922.61 2.148e-14
5926.69 2.1432e-14
5930.78 2.1251e-14
5934.86 2.0798e-14
5938.95 2.0883e-14
5943.03 2.1123e-14
5947.11 2.1088e-14
5951.20 2.0815e-14
5955.28 2.0806e-14
5959.37 2.0979e-14
5963.45 2.0612e-14
5967.54 2.0566e-14
5971.62 2.0468e-14
5975.71 2.044e-14
5979.79 2.0342e-14
5983.88 2.0078e-14
5987.96 2.0269e-14
5992.05 2.0297e-14
5996.13 2.0189e-14
6000.22 2.0213e-14
6004.30 2.0208e-14
6008.39 2.0144e-14
6012.47 1.9892e-14
6016.55 1.9784e-14
6020.64 1.9806e-14
6024.72 1.9718e-14
6028.81 1.9728e-14
6032.89 1.9489e-14
6036.98 1.9541e-14
6041.06 1.9755e-14
6045.15 1.9556e-14
6049.23 1.9384e-14
6053.32 1.9531e-14
6057.40 1.9748e-14
6061.49 1.9631e-14
6065.57 1.9254e-14
6069.66 1.9525e-14
6073.74 1.9705e-14
6077.83 1.9417e-14
6081.91 1.9454e-14
6085.99 1.9442e-14
6090.08 1.9049e-14
6094.16 1.9221e-14
6098.25 1.8987e-14
6102.33 1.9099e-14
6106.42 1.8549e-14
6110.50 1.8538e-14
6114.59 1.8522e-14
6118.67 1.7976e-14
6122.76 1.8081e-14
6126.84 1.7927e-14
6130.93 1.7727e-14
6135.01 1.7764e-14
6139.10 1.7538e-14
6143.18 1.7229e-14
6147.27 1.6972e-14
6151.35 1.6914e-14
6155.43 1.6664e-14
6159.52 1.6382e-14
6163.60 1.6446e-14
6167.69 1.6221e-14
6171.77 1.6247e-14
6175.86 1.6278e-14
6179.94 1.6189e-14
6184.03 1.6232e-14
6188.11 1.6052e-14
6192.20 1.5939e-14
6196.28 1.5883e-14
6200.37 1.5884e-14
6204.45 1.6167e-14
6208.54 1.624e-14
6212.62 1.6321e-14
6216.71 1.6578e-14
6220.79 1.6313e-14
6224.87 1.6388e-14
6228.96 1.6644e-14
6233.04 1.7194e-14
6237.13 1.7199e-14
6241.21 1.7076e-14
6245.30 1.7232e-14
6249.38 1.7482e-14
6253.47 1.7549e-14
6257.55 1.7371e-14
6261.64 1.7373e-14
6265.72 1.7503e-14
6269.81 1.7206e-14
6273.89 1.7282e-14
6277.98 1.7407e-14
6282.06 1.7671e-14
6286.14 1.7456e-14
6290.23 1.7562e-14
6294.31 1.7489e-14
6298.40 1.725e-14
6302.48 1.7235e-14
6306.57 1.7278e-14
6310.65 1.7247e-14
6314.74 1.7052e-14
6318.82 1.6855e-14
6322.91 1.6758e-14
6326.99 1.65e-14
6331.08 1.6434e-14
6335.16 1.6274e-14
6339.25 1.6205e-14
6343.33 1.6084e-14
6347.42 1.6319e-14
6351.50 1.6175e-14
6355.58 1.6223e-14
6359.67 1.625e-14
6363.75 1.6412e-14
6367.84 1.6771e-14
6371.92 1.6921e-14
6376.01 1.6964e-14
6380.09 1.6982e-14
6384.18 1.7242e-14
6388.26 1.7337e-14
6392.35 1.7664e-14
6396.43 1.7967e-14
6400.52 1.7947e-14
6404.60 1.8227e-14
6408.69 1.8561e-14
6412.77 1.8637e-14
6416.86 1.9094e-14
6420.94 1.9402e-14
6425.02 1.9452e-14
6429.11 1.9901e-14
6433.19 2.0427e-14
6437.28 2.0915e-14
6441.36 2.1379e-14
6445.45 2.1775e-14
6449.53 2.2177e-14
6453.62 2.243e-14
6457.70 2.2523e-14
6461.79 2.2788e-14
6465.87 2.325e-14
6469.96 2.3183e-14
6474.04 2.3284e-14
6478.13 2.3597e-14
6482.21 2.3713e-14
6486.30 2.3765e-14
6490.38 2.3471e-14
6494.46 2.3509e-14
6498.55 2.3758e-14
6502.63 2.3786e-14
6506.72 2.3796e-14
6510.80 2.3635e-14
6514.89 2.3496e-14
6518.97 2.3202e-14
6523.06 2.3201e-14
6527.14 2.3281e-14
6531.23 2.2962e-14
6535.31 2.2763e-14
6539.40 2.2732e-14
6543.48 2.254e-14
6547.57 2.3045e-14
6551.65 2.2572e-14
6555.73 2.2503e-14
6559.82 2.223e-14
6563.90 2.2241e-14
6567.99 2.2236e-14
6572.07 2.2074e-14
6576.16 2.1849e-14
6580.24 2.1809e-14
6584.33 2.202e-14
6588.41 2.1848e-14
6592.50 2.1286e-14
6596.58 2.1411e-14
6600.67 2.1661e-14
6604.75 2.1272e-14
6608.84 2.097e-14
6612.92 2.0558e-14
6617.01 2.0449e-14
6621.09 2.0375e-14
6625.17 2.0133e-14
6629.26 2.0291e-14
6633.34 2.0148e-14
6637.43 1.9691e-14
6641.51 1.9546e-14
6645.60 1.9297e-14
6649.68 1.9282e-14
6653.77 1.9503e-14
6657.85 1.8772e-14
6661.94 1.8974e-14
6666.02 1.8727e-14
6670.11 1.891e-14
6674.19 1.8726e-14
6678.28 1.8487e-14
6682.36 1.8142e-14
6686.45 1.8156e-14
6690.53 1.8384e-14
6694.61 1.8076e-14
6698.70 1.793e-14
6702.78 1.8148e-14
6706.87 1.789e-14
6710.95 1.7679e-14
6715.04 1.7639e-14
6719.12 1.7572e-14
6723.21 1.7375e-14
6727.29 1.7276e-14
6731.38 1.7116e-14
6735.46 1.7117e-14
6739.55 1.7047e-14
6743.63 1.6885e-14
6747.72 1.6852e-14
6751.80 1.6854e-14
6755.89 1.6753e-14
6759.97 1.6779e-14
6764.05 1.6558e-14
6768.14 1.6266e-14
6772.22 1.6512e-14
6776.31 1.6446e-14
6780.39 1.6597e-14
6784.48 1.6069e-14
6788.56 1.5894e-14
6792.65 1.5983e-14
6796.73 1.5913e-14
6800.82 1.5869e-14
6804.90 1.5691e-14
6808.99 1.5644e-14
6813.07 1.5397e-14
6817.16 1.5393e-14
6821.24 1.564e-14
6825.32 1.5361e-14
6829.41 1.5341e-14
6833.49 1.519e-14
6837.58 1.4913e-14
6841.66 1.5219e-14
6845.75 1.5236e-14
6849.83 1.5252e-14
6853.92 1.5391e-14
6858.00 1.4945e-14
6862.09 1.4599e-14
6866.17 1.3902e-14
6870.26 1.3881e-14
6874.34 1.4421e-14
6878.43 1.4633e-14
6882.51 1.4901e-14
6886.60 1.4344e-14
6890.68 1.3947e-14
6894.76 1.4173e-14
6898.85 1.4184e-14
6902.93 1.4209e-14
6907.02 1.4421e-14
6911.10 1.4497e-14
6915.19 1.4288e-14
6919.27 1.3835e-14
6923.36 1.4124e-14
6927.44 1.4266e-14
6931.53 1.458e-14
6935.61 1.4535e-14
6939.70 1.4324e-14
6943.78 1.4345e-14
6947.87 1.4376e-14
6951.95 1.4332e-14
6956.04 1.4381e-14
6960.12 1.4417e-14
6964.20 1.4215e-14
6968.29 1.4309e-14
6972.37 1.4365e-14
6976.46 1.4189e-14
6980.54 1.4389e-14
6984.63 1.4042e-14
6988.71 1.3969e-14
6992.80 1.4258e-14
6996.88 1.4459e-14
7000.97 1.4501e-14
7005.05 1.4147e-14
7009.14 1.3917e-14
7013.22 1.3937e-14
7017.31 1.3939e-14
7021.39 1.4299e-14
7025.48 1.3913e-14
7029.56 1.4007e-14
7033.64 1.3703e-14
7037.73 1.3765e-14
7041.81 1.406e-14
7045.90 1.3974e-14
7049.98 1.3551e-14
7054.07 1.3341e-14
7058.15 1.3361e-14
7062.24 1.3545e-14
7066.32 1.3638e-14
7070.41 1.3336e-14
7074.49 1.3018e-14
7078.58 1.3075e-14
7082.66 1.307e-14
7086.75 1.3253e-14
7090.83 1.3432e-14
7094.92 1.3126e-14
7099.00 1.3032e-14
7103.08 1.3273e-14
7107.17 1.3198e-14
7111.25 1.327e-14
7115.34 1.3325e-14
7119.42 1.295e-14
7123.51 1.3014e-14
7127.59 1.3113e-14
7131.68 1.3591e-14
7135.76 1.3471e-14
7139.85 1.3103e-14
7143.93 1.2782e-14
7148.02 1.3266e-14
7152.10 1.3307e-14
7156.19 1.3194e-14
7160.27 1.3402e-14
7164.35 1.3203e-14
7168.44 1.3012e-14
7172.52 1.3343e-14
7176.61 1.3495e-14
7180.69 1.3059e-14
7184.78 1.2907e-14
7188.86 1.3022e-14
7192.95 1.3056e-14
7197.03 1.348e-14
7201.12 1.3373e-14
7205.20 1.2898e-14
7209.29 1.2786e-14
7213.37 1.2918e-14
7217.46 1.3134e-14
7221.54 1.3115e-14
7225.63 1.2679e-14
7229.71 1.2684e-14
7233.79 1.2789e-14
7237.88 1.2859e-14
7241.96 1.2756e-14
7246.05 1.2539e-14
7250.13 1.2224e-14
7254.22 1.2467e-14
7258.30 1.2825e-14
7262.39 1.2618e-14
7266.47 1.2392e-14
7270.56 1.2156e-14
7274.64 1.2173e-14
7278.73 1.2683e-14
7282.81 1.2525e-14
7286.90 1.226e-14
7290.98 1.199e-14
7295.07 1.233e-14
7299.15 1.2472e-14
7303.23 1.2157e-14
7307.32 1.1959e-14
7311.40 1.2064e-14
7315.49 1.2269e-14
7319.57 1.2518e-14
7323.66 1.2387e-14
7327.74 1.1876e-14
7331.83 1.183e-14
7335.91 1.2041e-14
7340.00 1.1977e-14
7344.08 1.1642e-14
7348.17 1.1615e-14
7352.25 1.1826e-14
7356.34 1.2282e-14
7360.42 1.2123e-14
7364.51 1.1534e-14
7368.59 1.1679e-14
7372.67 1.2094e-14
7376.76 1.2105e-14
7380.84 1.1761e-14
7384.93 1.1431e-14
7389.01 1.1645e-14
7393.10 1.2055e-14
7397.18 1.206e-14
7401.27 1.1425e-14
7405.35 1.143e-14
7409.44 1.1821e-14
7413.52 1.1762e-14
7417.61 1.1423e-14
7421.69 1.1175e-14
7425.78 1.1509e-14
7429.86 1.1599e-14
7433.94 1.1301e-14
7438.03 1.0975e-14
7442.11 1.0805e-14
7446.20 1.1149e-14
7450.28 1.1028e-14
7454.37 1.088e-14
7458.45 1.0897e-14
7462.54 1.1108e-14
