3651.20 1.062e-16
3656.72 8.8735e-17
3662.24 1.1546e-16
3667.75 9.987e-17
3673.27 1.2078e-16
3678.79 1.1386e-16
3684.31 1.0352e-16
3689.83 7.8193e-17
3695.35 1.0442e-16
3700.87 1.427e-16
3706.39 1.1435e-16
3711.91 8.0884e-17
3717.43 8.9963e-17
3722.95 9.2828e-17
3728.46 1.1432e-16
3733.98 9.0314e-17
3739.50 9.1052e-17
3745.02 8.6311e-17
3750.54 1.0633e-16
3756.06 1.0874e-16
3761.58 1.1813e-16
3767.10 1.0897e-16
3772.62 9.2066e-17
3778.14 9.0852e-17
3783.66 8.2623e-17
3789.17 9.8079e-17
3794.69 8.5607e-17
3800.21 8.4317e-17
3805.73 9.1921e-17
3811.25 9.8689e-17
3816.77 9.6384e-17
3822.29 9.9581e-17
3827.81 7.6459e-17
3833.33 1.0144e-16
3838.85 1.0725e-16
3844.37 9.0293e-17
3849.88 9.7543e-17
3855.40 9.4441e-17
3860.92 9.9301e-17
3866.44 1.0773e-16
3871.96 8.461e-17
3877.48 1.0974e-16
3883.00 9.8051e-17
3888.52 9.3936e-17
3894.04 1.158e-16
3899.56 1.0491e-16
3905.08 1.1529e-16
3910.59 9.5363e-17
3916.11 9.6216e-17
3921.63 9.3141e-17
3927.15 9.9365e-17
3932.67 9.9833e-17
3938.19 1.182e-16
3943.71 1.0138e-16
3949.23 1.0053e-16
3954.75 1.0961e-16
3960.27 9.8878e-17
3965.78 9.3065e-17
3971.30 9.5325e-17
3976.82 8.8796e-17
3982.34 9.1813e-17
3987.86 9.9897e-17
3993.38 9.8986e-17
3998.90 1.1747e-16
4004.42 1.1918e-16
4009.94 1.1798e-16
4015.46 9.5406e-17
4020.98 1.0507e-16
4026.49 9.0651e-17
4032.01 9.2694e-17
4037.53 1.085e-16
4043.05 1.0704e-16
4048.57 1.1474e-16
4054.09 1.1488e-16
4059.61 9.7105e-17
4065.13 9.7492e-17
4070.65 9.766e-17
4076.17 9.8973e-17
4081.69 9.868e-17
4087.20 1.0936e-16
4092.72 9.3285e-17
4098.24 1.0672e-16
4103.76 1.0307e-16
4109.28 9.7524e-17
4114.80 1.0821e-16
4120.32 9.2614e-17
4125.84 9.1867e-17
4131.36 1.0196e-16
4136.88 9.8846e-17
4142.40 1.0944e-16
4147.91 1.15e-16
4153.43 1.1124e-16
4158.95 9.67e-17
4164.47 1.0236e-16
4169.99 1.0263e-16
4175.51 9.5174e-17
4181.03 9.9697e-17
4186.55 9.6592e-17
4192.07 9.7817e-17
4197.59 1.1171e-16
4203.10 9.8902e-17
4208.62 9.92e-17
4214.14 9.0502e-17
4219.66 1.0576e-16
4225.18 1.0044e-16
4230.70 9.6114e-17
4236.22 1.0079e-16
4241.74 1.0675e-16
4247.26 1.0781e-16
4252.78 9.9773e-17
4258.30 1.0524e-16
4263.81 1.0621e-16
4269.33 8.945e-17
4274.85 1.1056e-16
4280.37 1.1105e-16
4285.89 9.695e-17
4291.41 8.8755e-17
4296.93 9.1103e-17
4302.45 1.0269e-16
4307.97 9.6845e-17
4313.49 1.0116e-16
4319.01 1.059e-16
4324.52 9.4143e-17
4330.04 1.0862e-16
4335.56 1.0582e-16
4341.08 9.516e-17
4346.60 9.1374e-17
4352.12 1.0329e-16
4357.64 9.3436e-17
4363.16 9.8153e-17
4368.68 9.8586e-17
4374.20 1.049e-16
4379.72 9.2489e-17
4385.23 1.0735e-16
4390.75 9.2208e-17
4396.27 1.16e-16
4401.79 1.0093e-16
4407.31 1.0045e-16
4412.83 1.1332e-16
4418.35 1.1322e-16
4423.87 1.0605e-16
4429.39 9.2686e-17
4434.91 1.0906e-16
4440.42 1.047e-16
4445.94 1.0731e-16
4451.46 1.0708e-16
4456.98 1.0563e-16
4462.50 8.8061e-17
4468.02 9.778e-17
4473.54 9.5248e-17
4479.06 1.0587e-16
4484.58 9.2131e-17
4490.10 9.0589e-17
4495.62 1.0509e-16
4501.13 9.827e-17
4506.65 9.601e-17
4512.17 1.0881e-16
4517.69 9.6038e-17
4523.21 9.8623e-17
4528.73 1.0199e-16
4534.25 9.3789e-17
4539.77 9.9105e-17
4545.29 8.7919e-17
4550.81 9.1495e-17
4556.33 1.037e-16
4561.84 9.497e-17
4567.36 1.0013e-16
4572.88 9.575e-17
4578.40 8.8245e-17
4583.92 9.7881e-17
4589.44 1.058e-16
4594.96 9.565e-17
4600.48 8.3233e-17
4606.00 8.9684e-17
4611.52 8.5092e-17
4617.04 9.2306e-17
4622.55 8.9334e-17
4628.07 9.0694e-17
4633.59 9.1714e-17
4639.11 9.3465e-17
4644.63 1.0043e-16
4650.15 1.0116e-16
4655.67 9.8282e-17
4661.19 1.0267e-16
4666.71 1.0601e-16
4672.23 1.0488e-16
4677.74 9.4216e-17
4683.26 1.0554e-16
4688.78 1.0198e-16
4694.30 8.6266e-17
4699.82 8.4208e-17
4705.34 9.5757e-17
4710.86 8.9606e-17
4716.38 1.0017e-16
4721.90 8.4575e-17
4727.42 8.9062e-17
4732.94 9.5298e-17
4738.45 8.8533e-17
4743.97 9.8368e-17
4749.49 9.7703e-17
4755.01 9.7084e-17
4760.53 8.8592e-17
4766.05 8.7997e-17
4771.57 8.7398e-17
4777.09 1.0206e-16
4782.61 8.8306e-17
4788.13 8.2859e-17
4793.65 9.3192e-17
4799.16 9.2292e-17
4804.68 8.6158e-17
4810.20 9.4755e-17
4815.72 9.444e-17
4821.24 9.0958e-17
4826.76 9.527e-17
4832.28 9.1152e-17
4837.80 8.3974e-17
4843.32 8.4499e-17
4848.84 8.7611e-17
4854.36 8.7115e-17
4859.87 8.3115e-17
4865.39 9.6188e-17
4870.91 8.9223e-17
4876.43 9.3712e-17
4881.95 9.0981e-17
4887.47 9.2425e-17
4892.99 8.9512e-17
4898.51 9.4149e-17
4904.03 9.8652e-17
4909.55 9.956e-17
4915.06 9.5535e-17
4920.58 9.8611e-17
4926.10 9.3372e-17
4931.62 9.827e-17
4937.14 9.3848e-17
4942.66 9.1791e-17
4948.18 8.9289e-17
4953.70 8.9672e-17
4959.22 9.2985e-17
4964.74 1.0022e-16
4970.26 9.1193e-17
4975.77 9.452e-17
4981.29 8.7229e-17
4986.81 8.4112e-17
4992.33 9.0715e-17
4997.85 7.9558e-17
5003.37 9.1534e-17
5008.89 8.2144e-17
5014.41 8.8212e-17
5019.93 8.3669e-17
5025.45 9.2086e-17
5030.97 9.5412e-17
5036.48 9.0091e-17
5042.00 8.6389e-17
5047.52 8.9513e-17
5053.04 8.8634e-17
5058.56 7.9832e-17
5064.08 8.7066e-17
5069.60 8.8842e-17
5075.12 8.3407e-17
5080.64 8.6406e-17
5086.16 9.0684e-17
5091.68 8.3336e-17
5097.19 8.278e-17
5102.71 7.979e-17
5108.23 7.8085e-17
5113.75 9.3212e-17
5119.27 8.4948e-17
5124.79 8.7832e-17
5130.31 9.3997e-17
5135.83 8.3234e-17
5141.35 8.2525e-17
5146.87 9.3421e-17
5152.38 8.3887e-17
5157.90 7.732e-17
5163.42 8.0384e-17
5168.94 8.0306e-17
5174.46 8.4017e-17
5179.98 9.136e-17
5185.50 8.7572e-17
5191.02 9.1644e-17
5196.54 8.5981e-17
5202.06 8.9164e-17
5207.58 9.0214e-17
5213.09 9.1448e-17
5218.61 1.1227e-16
5224.13 1.1915e-16
5229.65 9.5408e-17
5235.17 9.7606e-17
5240.69 9.8611e-17
5246.21 8.3865e-17
5251.73 8.6136e-17
5257.25 9.5159e-17
5262.77 8.9811e-17
5268.29 6.7185e-17
5273.80 7.909e-17
5279.32 8.3769e-17
5284.84 7.3359e-17
5290.36 7.9303e-17
5295.88 8.6801e-17
5301.40 8.9264e-17
5306.92 8.8875e-17
5312.44 8.2892e-17
5317.96 7.9e-17
5323.48 8.5289e-17
5329.00 9.4234e-17
5334.51 7.8864e-17
5340.03 7.8908e-17
5345.55 7.6719e-17
5351.07 7.9199e-17
5356.59 8.6066e-17
5362.11 7.8473e-17
5367.63 7.3584e-17
5373.15 8.8316e-17
5378.67 8.8994e-17
5384.19 8.3747e-17
5389.71 8.7672e-17
5395.22 8.6285e-17
5400.74 8.7644e-17
5406.26 8.2033e-17
5411.78 8.1025e-17
5417.30 8.628e-17
5422.82 8.4185e-17
5428.34 7.4858e-17
5433.86 8.0785e-17
5439.38 7.646e-17
5444.90 7.2438e-17
5450.41 7.1267e-17
5455.93 7.5862e-17
5461.45 7.7094e-17
5466.97 8.3985e-17
5472.49 7.184e-17
5478.01 8.0476e-17
5483.53 7.1376e-17
5489.05 8.4875e-17
5494.57 6.8987e-17
5500.09 8.9263e-17
5505.61 6.9163e-17
5511.12 6.2261e-17
5516.64 8.2362e-17
5522.16 7.227e-17
5527.68 7.5262e-17
5533.20 7.4393e-17
5538.72 8.1227e-17
5544.24 7.5127e-17
5549.76 7.853e-17
5555.28 7.7732e-17
5560.80 6.9036e-17
5566.32 8.1773e-17
5571.83 7.543e-17
5577.35 8.0491e-17
5582.87 8.2435e-17
5588.39 7.6548e-17
5593.91 7.578e-17
5599.43 9.688e-17
5604.95 8.4742e-17
5610.47 6.7216e-17
5615.99 7.9215e-17
5621.51 8.0657e-17
5627.03 7.7984e-17
5632.54 7.9081e-17
5638.06 8.2438e-17
5643.58 7.1723e-17
5649.10 7.5291e-17
5654.62 7.2372e-17
5660.14 6.5229e-17
5665.66 7.5146e-17
5671.18 7.6668e-17
5676.70 8.2263e-17
5682.22 6.9726e-17
5687.73 6.9651e-17
5693.25 7.9285e-17
5698.77 8.4034e-17
5704.29 8.0881e-17
5709.81 7.0146e-17
5715.33 6.5638e-17
5720.85 6.9662e-17
5726.37 6.4002e-17
5731.89 7.1888e-17
5737.41 6.2865e-17
5742.93 7.7098e-17
5748.44 7.2018e-17
5753.96 7.136e-17
5759.48 7.5624e-17
5765.00 7.7422e-17
5770.52 7.0918e-17
5776.04 7.902e-17
5781.56 7.1468e-17
5787.08 7.1319e-17
5792.60 6.7438e-17
5798.12 6.579e-17
5803.64 7.3744e-17
5809.15 6.9401e-17
5814.67 7.0389e-17
5820.19 7.5946e-17
5825.71 7.0546e-17
5831.23 6.7036e-17
5836.75 7.3025e-17
5842.27 5.8259e-17
5847.79 6.5724e-17
5853.31 7.7285e-17
5858.83 7.0395e-17
5864.35 7.5493e-17
5869.86 7.0165e-17
5875.38 6.324e-17
5880.90 6.2509e-17
5886.42 6.7281e-17
5891.94 6.8853e-17
5897.46 5.6065e-17
5902.98 6.6872e-17
5908.50 7.3152e-17
5914.02 6.4774e-17
5919.54 6.7738e-17
5925.05 7.0777e-17
5930.57 5.6548e-17
5936.09 6.3135e-17
5941.61 6.7066e-17
5947.13 5.9633e-17
5952.65 6.6214e-17
5958.17 7.1663e-17
5963.69 7.0199e-17
5969.21 7.108e-17
5974.73 6.13e-17
5980.25 6.2295e-17
5985.76 8.1258e-17
5991.28 6.6154e-17
5996.80 6.1176e-17
6002.32 6.6265e-17
6007.84 6.1181e-17
6013.36 6.8456e-17
6018.88 6.8184e-17
6024.40 6.3138e-17
6029.92 5.6873e-17
6035.44 7.0298e-17
6040.96 6.965e-17
6046.47 6.7558e-17
6051.99 6.4686e-17
6057.51 6.874e-17
6063.03 5.881e-17
6068.55 5.8072e-17
6074.07 6.4219e-17
6079.59 7.6318e-17
6085.11 7.2475e-17
6090.63 7.0219e-17
6096.15 7.0488e-17
6101.67 6.713e-17
6107.18 5.3492e-17
6112.70 5.9276e-17
6118.22 7.3816e-17
6123.74 6.1464e-17
6129.26 7.7591e-17
6134.78 7.1261e-17
6140.30 6.7054e-17
6145.82 7.2499e-17
6151.34 6.5929e-17
6156.86 6.1468e-17
6162.37 6.3191e-17
6167.89 6.1127e-17
6173.41 6.3524e-17
6178.93 6.1659e-17
6184.45 6.5075e-17
6189.97 6.4399e-17
6195.49 6.9912e-17
6201.01 6.7843e-17
6206.53 5.9692e-17
6212.05 6.06e-17
6217.57 5.756e-17
6223.08 6.1821e-17
6228.60 6.608e-17
6234.12 5.9085e-17
6239.64 6.1743e-17
6245.16 6.5206e-17
6250.68 5.8221e-17
6256.20 5.7526e-17
6261.72 5.8638e-17
6267.24 5.1057e-17
6272.76 5.886e-17
6278.28 5.5436e-17
6283.79 5.4269e-17
6289.31 5.6776e-17
6294.83 6.5463e-17
6300.35 6.954e-17
6305.87 6.6992e-17
6311.39 6.0556e-17
6316.91 6.0153e-17
6322.43 6.2077e-17
6327.95 5.6927e-17
6333.47 6.2679e-17
6338.99 6.3021e-17
6344.50 5.3568e-17
6350.02 6.6083e-17
6355.54 7.2979e-17
6361.06 6.1646e-17
6366.58 5.7343e-17
6372.10 6.9433e-17
6377.62 5.9833e-17
6383.14 5.2233e-17
6388.66 5.616e-17
6394.18 6.4253e-17
6399.69 6.2002e-17
6405.21 6.3692e-17
6410.73 6.6673e-17
6416.25 6.3914e-17
6421.77 6.134e-17
6427.29 6.0539e-17
6432.81 5.1365e-17
6438.33 5.9808e-17
6443.85 7.4587e-17
6449.37 6.219e-17
6454.89 5.5811e-17
6460.40 6.4695e-17
6465.92 6.0247e-17
6471.44 5.7215e-17
6476.96 6.583e-17
6482.48 6.0528e-17
6488.00 5.4524e-17
6493.52 6.3486e-17
6499.04 6.3025e-17
6504.56 5.639e-17
6510.08 5.7882e-17
6515.60 5.2575e-17
6521.11 5.6631e-17
6526.63 5.7854e-17
6532.15 5.4661e-17
6537.67 5.1081e-17
6543.19 5.6985e-17
6548.71 5.8699e-17
6554.23 6.0298e-17
6559.75 5.4012e-17
6565.27 5.789e-17
6570.79 5.565e-17
6576.31 5.912e-17
6581.82 6.4574e-17
6587.34 5.4582e-17
6592.86 5.5395e-17
6598.38 6.1735e-17
6603.90 5.6861e-17
6609.42 5.826e-17
6614.94 5.9969e-17
6620.46 5.3301e-17
6625.98 6.1294e-17
6631.50 5.5701e-17
6637.01 5.4384e-17
6642.53 5.6795e-17
6648.05 5.1711e-17
6653.57 6.1218e-17
6659.09 6.5443e-17
6664.61 5.4376e-17
6670.13 5.4633e-17
6675.65 5.7516e-17
6681.17 5.5698e-17
6686.69 4.7702e-17
6692.21 5.0735e-17
6697.72 6.3315e-17
6703.24 5.5068e-17
6708.76 5.9402e-17
6714.28 5.9013e-17
6719.80 5.744e-17
6725.32 6.0944e-17
6730.84 5.2378e-17
6736.36 4.815e-17
6741.88 4.4098e-17
6747.40 6.0921e-17
6752.92 6.0707e-17
6758.43 5.6308e-17
6763.95 5.4129e-17
6769.47 5.0607e-17
6774.99 5.9715e-17
6780.51 5.2934e-17
6786.03 4.0284e-17
6791.55 5.0797e-17
6797.07 5.2203e-17
6802.59 5.5501e-17
6808.11 5.2525e-17
6813.63 5.5317e-17
6819.14 6.2145e-17
6824.66 5.4837e-17
6830.18 5.9726e-17
6835.70 4.7188e-17
6841.22 4.4269e-17
6846.74 5.8145e-17
6852.26 5.7196e-17
6857.78 5.6227e-17
6863.30 4.943e-17
6868.82 3.833e-17
6874.33 4.2546e-17
6879.85 5.9445e-17
6885.37 6.7844e-17
6890.89 5.3515e-17
6896.41 5.6313e-17
6901.93 5.9601e-17
6907.45 4.5568e-17
6912.97 5.0634e-17
6918.49 5.5383e-17
6924.01 5.3076e-17
6929.53 4.6522e-17
6935.04 4.8654e-17
6940.56 4.4793e-17
6946.08 5.363e-17
6951.60 4.8989e-17
6957.12 4.889e-17
6962.64 4.3807e-17
6968.16 5.2987e-17
6973.68 5.3159e-17
6979.20 5.6954e-17
6984.72 5.7077e-17
6990.24 5.4469e-17
6995.75 5.7581e-17
7001.27 5.0063e-17
7006.79 4.6757e-17
7012.31 5.6794e-17
7017.83 6.4083e-17
7023.35 5.598e-17
7028.87 6.0135e-17
7034.39 6.8777e-17
7039.91 8.7613e-17
7045.43 1.1691e-16
7050.95 1.1934e-16
7056.46 1.1584e-16
7061.98 9.5789e-17
7067.50 6.3287e-17
7073.02 6.2599e-17
7078.54 6.1881e-17
7084.06 6.4742e-17
7089.58 4.8643e-17
7095.10 5.5021e-17
7100.62 5.1963e-17
7106.14 5.9057e-17
7111.66 5.4599e-17
7117.17 5.146e-17
7122.69 5.1715e-17
7128.21 4.7296e-17
7133.73 5.1876e-17
7139.25 4.7659e-17
7144.77 3.7534e-17
7150.29 4.0745e-17
7155.81 4.6486e-17
7161.33 4.8654e-17
7166.85 4.4663e-17
7172.36 3.212e-17
7177.88 3.7971e-17
7183.40 5.0305e-17
7188.92 4.9368e-17
7194.44 4.9921e-17
7199.96 4.7715e-17
7205.48 5.5914e-17
7211.00 5.4771e-17
7216.52 4.5128e-17
7222.04 5.2891e-17
7227.56 4.6864e-17
7233.07 5.7271e-17
7238.59 5.3379e-17
7244.11 6.0705e-17
7249.63 5.851e-17
7255.15 5.3891e-17
7260.67 5.8508e-17
7266.19 4.6699e-17
7271.71 3.9793e-17
7277.23 4.3289e-17
7282.75 4.6811e-17
7288.27 3.7465e-17
7293.78 4.7469e-17
7299.30 4.9463e-17
7304.82 4.0707e-17
7310.34 3.7404e-17
7315.86 4.5757e-17
7321.38 5.4011e-17
7326.90 4.762e-17
7332.42 4.333e-17
7337.94 5.8366e-17
7343.46 5.2279e-17
7348.98 4.4735e-17
7354.49 3.8418e-17
7360.01 5.4187e-17
7365.53 5.7766e-17
7371.05 4.6313e-17
7376.57 3.946e-17
7382.09 3.509e-17
7387.61 5.2711e-17
7393.13 3.3584e-17
7398.65 4.8386e-17
7404.17 5.7485e-17
7409.68 4.6171e-17
7415.20 3.9347e-17
7420.72 4.6877e-17
7426.24 4.2977e-17
7431.76 4.0555e-17
7437.28 5.5201e-17
7442.80 4.8579e-17
7448.32 4.6165e-17
7453.84 4.6661e-17
7459.36 3.7174e-17
7464.88 4.5344e-17
7470.39 4.8825e-17
7475.91 5.1217e-17
7481.43 4.7691e-17
7486.95 3.7721e-17
7492.47 3.9504e-17
7497.99 3.9728e-17
7503.51 4.1169e-17
7509.03 3.7584e-17
7514.55 4.608e-17
7520.07 3.4455e-17
7525.59 4.375e-17
7531.10 4.886e-17
7536.62 4.2612e-17
7542.14 4.3269e-17
7547.66 5.3102e-17
7553.18 5.2427e-17
7558.70 4.3742e-17
7564.22 4.7149e-17
7569.74 4.1319e-17
7575.26 3.8077e-17
7580.78 4.4417e-17
7586.30 4.4276e-17
7591.81 3.9802e-17
7597.33 3.8061e-17
7602.85 2.3575e-17
7608.37 9.4937e-18
7613.89 1.6001e-17
7619.41 3.3966e-17
7624.93 4.2431e-17
7630.45 3.8969e-17
7635.97 3.9905e-17
7641.49 2.9011e-17
7647.00 4.6236e-17
7652.52 4.1954e-17
7658.04 3.2646e-17
7663.56 3.1991e-17
7669.08 5.1507e-17
7674.60 5.1335e-17
7680.12 5.3766e-17
7685.64 4.074e-17
7691.16 4.4583e-17
7696.68 4.2236e-17
7702.20 3.6155e-17
7707.71 5.021e-17
7713.23 4.0885e-17
7718.75 4.1045e-17
7724.27 5.3097e-17
7729.79 4.1785e-17
7735.31 3.2425e-17
7740.83 4.0786e-17
7746.35 4.7979e-17
7751.87 3.9532e-17
7757.39 3.339e-17
7762.91 3.4826e-17
7768.42 3.8495e-17
7773.94 3.5762e-17
7779.46 4.5084e-17
7784.98 4.9943e-17
7790.50 3.23e-17
7796.02 4.3172e-17
7801.54 4.8706e-17
7807.06 3.5873e-17
7812.58 3.6067e-17
7818.10 5.0073e-17
7823.62 4.6818e-17
7829.13 4.6745e-17
7834.65 4.4897e-17
7840.17 3.1029e-17
7845.69 2.587e-17
7851.21 4.2556e-17
7856.73 4.6517e-17
7862.25 3.5555e-17
7867.77 3.7568e-17
7873.29 3.2772e-17
7878.81 4.1117e-17
7884.32 4.5397e-17
7889.84 3.6986e-17
7895.36 4.4261e-17
7900.88 3.5395e-17
7906.40 4.0607e-17
7911.92 4.4285e-17
7917.44 4.1793e-17
7922.96 3.9515e-17
7928.48 4.3095e-17
7934.00 3.601e-17
7939.52 5.007e-17
7945.03 5.2837e-17
7950.55 3.7223e-17
7956.07 3.7161e-17
7961.59 3.5763e-17
7967.11 3.6297e-17
7972.63 4.4459e-17
7978.15 3.6037e-17
7983.67 4.4969e-17
7989.19 6.3526e-17
7994.71 3.5516e-17
8000.23 3.1409e-17
8005.74 3.9415e-17
8011.26 3.3059e-17
8016.78 3.5405e-17
8022.30 4.3937e-17
8027.82 4.3926e-17
8033.34 4.2071e-17
8038.86 4.374e-17
8044.38 4.161e-17
8049.90 2.9593e-17
8055.42 4.174e-17
8060.94 4.4037e-17
8066.45 4.8515e-17
8071.97 3.0699e-17
8077.49 3.3931e-17
8083.01 4.484e-17
8088.53 3.6022e-17
8094.05 4.4084e-17
8099.57 5.7128e-17
8105.09 5.4802e-17
8110.61 4.6021e-17
8116.13 3.6643e-17
8121.64 4.7463e-17
8127.16 3.9129e-17
8132.68 4.091e-17
8138.20 3.3526e-17
8143.72 3.526e-17
8149.24 4.17e-17
8154.76 3.7967e-17
8160.28 3.5759e-17
8165.80 5.0905e-17
8171.32 4.6355e-17
8176.84 4.9652e-17
8182.35 5.3856e-17
8187.87 3.4093e-17
8193.39 2.3548e-17
8198.91 3.6423e-17
8204.43 3.3885e-17
8209.95 3.7333e-17
8215.47 3.9841e-17
8220.99 3.651e-17
8226.51 2.1661e-17
8232.03 1.2702e-17
8237.55 2.3965e-17
8243.06 3.9672e-17
8248.58 5.5488e-17
8254.10 4.6986e-17
8259.62 3.5194e-17
8265.14 2.761e-17
8270.66 2.7939e-17
8276.18 5.5439e-17
8281.70 3.736e-17
8287.22 3.5409e-17
8292.74 4.4532e-17
8298.26 4.9649e-17
8303.77 5.0553e-17
8309.29 3.3685e-17
8314.81 3.6308e-17
8320.33 3.322e-17
8325.85 3.1162e-17
8331.37 2.7859e-17
8336.89 4.6678e-17
8342.41 3.9484e-17
8347.93 1.8504e-17
8353.45 6.7299e-17
8358.96 2.8063e-17
8364.48 2.2383e-17
8370.00 3.4306e-17
8375.52 4.8841e-17
8381.04 1.9107e-17
8386.56 2.3367e-17
8392.08 3.7728e-17
8397.60 4.635e-17
8403.12 4.1377e-17
8408.64 1.0821e-17
8414.16 5.1377e-17
8419.67 3.6331e-17
8425.19 4.0136e-17
8430.71 3.7757e-17
8436.23 2.9675e-17
8441.75 4.0587e-17
8447.27 3.9238e-17
8452.79 2.5409e-17
8458.31 3.0601e-17
8463.83 5.0827e-17
8469.35 4.3182e-17
8474.87 3.3458e-17
8480.38 2.2108e-17
8485.90 3.9885e-17
8491.42 3.6132e-17
8496.94 2.611e-17
8502.46 3.8541e-17
8507.98 6.1926e-17
8513.50 3.5722e-17
8519.02 3.448e-17
8524.54 3.7337e-17
8530.06 2.7834e-17
8535.58 5.5553e-17
8541.09 3.239e-17
8546.61 3.5607e-17
8552.13 3.0873e-17
8557.65 2.2459e-17
8563.17 2.7185e-17
8568.69 3.1882e-17
8574.21 3.9441e-17
8579.73 3.9695e-17
8585.25 3.1102e-17
8590.77 3.3636e-17
8596.29 4.1066e-17
8601.80 3.6174e-17
8607.32 1.5283e-17
8612.84 2.4244e-17
8618.36 4.2262e-17
8623.88 4.7713e-17
8629.40 4.8874e-17
8634.92 3.9726e-17
8640.44 4.0505e-17
8645.96 2.338e-17
8651.48 1.8575e-17
8656.99 3.5286e-17
8662.51 4.1209e-17
8668.03 1.8246e-17
8673.55 1.3162e-17
8679.07 3.2436e-17
8684.59 2.2336e-17
8690.11 4.9749e-17
8695.63 2.5703e-17
8701.15 2.9174e-17
8706.67 4.1535e-17
8712.19 2.4641e-17
8717.70 2.3254e-17
8723.22 3.4141e-17
8728.74 2.1691e-17
8734.26 4.3312e-17
8739.78 3.8943e-17
8745.30 3.9855e-17
8750.82 3.0001e-17
8756.34 3.4679e-17
8761.86 3.7449e-17
8767.38 2.2802e-17
8772.90 2.3146e-17
8778.41 4.4781e-17
8783.93 3.2502e-17
8789.45 2.5361e-17
8794.97 3.6299e-17
8800.49 2.7645e-17
8806.01 3.0699e-17
8811.53 3.9887e-17
8817.05 3.9339e-17
8822.57 3.977e-17
8828.09 5.1071e-17
8833.61 4.3896e-17
8839.12 3.8864e-17
8844.64 3.4564e-17
8850.16 -1.1281e-17
8855.68 3.9741e-17
8861.20 3.5883e-17
8866.72 1.531e-17
8872.24 4.9855e-17
8877.76 3.7653e-17
8883.28 1.4988e-17
8888.80 2.1191e-17
8894.31 1.495e-17
8899.83 2.4148e-17
8905.35 3.3214e-17
8910.87 -2.2073e-17
8916.39 2.5832e-17
8921.91 2.2798e-17
8927.43 2.9151e-17
8932.95 4.6187e-17
8938.47 2.3353e-17
8943.99 2.6758e-17
8949.51 2.1918e-17
8955.02 5.1532e-17
8960.54 5.9014e-17
8966.06 2.7654e-17
8971.58 2.5533e-17
8977.10 2.6317e-17
8982.62 4.2075e-17
8988.14 4.3974e-17
8993.66 4.2899e-17
8999.18 2.3111e-17
9004.70 2.1749e-17
9010.22 7.1437e-17
9015.73 -1.1439e-17
9021.25 4.4176e-17
9026.77 3.641e-17
9032.29 3.4464e-17
9037.81 1.8152e-17
9043.33 4.8447e-17
9048.85 2.6906e-17
9054.37 2.475e-17
9059.89 8.2944e-18
9065.41 2.8736e-17
9070.93 2.9722e-17
9076.44 4.2858e-17
9081.96 4.2598e-17
9087.48 2.5043e-17
9093.00 3.503e-17
9098.52 5.2533e-17
9104.04 5.7301e-17
9109.56 4.6614e-17
9115.08 4.1929e-17
9120.60 2.6389e-17
9126.12 4.111e-17
9131.63 2.9838e-17
9137.15 8.7356e-18
9142.67 4.3755e-17
9148.19 2.9534e-17
9153.71 3.3136e-17
9159.23 4.24e-17
9164.75 2.2358e-17
9170.27 1.7945e-17
9175.79 3.1632e-17
9181.31 7.8335e-18
9186.83 2.678e-17
9192.34 1.6963e-17
9197.86 1.2816e-17
9203.38 4.3104e-17
9208.90 4.6708e-17
9214.42 6.6897e-17
9219.94 4.381e-17
9225.46 3.793e-17
9230.98 2.59e-17
9236.50 1.987e-17
9242.02 3.4549e-17
9247.54 8.1105e-18
