5200.00000 1.09400e-13
5205.00000 1.04220e-13
5210.00000 9.83890e-14
5215.00000 1.26630e-13
5220.00000 1.24590e-13
5225.00000 1.16280e-13
5230.00000 1.08550e-13
5235.00000 1.01480e-13
5240.00000 1.10540e-13
5245.00000 1.13830e-13
5250.00000 1.07410e-13
5255.00000 1.01780e-13
5260.00000 9.68660e-14
5265.00000 9.83040e-14
5270.00000 1.04670e-13
5275.00000 1.00660e-13
5280.00000 9.68510e-14
5285.00000 9.32450e-14
5290.00000 9.08830e-14
5295.00000 9.70500e-14
5300.00000 9.36720e-14
5305.00000 9.05010e-14
5310.00000 8.75290e-14
5315.00000 8.47460e-14
5320.00000 8.98590e-14
5325.00000 8.86080e-14
5330.00000 8.60900e-14
5335.00000 8.37440e-14
5340.00000 8.15630e-14
5345.00000 8.37360e-14
5350.00000 8.46820e-14
5355.00000 8.27080e-14
5360.00000 8.07960e-14
5365.00000 7.89500e-14
5370.00000 7.94840e-14
5375.00000 8.25030e-14
5380.00000 8.07340e-14
5385.00000 7.90520e-14
5390.00000 7.74600e-14
5395.00000 7.63100e-14
5400.00000 8.07870e-14
5405.00000 7.93550e-14
5410.00000 7.80210e-14
5415.00000 7.67830e-14
5420.00000 7.56420e-14
5425.00000 7.85640e-14
5430.00000 7.86340e-14
5435.00000 7.77240e-14
5440.00000 7.69160e-14
5445.00000 7.61590e-14
5450.00000 7.73360e-14
5455.00000 7.84100e-14
5460.00000 7.76960e-14
5465.00000 7.70060e-14
5470.00000 7.63390e-14
5475.00000 7.64510e-14
5480.00000 7.82590e-14
5485.00000 7.76320e-14
5490.00000 7.70270e-14
5495.00000 7.64410e-14
5500.00000 7.58760e-14
5505.00000 7.69080e-14
5510.00000 7.64430e-14
5515.00000 7.59220e-14
5520.00000 7.54180e-14
5525.00000 7.49310e-14
5530.00000 7.50480e-14
5535.00000 7.48780e-14
5540.00000 7.44340e-14
5545.00000 7.40060e-14
5550.00000 7.35930e-14
5555.00000 7.30350e-14
5560.00000 7.23960e-14
5565.00000 7.20270e-14
5570.00000 7.16720e-14
5575.00000 7.13310e-14
5580.00000 7.09860e-14
5585.00000 7.05120e-14
5590.00000 7.02080e-14
5595.00000 6.99170e-14
5600.00000 6.96370e-14
5605.00000 6.93690e-14
5610.00000 6.91030e-14
5615.00000 6.88550e-14
5620.00000 6.86210e-14
5625.00000 6.83950e-14
5630.00000 6.81720e-14
5635.00000 6.84290e-14
5640.00000 6.86930e-14
5645.00000 6.84780e-14
5650.00000 6.82650e-14
5655.00000 6.80560e-14
5660.00000 6.79930e-14
5665.00000 6.83850e-14
5670.00000 6.81830e-14
5675.00000 6.79830e-14
5680.00000 6.77870e-14
5685.00000 6.75930e-14
5690.00000 6.78320e-14
5695.00000 6.76970e-14
5700.00000 6.75090e-14
5705.00000 6.73230e-14
5710.00000 6.71400e-14
5715.00000 6.71550e-14
5720.00000 6.71190e-14
5725.00000 6.69410e-14
5730.00000 6.67650e-14
5735.00000 6.65910e-14
5740.00000 6.65890e-14
5745.00000 6.68890e-14
5750.00000 6.67180e-14
5755.00000 6.65490e-14
5760.00000 6.63820e-14
5765.00000 6.62150e-14
5770.00000 6.63080e-14
5775.00000 6.61580e-14
5780.00000 6.59950e-14
5785.00000 6.58330e-14
5790.00000 6.56720e-14
5795.00000 6.57370e-14
5800.00000 6.57110e-14
5805.00000 6.55520e-14
5810.00000 6.53940e-14
5815.00000 6.52380e-14
5820.00000 6.50450e-14
5825.00000 6.48030e-14
5830.00000 6.46520e-14
5835.00000 6.45010e-14
5840.00000 6.43520e-14
5845.00000 6.42040e-14
5850.00000 6.43550e-14
5855.00000 6.42170e-14
5860.00000 6.40740e-14
5865.00000 6.39320e-14
5870.00000 6.37910e-14
5875.00000 6.37890e-14
5880.00000 6.37270e-14
5885.00000 6.35910e-14
5890.00000 6.34570e-14
5895.00000 6.33240e-14
5900.00000 6.30180e-14
5905.00000 6.25000e-14
5910.00000 6.23740e-14
5915.00000 6.22500e-14
5920.00000 6.21270e-14
5925.00000 6.20070e-14
5930.00000 6.11950e-14
5935.00000 6.10610e-14
5940.00000 6.09470e-14
5945.00000 6.08360e-14
5950.00000 6.07260e-14
5955.00000 6.11160e-14
5960.00000 6.12980e-14
5965.00000 6.11940e-14
5970.00000 6.10910e-14
5975.00000 6.09900e-14
5980.00000 6.08580e-14
5985.00000 6.06780e-14
5990.00000 6.05840e-14
5995.00000 6.04920e-14
6000.00000 6.04030e-14
6005.00000 6.03150e-14
6010.00000 5.98600e-14
6015.00000 5.97530e-14
6020.00000 5.96720e-14
6025.00000 5.95920e-14
6030.00000 5.95140e-14
6035.00000 5.90630e-14
6040.00000 5.87260e-14
6045.00000 5.86540e-14
6050.00000 5.85830e-14
6055.00000 5.85130e-14
6060.00000 5.81950e-14
6065.00000 5.73060e-14
6070.00000 5.72390e-14
6075.00000 5.71740e-14
6080.00000 5.71090e-14
6085.00000 5.70450e-14
6090.00000 5.61190e-14
6095.00000 5.59340e-14
6100.00000 5.58730e-14
6105.00000 5.58130e-14
6110.00000 5.57530e-14
6115.00000 5.49080e-14
6120.00000 5.41040e-14
6125.00000 5.40480e-14
6130.00000 5.39930e-14
6135.00000 5.39380e-14
6140.00000 5.36620e-14
6145.00000 5.23310e-14
6150.00000 5.22800e-14
6155.00000 5.22300e-14
6160.00000 5.21800e-14
6165.00000 5.21300e-14
6170.00000 5.09300e-14
6175.00000 5.05580e-14
6180.00000 5.05120e-14
6185.00000 5.04660e-14
6190.00000 5.04210e-14
6195.00000 5.04400e-14
6200.00000 5.04890e-14
6205.00000 5.04450e-14
6210.00000 5.04030e-14
6215.00000 5.03610e-14
6220.00000 5.02990e-14
6225.00000 4.96200e-14
6230.00000 4.95810e-14
6235.00000 4.95430e-14
6240.00000 4.95060e-14
6245.00000 4.94690e-14
6250.00000 5.00490e-14
6255.00000 5.03370e-14
6260.00000 5.03020e-14
6265.00000 5.02670e-14
6270.00000 5.02330e-14
6275.00000 5.04290e-14
6280.00000 5.10060e-14
6285.00000 5.09720e-14
6290.00000 5.09390e-14
6295.00000 5.09060e-14
6300.00000 5.08740e-14
6305.00000 5.03540e-14
6310.00000 5.02610e-14
6315.00000 5.02300e-14
6320.00000 5.02000e-14
6325.00000 5.01690e-14
6330.00000 4.96560e-14
6335.00000 4.91460e-14
6340.00000 4.91170e-14
6345.00000 4.90870e-14
6350.00000 4.90580e-14
6355.00000 4.89250e-14
6360.00000 4.80560e-14
6365.00000 4.80270e-14
6370.00000 4.79980e-14
6375.00000 4.79700e-14
6380.00000 4.79410e-14
6385.00000 4.76030e-14
6390.00000 4.74510e-14
6395.00000 4.74220e-14
6400.00000 4.73930e-14
6405.00000 4.73640e-14
6410.00000 4.67840e-14
6415.00000 4.55770e-14
6420.00000 4.55470e-14
6425.00000 4.55170e-14
6430.00000 4.54870e-14
6435.00000 4.54570e-14
6440.00000 4.46110e-14
6445.00000 4.45070e-14
6450.00000 4.44770e-14
6455.00000 4.44470e-14
6460.00000 4.44160e-14
6465.00000 4.38170e-14
6470.00000 4.32480e-14
6475.00000 4.32190e-14
6480.00000 4.31900e-14
6485.00000 4.31610e-14
6490.00000 4.29280e-14
6495.00000 4.11920e-14
6500.00000 4.11650e-14
6505.00000 4.11390e-14
6510.00000 4.11130e-14
6515.00000 4.10870e-14
6520.00000 4.06300e-14
6525.00000 4.04180e-14
6530.00000 4.03950e-14
6535.00000 4.03720e-14
6540.00000 4.03490e-14
6545.00000 4.02220e-14
6550.00000 3.99350e-14
6555.00000 3.99150e-14
6560.00000 3.98960e-14
6565.00000 3.98770e-14
6570.00000 3.98600e-14
6575.00000 3.99460e-14
6580.00000 3.99460e-14
6585.00000 3.99310e-14
6590.00000 3.99170e-14
6595.00000 3.99050e-14
6600.00000 3.99250e-14
6605.00000 3.99550e-14
6610.00000 3.99440e-14
6615.00000 3.99350e-14
6620.00000 3.99260e-14
6625.00000 3.99050e-14
6630.00000 3.94250e-14
6635.00000 3.94170e-14
6640.00000 3.94110e-14
6645.00000 3.94050e-14
6650.00000 3.93990e-14
6655.00000 3.95470e-14
6660.00000 3.96450e-14
6665.00000 3.96410e-14
6670.00000 3.96380e-14
6675.00000 3.96350e-14
6680.00000 3.95550e-14
6685.00000 3.91760e-14
6690.00000 3.91750e-14
6695.00000 3.91750e-14
6700.00000 3.91760e-14
6705.00000 3.91770e-14
6710.00000 3.84620e-14
6715.00000 3.82160e-14
6720.00000 3.82210e-14
6725.00000 3.82280e-14
6730.00000 3.82370e-14
6735.00000 3.82750e-14
6740.00000 3.83500e-14
6745.00000 3.83620e-14
6750.00000 3.83750e-14
6755.00000 3.83900e-14
6760.00000 3.84060e-14
6765.00000 3.75160e-14
6770.00000 3.73970e-14
6775.00000 3.74160e-14
6780.00000 3.74360e-14
6785.00000 3.74570e-14
6790.00000 3.70240e-14
6795.00000 3.64420e-14
6800.00000 3.64660e-14
6805.00000 3.64910e-14
6810.00000 3.65170e-14
6815.00000 3.65450e-14
6820.00000 3.64820e-14
6825.00000 3.65110e-14
6830.00000 3.65430e-14
6835.00000 3.65760e-14
6840.00000 3.66100e-14
6845.00000 3.55200e-14
6850.00000 3.45980e-14
6855.00000 3.46330e-14
6860.00000 3.46690e-14
6865.00000 3.47060e-14
6870.00000 3.43500e-14
6875.00000 3.04820e-14
6880.00000 3.05160e-14
6885.00000 3.05510e-14
6890.00000 3.05870e-14
6895.00000 3.06230e-14
6900.00000 3.07750e-14
6905.00000 3.08770e-14
6910.00000 3.09150e-14
6915.00000 3.09530e-14
6920.00000 3.09920e-14
6925.00000 3.10810e-14
6930.00000 3.13450e-14
6935.00000 3.13840e-14
6940.00000 3.14240e-14
6945.00000 3.14640e-14
6950.00000 3.15030e-14
6955.00000 3.05930e-14
6960.00000 3.02760e-14
6965.00000 3.03140e-14
6970.00000 3.03520e-14
6975.00000 3.03890e-14
6980.00000 3.08770e-14
6985.00000 3.21450e-14
6990.00000 3.21840e-14
6995.00000 3.22220e-14
7000.00000 3.22610e-14
7005.00000 3.22980e-14
7010.00000 3.06710e-14
7015.00000 3.03030e-14
7020.00000 3.03370e-14
7025.00000 3.03710e-14
7030.00000 3.04040e-14
7035.00000 3.02450e-14
7040.00000 2.99040e-14
7045.00000 2.99360e-14
7050.00000 2.99670e-14
7055.00000 2.99980e-14
7060.00000 3.00290e-14
7065.00000 3.09580e-14
7070.00000 3.11220e-14
7075.00000 3.11530e-14
7080.00000 3.11840e-14
7085.00000 3.12150e-14
7090.00000 3.02830e-14
7095.00000 2.88680e-14
7100.00000 2.88960e-14
7105.00000 2.89240e-14
7110.00000 2.89510e-14
7115.00000 2.89790e-14
7120.00000 2.91240e-14
7125.00000 2.91600e-14
7130.00000 2.91880e-14
7135.00000 2.92150e-14
7140.00000 2.92430e-14
7145.00000 2.90920e-14
7150.00000 2.89020e-14
7155.00000 2.89290e-14
7160.00000 2.89560e-14
7165.00000 2.89830e-14
7170.00000 2.90100e-14
7175.00000 2.65060e-14
7180.00000 2.64540e-14
7185.00000 2.64790e-14
7190.00000 2.65040e-14
7195.00000 2.65290e-14
7200.00000 2.61220e-14
7205.00000 2.56950e-14
7210.00000 2.57200e-14
7215.00000 2.57440e-14
7220.00000 2.57670e-14
7225.00000 2.57890e-14
7230.00000 2.57480e-14
7235.00000 2.57680e-14
7240.00000 2.57890e-14
7245.00000 2.58080e-14
7250.00000 2.58270e-14
7255.00000 2.52830e-14
7260.00000 2.47750e-14
7265.00000 2.47920e-14
7270.00000 2.48080e-14
7275.00000 2.48240e-14
7280.00000 2.48250e-14
7285.00000 2.43070e-14
7290.00000 2.43220e-14
7295.00000 2.43370e-14
7300.00000 2.43520e-14
7305.00000 2.43670e-14
7310.00000 2.45860e-14
7315.00000 2.47790e-14
7320.00000 2.47940e-14
7325.00000 2.48090e-14
7330.00000 2.48250e-14
7335.00000 2.48550e-14
7340.00000 2.52080e-14
7345.00000 2.52250e-14
7350.00000 2.52420e-14
7355.00000 2.52600e-14
7360.00000 2.52780e-14
7365.00000 2.52380e-14
7370.00000 2.52070e-14
7375.00000 2.52280e-14
7380.00000 2.52480e-14
7385.00000 2.52700e-14
7390.00000 2.52240e-14
7395.00000 2.37510e-14
7400.00000 2.37740e-14
7405.00000 2.37980e-14
7410.00000 2.38230e-14
7415.00000 2.38490e-14
7420.00000 2.35980e-14
7425.00000 2.33900e-14
7430.00000 2.34190e-14
7435.00000 2.34510e-14
7440.00000 2.34840e-14
7445.00000 2.35270e-14
7450.00000 2.37730e-14
7455.00000 2.38120e-14
7460.00000 2.38540e-14
7465.00000 2.38970e-14
7470.00000 2.39400e-14
7475.00000 2.36120e-14
7480.00000 2.33260e-14
7485.00000 2.33700e-14
7490.00000 2.34150e-14
7495.00000 2.34600e-14
7500.00000 2.34670e-14
7505.00000 2.16910e-14
7510.00000 2.17350e-14
7515.00000 2.17790e-14
7520.00000 2.18240e-14
7525.00000 2.18700e-14
7530.00000 2.16430e-14
7535.00000 2.14250e-14
7540.00000 2.14720e-14
7545.00000 2.15200e-14
7550.00000 2.15690e-14
7555.00000 2.16180e-14
7560.00000 2.18090e-14
7565.00000 2.18610e-14
7570.00000 2.19130e-14
7575.00000 2.19670e-14
7580.00000 2.20210e-14
7585.00000 2.00550e-14
7590.00000 1.78940e-14
7595.00000 1.79400e-14
7600.00000 1.79880e-14
7605.00000 1.80360e-14
7610.00000 1.80850e-14
7615.00000 1.08200e-14
7620.00000 1.05390e-14
7625.00000 1.05690e-14
7630.00000 1.05990e-14
7635.00000 1.06300e-14
7640.00000 1.17660e-14
7645.00000 1.32230e-14
7650.00000 1.32620e-14
7655.00000 1.33020e-14
7660.00000 1.33420e-14
7665.00000 1.33830e-14
7670.00000 1.73620e-14
7675.00000 1.77850e-14
7680.00000 1.78410e-14
7685.00000 1.78970e-14
7690.00000 1.79540e-14
7695.00000 1.77810e-14
7700.00000 1.74740e-14
7705.00000 1.75310e-14
7710.00000 1.75890e-14
7715.00000 1.76470e-14
7720.00000 1.77050e-14
7725.00000 1.82520e-14
7730.00000 1.83920e-14
7735.00000 1.84550e-14
7740.00000 1.85170e-14
7745.00000 1.85800e-14
7750.00000 1.94980e-14
7755.00000 2.12980e-14
7760.00000 2.13720e-14
7765.00000 2.14460e-14
7770.00000 2.15210e-14
7775.00000 2.15960e-14
7780.00000 1.97610e-14
7785.00000 1.93460e-14
7790.00000 1.94140e-14
7795.00000 1.94820e-14
7800.00000 1.95510e-14
7805.00000 1.94690e-14
7810.00000 1.91120e-14
7815.00000 1.91800e-14
7820.00000 1.92490e-14
7825.00000 1.93180e-14
7830.00000 1.93880e-14
7835.00000 2.02410e-14
7840.00000 2.06090e-14
7845.00000 2.06850e-14
7850.00000 2.07600e-14
7855.00000 2.08360e-14
7860.00000 2.06290e-14
7865.00000 1.94740e-14
7870.00000 1.95460e-14
7875.00000 1.96180e-14
7880.00000 1.96910e-14
7885.00000 1.97650e-14
7890.00000 1.85780e-14
7895.00000 1.79590e-14
7900.00000 1.80260e-14
7905.00000 1.80940e-14
7910.00000 1.81620e-14
7915.00000 1.83310e-14
7920.00000 1.92740e-14
7925.00000 1.93460e-14
7930.00000 1.94190e-14
7935.00000 1.94930e-14
7940.00000 1.95670e-14
7945.00000 1.95650e-14
7950.00000 1.95780e-14
7955.00000 1.96530e-14
7960.00000 1.97270e-14
7965.00000 1.98020e-14
7970.00000 1.98490e-14
7975.00000 1.75240e-14
7980.00000 1.75930e-14
7985.00000 1.76630e-14
7990.00000 1.77340e-14
7995.00000 1.78070e-14
8000.00000 1.75290e-14
8005.00000 1.71920e-14
8010.00000 1.72650e-14
8015.00000 1.73390e-14
8020.00000 1.74140e-14
8025.00000 1.74900e-14
8030.00000 1.77100e-14
8035.00000 1.78020e-14
8040.00000 1.78830e-14
8045.00000 1.79640e-14
8050.00000 1.80460e-14
8055.00000 1.77030e-14
8060.00000 1.70200e-14
8065.00000 1.71000e-14
8070.00000 1.71800e-14
8075.00000 1.72610e-14
8080.00000 1.73430e-14
8085.00000 1.66460e-14
8090.00000 1.65340e-14
8095.00000 1.66140e-14
8100.00000 1.66940e-14
8105.00000 1.67750e-14
8110.00000 1.70110e-14
8115.00000 1.75690e-14
8120.00000 1.76550e-14
8125.00000 1.77410e-14
8130.00000 1.78270e-14
8135.00000 1.79140e-14
8140.00000 1.68870e-14
8145.00000 1.64610e-14
8150.00000 1.65410e-14
8155.00000 1.66210e-14
8160.00000 1.67020e-14
8165.00000 1.66490e-14
8170.00000 1.58160e-14
8175.00000 1.58910e-14
8180.00000 1.59670e-14
8185.00000 1.60420e-14
8190.00000 1.61170e-14
8195.00000 1.63670e-14
8200.00000 1.65780e-14
8205.00000 1.66540e-14
8210.00000 1.67290e-14
8215.00000 1.68040e-14
8220.00000 1.68780e-14
8225.00000 1.61660e-14
8230.00000 1.62350e-14
8235.00000 1.63050e-14
8240.00000 1.63730e-14
8245.00000 1.64410e-14
8250.00000 1.65000e-14
8255.00000 1.65560e-14
8260.00000 1.66220e-14
8265.00000 1.66860e-14
8270.00000 1.67500e-14
8275.00000 1.68130e-14
8280.00000 1.57080e-14
8285.00000 1.55830e-14
8290.00000 1.56380e-14
8295.00000 1.56910e-14
8300.00000 1.57450e-14
8305.00000 1.55020e-14
8310.00000 1.48490e-14
8315.00000 1.49000e-14
8320.00000 1.49500e-14
8325.00000 1.50020e-14
8330.00000 1.50530e-14
8335.00000 1.52180e-14
8340.00000 1.53130e-14
8345.00000 1.53670e-14
8350.00000 1.54200e-14
8355.00000 1.54740e-14
8360.00000 1.54800e-14
8365.00000 1.52630e-14
8370.00000 1.53170e-14
8375.00000 1.53720e-14
8380.00000 1.54280e-14
8385.00000 1.54840e-14
8390.00000 1.45700e-14
8395.00000 1.39090e-14
8400.00000 1.39600e-14
8405.00000 1.40120e-14
8410.00000 1.40650e-14
8415.00000 1.41180e-14
8420.00000 1.34880e-14
8425.00000 1.35400e-14
8430.00000 1.35910e-14
8435.00000 1.36440e-14
8440.00000 1.36960e-14
8445.00000 1.38830e-14
8450.00000 1.41210e-14
8455.00000 1.41760e-14
8460.00000 1.42310e-14
8465.00000 1.42870e-14
8470.00000 1.43440e-14
8475.00000 1.45190e-14
8480.00000 1.45990e-14
8485.00000 1.46580e-14
8490.00000 1.47160e-14
8495.00000 1.47750e-14
8500.00000 1.44810e-14
8505.00000 1.35330e-14
8510.00000 1.35880e-14
8515.00000 1.36430e-14
8520.00000 1.36990e-14
8525.00000 1.37550e-14
8530.00000 1.25450e-14
8535.00000 1.19930e-14
8540.00000 1.20420e-14
8545.00000 1.20920e-14
8550.00000 1.21420e-14
8555.00000 1.21050e-14
8560.00000 1.13140e-14
8565.00000 1.13610e-14
8570.00000 1.14080e-14
8575.00000 1.14550e-14
8580.00000 1.15030e-14
8585.00000 1.18040e-14
8590.00000 1.20990e-14
8595.00000 1.21500e-14
8600.00000 1.22010e-14
8605.00000 1.22520e-14
8610.00000 1.23040e-14
8615.00000 1.34910e-14
8620.00000 1.36470e-14
8625.00000 1.37040e-14
8630.00000 1.37620e-14
8635.00000 1.38210e-14
8640.00000 1.38580e-14
8645.00000 1.38730e-14
8650.00000 1.39330e-14
8655.00000 1.39930e-14
8660.00000 1.40530e-14
8665.00000 1.41140e-14
8670.00000 1.30780e-14
8675.00000 1.27500e-14
8680.00000 1.28050e-14
8685.00000 1.28610e-14
8690.00000 1.29180e-14
8695.00000 1.27710e-14
8700.00000 1.16560e-14
8705.00000 1.17080e-14
8710.00000 1.17600e-14
8715.00000 1.18120e-14
8720.00000 1.18650e-14
8725.00000 1.19320e-14
8730.00000 1.19970e-14
8735.00000 1.20510e-14
8740.00000 1.21060e-14
8745.00000 1.21610e-14
8750.00000 1.22160e-14
8755.00000 1.31140e-14
8760.00000 1.32080e-14
8765.00000 1.32690e-14
8770.00000 1.33300e-14
8775.00000 1.33920e-14
8780.00000 1.36670e-14
8785.00000 1.41020e-14
8790.00000 1.41680e-14
8795.00000 1.42350e-14
8800.00000 1.43020e-14
8805.00000 1.43700e-14
8810.00000 1.45630e-14
8815.00000 1.46700e-14
8820.00000 1.47400e-14
8825.00000 1.48110e-14
8830.00000 1.48820e-14
8835.00000 1.48380e-14
8840.00000 1.43390e-14
8845.00000 1.44090e-14
8850.00000 1.44790e-14
8855.00000 1.45510e-14
8860.00000 1.46220e-14
8865.00000 1.41510e-14
8870.00000 1.38100e-14
8875.00000 1.38790e-14
8880.00000 1.39480e-14
8885.00000 1.40180e-14
8890.00000 1.40890e-14
8895.00000 1.36280e-14
8900.00000 1.36810e-14
8905.00000 1.37510e-14
8910.00000 1.38220e-14
8915.00000 1.38930e-14
8920.00000 1.35540e-14
8925.00000 1.29120e-14
8930.00000 1.29790e-14
8935.00000 1.30470e-14
8940.00000 1.31160e-14
8945.00000 1.31860e-14
8950.00000 1.24190e-14
8955.00000 1.22250e-14
8960.00000 1.22910e-14
8965.00000 1.23580e-14
8970.00000 1.24250e-14
8975.00000 1.23530e-14
8980.00000 1.16790e-14
8985.00000 1.17440e-14
8990.00000 1.18090e-14
8995.00000 1.18740e-14
9000.00000 1.18120e-14
9005.00000 1.19750e-14
9010.00000 1.21210e-14
9015.00000 1.21900e-14
9020.00000 1.22590e-14
9025.00000 1.23300e-14
9030.00000 1.24010e-14
9035.00000 1.22520e-14
9040.00000 1.23110e-14
9045.00000 1.23830e-14
9050.00000 1.24560e-14
9055.00000 1.25310e-14
9060.00000 1.25810e-14
9065.00000 1.26100e-14
9070.00000 1.26860e-14
9075.00000 1.27630e-14
9080.00000 1.28410e-14
9085.00000 1.29200e-14
9090.00000 1.22920e-14
9095.00000 1.21040e-14
9100.00000 1.21800e-14
9105.00000 1.22570e-14
9110.00000 1.23350e-14
9115.00000 1.22400e-14
9120.00000 1.10380e-14
9125.00000 1.11090e-14
9130.00000 1.11810e-14
9135.00000 1.12540e-14
9140.00000 1.13290e-14
9145.00000 1.09940e-14
9150.00000 1.06680e-14
9155.00000 1.07400e-14
9160.00000 1.08130e-14
9165.00000 1.08860e-14
9170.00000 1.09610e-14
9175.00000 1.16820e-14
9180.00000 1.18390e-14
9185.00000 1.19220e-14
9190.00000 1.20060e-14
9195.00000 1.20910e-14
9200.00000 1.22250e-14
9205.00000 1.24340e-14
9210.00000 1.25250e-14
9215.00000 1.26160e-14
9220.00000 1.27100e-14
9225.00000 1.28040e-14
9230.00000 1.25180e-14
9235.00000 1.24220e-14
9240.00000 1.25160e-14
9245.00000 1.26100e-14
9250.00000 1.27050e-14
9255.00000 1.27240e-14
9260.00000 1.14920e-14
9265.00000 1.15790e-14
9270.00000 1.16660e-14
9275.00000 1.17540e-14
9280.00000 1.18430e-14
9285.00000 1.11380e-14
9290.00000 1.02030e-14
9295.00000 1.02800e-14
9300.00000 1.03580e-14
9305.00000 1.04360e-14
9310.00000 1.05150e-14
9315.00000 8.77520e-15
9320.00000 8.44800e-15
9325.00000 8.51210e-15
9330.00000 8.57670e-15
9335.00000 8.64200e-15
9340.00000 8.48190e-15
9345.00000 7.66890e-15
9350.00000 7.72750e-15
9355.00000 7.78660e-15
9360.00000 7.84630e-15
9365.00000 7.90660e-15
9370.00000 7.69990e-15
9375.00000 7.57020e-15
9380.00000 7.62870e-15
9385.00000 7.68790e-15
9390.00000 7.74770e-15
9395.00000 7.80810e-15
9400.00000 7.59480e-15
9405.00000 7.64560e-15
9410.00000 7.70580e-15
9415.00000 7.76660e-15
9420.00000 7.82820e-15
9425.00000 7.68800e-15
9430.00000 7.36900e-15
9435.00000 7.42810e-15
9440.00000 7.48800e-15
9445.00000 7.54860e-15
9450.00000 7.61000e-15
9455.00000 6.92210e-15
9460.00000 6.69780e-15
9465.00000 6.75310e-15
9470.00000 6.80920e-15
9475.00000 6.86600e-15
9480.00000 6.91680e-15
9485.00000 6.91790e-15
9490.00000 6.97670e-15
9495.00000 7.03650e-15
9500.00000 7.09710e-15
9505.00000 7.15870e-15
9510.00000 6.92000e-15
9515.00000 6.65970e-15
9520.00000 6.71880e-15
9525.00000 6.77880e-15
9530.00000 6.84000e-15
9535.00000 6.90210e-15
9540.00000 6.38500e-15
9545.00000 6.35160e-15
9550.00000 6.41090e-15
9555.00000 6.47130e-15
9560.00000 6.53290e-15
9565.00000 6.59950e-15
9570.00000 6.67590e-15
9575.00000 6.74140e-15
9580.00000 6.80820e-15
9585.00000 6.87640e-15
9590.00000 6.94600e-15
9595.00000 7.19370e-15
9600.00000 7.37890e-15
9605.00000 7.45630e-15
9610.00000 7.53550e-15
9615.00000 7.61650e-15
9620.00000 7.69950e-15
9625.00000 7.54500e-15
9630.00000 7.62770e-15
9635.00000 7.71430e-15
9640.00000 7.80390e-15
9645.00000 7.64630e-15
9650.00000 7.49810e-15
9655.00000 7.23320e-15
9660.00000 7.22230e-15
9665.00000 7.21140e-15
9670.00000 7.20050e-15
9675.00000 7.18950e-15
9680.00000 6.75760e-15
9685.00000 6.59780e-15
9690.00000 6.58770e-15
9695.00000 6.57770e-15
9700.00000 6.56760e-15
9705.00000 6.61300e-15
9710.00000 7.04910e-15
9715.00000 7.03820e-15
9720.00000 7.02740e-15
9725.00000 7.01660e-15
9730.00000 7.00570e-15
9735.00000 7.40990e-15
9740.00000 7.89370e-15
9745.00000 7.88140e-15
9750.00000 7.86920e-15
9755.00000 7.85690e-15
9760.00000 7.84470e-15
9765.00000 7.46960e-15
9770.00000 7.40620e-15
9775.00000 7.39460e-15
9780.00000 7.38300e-15
9785.00000 7.37140e-15
9790.00000 7.37370e-15
9795.00000 7.40910e-15
9800.00000 7.39740e-15
9805.00000 7.38580e-15
9810.00000 7.37410e-15
9815.00000 7.36240e-15
9820.00000 7.19460e-15
9825.00000 7.07370e-15
9830.00000 7.06240e-15
9835.00000 7.05120e-15
9840.00000 7.03990e-15
9845.00000 7.02860e-15
9850.00000 7.10620e-15
9855.00000 7.09650e-15
9860.00000 7.08510e-15
9865.00000 7.07370e-15
9870.00000 7.06230e-15
9875.00000 6.57950e-15
9880.00000 5.77990e-15
9885.00000 5.77050e-15
9890.00000 5.76110e-15
9895.00000 5.75170e-15
9900.00000 5.74240e-15
9905.00000 6.20990e-15
9910.00000 6.42320e-15
9915.00000 6.41260e-15
9920.00000 6.40210e-15
9925.00000 6.39160e-15
9930.00000 6.40320e-15
9935.00000 6.59130e-15
9940.00000 6.58040e-15
9945.00000 6.56950e-15
9950.00000 6.55870e-15
9955.00000 6.54780e-15
9960.00000 6.52530e-15
9965.00000 6.50120e-15
9970.00000 6.49030e-15
9975.00000 6.47950e-15
9980.00000 6.46870e-15
9985.00000 6.45780e-15
9990.00000 7.28440e-15
9995.00000 7.44590e-15
10000.00000 7.43340e-15
10005.00000 7.42090e-15
10010.00000 7.40830e-15
10015.00000 7.15400e-15
10020.00000 6.34560e-15
10025.00000 6.33490e-15
10030.00000 6.32410e-15
10035.00000 6.31330e-15
10040.00000 6.30250e-15
10045.00000 6.53130e-15
10050.00000 6.69030e-15
10055.00000 6.67890e-15
10060.00000 6.66740e-15
10065.00000 6.65590e-15
10070.00000 6.64440e-15
10075.00000 7.05170e-15
10080.00000 7.05770e-15
10085.00000 7.04550e-15
10090.00000 7.03320e-15
10095.00000 7.02100e-15
10100.00000 6.96230e-15
10105.00000 6.86960e-15
10110.00000 6.85760e-15
10115.00000 6.84560e-15
10120.00000 6.83360e-15
10125.00000 6.82160e-15
10130.00000 7.41790e-15
10135.00000 7.64160e-15
10140.00000 7.62810e-15
10145.00000 7.61370e-15
10150.00000 7.60350e-15
10155.00000 7.62450e-15
10160.00000 8.00620e-15
10165.00000 7.99540e-15
10170.00000 7.98470e-15
10175.00000 7.97390e-15
10180.00000 7.96310e-15
10185.00000 7.92960e-15
10190.00000 7.89470e-15
10195.00000 7.88400e-15
10200.00000 7.87330e-15
10205.00000 7.86260e-15
10210.00000 7.85190e-15
10215.00000 8.43760e-15
10220.00000 8.56240e-15
10225.00000 8.55070e-15
10230.00000 8.53900e-15
10235.00000 8.52730e-15
10240.00000 8.44520e-15
10245.00000 8.14430e-15
10250.00000 8.13310e-15
10255.00000 8.12200e-15
10260.00000 8.11080e-15
10265.00000 8.09960e-15
10270.00000 8.21280e-15
10275.00000 8.29700e-15
10280.00000 8.28550e-15
10285.00000 8.27400e-15
10290.00000 8.26250e-15
10295.00000 8.25100e-15
10300.00000 8.24190e-15
10305.00000 8.23060e-15
10310.00000 8.21910e-15
10315.00000 8.20760e-15
10320.00000 8.19610e-15
10325.00000 8.11950e-15
10330.00000 7.95640e-15
10335.00000 7.94520e-15
10340.00000 7.93400e-15
10345.00000 7.92280e-15
10350.00000 7.91160e-15
10355.00000 7.88020e-15
10360.00000 7.85880e-15
10365.00000 7.84770e-15
10370.00000 7.83650e-15
10375.00000 7.82530e-15
10380.00000 7.80860e-15
10385.00000 7.58540e-15
10390.00000 7.57460e-15
10395.00000 7.56370e-15
10400.00000 7.55290e-15
10405.00000 7.54200e-15
10410.00000 7.48490e-15
10415.00000 7.40500e-15
10420.00000 7.39430e-15
10425.00000 7.38360e-15
10430.00000 7.37290e-15
10435.00000 7.36220e-15
10440.00000 7.23680e-15
10445.00000 7.19340e-15
10450.00000 7.18290e-15
10455.00000 7.17250e-15
10460.00000 7.16200e-15
10465.00000 7.15120e-15
10470.00000 7.13840e-15
10475.00000 7.12790e-15
10480.00000 7.11750e-15
10485.00000 7.10700e-15
10490.00000 7.09650e-15
10495.00000 7.15830e-15
10500.00000 7.21800e-15
10505.00000 7.20730e-15
10510.00000 7.19670e-15
10515.00000 7.18600e-15
10520.00000 7.17530e-15
10525.00000 7.01130e-15
10530.00000 6.98090e-15
10535.00000 6.97050e-15
10540.00000 6.96010e-15
10545.00000 6.94960e-15
10550.00000 6.96330e-15
10555.00000 7.02400e-15
10560.00000 7.01350e-15
10565.00000 7.00290e-15
10570.00000 6.99230e-15
10575.00000 6.98180e-15
10580.00000 6.99460e-15
10585.00000 6.99810e-15
10590.00000 6.98750e-15
10595.00000 6.97680e-15
10600.00000 6.96620e-15
10605.00000 6.95560e-15
10610.00000 7.23800e-15
10615.00000 7.22740e-15
10620.00000 7.21630e-15
10625.00000 7.20530e-15
10630.00000 7.19420e-15
10635.00000 7.23930e-15
10640.00000 7.32610e-15
10645.00000 7.31480e-15
10650.00000 7.30350e-15
10655.00000 7.29220e-15
10660.00000 7.28090e-15
10665.00000 7.13880e-15
10670.00000 7.08380e-15
10675.00000 7.07270e-15
10680.00000 7.06170e-15
10685.00000 7.05070e-15
10690.00000 7.05130e-15
10695.00000 7.12820e-15
10700.00000 7.11700e-15
10705.00000 7.10580e-15
10710.00000 7.09460e-15
10715.00000 7.08340e-15
10720.00000 7.13720e-15
10725.00000 7.19380e-15
10730.00000 7.18240e-15
10735.00000 7.16950e-15
10740.00000 7.15660e-15
10745.00000 7.14380e-15
10750.00000 7.18490e-15
10755.00000 7.18030e-15
10760.00000 7.16730e-15
10765.00000 7.15440e-15
10770.00000 7.14140e-15
10775.00000 7.12920e-15
10780.00000 7.11860e-15
10785.00000 7.10560e-15
10790.00000 7.09260e-15
10795.00000 7.07960e-15
10800.00000 7.06660e-15
10805.00000 7.04590e-15
10810.00000 7.02810e-15
10815.00000 7.01510e-15
10820.00000 7.00210e-15
10825.00000 6.98920e-15
10830.00000 6.97620e-15
10835.00000 6.98670e-15
10840.00000 6.97380e-15
10845.00000 6.96080e-15
10850.00000 6.94770e-15
10855.00000 6.93470e-15
10860.00000 6.97920e-15
10865.00000 7.06670e-15
10870.00000 7.05330e-15
10875.00000 7.04000e-15
10880.00000 7.02670e-15
10885.00000 7.01340e-15
10890.00000 6.80560e-15
10895.00000 6.72790e-15
10900.00000 6.71510e-15
10905.00000 6.70220e-15
10910.00000 6.68940e-15
10915.00000 6.65870e-15
10920.00000 6.52590e-15
10925.00000 6.51330e-15
10930.00000 6.50080e-15
10935.00000 6.48820e-15
10940.00000 6.47570e-15
10945.00000 6.38400e-15
10950.00000 6.29450e-15
10955.00000 6.28220e-15
10960.00000 6.27000e-15
10965.00000 6.25770e-15
10970.00000 6.24550e-15
10975.00000 6.14770e-15
10980.00000 6.12450e-15
10985.00000 6.11250e-15
10990.00000 6.10040e-15
10995.00000 6.08830e-15
