3930.00 2.5819e-09
3934.00 2.4926e-09
3938.00 2.7536e-09
3942.00 2.356e-09
3946.00 1.9723e-09
3950.00 1.9885e-09
3954.00 2.4001e-09
3958.00 2.8419e-09
3962.00 2.4721e-09
3966.00 2.4143e-09
3970.00 2.744e-09
3974.00 2.6617e-09
3978.00 2.3933e-09
3982.00 2.4348e-09
3986.00 2.7807e-09
3990.00 2.7734e-09
3994.00 2.5099e-09
3998.00 2.2623e-09
4002.00 1.9722e-09
4006.00 2.0058e-09
4010.00 2.1156e-09
4014.00 2.3061e-09
4018.00 2.2403e-09
4022.00 2.0459e-09
4026.00 2.4164e-09
4030.00 2.7621e-09
4034.00 2.3962e-09
4038.00 2.3024e-09
4042.00 2.3028e-09
4046.00 1.81e-09
4050.00 1.9027e-09
4054.00 2.1692e-09
4058.00 2.2132e-09
4062.00 2.204e-09
4066.00 2.1555e-09
4070.00 2.3923e-09
4074.00 2.416e-09
4078.00 2.3034e-09
4082.00 2.007e-09
4086.00 1.9144e-09
4090.00 2.197e-09
4094.00 2.5865e-09
4098.00 2.5657e-09
4102.00 2.3335e-09
4106.00 2.4687e-09
4110.00 2.184e-09
4114.00 2.182e-09
4118.00 2.5271e-09
4122.00 2.2424e-09
4126.00 2.3644e-09
4130.00 2.5682e-09
4134.00 2.7582e-09
4138.00 3.1092e-09
4142.00 2.588e-09
4146.00 2.4874e-09
4150.00 2.6594e-09
4154.00 2.6141e-09
4158.00 2.7776e-09
4162.00 2.771e-09
4166.00 1.9391e-09
4170.00 1.6866e-09
4174.00 2.0997e-09
4178.00 2.2237e-09
4182.00 2.0796e-09
4186.00 2.3361e-09
4190.00 2.2192e-09
4194.00 2.0765e-09
4198.00 2.1978e-09
4202.00 1.9221e-09
4206.00 1.965e-09
4210.00 2.289e-09
4214.00 2.3653e-09
4218.00 2.0044e-09
4222.00 2.0363e-09
4226.00 1.9839e-09
4230.00 1.6698e-09
4234.00 1.8459e-09
4238.00 2.1806e-09
4242.00 1.9873e-09
4246.00 2.1703e-09
4250.00 2.0696e-09
4254.00 1.9637e-09
4258.00 1.7537e-09
4262.00 1.7096e-09
4266.00 2.0684e-09
4270.00 2.0626e-09
4274.00 1.9042e-09
4278.00 1.5719e-09
4282.00 1.7969e-09
4286.00 1.6542e-09
4290.00 1.8527e-09
4294.00 1.8449e-09
4298.00 1.5569e-09
4302.00 1.7788e-09
4306.00 2.0946e-09
4310.00 1.9619e-09
4314.00 1.9302e-09
4318.00 1.8499e-09
4322.00 1.7695e-09
4326.00 1.9634e-09
4330.00 1.6752e-09
4334.00 1.5543e-09
4338.00 1.6882e-09
4342.00 1.6543e-09
4346.00 1.5032e-09
4350.00 1.5292e-09
4354.00 1.6883e-09
4358.00 1.5029e-09
4362.00 1.4672e-09
4366.00 1.6951e-09
4370.00 1.617e-09
4374.00 1.6066e-09
4378.00 1.4989e-09
4382.00 1.4743e-09
4386.00 1.6304e-09
4390.00 1.6954e-09
4394.00 1.7438e-09
4398.00 1.8649e-09
4402.00 1.6369e-09
4406.00 1.8378e-09
4410.00 2.023e-09
4414.00 1.7573e-09
4418.00 1.857e-09
4422.00 1.6125e-09
4426.00 1.6066e-09
4430.00 1.8137e-09
4434.00 2.2847e-09
4438.00 1.8517e-09
4442.00 1.8633e-09
4446.00 2.0315e-09
4450.00 2.1062e-09
4454.00 2.1415e-09
4458.00 1.9099e-09
4462.00 2.0692e-09
4466.00 2.3061e-09
4470.00 2.2435e-09
4474.00 2.0385e-09
4478.00 1.9779e-09
4482.00 1.8335e-09
4486.00 2.1288e-09
4490.00 2.2201e-09
4494.00 2.2338e-09
4498.00 2.3338e-09
4502.00 2.0777e-09
4506.00 2.0967e-09
4510.00 1.9392e-09
4514.00 1.7209e-09
4518.00 2.266e-09
4522.00 2.122e-09
4526.00 2.0044e-09
4530.00 1.6816e-09
4534.00 1.9011e-09
4538.00 1.7518e-09
4542.00 1.8404e-09
4546.00 1.6461e-09
4550.00 1.4841e-09
4554.00 1.5031e-09
4558.00 1.2965e-09
4562.00 1.3344e-09
4566.00 1.2853e-09
4570.00 1.2777e-09
4574.00 1.1946e-09
4578.00 1.0698e-09
4582.00 9.8466e-10
4586.00 9.9828e-10
4590.00 9.9191e-10
4594.00 9.1865e-10
4598.00 7.6401e-10
4602.00 8.0344e-10
4606.00 7.3236e-10
4610.00 7.5189e-10
4614.00 6.256e-10
4618.00 6.5453e-10
4622.00 6.0014e-10
4626.00 5.9836e-10
4630.00 5.8113e-10
4634.00 5.8305e-10
4638.00 5.5516e-10
4642.00 5.5163e-10
4646.00 5.7703e-10
4650.00 4.6193e-10
4654.00 4.303e-10
4658.00 4.4762e-10
4662.00 4.3794e-10
4666.00 4.1059e-10
4670.00 4.0196e-10
4674.00 4.1207e-10
4678.00 4.0632e-10
4682.00 3.9989e-10
4686.00 3.9252e-10
4690.00 4.0678e-10
4694.00 4.0164e-10
4698.00 4.0746e-10
4702.00 3.6639e-10
4706.00 3.435e-10
4710.00 3.9167e-10
4714.00 3.7614e-10
4718.00 3.7618e-10
4722.00 4.4222e-10
4726.00 4.3925e-10
4730.00 3.8308e-10
4734.00 4.162e-10
4738.00 4.7226e-10
4742.00 4.9665e-10
4746.00 4.8438e-10
4750.00 4.9281e-10
4754.00 5.1462e-10
4758.00 4.9208e-10
4762.00 4.8634e-10
4766.00 5.6556e-10
4770.00 6.2427e-10
4774.00 6.2558e-10
4778.00 6.1169e-10
4782.00 6.7299e-10
4786.00 7.7335e-10
4790.00 7.9317e-10
4794.00 8.0056e-10
4798.00 8.5696e-10
4802.00 9.3155e-10
4806.00 9.9233e-10
4810.00 1.0227e-09
4814.00 1.212e-09
4818.00 1.2344e-09
4822.00 1.2705e-09
4826.00 1.3951e-09
4830.00 1.4385e-09
4834.00 1.452e-09
4838.00 1.5503e-09
4842.00 1.4882e-09
4846.00 1.605e-09
4850.00 1.7509e-09
4854.00 1.7554e-09
4858.00 1.8339e-09
4862.00 1.9196e-09
4866.00 1.851e-09
4870.00 1.7232e-09
4874.00 1.821e-09
4878.00 1.839e-09
4882.00 1.7826e-09
4886.00 1.8089e-09
4890.00 1.8371e-09
4894.00 1.6799e-09
4898.00 1.7594e-09
4902.00 1.9936e-09
4906.00 2.0264e-09
4910.00 1.8717e-09
4914.00 1.8526e-09
4918.00 1.8853e-09
4922.00 1.8399e-09
4926.00 1.8663e-09
4930.00 1.8785e-09
4934.00 1.9358e-09
4938.00 1.8335e-09
4942.00 1.6817e-09
4946.00 1.6831e-09
4950.00 1.783e-09
4954.00 1.9074e-09
4958.00 1.8323e-09
4962.00 1.6537e-09
4966.00 1.6099e-09
4970.00 1.6462e-09
4974.00 1.641e-09
4978.00 1.7186e-09
4982.00 1.6432e-09
4986.00 1.5748e-09
4990.00 1.506e-09
4994.00 1.3772e-09
4998.00 1.5295e-09
5002.00 1.6551e-09
5006.00 1.6528e-09
5010.00 1.6219e-09
5014.00 1.4176e-09
5018.00 1.5854e-09
5022.00 1.6556e-09
5026.00 1.6502e-09
5030.00 1.7556e-09
5034.00 1.7791e-09
5038.00 1.5898e-09
5042.00 1.5815e-09
5046.00 1.5294e-09
5050.00 1.6075e-09
5054.00 1.7448e-09
5058.00 1.6922e-09
5062.00 1.8285e-09
5066.00 1.9038e-09
5070.00 1.8681e-09
5074.00 2.0265e-09
5078.00 1.8027e-09
5082.00 1.6892e-09
5086.00 1.8578e-09
5090.00 1.8627e-09
5094.00 1.925e-09
5098.00 1.862e-09
5102.00 1.9395e-09
5106.00 2.0512e-09
5110.00 2.009e-09
5114.00 2.072e-09
5118.00 1.9608e-09
5122.00 2.0705e-09
5126.00 1.9872e-09
5130.00 1.9217e-09
5134.00 1.9558e-09
5138.00 1.9737e-09
5142.00 1.8023e-09
5146.00 1.7108e-09
5150.00 1.6647e-09
5154.00 1.7035e-09
5158.00 1.5687e-09
5162.00 1.5364e-09
5166.00 1.5903e-09
5170.00 1.5005e-09
5174.00 1.4901e-09
5178.00 1.3748e-09
5182.00 1.3206e-09
5186.00 1.2827e-09
5190.00 1.4218e-09
5194.00 1.4063e-09
5198.00 1.212e-09
5202.00 1.2e-09
5206.00 1.2027e-09
5210.00 1.157e-09
5214.00 1.1834e-09
5218.00 1.082e-09
5222.00 1.2122e-09
5226.00 1.2392e-09
5230.00 1.1745e-09
5234.00 1.1309e-09
5238.00 1.1e-09
5242.00 1.228e-09
5246.00 1.1876e-09
5250.00 1.0973e-09
5254.00 1.1833e-09
5258.00 1.0817e-09
5262.00 1.0936e-09
5266.00 1.1076e-09
5270.00 1.1737e-09
5274.00 1.128e-09
5278.00 1.0242e-09
5282.00 1.0633e-09
5286.00 1.0273e-09
5290.00 1.0809e-09
5294.00 1.1786e-09
5298.00 1.1219e-09
5302.00 1.2112e-09
5306.00 1.241e-09
5310.00 1.1491e-09
5314.00 1.1901e-09
5318.00 1.1734e-09
5322.00 1.203e-09
5326.00 1.2288e-09
5330.00 1.2728e-09
5334.00 1.1868e-09
5338.00 1.2405e-09
5342.00 1.2176e-09
5346.00 1.1822e-09
5350.00 1.2381e-09
5354.00 1.387e-09
5358.00 1.3113e-09
5362.00 1.3587e-09
5366.00 1.3663e-09
5370.00 1.3787e-09
5374.00 1.3494e-09
5378.00 1.3734e-09
5382.00 1.4699e-09
5386.00 1.4049e-09
5390.00 1.3808e-09
5394.00 1.5424e-09
5398.00 1.5103e-09
5402.00 1.5362e-09
5406.00 1.725e-09
5410.00 1.7116e-09
5414.00 1.7056e-09
5418.00 1.7223e-09
5422.00 1.7322e-09
5426.00 1.8382e-09
5430.00 1.8372e-09
5434.00 1.807e-09
5438.00 1.7613e-09
5442.00 1.8821e-09
5446.00 1.8536e-09
5450.00 1.9927e-09
5454.00 2.1749e-09
5458.00 2.0075e-09
5462.00 1.8661e-09
5466.00 2.1062e-09
5470.00 2.2392e-09
5474.00 2.3163e-09
5478.00 2.3497e-09
5482.00 2.3487e-09
5486.00 2.4185e-09
5490.00 2.3924e-09
5494.00 2.432e-09
5498.00 2.4426e-09
5502.00 2.5969e-09
5506.00 2.5578e-09
5510.00 2.4966e-09
5514.00 2.6834e-09
5518.00 2.7913e-09
5522.00 2.5839e-09
5526.00 2.5811e-09
5530.00 2.7084e-09
5534.00 2.7078e-09
5538.00 2.6089e-09
5542.00 2.58e-09
5546.00 2.6727e-09
5550.00 2.5051e-09
5554.00 2.6095e-09
5558.00 2.7242e-09
5562.00 2.8375e-09
5566.00 3.0502e-09
5570.00 2.8435e-09
5574.00 3.1746e-09
5578.00 3.0576e-09
5582.00 2.6728e-09
5586.00 2.8848e-09
5590.00 2.9585e-09
5594.00 2.8752e-09
5598.00 2.9125e-09
5602.00 2.855e-09
5606.00 3.0302e-09
5610.00 2.8045e-09
5614.00 2.7413e-09
5618.00 3.0035e-09
5622.00 2.9648e-09
5626.00 2.9721e-09
5630.00 3.0336e-09
5634.00 3.0268e-09
5638.00 3.1442e-09
5642.00 3.1131e-09
5646.00 3.2737e-09
5650.00 3.104e-09
5654.00 2.8702e-09
5658.00 3.1192e-09
5662.00 3.2038e-09
5666.00 3.1904e-09
5670.00 3.2467e-09
5674.00 3.2803e-09
5678.00 3.3381e-09
5682.00 3.071e-09
5686.00 2.9462e-09
5690.00 3.2313e-09
5694.00 3.5455e-09
5698.00 3.5119e-09
5702.00 3.2867e-09
5706.00 3.1469e-09
5710.00 3.221e-09
5714.00 3.3488e-09
5718.00 3.3356e-09
5722.00 3.2555e-09
5726.00 3.1206e-09
5730.00 3.2889e-09
5734.00 3.3554e-09
5738.00 3.3582e-09
5742.00 3.2791e-09
5746.00 2.9145e-09
5750.00 3.2534e-09
5754.00 3.5922e-09
5758.00 3.0353e-09
5762.00 3.3353e-09
5766.00 3.3085e-09
5770.00 3.3511e-09
5774.00 2.9418e-09
5778.00 2.761e-09
5782.00 2.9181e-09
5786.00 2.9229e-09
5790.00 2.8307e-09
5794.00 2.9133e-09
5798.00 2.8805e-09
5802.00 2.7402e-09
5806.00 2.8709e-09
5810.00 2.9087e-09
5814.00 2.9043e-09
5818.00 2.8699e-09
5822.00 2.8099e-09
5826.00 2.6594e-09
5830.00 2.9531e-09
5834.00 2.7242e-09
5838.00 2.5934e-09
5842.00 2.8342e-09
5846.00 2.6738e-09
5850.00 2.6945e-09
5854.00 2.672e-09
5858.00 2.7301e-09
5862.00 2.5109e-09
5866.00 2.6489e-09
5870.00 2.4256e-09
5874.00 2.5448e-09
5878.00 2.4166e-09
5882.00 2.777e-09
5886.00 2.889e-09
5890.00 2.7587e-09
5894.00 2.8943e-09
5898.00 2.4129e-09
5902.00 2.4644e-09
5906.00 2.3642e-09
5910.00 2.4495e-09
5914.00 2.3478e-09
5918.00 2.6376e-09
5922.00 2.6681e-09
5926.00 2.486e-09
5930.00 2.6729e-09
5934.00 2.6688e-09
5938.00 2.5322e-09
5942.00 2.4263e-09
5946.00 2.3104e-09
5950.00 2.3046e-09
5954.00 2.481e-09
5958.00 2.2343e-09
5962.00 2.7025e-09
5966.00 2.5039e-09
5970.00 2.6734e-09
5974.00 2.4141e-09
5978.00 2.5755e-09
5982.00 2.5125e-09
5986.00 2.4889e-09
5990.00 2.4817e-09
5994.00 2.4962e-09
5998.00 2.5731e-09
6002.00 2.53e-09
6006.00 2.5557e-09
6010.00 2.5684e-09
6014.00 2.389e-09
6018.00 2.4588e-09
6022.00 2.6275e-09
6026.00 2.5845e-09
6030.00 2.7352e-09
6034.00 2.5973e-09
6038.00 2.6229e-09
6042.00 2.653e-09
6046.00 2.7587e-09
6050.00 2.6929e-09
6054.00 2.5478e-09
6058.00 2.7101e-09
6062.00 2.7072e-09
6066.00 2.553e-09
6070.00 2.5281e-09
6074.00 2.5737e-09
6078.00 2.7093e-09
6082.00 2.9071e-09
6086.00 2.9842e-09
6090.00 2.8322e-09
6094.00 2.7343e-09
6098.00 2.8103e-09
6102.00 2.985e-09
6106.00 2.9854e-09
6110.00 2.9029e-09
6114.00 2.9462e-09
6118.00 3.0709e-09
6122.00 2.9357e-09
6126.00 2.9331e-09
6130.00 3.1649e-09
6134.00 2.9195e-09
6138.00 2.8562e-09
6142.00 3.023e-09
6146.00 2.9608e-09
6150.00 2.8426e-09
6154.00 2.7782e-09
6158.00 2.9239e-09
6162.00 3.0582e-09
6166.00 2.9874e-09
6170.00 2.9945e-09
6174.00 3.0273e-09
6178.00 2.9376e-09
6182.00 2.7976e-09
6186.00 2.5977e-09
6190.00 2.698e-09
6194.00 2.944e-09
6198.00 3.0768e-09
6202.00 3.1221e-09
6206.00 2.9688e-09
6210.00 2.956e-09
6214.00 3.041e-09
6218.00 2.9365e-09
6222.00 2.8007e-09
6226.00 3.0063e-09
6230.00 2.9865e-09
6234.00 2.8436e-09
6238.00 3.0034e-09
6242.00 3.0235e-09
6246.00 2.9787e-09
6250.00 2.8569e-09
6254.00 2.8547e-09
6258.00 2.8815e-09
6262.00 2.8307e-09
6266.00 3.1207e-09
6270.00 3.2701e-09
6274.00 3.1431e-09
6278.00 3.0245e-09
6282.00 2.9614e-09
6286.00 3.004e-09
6290.00 3.0708e-09
6294.00 2.8226e-09
6298.00 2.8677e-09
6302.00 3.1042e-09
6306.00 3.1302e-09
6310.00 3.0378e-09
6314.00 3.1171e-09
6318.00 3.1423e-09
6322.00 3.1738e-09
6326.00 3.0472e-09
6330.00 2.881e-09
6334.00 3.021e-09
6338.00 3.1979e-09
6342.00 3.0106e-09
6346.00 2.9828e-09
6350.00 3.3205e-09
6354.00 3.2463e-09
6358.00 3.0709e-09
6362.00 2.9545e-09
6366.00 3.4259e-09
6370.00 3.2419e-09
6374.00 3.1715e-09
6378.00 3.3745e-09
6382.00 3.4021e-09
6386.00 3.2534e-09
6390.00 3.125e-09
6394.00 3.2311e-09
6398.00 3.34e-09
6402.00 2.9968e-09
6406.00 3.0284e-09
6410.00 3.0214e-09
6414.00 3.2918e-09
6418.00 3.2817e-09
6422.00 2.9937e-09
6426.00 3.0207e-09
6430.00 3.1877e-09
6434.00 3.1291e-09
6438.00 3.1312e-09
6442.00 3.0522e-09
6446.00 3.1466e-09
6450.00 3.3287e-09
6454.00 3.0542e-09
6458.00 2.8797e-09
6462.00 3.0408e-09
6466.00 2.7222e-09
6470.00 2.9107e-09
6474.00 3.0139e-09
6478.00 2.9171e-09
6482.00 2.9809e-09
6486.00 2.8976e-09
6490.00 2.9213e-09
6494.00 2.8287e-09
6498.00 2.7696e-09
6502.00 2.7592e-09
6506.00 2.9986e-09
6510.00 3.1972e-09
6514.00 2.8999e-09
6518.00 2.7556e-09
6522.00 2.861e-09
6526.00 2.9019e-09
6530.00 3.2071e-09
6534.00 2.8939e-09
6538.00 2.8185e-09
6542.00 2.7646e-09
6546.00 2.9571e-09
6550.00 2.8005e-09
6554.00 2.5714e-09
6558.00 2.5119e-09
6562.00 3.042e-09
6566.00 2.9189e-09
6570.00 2.7882e-09
6574.00 2.9112e-09
6578.00 2.9903e-09
6582.00 2.9324e-09
6586.00 2.9035e-09
6590.00 3.0701e-09
6594.00 3.0845e-09
6598.00 2.6875e-09
6602.00 2.7124e-09
6606.00 2.6711e-09
6610.00 2.74e-09
6614.00 2.7445e-09
6618.00 2.7236e-09
6622.00 2.9088e-09
6626.00 2.61e-09
6630.00 2.8113e-09
6634.00 2.8688e-09
6638.00 3.0311e-09
6642.00 2.8025e-09
6646.00 2.8306e-09
6650.00 2.7946e-09
6654.00 2.7303e-09
6658.00 2.9659e-09
6662.00 2.8363e-09
6666.00 3.1539e-09
6670.00 2.9628e-09
6674.00 2.8652e-09
6678.00 2.8766e-09
6682.00 2.8199e-09
6686.00 2.9725e-09
6690.00 3.0603e-09
6694.00 3.0517e-09
6698.00 2.7494e-09
6702.00 2.9538e-09
6706.00 2.9003e-09
6710.00 2.8391e-09
6714.00 3.1051e-09
6718.00 3.0162e-09
6722.00 3.1118e-09
6726.00 3.0448e-09
6730.00 2.9695e-09
6734.00 3.0577e-09
6738.00 2.965e-09
6742.00 2.9945e-09
6746.00 2.9434e-09
6750.00 2.9272e-09
6754.00 2.9772e-09
6758.00 3.1096e-09
6762.00 3.0797e-09
6766.00 3.0954e-09
6770.00 3.255e-09
6774.00 3.3829e-09
6778.00 3.2322e-09
6782.00 3.238e-09
6786.00 3.1323e-09
6790.00 3.1041e-09
6794.00 3.3686e-09
6798.00 3.3481e-09
6802.00 3.1921e-09
6806.00 3.3411e-09
6810.00 3.3156e-09
6814.00 3.2215e-09
6818.00 3.2295e-09
6822.00 3.2692e-09
6826.00 3.1745e-09
6830.00 3.1723e-09
6834.00 3.2063e-09
6838.00 3.0515e-09
6842.00 3.1616e-09
6846.00 3.3967e-09
6850.00 3.419e-09
6854.00 3.2366e-09
6858.00 3.1019e-09
6862.00 2.9811e-09
6866.00 2.8756e-09
6870.00 3.3851e-09
6874.00 3.3354e-09
6878.00 3.3095e-09
6882.00 2.9869e-09
6886.00 2.9528e-09
6890.00 3.05e-09
6894.00 3.2329e-09
6898.00 2.9826e-09
6902.00 2.9085e-09
6906.00 3.409e-09
6910.00 3.3376e-09
6914.00 3.1417e-09
6918.00 3.2055e-09
6922.00 3.1365e-09
6926.00 2.9929e-09
6930.00 3.152e-09
6934.00 3.1551e-09
6938.00 3.1278e-09
6942.00 3.3753e-09
6946.00 3.3082e-09
6950.00 3.1917e-09
6954.00 3.12e-09
6958.00 3.0669e-09
6962.00 3.1156e-09
6966.00 2.939e-09
6970.00 2.8032e-09
6974.00 3.1304e-09
6978.00 3.2847e-09
6982.00 3.116e-09
6986.00 3.0922e-09
6990.00 2.8888e-09
6994.00 2.873e-09
6998.00 3.0689e-09
7002.00 3.0278e-09
7006.00 2.8818e-09
7010.00 2.8768e-09
7014.00 3.042e-09
7018.00 2.9792e-09
7022.00 2.9433e-09
7026.00 3.0211e-09
7030.00 3.0161e-09
7034.00 2.9608e-09
7038.00 2.9371e-09
7042.00 2.9065e-09
