# wavelength flux
3477.00278 1.47000e-17
3478.47096 9.02238e-18
3479.93914 -3.84981e-19
3481.40731 -1.05535e-18
3482.87549 1.30503e-17
3484.35372 9.87483e-18
3485.82190 -6.75066e-18
3487.29007 3.82341e-19
3488.75825 4.80429e-18
3490.22642 7.01603e-18
3491.70466 1.43924e-17
3493.17283 3.92558e-18
3494.64101 1.00365e-17
3496.10918 1.24462e-17
3497.57736 3.83327e-19
3499.04554 1.25706e-17
3500.52377 1.87464e-17
3501.99194 4.32545e-18
3503.46012 8.56794e-18
3504.92830 7.02144e-18
3506.39647 7.33731e-18
3507.87470 7.65313e-18
3509.34288 7.96889e-18
3510.81106 8.28460e-18
3512.27923 8.60026e-18
3513.74741 8.91586e-18
3515.21558 9.23141e-18
3516.69382 9.54691e-18
3518.16199 9.54610e-18
3519.63017 3.91820e-18
3521.09834 -3.80824e-18
3522.56652 4.13981e-18
3524.04475 8.91881e-18
3525.51293 -2.98304e-20
3526.98110 5.05934e-18
3528.44928 2.23591e-18
3529.91746 2.97149e-18
3531.38563 1.41409e-17
3532.86386 1.58071e-18
3534.33204 1.25503e-17
3535.80022 2.42935e-17
3537.26839 1.00993e-17
3538.73657 3.80240e-18
3540.21480 2.80236e-18
3541.68298 7.80850e-18
3543.15115 6.17787e-18
3544.61933 4.46359e-18
3546.08750 -4.31527e-19
3547.55568 -1.76587e-18
3549.03391 3.63283e-18
3550.50209 2.83670e-18
3551.97026 2.55338e-19
3553.43844 1.52563e-17
3554.90662 -6.66850e-18
3556.38485 5.97335e-18
3557.85302 6.78385e-18
3559.32120 3.12501e-18
3560.78938 1.02860e-17
3562.25755 2.60152e-19
3563.72573 -7.78020e-18
3565.20396 1.21275e-17
3566.67214 1.27837e-17
3568.14031 6.00905e-18
3569.60849 5.12897e-18
3571.07666 1.24203e-17
3572.55490 2.08368e-18
3574.02307 -1.92488e-18
3575.49125 1.17161e-17
3576.95942 4.96249e-18
3578.42760 5.39975e-18
3579.89578 3.17237e-18
3581.37401 1.13152e-18
3582.84218 5.28394e-18
3584.31036 -2.74556e-18
3585.77854 7.48070e-18
3587.24671 9.85169e-18
3588.72494 1.37096e-17
3590.19312 1.68458e-17
3591.66130 2.13234e-18
3593.12947 1.08865e-18
3594.59765 1.29345e-17
3596.06582 7.95076e-18
3597.54406 6.08329e-19
3599.01223 -2.01374e-18
3600.48041 1.09745e-17
3601.94858 6.49597e-18
3603.41676 1.14281e-18
3604.88494 -2.18317e-18
3606.36317 -6.58270e-19
3607.83134 1.85072e-17
3609.29952 1.61133e-17
3610.76770 8.98846e-19
3612.23587 -7.17926e-20
3613.71410 9.21450e-18
3615.18228 -1.93934e-18
3616.65046 1.08314e-17
3618.11863 7.59016e-18
3619.58681 5.96188e-18
3621.06504 1.11625e-17
3622.53322 8.35367e-18
3624.00139 8.11158e-18
3625.46957 1.86488e-17
3626.93774 -1.56475e-18
3628.40592 4.39845e-19
3629.88415 4.98789e-18
3631.35233 1.87467e-17
3632.82050 6.28377e-18
3634.28868 2.06126e-18
3635.75686 4.87297e-19
3637.23509 6.79403e-18
3638.70326 8.44834e-18
3640.17144 1.40111e-17
3641.63962 1.00073e-17
3643.10779 1.16389e-17
3644.57597 -3.21893e-18
3646.05420 -3.09785e-18
3647.52238 5.63801e-18
3648.99055 -1.06138e-17
3650.45873 -1.32108e-18
3651.92690 7.48993e-18
3653.39508 6.12672e-18
3654.87331 6.10328e-18
3656.34149 9.79695e-18
3657.80966 1.36788e-17
3659.27784 3.04645e-18
3660.74602 4.02846e-18
3662.22425 1.43403e-17
3663.69242 1.18054e-17
3665.16060 2.89904e-18
3666.62878 1.21984e-18
3668.09695 1.44023e-17
3669.57518 9.59842e-18
3671.04336 4.47167e-18
3672.51154 1.01319e-17
3673.97971 5.14094e-18
3675.44789 9.00881e-18
3676.91606 1.36778e-17
3678.39430 1.78446e-18
3679.86247 1.20337e-17
3681.33065 9.04593e-18
3682.79882 1.42472e-17
3684.26700 1.46260e-17
3685.73518 5.12702e-18
3687.21341 3.14354e-18
3688.68158 8.03462e-19
3690.14976 6.05398e-18
3691.61794 1.68067e-18
3693.08611 3.22001e-18
3694.56434 6.95223e-18
3696.03252 3.92870e-18
3697.50070 8.61691e-18
3698.96887 3.13048e-18
3700.43705 -2.02125e-18
3701.90522 -2.75710e-18
3703.38346 1.44021e-17
3704.85163 1.36506e-18
3706.31981 -2.60051e-18
3707.78798 9.31401e-21
3709.25616 2.66265e-18
3710.73439 9.62721e-18
3712.20257 1.21238e-17
3713.67074 3.50182e-18
3715.13892 3.03521e-18
3716.60710 5.28793e-18
3718.07527 -2.38233e-18
3719.55350 1.75033e-18
3721.02168 8.78518e-18
3722.48986 5.66506e-18
3723.95803 2.88462e-18
3725.42621 5.89865e-18
3726.90444 1.32266e-17
3728.37262 5.86075e-18
3729.84079 6.22246e-18
3731.30897 6.58418e-18
3732.77714 6.45799e-18
3734.24532 6.33180e-18
3735.72355 6.20564e-18
3737.19173 6.07948e-18
3738.65990 5.95335e-18
3740.12808 5.82723e-18
3741.59626 5.70111e-18
3743.07449 5.57504e-18
3744.54266 5.44896e-18
3746.01084 5.32292e-18
3747.47902 5.19687e-18
3748.94719 5.07086e-18
3750.41537 4.94485e-18
3751.89360 4.81887e-18
3753.36178 4.69287e-18
3754.82995 4.56692e-18
3756.29813 4.44097e-18
3757.76630 4.31506e-18
3759.24454 4.18914e-18
3760.71271 4.06325e-18
3762.18089 3.93737e-18
3763.64906 3.81151e-18
3765.11724 3.68566e-18
3766.58542 3.55982e-18
3768.06365 3.43401e-18
3769.53182 5.87934e-18
3771.00000 1.11932e-17
3772.46818 8.14527e-18
3773.93635 8.70481e-18
3775.41458 5.45138e-18
3776.88276 7.58637e-18
3778.35094 7.41932e-18
3779.81911 7.61507e-18
3781.28729 5.41124e-18
3782.75546 8.74381e-18
3784.23370 1.17156e-17
3785.70187 9.71648e-18
3787.17005 3.66303e-18
3788.63822 6.73134e-18
3790.10640 7.00067e-18
3791.58463 4.76079e-18
3793.05281 -9.94557e-19
3794.52098 2.30003e-18
3795.98916 8.93627e-18
3797.45734 7.36269e-18
3798.92551 4.60747e-18
3800.40374 6.81310e-18
3801.87192 7.01758e-18
3803.34010 8.45165e-18
3804.80827 6.86265e-18
3806.27645 1.11397e-17
3807.75468 1.16904e-17
3809.22286 1.01519e-17
3810.69103 5.27078e-18
3812.15921 5.24253e-18
3813.62738 8.85020e-18
3815.09556 8.95610e-18
3816.57379 8.34827e-18
3818.04197 4.09472e-18
3819.51014 6.23139e-18
3820.97832 5.08261e-18
3822.44650 3.51374e-18
3823.92473 4.33325e-18
3825.39290 -3.27952e-19
3826.86108 3.56827e-18
3828.32926 6.89033e-18
3829.79743 9.12654e-18
3831.26561 7.16282e-18
3832.74384 5.82254e-18
3834.21202 1.44000e-18
3835.68019 6.63503e-18
3837.14837 1.35066e-17
3838.61654 9.46164e-18
3840.09478 1.06665e-17
3841.56295 9.70906e-18
3843.03113 5.27435e-18
3844.49930 1.68660e-18
3845.96748 5.28167e-18
3847.43566 7.74963e-18
3848.91389 5.72955e-18
3850.38206 8.85919e-18
3851.85024 9.19673e-18
3853.31842 8.95146e-18
3854.78659 1.93485e-18
3856.26482 3.46871e-18
3857.73300 5.11697e-18
3859.20118 4.88520e-18
3860.66935 4.15438e-18
3862.13753 3.89771e-18
3863.60570 2.30277e-18
3865.08394 2.37707e-19
3866.55211 6.59259e-18
3868.02029 9.35672e-18
3869.48846 5.63348e-18
3870.95664 1.31416e-17
3872.43487 8.51279e-18
3873.90305 6.56239e-18
3875.37122 9.70775e-18
3876.83940 7.06341e-18
3878.30758 4.45304e-18
3879.77575 7.73672e-18
3881.25398 1.16868e-17
3882.72216 1.03371e-17
3884.19034 8.23916e-18
3885.65851 1.14663e-17
3887.12669 1.35586e-17
3888.60492 5.16878e-18
3890.07310 7.49276e-18
3891.54127 1.29411e-17
3893.00945 1.09985e-17
3894.47762 6.42565e-18
3895.94580 9.29664e-18
3897.42403 5.72619e-18
3898.89221 4.18374e-18
3900.36038 4.36507e-18
3901.82856 3.25923e-18
3903.29674 4.56056e-18
3904.77497 9.61561e-18
3906.24314 7.37679e-18
3907.71132 2.39109e-19
3909.17950 1.80175e-18
3910.64767 3.83028e-18
3912.11585 5.44207e-18
3913.59408 1.05473e-17
3915.06226 6.25529e-18
3916.53043 4.39553e-18
3917.99861 2.40746e-18
3919.46678 6.82152e-18
3920.93496 1.26665e-17
3922.41319 8.51255e-18
3923.88137 7.09046e-18
3925.34954 1.23754e-17
3926.81772 1.42568e-17
3928.28590 8.17122e-18
3929.76413 5.90390e-18
3931.23230 6.48939e-18
3932.70048 7.91928e-18
3934.16866 7.06219e-18
3935.63683 8.01312e-18
3937.11506 1.24898e-17
3938.58324 1.28126e-17
3940.05142 9.14005e-18
3941.51959 1.08476e-17
3942.98777 8.89524e-18
3944.45594 6.89759e-18
3945.93418 1.02469e-17
3947.40235 6.72217e-18
3948.87053 1.29008e-17
3950.33870 1.55537e-17
3951.80688 1.06683e-17
3953.28511 9.73683e-18
3954.75329 9.81422e-18
3956.22146 8.78301e-18
3957.68964 8.54254e-18
3959.15782 1.05730e-17
3960.62599 1.26997e-17
3962.10422 9.20547e-18
3963.57240 9.39232e-18
3965.04058 1.33885e-17
3966.50875 1.14300e-17
3967.97693 1.76781e-17
3969.44510 1.46724e-17
3970.92334 7.59711e-18
3972.39151 6.92943e-18
3973.85969 8.46679e-18
3975.32786 7.88393e-18
3976.79604 7.76168e-18
3978.27427 1.14538e-17
3979.74245 1.11931e-17
3981.21062 8.24750e-18
3982.67880 9.50572e-18
3984.14698 1.22842e-17
3985.62521 6.71432e-18
3987.09338 5.92019e-18
3988.56156 5.90324e-18
3990.02974 8.16682e-18
3991.49791 4.60566e-18
3992.96609 3.12305e-18
3994.44432 9.83718e-18
3995.91250 7.23594e-18
3997.38067 3.15513e-18
3998.84885 1.06216e-17
4000.31702 7.77930e-18
4001.78520 1.09161e-17
4003.26343 7.33985e-18
4004.73161 5.06452e-18
4006.19978 1.00109e-17
4007.66796 1.01051e-17
4009.13614 9.30138e-18
4010.61437 1.17698e-17
4012.08254 8.69810e-18
4013.55072 1.28735e-17
4015.01890 1.41981e-17
4016.48707 9.80696e-18
4017.95525 9.92837e-18
4019.43348 1.31956e-17
4020.90166 1.17636e-17
4022.36983 1.28353e-17
4023.83801 8.89045e-18
4025.30618 8.41710e-18
4026.78442 8.17978e-18
4028.25259 1.06803e-17
4029.72077 8.44937e-18
4031.18894 8.17679e-18
4032.65712 5.49244e-18
4034.12530 7.80545e-18
4035.60353 1.18128e-17
4037.07170 9.03356e-18
4038.53988 7.81160e-18
4040.00806 8.34946e-18
4041.47623 9.12411e-18
4042.95446 1.24069e-17
4044.42264 1.56954e-17
4045.89082 1.24898e-17
4047.35899 7.06169e-18
4048.82717 9.54333e-18
4050.29534 1.19316e-17
4051.77358 9.05205e-18
4053.24175 1.20222e-17
4054.70993 1.61833e-17
4056.17810 1.69616e-17
4057.64628 1.09199e-17
4059.12451 8.23856e-18
4060.59269 1.01996e-17
4062.06086 1.27223e-17
4063.52904 1.37203e-17
4064.99722 1.06909e-17
4066.46539 1.14953e-17
4067.94362 1.12749e-17
4069.41180 8.44900e-18
4070.87998 1.22571e-17
4072.34815 1.07070e-17
4073.81633 9.16043e-18
4075.29456 8.20637e-18
4076.76274 9.67905e-18
4078.23091 7.90525e-18
4079.69909 1.14401e-17
4081.16726 6.17015e-18
4082.63544 8.50168e-18
4084.11367 9.45055e-18
4085.58185 8.13292e-18
4087.05002 4.75193e-18
4088.51820 1.06956e-17
4089.98638 1.31031e-17
4091.46461 1.32653e-17
4092.93278 1.22107e-17
4094.40096 1.25069e-17
4095.86914 8.31514e-18
4097.33731 6.90760e-18
4098.80549 1.93440e-18
4100.28372 6.21659e-18
4101.75190 1.05744e-17
4103.22007 9.30461e-18
4104.68825 6.94108e-18
4106.15642 9.16767e-18
4107.63466 1.04104e-17
4109.10283 1.32824e-17
4110.57101 7.63091e-18
4112.03918 1.18963e-17
4113.50736 7.50404e-18
4114.97554 7.28369e-18
4116.45377 9.68085e-18
4117.92194 7.24673e-18
4119.39012 3.86454e-18
4120.85830 3.81762e-18
4122.32647 7.45338e-18
4123.80470 8.19447e-18
4125.27288 7.19549e-18
4126.74106 8.05579e-18
4128.20923 1.38116e-17
4129.67741 9.30230e-18
4131.14558 6.08768e-18
4132.62382 3.16777e-18
4134.09199 7.20527e-18
4135.56017 5.78574e-18
4137.02834 5.59736e-18
4138.49652 3.78101e-18
4139.97475 8.11041e-18
4141.44293 1.04339e-17
4142.91110 9.06799e-18
4144.37928 7.14614e-18
4145.84746 7.48111e-18
4147.31563 5.53129e-18
4148.79386 4.93814e-18
4150.26204 9.06618e-18
4151.73022 6.05951e-18
4153.19839 8.56093e-18
4154.66657 9.11618e-18
4156.14480 8.64630e-18
4157.61298 5.50520e-18
4159.08115 6.11043e-18
4160.54933 9.55938e-18
4162.01750 1.25927e-17
4163.48568 7.68957e-18
4164.96391 7.13729e-18
4166.43209 1.13162e-17
4167.90026 8.54890e-18
4169.36844 9.46489e-18
4170.83662 6.77465e-18
4172.31485 4.45396e-18
4173.78302 4.38531e-18
4175.25120 6.98929e-18
4176.71938 9.20582e-18
4178.18755 1.07753e-17
4179.65573 7.86745e-18
4181.13396 9.04846e-18
4182.60214 1.03722e-17
4184.07031 1.08816e-17
4185.53849 7.12788e-18
4187.00666 4.41382e-18
4188.48490 5.01373e-18
4189.95307 4.27834e-18
4191.42125 4.64737e-18
4192.88942 6.46146e-18
4194.35760 1.05540e-17
4195.82578 1.07297e-17
4197.30401 1.14207e-17
4198.77218 1.11856e-17
4200.24036 7.86151e-18
4201.70854 7.82251e-18
4203.17671 6.69620e-18
4204.64489 8.32242e-18
4206.12312 9.84544e-18
4207.59130 1.05737e-17
4209.05947 8.64017e-18
4210.52765 1.24866e-17
4211.99582 1.24271e-17
4213.47406 1.35819e-17
4214.94223 1.24635e-17
4216.41041 1.11275e-17
4217.87858 1.00912e-17
4219.34676 8.52808e-18
4220.81494 8.93097e-18
4222.29317 1.46519e-17
4223.76134 1.14038e-17
4225.22952 7.88662e-18
4226.69770 8.31784e-18
4228.16587 1.03930e-17
4229.64410 7.16781e-18
4231.11228 4.51205e-18
4232.58046 7.92506e-18
4234.04863 1.08052e-17
4235.51681 1.38208e-17
4236.99504 1.22030e-17
4238.46322 1.05904e-17
4239.93139 7.44637e-18
4241.39957 7.19767e-18
4242.86774 7.43174e-18
4244.33592 1.00085e-17
4245.81415 1.03275e-17
4247.28233 8.65003e-18
4248.75050 1.18438e-17
4250.21868 1.01028e-17
4251.68686 7.80383e-18
4253.16509 8.28395e-18
4254.63326 1.01307e-17
4256.10144 6.50247e-18
4257.56962 8.91430e-18
4259.03779 7.50958e-18
4260.50597 1.03286e-17
4261.98420 8.09041e-18
4263.45238 6.18479e-18
4264.92055 1.24230e-17
4266.38873 9.92524e-18
4267.85690 6.66348e-18
4269.33514 9.53229e-18
4270.80331 1.06762e-17
4272.27149 1.04833e-17
4273.73966 8.41104e-18
4275.20784 7.96686e-18
4276.67602 7.86287e-18
4278.15425 9.36928e-18
4279.62242 5.76321e-18
4281.09060 6.72022e-18
4282.55878 7.32937e-18
4284.02695 7.58879e-18
4285.49513 6.60790e-18
4286.97336 5.65579e-18
4288.44154 5.16313e-18
4289.90971 5.14243e-18
4291.37789 7.41332e-18
4292.84606 6.08270e-18
4294.32430 5.30931e-18
4295.79247 8.98268e-18
4297.26065 1.05153e-17
4298.72882 7.52493e-18
4300.19700 7.18912e-18
4301.66518 8.17206e-18
4303.14341 7.90467e-18
4304.61158 1.00228e-17
4306.07976 1.10048e-17
4307.54794 7.17733e-18
4309.01611 7.91251e-18
4310.49434 8.10439e-18
4311.96252 5.96874e-18
4313.43070 9.02007e-18
4314.89887 9.04975e-18
4316.36705 9.55854e-18
4317.83522 7.74848e-18
4319.31346 9.80095e-18
4320.78163 9.06749e-18
4322.24981 5.09924e-18
4323.71798 4.40896e-18
4325.18616 7.82745e-18
4326.66439 9.55439e-18
4328.13257 7.28164e-18
4329.60074 7.64148e-18
4331.06892 8.77980e-18
4332.53710 6.04020e-18
4334.00527 8.84352e-18
4335.48350 1.28380e-17
4336.95168 6.84700e-18
4338.41986 2.32033e-18
4339.88803 6.05243e-18
4341.35621 8.75183e-18
4342.83444 1.05967e-17
4344.30262 8.74151e-18
4345.77079 5.85071e-18
4347.23897 8.99345e-18
4348.70714 8.31914e-18
4350.18538 5.04237e-18
4351.65355 3.88566e-18
4353.12173 6.10143e-18
4354.58990 6.81740e-18
4356.05808 7.55380e-18
4357.52626 8.32354e-18
4359.00449 9.16135e-18
4360.47266 9.28866e-18
4361.94084 7.15296e-18
4363.40902 9.06833e-18
4364.87719 1.03566e-17
4366.34537 9.26004e-18
4367.82360 7.88126e-18
4369.29178 8.90952e-18
4370.75995 8.89872e-18
4372.22813 8.88793e-18
4373.69630 8.87713e-18
4375.17454 8.86633e-18
4376.64271 8.85554e-18
4378.11089 8.84474e-18
4379.57906 8.83395e-18
4381.04724 8.82316e-18
4382.51542 8.81236e-18
4383.99365 8.80157e-18
4385.46182 8.79078e-18
4386.93000 8.77998e-18
4388.39818 8.76920e-18
4389.86635 8.75841e-18
4391.34458 8.74762e-18
4392.81276 8.73683e-18
4394.28094 8.72605e-18
4395.74911 8.71526e-18
4397.21729 8.70447e-18
4398.68546 8.69369e-18
4400.16370 8.68290e-18
4401.63187 8.67212e-18
4403.10005 8.66134e-18
4404.56822 8.65056e-18
4406.03640 8.63977e-18
4407.51463 4.00219e-18
4408.98281 3.29101e-18
4410.45098 6.41856e-18
4411.91916 7.94182e-18
4413.38734 7.89479e-18
4414.85551 8.66242e-18
4416.33374 6.21676e-18
4417.80192 6.22947e-18
4419.27010 8.14755e-18
4420.73827 5.98613e-18
4422.20645 4.28290e-18
4423.68468 4.48014e-18
4425.15286 8.93798e-18
4426.62103 5.67505e-18
4428.08921 6.00734e-18
4429.55738 8.98523e-18
4431.02556 7.33881e-18
4432.50379 7.91044e-18
4433.97197 7.06598e-18
4435.44014 8.77017e-18
4436.90832 1.09458e-17
4438.37650 7.06411e-18
4439.85473 6.00456e-18
4441.32290 7.89353e-18
4442.79108 8.79525e-18
4444.25926 8.07526e-18
4445.72743 8.96238e-18
4447.19561 1.34390e-17
4448.67384 9.82225e-18
4450.14202 3.71721e-18
4451.61019 6.70339e-18
4453.07837 6.94606e-18
4454.54654 7.34354e-18
4456.02478 1.02999e-17
4457.49295 1.17937e-17
4458.96113 6.56202e-18
4460.42930 9.18259e-18
4461.89748 1.25230e-17
4463.36566 9.83314e-18
4464.84389 7.71731e-18
4466.31206 1.10757e-17
4467.78024 1.10592e-17
4469.24842 1.24335e-17
4470.71659 1.17437e-17
4472.19482 1.12125e-17
4473.66300 9.71052e-18
4475.13118 9.74731e-18
4476.59935 9.65596e-18
4478.06753 1.11065e-17
4479.53570 1.07016e-17
4481.01394 7.13332e-18
4482.48211 8.01324e-18
4483.95029 7.31188e-18
4485.41846 5.60789e-18
4486.88664 7.64442e-18
4488.36487 8.75658e-18
4489.83305 7.20443e-18
4491.30122 1.08900e-17
4492.76940 9.64107e-18
4494.23758 9.24506e-18
4495.70575 1.08863e-17
4497.18398 1.13437e-17
4498.65216 9.77436e-18
4500.12034 1.04964e-17
4501.58851 1.12161e-17
4503.05669 1.10969e-17
4504.52486 9.85692e-18
4506.00310 8.67760e-18
4507.47127 9.04300e-18
4508.93945 7.02449e-18
4510.40762 6.68117e-18
4511.87580 6.63429e-18
4513.35403 8.79633e-18
4514.82221 9.92865e-18
4516.29038 1.02522e-17
4517.75856 9.28785e-18
4519.22674 9.48129e-18
4520.70497 1.00082e-17
4522.17314 9.82516e-18
4523.64132 9.91401e-18
4525.10950 8.49740e-18
4526.57767 8.42029e-18
4528.04585 5.70502e-18
4529.52408 8.41765e-18
4530.99226 1.04112e-17
4532.46043 6.28602e-18
4533.92861 6.77509e-18
4535.39678 1.11109e-17
4536.87502 1.21701e-17
4538.34319 9.02523e-18
4539.81137 8.73340e-18
4541.27954 9.78472e-18
4542.74772 1.29844e-17
4544.21590 1.29325e-17
4545.69413 8.20275e-18
4547.16230 9.28384e-18
4548.63048 8.75500e-18
4550.09866 9.50906e-18
4551.56683 1.09690e-17
4553.04506 1.10831e-17
4554.51324 8.87799e-18
4555.98142 9.98086e-18
4557.44959 1.09442e-17
4558.91777 1.04315e-17
4560.38594 1.15374e-17
4561.86418 1.23326e-17
4563.33235 1.07629e-17
4564.80053 1.09287e-17
4566.26870 1.02441e-17
4567.73688 8.95250e-18
4569.21511 1.14309e-17
4570.68329 1.11190e-17
4572.15146 1.44774e-17
4573.61964 1.40081e-17
4575.08782 1.18655e-17
4576.55599 1.43986e-17
4578.03422 1.20152e-17
4579.50240 9.63758e-18
4580.97058 1.01432e-17
4582.43875 7.81443e-18
4583.90693 8.10760e-18
4585.37510 1.00362e-17
4586.85334 9.60090e-18
4588.32151 8.22531e-18
4589.78969 5.44673e-18
4591.25786 9.91751e-18
4592.72604 1.26796e-17
4594.20427 1.10883e-17
4595.67245 8.95773e-18
4597.14062 1.13340e-17
4598.60880 1.56486e-17
4600.07698 1.42724e-17
4601.54515 1.23320e-17
4603.02338 1.50429e-17
4604.49156 1.35377e-17
4605.95974 1.26997e-17
4607.42791 1.44021e-17
4608.89609 1.43380e-17
4610.37432 9.74129e-18
4611.84250 8.80188e-18
4613.31067 1.14469e-17
4614.77885 1.19710e-17
4616.24702 1.23888e-17
4617.71520 1.18920e-17
4619.19343 1.21406e-17
4620.66161 1.20838e-17
4622.12978 1.11977e-17
4623.59796 1.09716e-17
4625.06614 1.20108e-17
4626.54437 1.47372e-17
4628.01254 1.50228e-17
4629.48072 1.14164e-17
4630.94890 1.22751e-17
4632.41707 1.15754e-17
4633.88525 1.00919e-17
4635.36348 1.01048e-17
4636.83166 1.21562e-17
4638.29983 1.35426e-17
4639.76801 1.26106e-17
4641.23618 1.03729e-17
4642.71442 1.12990e-17
4644.18259 1.15385e-17
4645.65077 1.15350e-17
4647.11894 1.27056e-17
4648.58712 1.45773e-17
4650.06535 1.11781e-17
4651.53353 1.17336e-17
4653.00170 1.27510e-17
4654.46988 1.00563e-17
4655.93806 1.16149e-17
4657.40623 1.10697e-17
4658.88446 1.29565e-17
4660.35264 1.21961e-17
4661.82082 9.41406e-18
4663.28899 1.10804e-17
4664.75717 1.24478e-17
4666.22534 1.24510e-17
4667.70358 1.13944e-17
4669.17175 1.26613e-17
4670.63993 1.17767e-17
4672.10810 1.00038e-17
4673.57628 1.09394e-17
4675.05451 1.10526e-17
4676.52269 1.22073e-17
4677.99086 1.20663e-17
4679.45904 1.43231e-17
4680.92722 1.50843e-17
4682.39539 1.25012e-17
4683.87362 1.23063e-17
4685.34180 1.34257e-17
4686.80998 1.00666e-17
4688.27815 7.72421e-18
4689.74633 1.10164e-17
4691.22456 1.31397e-17
4692.69274 1.12080e-17
4694.16091 1.15525e-17
4695.62909 1.12174e-17
4697.09726 8.13450e-18
4698.56544 1.01721e-17
4700.04367 1.32234e-17
4701.51185 1.03808e-17
4702.98002 7.72931e-18
4704.44820 9.03386e-18
4705.91638 1.11283e-17
4707.39461 1.23199e-17
4708.86278 1.21038e-17
4710.33096 1.13200e-17
4711.79914 1.03809e-17
4713.26731 8.95262e-18
4714.73549 7.86520e-18
4716.21372 7.88389e-18
4717.68190 1.09246e-17
4719.15007 1.21590e-17
4720.61825 1.25157e-17
4722.08642 1.35134e-17
4723.56466 1.06332e-17
4725.03283 1.10171e-17
4726.50101 1.09040e-17
4727.96918 1.10123e-17
4729.43736 1.05194e-17
4730.90554 9.24919e-18
4732.38377 9.12922e-18
4733.85194 9.02627e-18
4735.32012 1.04176e-17
4736.78830 1.00672e-17
4738.25647 8.16140e-18
4739.73470 9.46665e-18
4741.20288 1.13047e-17
4742.67106 1.19680e-17
4744.13923 9.62280e-18
4745.60741 4.77139e-18
4747.07558 6.62641e-18
4748.55382 1.02752e-17
4750.02199 8.55577e-18
4751.49017 1.01644e-17
4752.95834 9.53911e-18
4754.42652 7.93425e-18
4755.90475 7.63336e-18
4757.37293 7.76421e-18
4758.84110 7.92590e-18
4760.30928 9.33993e-18
4761.77746 9.23966e-18
4763.24563 7.80737e-18
4764.72386 1.07880e-17
4766.19204 1.03356e-17
4767.66022 7.36984e-18
4769.12839 8.25347e-18
4770.59657 1.01253e-17
4772.07480 9.53875e-18
4773.54298 9.83906e-18
4775.01115 9.35938e-18
4776.47933 9.01722e-18
4777.94750 8.84662e-18
4779.41568 9.00834e-18
4780.89391 1.11499e-17
4782.36209 9.07627e-18
4783.83026 8.43410e-18
4785.29844 9.25481e-18
4786.76662 9.20608e-18
4788.24485 8.51596e-18
4789.71302 1.03793e-17
4791.18120 1.10182e-17
4792.64938 1.08411e-17
4794.11755 1.03872e-17
4795.58573 8.25271e-18
4797.06396 9.90036e-18
4798.53214 1.10765e-17
4800.00031 9.41995e-18
4801.46849 7.34205e-18
4802.93666 9.48151e-18
4804.41490 8.96472e-18
4805.88307 7.91562e-18
4807.35125 1.10935e-17
4808.81942 8.96880e-18
4810.28760 7.70461e-18
4811.75578 8.77914e-18
4813.23401 6.74279e-18
4814.70218 7.61163e-18
4816.17036 8.58068e-18
4817.63854 8.33253e-18
4819.10671 1.06892e-17
4820.58494 9.82413e-18
4822.05312 9.16495e-18
4823.52130 8.02792e-18
4824.98947 9.14232e-18
4826.45765 1.01996e-17
4827.92582 8.04534e-18
4829.40406 8.14543e-18
4830.87223 1.08192e-17
4832.34041 8.28057e-18
4833.80858 6.32938e-18
4835.27676 9.85223e-18
4836.74494 1.07112e-17
4838.22317 8.95814e-18
4839.69134 6.89694e-18
4841.15952 7.33563e-18
4842.62770 9.20865e-18
4844.09587 7.66689e-18
4845.57410 8.11070e-18
4847.04228 8.02607e-18
4848.51046 7.94146e-18
4849.97863 7.85685e-18
4851.44681 7.77225e-18
4852.92504 7.68767e-18
4854.39322 7.60309e-18
4855.86139 7.51852e-18
4857.32957 7.43396e-18
4858.79774 7.43354e-18
4860.26592 9.91307e-18
4861.74415 9.90948e-18
4863.21233 6.19165e-18
4864.68050 3.52921e-18
4866.14868 6.85711e-18
4867.61686 8.17415e-18
4869.09509 4.28536e-18
4870.56326 4.38712e-18
4872.03144 4.48883e-18
4873.49962 4.59057e-18
4874.96779 4.69233e-18
4876.43597 4.79401e-18
4877.91420 4.89571e-18
4879.38238 4.99737e-18
4880.85055 5.09904e-18
4882.31873 5.20071e-18
4883.78690 5.30237e-18
4885.25508 5.40398e-18
4886.73331 5.50561e-18
4888.20149 5.60727e-18
4889.66966 5.70885e-18
4891.13784 5.81045e-18
4892.60602 5.91200e-18
4894.08425 6.01361e-18
4895.55242 6.11514e-18
4897.02060 6.21670e-18
4898.48878 6.31824e-18
4899.95695 6.41977e-18
4901.43518 6.52129e-18
4902.90336 6.62277e-18
4904.37154 6.72427e-18
4905.83971 6.82572e-18
4907.30789 6.92723e-18
4908.77606 5.77820e-18
4910.25430 7.28963e-18
4911.72247 7.55330e-18
4913.19065 7.05884e-18
4914.65882 8.20331e-18
4916.12700 8.83150e-18
4917.59518 1.04842e-17
4919.07341 9.99035e-18
4920.54158 6.67029e-18
4922.00976 5.98379e-18
4923.47794 8.61647e-18
4924.94611 1.02744e-17
4926.42434 1.00865e-17
4927.89252 6.17729e-18
4929.36070 3.56824e-18
4930.82887 6.54120e-18
4932.29705 7.86755e-18
4933.76522 8.27195e-18
4935.24346 8.46529e-18
4936.71163 9.59961e-18
4938.17981 1.01052e-17
4939.64798 9.02347e-18
4941.11616 5.53146e-18
4942.59439 4.87704e-18
4944.06257 7.87310e-18
4945.53074 9.58311e-18
4946.99892 9.55145e-18
4948.46710 7.76058e-18
4949.94533 5.85626e-18
4951.41350 7.96954e-18
4952.88168 1.11494e-17
4954.34986 1.18288e-17
4955.81803 9.71687e-18
4957.28621 7.71236e-18
4958.76444 9.33117e-18
4960.23262 9.36281e-18
4961.70079 6.56808e-18
4963.16897 9.19155e-18
4964.63714 1.08799e-17
4966.10532 1.00275e-17
4967.58355 1.04991e-17
4969.05173 1.04362e-17
4970.51990 1.03732e-17
4971.98808 1.03102e-17
4973.45626 1.02473e-17
4974.93449 1.01843e-17
4976.40266 1.01214e-17
4977.87084 1.00584e-17
4979.33902 9.99553e-18
4980.80719 9.93261e-18
4982.27537 9.86969e-18
4983.75360 9.80678e-18
4985.22178 9.74388e-18
4986.68995 9.68101e-18
4988.15813 9.61809e-18
4989.62630 9.55523e-18
4991.10454 9.49236e-18
4992.57271 9.42952e-18
4994.04089 9.36664e-18
4995.50906 9.30380e-18
4996.97724 9.24096e-18
4998.44542 9.17812e-18
4999.92365 9.11531e-18
5001.39182 9.05246e-18
5002.86000 8.98966e-18
5004.32818 8.92685e-18
5005.79635 8.86407e-18
5007.27458 7.81329e-18
5008.74276 1.23708e-17
5010.21094 1.22380e-17
5011.67911 1.12472e-17
5013.14729 9.44744e-18
5014.61546 8.88276e-18
5016.09370 1.09773e-17
5017.56187 1.09136e-17
5019.03005 1.08499e-17
5020.49822 1.07862e-17
5021.96640 1.07226e-17
5023.44463 1.06589e-17
5024.91281 1.05953e-17
5026.38098 1.05316e-17
5027.84916 1.04680e-17
5029.31734 1.04044e-17
5030.78551 1.03408e-17
5032.26374 1.02772e-17
5033.73192 1.02136e-17
5035.20010 1.01500e-17
5036.66827 1.00864e-17
5038.13645 1.00228e-17
5039.61468 9.95924e-18
5041.08286 9.89567e-18
5042.55103 9.83213e-18
5044.01921 9.76855e-18
5045.48738 9.70500e-18
5046.95556 9.64148e-18
5048.43379 9.57794e-18
5049.90197 9.51444e-18
5051.37014 9.45090e-18
5052.83832 9.38740e-18
5054.30650 9.32390e-18
5055.77467 8.76434e-18
5057.25290 9.33165e-18
5058.72108 1.00384e-17
5060.18926 1.00811e-17
5061.65743 7.97186e-18
5063.12561 8.20486e-18
5064.60384 1.03414e-17
5066.07202 1.07353e-17
5067.54019 1.08505e-17
5069.00837 1.05008e-17
5070.47654 8.81797e-18
5071.95478 6.33414e-18
5073.42295 9.35047e-18
5074.89113 1.09830e-17
5076.35930 9.93693e-18
5077.82748 8.17920e-18
5079.29566 7.27890e-18
5080.77389 8.56742e-18
5082.24206 1.01051e-17
5083.71024 1.11450e-17
5085.17842 1.26570e-17
5086.64659 9.41589e-18
5088.12482 1.08304e-17
5089.59300 1.24465e-17
5091.06118 1.06498e-17
5092.52935 1.08888e-17
5093.99753 1.13068e-17
5095.46570 9.73896e-18
5096.94394 9.11115e-18
5098.41211 9.69037e-18
5099.88029 8.54634e-18
5101.34846 9.40973e-18
5102.81664 9.21580e-18
5104.29487 7.75261e-18
5105.76305 7.28837e-18
5107.23122 7.48704e-18
5108.69940 8.01101e-18
5110.16758 6.72723e-18
5111.63575 6.42872e-18
5113.11398 7.94542e-18
5114.58216 8.41737e-18
5116.05034 9.15772e-18
5117.51851 9.56432e-18
5118.98669 9.94334e-18
5120.46492 9.27598e-18
5121.93310 1.01424e-17
5123.40127 1.12755e-17
5124.86945 9.10843e-18
5126.33762 7.03231e-18
5127.80580 8.43988e-18
5129.28403 1.03894e-17
5130.75221 1.10628e-17
5132.22038 9.70657e-18
5133.68856 8.89021e-18
5135.15674 9.43138e-18
5136.62491 9.71829e-18
5138.10314 9.24968e-18
5139.57132 8.68730e-18
5141.03950 7.59059e-18
5142.50767 7.43462e-18
5143.97585 9.20550e-18
5145.45408 1.09934e-17
5146.92226 1.09272e-17
5148.39043 1.09753e-17
5149.85861 9.83518e-18
5151.32678 9.18438e-18
5152.79496 9.61819e-18
5154.27319 1.04818e-17
5155.74137 1.17326e-17
5157.20954 1.22682e-17
5158.67772 9.00818e-18
5160.14590 8.89171e-18
5161.62413 1.00291e-17
5163.09230 8.98679e-18
5164.56048 7.72847e-18
5166.02866 8.74943e-18
5167.49683 9.01948e-18
5168.97506 8.96065e-18
5170.44324 8.94086e-18
5171.91142 8.89011e-18
5173.37959 9.52507e-18
5174.84777 8.41435e-18
5176.31594 7.72174e-18
5177.79418 7.18372e-18
5179.26235 7.17862e-18
5180.73053 9.06208e-18
5182.19870 1.12338e-17
5183.66688 1.06248e-17
5185.14511 1.01092e-17
5186.61329 8.94290e-18
5188.08146 9.36037e-18
5189.54964 1.22074e-17
5191.01782 1.05418e-17
5192.48599 8.82622e-18
5193.96422 7.65516e-18
5195.43240 7.96762e-18
5196.90058 1.08286e-17
5198.36875 1.07976e-17
5199.83693 8.35476e-18
5201.31516 7.67604e-18
5202.78334 1.06699e-17
5204.25151 1.21021e-17
5205.71969 9.67622e-18
5207.18786 1.00190e-17
5208.65604 1.11945e-17
5210.13427 1.01655e-17
5211.60245 1.04849e-17
5213.07062 1.03652e-17
5214.53880 8.24432e-18
5216.00698 7.29141e-18
5217.47515 1.04491e-17
5218.95338 1.25416e-17
5220.42156 1.18921e-17
5221.88974 1.14210e-17
5223.35791 1.07844e-17
5224.82609 1.28263e-17
5226.30432 1.45209e-17
5227.77250 1.21157e-17
5229.24067 9.96754e-18
5230.70885 1.16823e-17
5232.17702 1.17149e-17
5233.64520 9.19568e-18
5235.12343 9.98244e-18
5236.59161 1.21473e-17
5238.05978 1.17518e-17
5239.52796 1.23976e-17
5240.99614 1.20363e-17
5242.47437 1.07474e-17
5243.94254 1.08668e-17
5245.41072 1.08590e-17
5246.87890 8.20864e-18
5248.34707 6.31058e-18
5249.81525 8.50826e-18
5251.29348 1.07520e-17
5252.76166 9.78653e-18
5254.22983 1.07531e-17
5255.69801 1.00410e-17
5257.16618 9.59214e-18
5258.64442 1.03375e-17
5260.11259 1.12703e-17
5261.58077 1.15922e-17
5263.04894 1.17480e-17
5264.51712 1.21645e-17
5265.99535 1.06083e-17
5267.46353 9.85648e-18
5268.93170 1.00246e-17
5270.39988 1.03750e-17
5271.86806 1.18309e-17
5273.33623 1.11770e-17
5274.81446 9.92842e-18
5276.28264 1.02670e-17
5277.75082 1.02998e-17
5279.21899 1.11423e-17
5280.68717 1.29329e-17
5282.16540 1.25983e-17
5283.63358 1.22651e-17
5285.10175 1.18514e-17
5286.56993 1.11461e-17
5288.03810 1.19558e-17
5289.50628 1.20712e-17
5290.98451 1.12192e-17
5292.45269 1.11182e-17
5293.92086 1.20639e-17
5295.38904 1.29721e-17
5296.85722 1.14596e-17
5298.32539 9.63445e-18
5299.80362 9.45494e-18
5301.27180 1.03724e-17
5302.73998 1.16209e-17
5304.20815 1.11237e-17
5305.67633 1.08211e-17
5307.15456 1.14921e-17
5308.62274 1.03978e-17
5310.09091 1.05489e-17
5311.55909 1.06414e-17
5313.02726 1.04446e-17
5314.49544 1.09006e-17
5315.97367 1.04844e-17
5317.44185 1.20580e-17
5318.91002 1.32428e-17
5320.37820 1.13846e-17
5321.84638 9.57068e-18
5323.32461 9.65395e-18
5324.79278 1.25568e-17
5326.26096 1.42118e-17
5327.72914 1.37367e-17
5329.19731 1.34725e-17
5330.66549 1.20783e-17
5332.14372 1.04893e-17
5333.61190 1.07755e-17
5335.08007 1.10285e-17
5336.54825 1.10980e-17
5338.01642 1.28486e-17
5339.49466 1.29989e-17
5340.96283 1.16213e-17
5342.43101 1.19534e-17
5343.89918 1.32687e-17
5345.36736 1.30369e-17
5346.83554 1.29502e-17
5348.31377 1.31769e-17
5349.78194 1.20160e-17
5351.25012 1.16795e-17
5352.71830 1.25621e-17
5354.18647 1.36993e-17
5355.66470 1.33181e-17
5357.13288 1.31341e-17
5358.60106 1.36229e-17
5360.06923 1.29936e-17
5361.53741 1.37971e-17
5363.00558 1.31771e-17
5364.48382 1.02808e-17
5365.95199 1.05826e-17
5367.42017 1.14170e-17
5368.88834 1.14271e-17
5370.35652 1.33374e-17
5371.83475 1.29578e-17
5373.30293 1.08705e-17
5374.77110 1.23405e-17
5376.23928 1.41295e-17
5377.70746 1.39871e-17
5379.17563 1.34051e-17
5380.65386 1.27027e-17
5382.12204 1.15620e-17
5383.59022 1.13386e-17
5385.05839 1.25947e-17
5386.52657 1.31485e-17
5388.00480 1.23514e-17
5389.47298 1.10999e-17
5390.94115 1.22718e-17
5392.40933 1.15086e-17
5393.87750 1.08793e-17
5395.34568 1.26944e-17
5396.82391 1.26909e-17
5398.29209 1.43762e-17
5399.76026 1.68171e-17
5401.22844 1.53316e-17
5402.69662 1.36333e-17
5404.17485 1.44903e-17
5405.64302 1.52157e-17
5407.11120 1.38787e-17
5408.57938 1.35152e-17
5410.04755 1.51147e-17
5411.51573 1.52223e-17
5412.99396 1.49462e-17
5414.46214 1.51146e-17
5415.93031 1.40893e-17
5417.39849 1.19643e-17
5418.86666 1.19897e-17
5420.34490 1.41977e-17
5421.81307 1.48785e-17
5423.28125 1.34164e-17
5424.74942 1.43429e-17
5426.21760 1.61950e-17
5427.68578 1.51895e-17
5429.16401 1.48700e-17
5430.63218 1.54281e-17
5432.10036 1.26653e-17
5433.56854 1.15792e-17
5435.03671 1.19408e-17
5436.50489 1.32516e-17
5437.98312 1.49656e-17
5439.45130 1.43927e-17
5440.91947 1.29647e-17
5442.38765 1.26441e-17
5443.85582 1.38496e-17
5445.33406 1.29412e-17
5446.80223 1.19014e-17
5448.27041 1.29802e-17
5449.73858 1.36919e-17
5451.20676 1.49520e-17
5452.68499 1.39669e-17
5454.15317 1.33660e-17
5455.62134 1.32344e-17
5457.08952 1.19808e-17
5458.55770 1.32600e-17
5460.02587 1.36174e-17
5461.50410 1.30555e-17
5462.97228 1.35849e-17
5464.44046 1.32293e-17
5465.90863 1.24911e-17
5467.37681 1.26004e-17
5468.85504 1.28542e-17
5470.32322 1.35602e-17
5471.79139 1.42692e-17
5473.25957 1.17638e-17
5474.72774 1.08855e-17
5476.19592 1.32062e-17
5477.67415 1.37243e-17
5479.14233 1.40567e-17
5480.61050 1.29537e-17
5482.07868 1.20493e-17
5483.54686 1.41928e-17
5485.02509 1.42878e-17
5486.49326 1.41022e-17
5487.96144 1.37991e-17
5489.42962 1.32778e-17
5490.89779 1.31301e-17
5492.36597 1.34555e-17
5493.84420 1.46975e-17
5495.31238 1.50025e-17
5496.78055 1.40522e-17
5498.24873 1.39768e-17
5499.71690 1.40815e-17
5501.19514 1.43340e-17
5502.66331 1.54655e-17
5504.13149 1.47821e-17
5505.59966 1.24051e-17
5507.06784 1.18902e-17
5508.53602 1.31608e-17
5510.01425 1.29299e-17
5511.48242 1.19792e-17
5512.95060 1.32865e-17
5514.41878 1.61941e-17
5515.88695 1.56741e-17
5517.35513 1.41751e-17
5518.83336 1.48330e-17
5520.30154 1.52942e-17
5521.76971 1.61113e-17
5523.23789 1.55953e-17
5524.70606 1.35977e-17
5526.18430 1.38355e-17
5527.65247 1.54050e-17
5529.12065 1.69391e-17
5530.58882 1.70643e-17
5532.05700 1.60915e-17
5533.52518 1.42336e-17
5535.00341 1.37192e-17
5536.47158 1.41425e-17
5537.93976 1.50477e-17
5539.40794 1.57315e-17
5540.87611 1.47637e-17
5542.35434 1.47105e-17
5543.82252 1.47466e-17
5545.29070 1.44434e-17
5546.75887 1.61134e-17
5548.22705 1.82557e-17
5549.69522 1.73958e-17
5551.17346 1.53187e-17
5552.64163 1.31179e-17
5554.10981 1.19592e-17
5555.57798 1.39295e-17
5557.04616 1.57183e-17
5558.52439 1.65415e-17
5559.99257 1.64620e-17
5561.46074 1.45069e-17
5562.92892 1.42190e-17
5564.39710 1.47869e-17
5565.87533 1.58024e-17
5567.34350 1.64924e-17
5568.81168 1.46250e-17
5570.27986 1.35685e-17
5571.74803 1.40023e-17
5573.21621 1.26212e-17
5574.69444 1.26459e-17
5576.16262 1.54021e-17
5577.63079 1.47958e-17
5579.09897 1.21870e-17
5580.56714 1.28418e-17
5582.03532 1.53802e-17
5583.51355 1.58864e-17
5584.98173 1.34620e-17
5586.44990 1.17369e-17
5587.91808 1.29527e-17
5589.38626 1.36181e-17
5590.86449 1.13189e-17
5592.33266 1.02782e-17
5593.80084 1.20351e-17
5595.26902 1.22280e-17
5596.73719 1.19248e-17
5598.20537 1.31393e-17
5599.68360 1.23843e-17
5601.15178 1.12632e-17
5602.61995 1.22841e-17
5604.08813 1.11083e-17
5605.55630 9.51879e-18
5607.03454 1.07324e-17
5608.50271 1.16442e-17
5609.97089 1.09049e-17
5611.43906 9.52074e-18
5612.90724 1.03314e-17
5614.37542 1.15741e-17
5615.85365 1.03074e-17
5617.32182 1.03597e-17
5618.79000 1.11813e-17
5620.25818 9.83634e-18
5621.72635 8.82904e-18
5623.20458 8.75364e-18
5624.67276 9.24551e-18
5626.14094 9.95207e-18
5627.60911 9.32663e-18
5629.07729 9.37830e-18
5630.54546 9.50532e-18
5632.02370 8.05243e-18
5633.49187 7.53227e-18
5634.96005 8.95777e-18
5636.42822 9.05842e-18
5637.89640 7.46603e-18
5639.37463 8.18764e-18
5640.84281 1.07990e-17
5642.31098 1.07204e-17
5643.77916 9.31243e-18
5645.24734 9.44738e-18
5646.71551 8.89575e-18
5648.19374 9.83242e-18
5649.66192 1.12323e-17
5651.13010 1.08011e-17
5652.59827 1.06330e-17
5654.06645 8.76454e-18
5655.54468 7.40762e-18
5657.01286 8.09012e-18
5658.48103 8.44293e-18
5659.94921 8.97791e-18
5661.41738 8.92516e-18
5662.88556 8.39585e-18
5664.36379 8.10360e-18
5665.83197 9.23705e-18
5667.30014 1.07162e-17
5668.76832 9.58765e-18
5670.23650 8.20401e-18
5671.71473 7.54424e-18
5673.18290 8.82915e-18
5674.65108 9.97108e-18
5676.11926 9.02966e-18
5677.58743 8.27602e-18
5679.05561 7.93216e-18
5680.53384 8.77704e-18
5682.00202 9.25623e-18
5683.47019 9.08686e-18
5684.93837 8.96255e-18
5686.40654 7.69737e-18
5687.88478 5.78863e-18
5689.35295 7.04662e-18
5690.82113 8.86170e-18
5692.28930 9.27880e-18
5693.75748 8.14002e-18
5695.22566 7.11376e-18
5696.70389 9.91971e-18
5698.17206 1.03680e-17
5699.64024 8.55687e-18
5701.10842 8.22264e-18
5702.57659 8.72244e-18
5704.05482 9.24556e-18
5705.52300 9.39067e-18
5706.99118 9.68634e-18
5708.45935 8.17437e-18
5709.92753 7.17361e-18
5711.39570 7.05302e-18
5712.87394 7.74903e-18
5714.34211 9.37432e-18
5715.81029 9.03157e-18
5717.27846 8.33562e-18
5718.74664 8.59398e-18
5720.22487 8.24098e-18
5721.69305 7.74450e-18
5723.16122 9.12442e-18
5724.62940 9.52874e-18
5726.09758 7.60668e-18
5727.56575 6.77889e-18
5729.04398 7.53790e-18
5730.51216 8.58418e-18
5731.98034 7.94822e-18
5733.44851 7.59741e-18
5734.91669 7.28807e-18
5736.39492 6.66818e-18
5737.86310 7.00603e-18
5739.33127 6.86238e-18
5740.79945 7.71008e-18
5742.26762 9.60478e-18
5743.73580 9.66169e-18
5745.21403 8.28764e-18
5746.68221 8.49978e-18
5748.15038 7.98171e-18
5749.61856 6.23138e-18
5751.08674 6.93773e-18
5752.56497 6.54249e-18
5754.03314 5.65898e-18
5755.50132 7.11840e-18
5756.96950 7.48406e-18
5758.43767 6.20718e-18
5759.90585 6.01604e-18
5761.38408 7.48563e-18
5762.85226 7.40364e-18
5764.32043 7.22525e-18
5765.78861 7.83372e-18
5767.25678 8.40044e-18
5768.72496 8.31431e-18
5770.20319 7.11653e-18
5771.67137 7.73528e-18
5773.13954 7.42310e-18
5774.60772 8.11022e-18
5776.07590 8.14306e-18
5777.55413 6.45900e-18
5779.02230 6.94132e-18
5780.49048 7.15961e-18
5781.95866 7.41498e-18
5783.42683 8.36360e-18
5784.90506 7.95101e-18
5786.37324 6.97390e-18
5787.84142 6.62577e-18
5789.30959 7.09347e-18
5790.77777 7.62067e-18
5792.24594 9.12391e-18
5793.72418 1.02070e-17
5795.19235 8.75349e-18
5796.66053 8.56490e-18
5798.12870 8.60183e-18
5799.59688 9.02734e-18
5801.06506 8.89633e-18
5802.54329 7.64928e-18
5804.01146 8.62614e-18
5805.47964 1.05127e-17
5806.94782 1.03691e-17
5808.41599 1.06839e-17
5809.89422 1.10956e-17
5811.36240 1.08342e-17
5812.83058 1.14392e-17
5814.29875 1.15001e-17
5815.76693 1.10311e-17
5817.24516 1.15227e-17
5818.71334 1.17772e-17
5820.18151 1.10703e-17
5821.64969 1.19008e-17
5823.11786 1.32169e-17
5824.58604 1.29101e-17
5826.06427 1.30542e-17
5827.53245 1.24260e-17
5829.00062 1.12417e-17
5830.46880 1.29454e-17
5831.93698 1.31911e-17
5833.41521 1.33078e-17
5834.88338 1.32774e-17
5836.35156 1.33997e-17
5837.81974 1.42539e-17
5839.28791 1.45054e-17
5840.75609 1.48507e-17
5842.23432 1.48885e-17
5843.70250 1.45701e-17
5845.17067 1.31491e-17
5846.63885 1.33663e-17
5848.10702 1.51495e-17
5849.57520 1.45533e-17
5851.05343 1.41908e-17
5852.52161 1.47417e-17
5853.98978 1.49017e-17
5855.45796 1.47306e-17
5856.92614 1.40125e-17
5858.40437 1.45097e-17
5859.87254 1.57040e-17
5861.34072 1.54993e-17
5862.80890 1.55154e-17
5864.27707 1.59632e-17
5865.74525 1.52484e-17
5867.22348 1.51083e-17
5868.69166 1.62089e-17
5870.15983 1.69453e-17
5871.62801 1.63897e-17
5873.09618 1.54337e-17
5874.57442 1.52752e-17
5876.04259 1.59368e-17
5877.51077 1.59534e-17
5878.97894 1.57775e-17
5880.44712 1.67317e-17
5881.91530 1.69974e-17
5883.39353 1.63404e-17
5884.86170 1.61054e-17
5886.32988 1.67618e-17
5887.79806 1.55404e-17
5889.26623 1.38014e-17
5890.74446 1.65133e-17
5892.21264 1.80422e-17
5893.68082 1.71844e-17
5895.14899 1.75006e-17
5896.61717 1.73466e-17
5898.08534 1.94504e-17
5899.56358 2.04026e-17
5901.03175 1.96855e-17
5902.49993 1.87818e-17
5903.96810 1.83638e-17
5905.43628 1.99188e-17
5906.91451 2.10500e-17
5908.38269 2.08624e-17
5909.85086 2.01309e-17
5911.31904 2.06857e-17
5912.78722 2.06690e-17
5914.25539 1.94910e-17
5915.73362 1.87427e-17
5917.20180 1.88249e-17
5918.66998 1.96865e-17
5920.13815 1.87630e-17
5921.60633 1.62144e-17
5923.08456 1.37913e-17
5924.55274 1.41471e-17
5926.02091 1.55378e-17
5927.48909 1.59629e-17
5928.95726 1.64326e-17
5930.42544 1.69649e-17
5931.90367 1.80014e-17
5933.37185 1.82682e-17
5934.84002 1.86829e-17
5936.30820 1.98572e-17
5937.77638 1.99987e-17
5939.25461 1.97863e-17
5940.72278 1.92899e-17
5942.19096 1.93354e-17
5943.65914 1.96985e-17
5945.12731 2.05506e-17
5946.59549 2.04584e-17
5948.07372 2.01685e-17
5949.54190 1.96047e-17
5951.01007 1.80800e-17
5952.47825 1.86892e-17
5953.94642 1.86935e-17
5955.42466 1.81187e-17
5956.89283 1.92341e-17
5958.36101 2.04266e-17
5959.82918 2.09639e-17
5961.29736 2.06112e-17
5962.76554 1.95060e-17
5964.24377 1.89316e-17
5965.71194 2.07874e-17
5967.18012 2.00027e-17
5968.64830 1.93305e-17
5970.11647 1.82496e-17
5971.59470 1.81088e-17
5973.06288 2.11034e-17
5974.53106 2.11357e-17
5975.99923 1.94474e-17
5977.46741 1.84957e-17
5978.93558 1.85803e-17
5980.41382 1.75363e-17
5981.88199 1.68601e-17
5983.35017 1.72881e-17
5984.81834 1.89465e-17
5986.28652 1.83933e-17
5987.76475 1.68444e-17
5989.23293 1.70397e-17
5990.70110 1.61253e-17
5992.16928 1.57613e-17
5993.63746 1.66413e-17
5995.10563 1.64409e-17
5996.58386 1.74038e-17
5998.05204 1.76821e-17
5999.52022 1.63337e-17
6000.98839 1.72657e-17
6002.45657 1.85267e-17
6003.93480 1.66354e-17
6005.40298 1.55599e-17
6006.87115 1.54481e-17
6008.33933 1.60106e-17
6009.80750 1.67422e-17
6011.27568 1.69027e-17
6012.75391 1.59180e-17
6014.22209 1.43240e-17
6015.69026 1.39265e-17
6017.15844 1.52823e-17
6018.62662 1.66552e-17
6020.10485 1.68313e-17
6021.57302 1.56656e-17
6023.04120 1.47028e-17
6024.50938 1.68520e-17
6025.97755 1.76361e-17
6027.44573 1.56801e-17
6028.92396 1.54625e-17
6030.39214 1.44534e-17
6031.86031 1.41638e-17
6033.32849 1.45770e-17
6034.79666 1.28363e-17
6036.27490 1.29749e-17
6037.74307 1.53105e-17
6039.21125 1.53150e-17
6040.67942 1.50166e-17
6042.14760 1.51723e-17
6043.61578 1.38551e-17
6045.09401 1.48311e-17
6046.56218 1.58597e-17
6048.03036 1.36651e-17
6049.49854 1.23294e-17
6050.96671 1.38702e-17
6052.44494 1.40459e-17
6053.91312 1.35653e-17
6055.38130 1.41669e-17
6056.84947 1.44227e-17
6058.31765 1.40810e-17
6059.78582 1.26159e-17
6061.26406 1.16848e-17
6062.73223 1.30053e-17
6064.20041 1.41673e-17
6065.66858 1.50830e-17
6067.13676 1.53798e-17
6068.60494 1.35914e-17
6070.08317 1.30436e-17
6071.55134 1.38389e-17
6073.01952 1.36151e-17
6074.48770 1.27891e-17
6075.95587 1.29841e-17
6077.43410 1.26981e-17
6078.90228 1.20794e-17
6080.37046 1.26147e-17
6081.83863 1.32391e-17
6083.30681 1.35536e-17
6084.78504 1.28744e-17
6086.25322 1.22874e-17
6087.72139 1.21732e-17
6089.18957 1.19886e-17
6090.65774 1.15872e-17
6092.12592 1.35500e-17
6093.60415 1.25413e-17
6095.07233 1.01956e-17
6096.54050 1.19894e-17
6098.00868 1.28549e-17
6099.47686 1.22387e-17
6100.95509 1.27209e-17
6102.42326 1.25532e-17
6103.89144 1.14725e-17
6105.35962 1.03485e-17
6106.82779 1.21163e-17
6108.29597 1.37966e-17
6109.77420 1.38093e-17
6111.24238 1.20769e-17
6112.71055 1.05950e-17
6114.17873 1.12320e-17
6115.64690 1.23794e-17
6117.12514 1.16984e-17
6118.59331 1.04854e-17
6120.06149 1.11370e-17
6121.52966 1.19321e-17
6122.99784 1.19764e-17
6124.46602 1.06321e-17
6125.94425 9.64072e-18
6127.41242 1.08902e-17
6128.88060 1.19186e-17
6130.34878 1.17955e-17
6131.81695 1.19417e-17
6133.29518 1.34019e-17
6134.76336 1.33513e-17
6136.23154 1.21053e-17
6137.69971 1.05594e-17
6139.16789 1.05474e-17
6140.63606 1.14311e-17
6142.11430 1.15345e-17
6143.58247 1.13252e-17
6145.05065 1.24624e-17
6146.51882 1.28119e-17
6147.98700 1.24441e-17
6149.45518 1.26855e-17
6150.93341 1.32743e-17
6152.40158 1.31733e-17
6153.86976 1.15162e-17
6155.33794 1.21910e-17
6156.80611 1.35363e-17
6158.28434 1.10599e-17
6159.75252 1.10461e-17
6161.22070 1.11771e-17
6162.68887 1.01631e-17
6164.15705 1.13362e-17
6165.62522 1.19022e-17
6167.10346 1.12669e-17
6168.57163 1.25296e-17
6170.03981 1.19518e-17
6171.50798 1.15661e-17
6172.97616 1.25261e-17
6174.45439 1.14841e-17
6175.92257 1.10447e-17
6177.39074 1.14611e-17
6178.85892 1.15573e-17
6180.32710 1.11485e-17
6181.79527 1.12300e-17
6183.27350 1.16014e-17
6184.74168 1.17366e-17
6186.20986 1.31629e-17
6187.67803 1.27488e-17
6189.14621 1.11461e-17
6190.62444 1.11844e-17
6192.09262 1.08788e-17
6193.56079 1.08273e-17
6195.02897 1.17802e-17
6196.49714 1.24622e-17
6197.97538 1.37983e-17
6199.44355 1.25160e-17
6200.91173 1.10438e-17
6202.37990 1.20869e-17
6203.84808 1.08922e-17
6205.31626 1.23221e-17
6206.79449 1.27580e-17
6208.26266 1.29619e-17
6209.73084 1.23393e-17
6211.19902 1.18168e-17
6212.66719 1.07455e-17
6214.13537 1.04575e-17
6215.61360 1.25097e-17
6217.08178 1.24932e-17
6218.54995 1.06753e-17
6220.01813 1.20079e-17
6221.48630 1.23939e-17
6222.96454 1.32009e-17
6224.43271 1.44377e-17
6225.90089 1.44507e-17
6227.36906 1.36739e-17
6228.83724 1.30724e-17
6230.30542 1.24233e-17
6231.78365 1.16692e-17
6233.25182 1.12617e-17
6234.72000 1.23827e-17
6236.18818 1.46140e-17
6237.65635 1.26486e-17
6239.13458 1.24889e-17
6240.60276 1.29578e-17
6242.07094 1.30142e-17
6243.53911 1.38776e-17
6245.00729 1.42664e-17
6246.47546 1.40039e-17
6247.95370 1.41351e-17
6249.42187 1.47064e-17
6250.89005 1.46168e-17
6252.35822 1.47324e-17
6253.82640 1.51543e-17
6255.30463 1.50326e-17
6256.77281 1.44928e-17
6258.24098 1.41982e-17
6259.70916 1.51821e-17
6261.17734 1.56922e-17
6262.64551 1.55253e-17
6264.12374 1.55263e-17
6265.59192 1.50445e-17
6267.06010 1.36008e-17
6268.52827 1.34763e-17
6269.99645 1.52526e-17
6271.47468 1.57528e-17
6272.94286 1.52580e-17
6274.41103 1.53503e-17
6275.87921 1.63620e-17
6277.34738 1.57771e-17
6278.81556 1.37105e-17
6280.29379 1.29366e-17
6281.76197 1.36096e-17
6283.23014 1.45483e-17
6284.69832 1.48280e-17
6286.16650 1.43504e-17
6287.64473 1.43409e-17
6289.11290 1.37866e-17
6290.58108 1.38914e-17
6292.04926 1.53162e-17
6293.51743 1.68985e-17
6294.98561 1.67572e-17
6296.46384 1.56111e-17
6297.93202 1.49058e-17
6299.40019 1.55197e-17
6300.86837 1.41203e-17
6302.33654 1.27746e-17
6303.81478 1.41314e-17
6305.28295 1.43822e-17
6306.75113 1.41091e-17
6308.21930 1.29909e-17
6309.68748 1.39638e-17
6311.15566 1.47934e-17
6312.63389 1.35610e-17
6314.10206 1.38241e-17
6315.57024 1.54618e-17
6317.03842 1.54141e-17
6318.50659 1.47299e-17
6319.98482 1.43696e-17
6321.45300 1.44362e-17
6322.92118 1.46531e-17
6324.38935 1.49470e-17
6325.85753 1.29794e-17
6327.32570 1.21667e-17
6328.80394 1.35815e-17
6330.27211 1.38593e-17
6331.74029 1.29723e-17
6333.20846 1.32326e-17
6334.67664 1.36275e-17
6336.15487 1.51413e-17
6337.62305 1.52569e-17
6339.09122 1.48548e-17
6340.55940 1.50513e-17
6342.02758 1.49674e-17
6343.49575 1.53749e-17
6344.97398 1.39884e-17
6346.44216 1.43851e-17
6347.91034 1.51189e-17
6349.37851 1.44331e-17
6350.84669 1.39997e-17
6352.32492 1.40313e-17
6353.79310 1.46374e-17
6355.26127 1.34601e-17
6356.72945 1.16824e-17
6358.19762 1.22902e-17
6359.66580 1.26880e-17
6361.14403 1.34746e-17
6362.61221 1.31722e-17
6364.08038 1.31434e-17
6365.54856 1.50017e-17
6367.01674 1.58729e-17
6368.49497 1.42261e-17
6369.96314 1.36314e-17
6371.43132 1.40031e-17
6372.89950 1.37847e-17
6374.36767 1.39244e-17
6375.83585 1.27983e-17
6377.31408 1.08428e-17
6378.78226 1.14762e-17
6380.25043 1.34112e-17
6381.71861 1.24724e-17
6383.18678 1.18442e-17
6384.66502 1.27158e-17
6386.13319 1.36275e-17
6387.60137 1.38440e-17
6389.06954 1.26986e-17
6390.53772 1.11277e-17
6392.00590 1.18037e-17
6393.48413 1.51949e-17
6394.95230 1.52133e-17
6396.42048 1.12847e-17
6397.88866 1.12563e-17
6399.35683 1.15392e-17
6400.83506 1.29748e-17
6402.30324 1.37230e-17
6403.77142 1.28511e-17
6405.23959 1.28643e-17
6406.70777 1.20682e-17
6408.17594 1.19468e-17
6409.65418 1.19308e-17
6411.12235 1.24267e-17
6412.59053 1.19581e-17
6414.05870 1.22654e-17
6415.52688 1.21624e-17
6417.00511 1.31941e-17
6418.47329 1.31293e-17
6419.94146 1.32871e-17
6421.40964 1.47320e-17
6422.87782 1.41952e-17
6424.34599 1.33231e-17
6425.82422 1.29305e-17
6427.29240 1.26982e-17
6428.76058 1.14393e-17
6430.22875 1.19072e-17
6431.69693 1.18740e-17
6433.16510 1.17922e-17
6434.64334 1.34953e-17
6436.11151 1.32465e-17
6437.57969 1.12907e-17
6439.04786 1.26589e-17
6440.51604 1.45178e-17
6441.99427 1.45174e-17
6443.46245 1.44843e-17
6444.93062 1.33573e-17
6446.39880 1.23375e-17
6447.86698 1.29196e-17
6449.33515 1.31880e-17
6450.81338 1.38288e-17
6452.28156 1.36046e-17
6453.74974 1.39127e-17
6455.21791 1.47545e-17
6456.68609 1.46205e-17
6458.16432 1.38344e-17
6459.63250 1.40331e-17
6461.10067 1.37177e-17
6462.56885 1.25562e-17
6464.03702 1.31926e-17
6465.50520 1.40973e-17
6466.98343 1.48421e-17
6468.45161 1.39416e-17
6469.91978 1.19842e-17
6471.38796 1.16131e-17
6472.85614 1.22955e-17
6474.33437 1.38468e-17
6475.80254 1.52242e-17
6477.27072 1.51322e-17
6478.73890 1.40580e-17
6480.20707 1.33411e-17
6481.67525 1.36355e-17
6483.15348 1.40606e-17
6484.62166 1.29522e-17
6486.08983 1.22249e-17
6487.55801 1.38263e-17
6489.02618 1.39920e-17
6490.50442 1.31788e-17
6491.97259 1.27075e-17
6493.44077 1.25317e-17
6494.90894 1.20150e-17
6496.37712 1.31810e-17
6497.85535 1.38409e-17
6499.32353 1.22412e-17
6500.79170 1.27598e-17
6502.25988 1.37852e-17
6503.72806 1.39708e-17
6505.19623 1.44151e-17
6506.67446 1.41458e-17
6508.14264 1.30257e-17
6509.61082 1.27466e-17
6511.07899 1.36113e-17
6512.54717 1.31712e-17
6514.01534 1.31060e-17
6515.49358 1.42230e-17
6516.96175 1.37414e-17
6518.42993 1.30166e-17
6519.89810 1.22823e-17
6521.36628 1.36809e-17
6522.84451 1.33051e-17
6524.31269 1.34126e-17
6525.78086 1.43534e-17
6527.24904 1.43070e-17
6528.71722 1.38804e-17
6530.18539 1.23007e-17
6531.66362 1.29655e-17
6533.13180 1.26398e-17
6534.59998 1.26252e-17
6536.06815 1.30110e-17
6537.53633 1.20296e-17
6539.01456 1.25599e-17
6540.48274 1.29411e-17
6541.95091 1.23186e-17
6543.41909 1.06734e-17
6544.88726 1.09986e-17
6546.35544 1.29459e-17
6547.83367 1.30243e-17
6549.30185 1.21615e-17
6550.77002 1.08808e-17
6552.23820 1.05209e-17
6553.70638 1.24072e-17
6555.18461 1.12239e-17
6556.65278 1.10774e-17
6558.12096 1.05858e-17
6559.58914 1.04906e-17
6561.05731 1.17308e-17
6562.52549 1.23803e-17
6564.00372 1.10737e-17
6565.47190 1.07834e-17
6566.94007 1.00022e-17
6568.40825 8.99479e-18
6569.87642 9.08807e-18
6571.35466 9.18142e-18
6572.82283 9.27469e-18
6574.29101 9.36799e-18
6575.75918 9.46126e-18
6577.22736 9.55455e-18
6578.69554 9.64787e-18
6580.17377 9.74112e-18
6581.64194 9.83440e-18
6583.11012 9.92764e-18
6584.57830 1.00209e-17
6586.04647 1.01142e-17
6587.52470 1.02074e-17
6588.99288 1.03007e-17
6590.46106 1.03939e-17
6591.92923 1.04872e-17
6593.39741 1.05804e-17
6594.86558 1.06736e-17
6596.34382 1.07669e-17
6597.81199 1.08601e-17
6599.28017 1.09533e-17
6600.74834 1.10465e-17
6602.21652 1.11397e-17
6603.69475 1.12330e-17
6605.16293 1.13262e-17
6606.63110 1.14193e-17
6608.09928 1.15125e-17
6609.56746 1.16057e-17
6611.03563 1.16989e-17
6612.51386 1.17921e-17
6613.98204 1.18853e-17
6615.45022 1.19785e-17
6616.91839 1.20716e-17
6618.38657 1.21648e-17
6619.86480 1.22579e-17
6621.33298 1.23511e-17
6622.80115 1.24442e-17
6624.26933 1.25374e-17
6625.73750 1.26305e-17
6627.20568 1.27236e-17
6628.68391 1.28168e-17
6630.15209 1.29099e-17
6631.62026 1.40344e-17
6633.08844 1.45751e-17
6634.55662 1.25341e-17
6636.03485 1.33387e-17
6637.50302 1.46417e-17
6638.97120 1.33119e-17
6640.43938 1.29657e-17
6641.90755 1.36217e-17
6643.37573 1.38998e-17
6644.85396 1.32122e-17
6646.32214 1.29519e-17
6647.79031 1.36116e-17
6649.25849 1.33383e-17
6650.72666 1.24914e-17
6652.20490 1.19054e-17
6653.67307 1.26335e-17
6655.14125 1.23905e-17
6656.60942 1.33359e-17
6658.07760 1.49459e-17
6659.54578 1.40351e-17
6661.02401 1.29991e-17
6662.49218 1.36131e-17
6663.96036 1.41530e-17
6665.42854 1.40965e-17
6666.89671 1.45177e-17
6668.37494 1.39684e-17
6669.84312 1.25222e-17
6671.31130 1.20094e-17
6672.77947 1.33207e-17
6674.24765 1.45253e-17
6675.71582 1.41902e-17
6677.19406 1.43903e-17
6678.66223 1.39763e-17
6680.13041 1.28644e-17
6681.59858 1.31102e-17
6683.06676 1.44893e-17
6684.54499 1.38961e-17
6686.01317 1.25394e-17
6687.48134 1.30690e-17
6688.94952 1.29921e-17
6690.41770 1.30869e-17
6691.88587 1.31856e-17
6693.36410 1.32419e-17
6694.83228 1.34156e-17
6696.30046 1.38111e-17
6697.76863 1.34024e-17
6699.23681 1.39123e-17
6700.71504 1.37494e-17
6702.18322 1.24832e-17
6703.65139 1.42781e-17
6705.11957 1.61110e-17
6706.58774 1.52750e-17
6708.05592 1.41537e-17
6709.53415 1.46490e-17
6711.00233 1.35653e-17
6712.47050 1.50799e-17
6713.93868 1.58662e-17
6715.40686 1.34867e-17
6716.88509 1.43003e-17
6718.35326 1.43628e-17
6719.82144 1.35918e-17
6721.28962 1.29532e-17
6722.75779 1.35900e-17
6724.22597 1.37415e-17
6725.70420 1.31687e-17
6727.17238 1.28949e-17
6728.64055 1.33934e-17
6730.10873 1.33474e-17
6731.57690 1.48942e-17
6733.04508 1.29720e-17
6734.52331 1.23406e-17
6735.99149 1.21995e-17
6737.45966 1.25881e-17
6738.92784 1.28394e-17
6740.39602 1.28823e-17
6741.87425 1.23638e-17
6743.34242 1.34274e-17
6744.81060 1.28559e-17
6746.27878 1.42787e-17
6747.74695 1.45697e-17
6749.22518 1.25214e-17
6750.69336 1.29871e-17
6752.16154 1.43124e-17
6753.62971 1.56465e-17
6755.09789 1.74671e-17
6756.56606 1.73911e-17
6758.04430 1.71051e-17
6759.51247 1.62974e-17
6760.98065 1.36567e-17
6762.44882 1.33655e-17
6763.91700 1.32819e-17
6765.39523 1.29610e-17
6766.86341 1.54854e-17
6768.33158 1.62588e-17
6769.79976 1.79153e-17
6771.26794 1.64508e-17
6772.73611 1.43431e-17
6774.21434 1.21247e-17
6775.68252 1.11531e-17
6777.15070 1.26994e-17
6778.61887 1.12970e-17
6780.08705 1.10364e-17
6781.55522 1.17471e-17
6783.03346 1.33826e-17
6784.50163 1.33515e-17
6785.96981 1.26140e-17
6787.43798 1.19274e-17
6788.90616 1.22498e-17
6790.38439 1.30664e-17
6791.85257 1.17867e-17
6793.32074 1.17054e-17
6794.78892 1.28495e-17
6796.25710 1.15458e-17
6797.73533 1.24115e-17
6799.20350 1.39510e-17
6800.67168 1.08620e-17
6802.13986 1.04972e-17
6803.60803 1.08513e-17
6805.07621 1.07061e-17
6806.55444 1.09635e-17
6808.02262 1.03818e-17
6809.49079 1.13428e-17
6810.95897 1.26467e-17
6812.42714 1.16894e-17
6813.89532 9.98973e-18
6815.37355 9.20199e-18
6816.84173 1.13970e-17
6818.30990 1.17374e-17
6819.77808 1.28419e-17
6821.24626 1.34713e-17
6822.72449 1.28015e-17
6824.19266 1.03360e-17
6825.66084 9.93324e-18
6827.12902 1.02619e-17
6828.59719 9.37522e-18
6830.06537 9.19475e-18
6831.54360 1.03153e-17
6833.01178 1.06741e-17
6834.47995 1.08118e-17
6835.94813 1.03862e-17
6837.41630 1.10806e-17
6838.89454 1.15649e-17
6840.36271 1.14459e-17
6841.83089 1.11676e-17
6843.29906 1.07427e-17
6844.76724 1.09144e-17
6846.23542 9.68277e-18
6847.71365 8.92601e-18
6849.18182 1.09313e-17
6850.65000 1.01700e-17
6852.11818 9.51228e-18
6853.58635 9.88152e-18
6855.06458 9.87044e-18
6856.53276 1.15390e-17
6858.00094 1.11521e-17
6859.46911 1.11448e-17
6860.93729 9.99457e-18
6862.40546 8.28342e-18
6863.88370 9.89335e-18
6865.35187 1.11083e-17
6866.82005 9.11561e-18
6868.28822 9.24288e-18
6869.75640 1.04511e-17
6871.23463 9.68223e-18
6872.70281 9.65454e-18
6874.17098 1.02355e-17
6875.63916 9.84310e-18
6877.10734 9.85546e-18
6878.57551 9.69928e-18
6880.05374 9.25559e-18
6881.52192 8.73227e-18
6882.99010 9.85467e-18
6884.45827 9.62509e-18
6885.92645 8.35679e-18
6887.40468 8.22357e-18
6888.87286 8.63115e-18
6890.34103 8.77344e-18
6891.80921 8.14234e-18
6893.27738 9.42722e-18
6894.74556 1.09197e-17
6896.22379 1.01178e-17
6897.69197 8.13755e-18
6899.16014 8.15503e-18
6900.62832 9.01150e-18
6902.09650 9.06262e-18
6903.57473 9.83308e-18
6905.04290 1.08684e-17
6906.51108 1.06582e-17
6907.97926 1.04573e-17
6909.44743 1.06449e-17
6910.91561 1.04789e-17
6912.39384 9.58382e-18
6913.86202 9.34055e-18
6915.33019 9.88828e-18
6916.79837 8.33786e-18
6918.26654 7.71116e-18
6919.74478 8.78229e-18
6921.21295 9.44140e-18
6922.68113 8.70326e-18
6924.14930 9.05531e-18
6925.61748 1.04952e-17
6927.08566 8.78236e-18
6928.56389 8.23857e-18
6930.03206 1.04460e-17
6931.50024 8.72770e-18
6932.96842 7.33976e-18
6934.43659 8.62096e-18
6935.91482 9.35529e-18
6937.38300 9.10466e-18
6938.85118 9.22327e-18
6940.31935 8.18725e-18
6941.78753 9.52640e-18
6943.25570 9.72798e-18
6944.73394 8.08107e-18
6946.20211 8.40221e-18
6947.67029 9.50681e-18
6949.13846 8.53787e-18
6950.60664 6.94538e-18
6952.08487 9.20974e-18
6953.55305 1.03433e-17
6955.02122 1.00200e-17
6956.48940 1.05910e-17
6957.95758 1.11384e-17
6959.42575 1.15703e-17
6960.90398 1.07130e-17
6962.37216 9.76753e-18
6963.84034 9.60403e-18
6965.30851 1.00450e-17
6966.77669 1.06376e-17
6968.25492 1.23619e-17
6969.72310 1.11240e-17
6971.19127 1.11712e-17
6972.65945 1.27972e-17
6974.12762 1.20810e-17
6975.59580 1.23075e-17
6977.07403 1.33830e-17
6978.54221 1.09010e-17
6980.01038 1.13345e-17
6981.47856 1.16233e-17
6982.94674 1.09818e-17
6984.42497 1.14160e-17
6985.89314 1.15480e-17
6987.36132 1.19965e-17
6988.82950 1.18269e-17
6990.29767 1.09642e-17
6991.76585 1.26935e-17
6993.24408 1.40970e-17
6994.71226 1.38242e-17
6996.18043 1.44030e-17
6997.64861 1.42167e-17
6999.11678 1.36868e-17
7000.58496 1.25339e-17
7002.06319 1.21212e-17
7003.53137 1.23005e-17
7004.99954 1.22844e-17
7006.46772 1.22684e-17
7007.93590 1.22523e-17
7009.41413 1.22363e-17
7010.88230 1.22202e-17
7012.35048 1.22042e-17
7013.81866 1.21881e-17
7015.28683 1.21721e-17
7016.76506 1.21561e-17
7018.23324 1.21400e-17
7019.70142 1.21240e-17
7021.16959 1.21079e-17
7022.63777 1.20919e-17
7024.10594 1.20916e-17
7025.58418 1.25914e-17
7027.05235 1.24959e-17
7028.52053 1.35861e-17
7029.98870 1.36986e-17
7031.45688 1.40166e-17
7032.93511 1.43897e-17
7034.40329 1.36037e-17
7035.87146 1.50541e-17
7037.33964 1.43509e-17
7038.80782 1.25428e-17
7040.27599 1.28299e-17
7041.75422 1.34285e-17
7043.22240 1.34515e-17
7044.69058 1.37678e-17
7046.15875 1.43734e-17
7047.62693 1.30164e-17
7049.10516 1.32183e-17
7050.57334 1.37921e-17
7052.04151 1.54771e-17
7053.50969 1.38765e-17
7054.97786 1.49509e-17
7056.44604 1.37336e-17
7057.92427 1.27817e-17
7059.39245 1.45640e-17
7060.86062 1.33662e-17
7062.32880 1.22495e-17
7063.79698 1.32052e-17
7065.26515 1.53867e-17
7066.74338 1.52147e-17
7068.21156 1.38400e-17
7069.67974 1.47797e-17
7071.14791 1.60675e-17
7072.61609 1.38232e-17
7074.09432 1.48436e-17
7075.56250 1.49287e-17
7077.03067 1.52742e-17
7078.49885 1.66266e-17
7079.96702 1.59104e-17
7081.43520 1.64649e-17
7082.91343 1.45389e-17
7084.38161 1.47050e-17
7085.84978 1.66124e-17
7087.31796 1.50612e-17
7088.78614 1.47693e-17
7090.26437 1.68950e-17
7091.73254 1.55651e-17
7093.20072 1.48647e-17
7094.66890 1.49445e-17
7096.13707 1.57319e-17
7097.60525 1.48551e-17
7099.08348 1.52191e-17
7100.55166 1.54572e-17
7102.01983 1.52166e-17
7103.48801 1.58942e-17
7104.95618 1.63730e-17
7106.43442 1.70844e-17
7107.90259 1.64491e-17
7109.37077 1.48848e-17
7110.83894 1.52032e-17
7112.30712 1.55994e-17
7113.77530 1.53856e-17
7115.25353 1.48884e-17
7116.72170 1.58077e-17
7118.18988 1.54833e-17
7119.65806 1.60851e-17
7121.12623 1.59913e-17
7122.60446 1.60759e-17
7124.07264 1.54278e-17
7125.54082 1.62124e-17
7127.00899 1.58205e-17
7128.47717 1.48131e-17
7129.95540 1.43147e-17
7131.42358 1.56860e-17
7132.89175 1.66132e-17
7134.35993 1.74129e-17
7135.82810 1.68990e-17
7137.29628 1.57981e-17
7138.77451 1.48075e-17
7140.24269 1.59236e-17
7141.71086 1.52237e-17
7143.17904 1.46523e-17
7144.64722 1.55232e-17
7146.11539 1.49204e-17
7147.59362 1.58763e-17
7149.06180 1.57459e-17
7150.52998 1.44295e-17
7151.99815 1.37844e-17
7153.46633 1.36188e-17
7154.94456 1.52918e-17
7156.41274 1.58634e-17
7157.88091 1.61363e-17
7159.34909 1.60849e-17
7160.81726 1.57297e-17
7162.28544 1.31437e-17
7163.76367 1.37605e-17
7165.23185 1.43830e-17
7166.70002 1.43032e-17
7168.16820 1.53474e-17
7169.63638 1.54953e-17
7171.11461 1.46260e-17
7172.58278 1.41535e-17
7174.05096 1.65187e-17
7175.51914 1.63754e-17
7176.98731 1.49349e-17
7178.45549 1.54894e-17
7179.93372 1.64669e-17
7181.40190 1.54953e-17
7182.87007 1.48188e-17
7184.33825 1.54186e-17
7185.80642 1.56429e-17
7187.28466 1.39768e-17
7188.75283 1.45214e-17
7190.22101 1.63101e-17
7191.68918 1.60592e-17
7193.15736 1.67410e-17
7194.62554 1.63123e-17
7196.10377 1.37777e-17
7197.57194 1.37069e-17
7199.04012 1.53936e-17
7200.50830 1.69956e-17
7201.97647 1.65529e-17
7203.45470 1.41101e-17
7204.92288 1.43452e-17
7206.39106 1.58960e-17
7207.85923 1.53977e-17
7209.32741 1.32475e-17
7210.79558 1.38938e-17
7212.27382 1.57276e-17
7213.74199 1.52217e-17
7215.21017 1.38429e-17
7216.67834 1.50990e-17
7218.14652 1.67689e-17
7219.62475 1.55838e-17
7221.09293 1.58402e-17
7222.56110 1.71162e-17
7224.02928 1.62032e-17
7225.49746 1.59471e-17
7226.96563 1.54081e-17
7228.44386 1.58298e-17
7229.91204 1.51142e-17
7231.38022 1.63973e-17
7232.84839 1.81006e-17
7234.31657 1.63052e-17
7235.79480 1.42572e-17
7237.26298 1.40191e-17
7238.73115 1.61551e-17
7240.19933 1.72435e-17
7241.66750 1.74606e-17
7243.13568 1.81528e-17
7244.61391 1.59266e-17
7246.08209 1.52541e-17
7247.55026 1.49819e-17
7249.01844 1.66858e-17
7250.48662 1.64927e-17
7251.96485 1.70672e-17
7253.43302 1.67336e-17
7254.90120 1.44462e-17
7256.36938 1.60593e-17
7257.83755 1.68653e-17
7259.30573 1.65212e-17
7260.78396 1.89726e-17
7262.25214 1.73786e-17
7263.72031 1.79648e-17
7265.18849 1.49217e-17
7266.65666 1.52372e-17
7268.13490 1.77348e-17
7269.60307 1.58391e-17
7271.07125 1.60454e-17
7272.53942 1.46821e-17
7274.00760 1.36916e-17
7275.47578 1.63816e-17
7276.95401 1.98825e-17
7278.42218 1.71311e-17
7279.89036 1.39464e-17
7281.35854 1.79488e-17
7282.82671 1.88821e-17
7284.29489 1.79203e-17
7285.77312 1.77281e-17
7287.24130 1.81430e-17
7288.70947 1.86030e-17
7290.17765 1.73193e-17
7291.64582 1.62036e-17
7293.12406 1.72869e-17
7294.59223 1.84713e-17
7296.06041 1.54666e-17
7297.52858 1.86763e-17
7298.99676 1.88638e-17
7300.47499 1.91544e-17
7301.94317 1.98192e-17
7303.41134 1.83336e-17
7304.87952 1.67321e-17
7306.34770 1.71510e-17
7307.81587 1.90884e-17
7309.29410 1.85605e-17
7310.76228 1.71772e-17
7312.23046 1.85005e-17
7313.69863 1.70478e-17
7315.16681 1.78548e-17
7316.64504 1.86822e-17
7318.11322 1.86400e-17
7319.58139 1.86989e-17
7321.04957 1.80821e-17
7322.51774 1.78974e-17
7323.98592 1.72053e-17
7325.46415 1.64178e-17
7326.93233 1.81491e-17
7328.40050 1.61810e-17
7329.86868 1.45739e-17
7331.33686 1.62989e-17
7332.81509 1.73695e-17
7334.28326 1.55181e-17
7335.75144 1.80611e-17
7337.21962 1.99592e-17
7338.68779 1.67855e-17
7340.15597 1.72298e-17
7341.63420 1.82242e-17
7343.10238 1.59144e-17
7344.57055 1.65349e-17
7346.03873 1.55834e-17
7347.50690 1.52105e-17
7348.98514 1.42879e-17
7350.45331 1.38496e-17
7351.92149 1.53303e-17
7353.38966 1.58168e-17
7354.85784 1.26086e-17
7356.32602 1.33849e-17
7357.80425 1.58891e-17
7359.27242 1.35374e-17
7360.74060 1.30540e-17
7362.20878 1.52516e-17
7363.67695 1.63618e-17
7365.14513 1.45412e-17
7366.62336 1.47680e-17
7368.09154 1.32300e-17
7369.55971 1.20590e-17
7371.02789 1.43319e-17
7372.49606 1.57304e-17
7373.97430 1.59115e-17
7375.44247 1.52816e-17
7376.91065 1.39954e-17
7378.37882 1.45842e-17
7379.84700 1.32078e-17
7381.31518 1.39725e-17
7382.79341 1.28374e-17
7384.26158 1.30280e-17
7385.72976 1.23424e-17
7387.19794 1.16130e-17
7388.66611 1.11316e-17
7390.14434 1.20619e-17
7391.61252 1.14501e-17
7393.08070 1.21896e-17
7394.54887 1.20258e-17
7396.01705 1.17103e-17
7397.48522 1.24591e-17
7398.96346 1.20659e-17
7400.43163 1.23014e-17
7401.89981 1.27017e-17
7403.36798 1.16413e-17
7404.83616 1.09425e-17
7406.31439 1.31037e-17
7407.78257 1.19685e-17
7409.25074 1.24401e-17
7410.71892 1.13715e-17
7412.18710 1.07118e-17
7413.66533 1.08015e-17
