      3711.83  4.03635e-18
      3713.33  3.70979e-18
      3714.83  4.11618e-18
      3716.32  4.12512e-18
      3717.82  3.99281e-18
      3719.32  3.81271e-18
      3720.81  3.88306e-18
      3722.31  3.78769e-18
      3723.81  3.67620e-18
      3725.30  3.76590e-18
      3726.80  3.70965e-18
      3728.30  3.65722e-18
      3729.79  3.91463e-18
      3731.29  3.78734e-18
      3732.79  3.55369e-18
      3734.28  3.50939e-18
      3735.78  3.57354e-18
      3737.28  3.90171e-18
      3738.77  3.94776e-18
      3740.27  3.78637e-18
      3741.77  3.83676e-18
      3743.26  3.87271e-18
      3744.76  4.06233e-18
      3746.26  4.05678e-18
      3747.75  3.85893e-18
      3749.25  3.87747e-18
      3750.75  3.69309e-18
      3752.25  3.71167e-18
      3753.74  3.64213e-18
      3755.24  3.22732e-18
      3756.74  3.38206e-18
      3758.23  3.51378e-18
      3759.73  3.98153e-18
      3761.23  3.81452e-18
      3762.72  3.71281e-18
      3764.22  3.56165e-18
      3765.72  3.37749e-18
      3767.21  3.70084e-18
      3768.71  3.63675e-18
      3770.21  3.52747e-18
      3771.70  3.41252e-18
      3773.20  3.40867e-18
      3774.70  3.49413e-18
      3776.19  3.23509e-18
      3777.69  3.60877e-18
      3779.19  3.38000e-18
      3780.68  3.32461e-18
      3782.18  3.39565e-18
      3783.68  3.61931e-18
      3785.17  3.64646e-18
      3786.67  3.53993e-18
      3788.17  3.57255e-18
      3789.66  3.55750e-18
      3791.16  3.66676e-18
      3792.66  3.71286e-18
      3794.15  3.58359e-18
      3795.65  3.47930e-18
      3797.15  3.81186e-18
      3798.64  3.75077e-18
      3800.14  3.48257e-18
      3801.64  3.51799e-18
      3803.13  3.54312e-18
      3804.63  3.49910e-18
      3806.13  3.41026e-18
      3807.62  3.47533e-18
      3809.12  3.65769e-18
      3810.62  3.83857e-18
      3812.11  3.91010e-18
      3813.61  3.79395e-18
      3815.11  3.87465e-18
      3816.60  4.01880e-18
      3818.10  3.81228e-18
      3819.60  3.78720e-18
      3821.09  3.82647e-18
      3822.59  3.79730e-18
      3824.09  3.93502e-18
      3825.58  3.83743e-18
      3827.08  3.91799e-18
      3828.58  4.11517e-18
      3830.07  4.30995e-18
      3831.57  4.13882e-18
      3833.07  4.07681e-18
      3834.56  4.22145e-18
      3836.06  4.43886e-18
      3837.56  4.31964e-18
      3839.05  4.18964e-18
      3840.55  4.22674e-18
      3842.05  4.67002e-18
      3843.54  4.62916e-18
      3845.04  4.75711e-18
      3846.54  4.43881e-18
      3848.03  4.54301e-18
      3849.53  4.62807e-18
      3851.03  4.78603e-18
      3852.52  4.85480e-18
      3854.02  4.91551e-18
      3855.52  4.77198e-18
      3857.01  4.65127e-18
      3858.51  4.80542e-18
      3860.01  5.04930e-18
      3861.50  5.38007e-18
      3863.00  5.41772e-18
      3864.50  5.34942e-18
      3865.99  5.57723e-18
      3867.49  5.57960e-18
      3868.99  5.52334e-18
      3870.48  5.65957e-18
      3871.98  5.69415e-18
      3873.48  5.66765e-18
      3874.98  5.58943e-18
      3876.47  5.69916e-18
      3877.97  5.92076e-18
      3879.47  5.88092e-18
      3880.96  5.81572e-18
      3882.46  5.99701e-18
      3883.96  6.07558e-18
      3885.45  5.90814e-18
      3886.95  5.89205e-18
      3888.45  5.90237e-18
      3889.94  5.90443e-18
      3891.44  5.91917e-18
      3892.94  6.11422e-18
      3894.43  6.26944e-18
      3895.93  6.14905e-18
      3897.43  6.23599e-18
      3898.92  6.37244e-18
      3900.42  6.40475e-18
      3901.92  6.49186e-18
      3903.41  6.40554e-18
      3904.91  6.39500e-18
      3906.41  6.80785e-18
      3907.90  6.39747e-18
      3909.40  6.47619e-18
      3910.90  6.71391e-18
      3912.39  6.74255e-18
      3913.89  6.18082e-18
      3915.39  6.42582e-18
      3916.88  6.45915e-18
      3918.38  6.49002e-18
      3919.88  6.56361e-18
      3921.37  6.39777e-18
      3922.87  6.28731e-18
      3924.37  6.40192e-18
      3925.86  6.48032e-18
      3927.36  6.74934e-18
      3928.86  6.70869e-18
      3930.35  6.72028e-18
      3931.85  6.66155e-18
      3933.35  6.71837e-18
      3934.84  6.67193e-18
      3936.34  6.80959e-18
      3937.84  6.98179e-18
      3939.33  7.00391e-18
      3940.83  6.94543e-18
      3942.33  6.84311e-18
      3943.82  7.00288e-18
      3945.32  7.18545e-18
      3946.82  7.18113e-18
      3948.31  7.17521e-18
      3949.81  7.21241e-18
      3951.31  7.15655e-18
      3952.80  7.24378e-18
      3954.30  7.33765e-18
      3955.80  7.36933e-18
      3957.29  7.36171e-18
      3958.79  7.18472e-18
      3960.29  7.09122e-18
      3961.78  7.17005e-18
      3963.28  7.15149e-18
      3964.78  7.11546e-18
      3966.27  7.18694e-18
      3967.77  7.29789e-18
      3969.27  7.03403e-18
      3970.76  7.16111e-18
      3972.26  7.34720e-18
      3973.76  7.02117e-18
      3975.25  7.18771e-18
      3976.75  7.49898e-18
      3978.25  7.42319e-18
      3979.74  7.35499e-18
      3981.24  7.43521e-18
      3982.74  7.64264e-18
      3984.23  7.55575e-18
      3985.73  7.41094e-18
      3987.23  7.58072e-18
      3988.72  7.52776e-18
      3990.22  7.11116e-18
      3991.72  7.20926e-18
      3993.21  7.31755e-18
      3994.71  7.45359e-18
      3996.21  7.37683e-18
      3997.71  7.51890e-18
      3999.20  7.59272e-18
      4000.70  7.48844e-18
      4002.20  7.37993e-18
      4003.69  7.48207e-18
      4005.19  7.41923e-18
      4006.69  7.50464e-18
      4008.18  7.62318e-18
      4009.68  7.53801e-18
      4011.18  7.54104e-18
      4012.67  7.57473e-18
      4014.17  7.37572e-18
      4015.67  7.30057e-18
      4017.16  7.28791e-18
      4018.66  7.29407e-18
      4020.16  7.12472e-18
      4021.65  7.07708e-18
      4023.15  7.16775e-18
      4024.65  7.08672e-18
      4026.14  7.07524e-18
      4027.64  6.97738e-18
      4029.14  6.99274e-18
      4030.63  7.17914e-18
      4032.13  7.22274e-18
      4033.63  7.15655e-18
      4035.12  7.15015e-18
      4036.62  6.93481e-18
      4038.12  6.81971e-18
      4039.61  6.70831e-18
      4041.11  7.01107e-18
      4042.61  7.07544e-18
      4044.10  7.05475e-18
      4045.60  7.06213e-18
      4047.10  7.05275e-18
      4048.59  6.93152e-18
      4050.09  6.76474e-18
      4051.59  6.85289e-18
      4053.08  6.91602e-18
      4054.58  6.83724e-18
      4056.08  6.73966e-18
      4057.57  6.63621e-18
      4059.07  7.00928e-18
      4060.57  6.91574e-18
      4062.06  6.73085e-18
      4063.56  6.68636e-18
      4065.06  6.81089e-18
      4066.55  6.78278e-18
      4068.05  6.69565e-18
      4069.55  6.96763e-18
      4071.04  7.07198e-18
      4072.54  6.73765e-18
      4074.04  6.57611e-18
      4075.53  6.61046e-18
      4077.03  6.50726e-18
      4078.53  6.58037e-18
      4080.02  6.50720e-18
      4081.52  6.49980e-18
      4083.02  6.75350e-18
      4084.51  6.75225e-18
      4086.01  6.75375e-18
      4087.51  6.86386e-18
      4089.00  6.78785e-18
      4090.50  6.67166e-18
      4092.00  6.65923e-18
      4093.49  6.74849e-18
      4094.99  6.68137e-18
      4096.49  6.70543e-18
      4097.98  6.73007e-18
      4099.48  6.68223e-18
      4100.98  6.73930e-18
      4102.47  6.74448e-18
      4103.97  6.83431e-18
      4105.47  6.96492e-18
      4106.96  6.77323e-18
      4108.46  6.58809e-18
      4109.96  6.63517e-18
      4111.45  6.49055e-18
      4112.95  6.35972e-18
      4114.45  6.54091e-18
      4115.94  6.78101e-18
      4117.44  6.95584e-18
      4118.94  6.85019e-18
      4120.44  6.99394e-18
      4121.93  6.68100e-18
      4123.43  6.71394e-18
      4124.93  6.87465e-18
      4126.42  6.75352e-18
      4127.92  6.69917e-18
      4129.42  6.88449e-18
      4130.91  6.82380e-18
      4132.41  6.80990e-18
      4133.91  6.74217e-18
      4135.40  6.68239e-18
      4136.90  6.89616e-18
      4138.40  6.94707e-18
      4139.89  6.74135e-18
      4141.39  6.82921e-18
      4142.89  6.73557e-18
      4144.38  6.81737e-18
      4145.88  6.78181e-18
      4147.38  6.87781e-18
      4148.87  6.84322e-18
      4150.37  6.87786e-18
      4151.87  6.99595e-18
      4153.36  7.00762e-18
      4154.86  6.87270e-18
      4156.36  6.86415e-18
      4157.85  6.89775e-18
      4159.35  6.94138e-18
      4160.85  6.98205e-18
      4162.34  6.89494e-18
      4163.84  6.94613e-18
      4165.34  6.95145e-18
      4166.83  7.05580e-18
      4168.33  7.04972e-18
      4169.83  6.92091e-18
      4171.32  7.00828e-18
      4172.82  7.10843e-18
      4174.32  7.13618e-18
      4175.81  7.19589e-18
      4177.31  7.30384e-18
      4178.81  7.19747e-18
      4180.30  7.17368e-18
      4181.80  7.14892e-18
      4183.30  7.15201e-18
      4184.79  7.11123e-18
      4186.29  7.26893e-18
      4187.79  7.26372e-18
      4189.28  7.43448e-18
      4190.78  7.48899e-18
      4192.28  7.63695e-18
      4193.77  7.66714e-18
      4195.27  7.32359e-18
      4196.77  7.46866e-18
      4198.26  7.40050e-18
      4199.76  7.31246e-18
      4201.26  7.37447e-18
      4202.75  7.50611e-18
      4204.25  7.64497e-18
      4205.75  7.44720e-18
      4207.24  7.37860e-18
      4208.74  7.69954e-18
      4210.24  7.77844e-18
      4211.73  7.52483e-18
      4213.23  7.50883e-18
      4214.73  7.70399e-18
      4216.22  7.76992e-18
      4217.72  7.83847e-18
      4219.22  7.67282e-18
      4220.71  7.74112e-18
      4222.21  7.90532e-18
      4223.71  7.81955e-18
      4225.20  7.58014e-18
      4226.70  7.62084e-18
      4228.20  7.93102e-18
      4229.69  8.03251e-18
      4231.19  7.91741e-18
      4232.69  7.73759e-18
      4234.18  7.83581e-18
      4235.68  8.01055e-18
      4237.18  8.02735e-18
      4238.67  8.05978e-18
      4240.17  7.99382e-18
      4241.67  7.80547e-18
      4243.17  7.90760e-18
      4244.66  8.06742e-18
      4246.16  8.12419e-18
      4247.66  7.92329e-18
      4249.15  7.82514e-18
      4250.65  7.95629e-18
      4252.15  8.06077e-18
      4253.64  8.03473e-18
      4255.14  8.05588e-18
      4256.64  8.13201e-18
      4258.13  8.04648e-18
      4259.63  8.05885e-18
      4261.13  7.98246e-18
      4262.62  7.86810e-18
      4264.12  8.09135e-18
      4265.62  8.01047e-18
      4267.11  8.04246e-18
      4268.61  8.30201e-18
      4270.11  8.00246e-18
      4271.60  7.90759e-18
      4273.10  8.38290e-18
      4274.60  8.47279e-18
      4276.09  8.38018e-18
      4277.59  8.14146e-18
      4279.09  8.20099e-18
      4280.58  8.48243e-18
      4282.08  8.41396e-18
      4283.58  8.43994e-18
      4285.07  8.39705e-18
      4286.57  8.44100e-18
      4288.07  8.47581e-18
      4289.56  8.38784e-18
      4291.06  8.52181e-18
      4292.56  8.44622e-18
      4294.05  8.16434e-18
      4295.55  8.15523e-18
      4297.05  8.26083e-18
      4298.54  8.44421e-18
      4300.04  8.46190e-18
      4301.54  8.36868e-18
      4303.03  8.35170e-18
      4304.53  8.38586e-18
      4306.03  8.54622e-18
      4307.52  8.60336e-18
      4309.02  8.69405e-18
      4310.52  8.63471e-18
      4312.01  8.65601e-18
      4313.51  8.83845e-18
      4315.01  8.82164e-18
      4316.50  8.72779e-18
      4318.00  8.61190e-18
      4319.50  8.61025e-18
      4320.99  8.58972e-18
      4322.49  8.50517e-18
      4323.99  8.57614e-18
      4325.48  8.64986e-18
      4326.98  8.80446e-18
      4328.48  8.81892e-18
      4329.97  8.68250e-18
      4331.47  8.65411e-18
      4332.97  8.82225e-18
      4334.46  8.74193e-18
      4335.96  8.55554e-18
      4337.46  8.76085e-18
      4338.95  8.85580e-18
      4340.45  8.73143e-18
      4341.95  8.82169e-18
      4343.44  8.81245e-18
      4344.94  8.69774e-18
      4346.44  8.59367e-18
      4347.93  8.78844e-18
      4349.43  8.69232e-18
      4350.93  8.61073e-18
      4352.42  8.75664e-18
      4353.92  8.81389e-18
      4355.42  8.89878e-18
      4356.91  8.84264e-18
      4358.41  8.96469e-18
      4359.91  8.93178e-18
      4361.40  8.96923e-18
      4362.90  8.89568e-18
      4364.40  8.93252e-18
      4365.90  9.23339e-18
      4367.39  9.36253e-18
      4368.89  9.33289e-18
      4370.39  9.16260e-18
      4371.88  9.06110e-18
      4373.38  9.16060e-18
      4374.88  9.27851e-18
      4376.37  9.33555e-18
      4377.87  9.43066e-18
      4379.37  9.49537e-18
      4380.86  9.62681e-18
      4382.36  9.64580e-18
      4383.86  9.53965e-18
      4385.35  9.61549e-18
      4386.85  9.67791e-18
      4388.35  9.70769e-18
      4389.84  9.70988e-18
      4391.34  9.76034e-18
      4392.84  9.89450e-18
      4394.33  1.00407e-17
      4395.83  1.00454e-17
      4397.33  1.00683e-17
      4398.82  1.02430e-17
      4400.32  1.02972e-17
      4401.82  1.01087e-17
      4403.31  1.00977e-17
      4404.81  1.02304e-17
      4406.31  1.00967e-17
      4407.80  1.02671e-17
      4409.30  1.03627e-17
      4410.80  1.04610e-17
      4412.29  1.03206e-17
      4413.79  1.04837e-17
      4415.29  1.04646e-17
      4416.78  1.04178e-17
      4418.28  1.05504e-17
      4419.78  1.07772e-17
      4421.27  1.08480e-17
      4422.77  1.06599e-17
      4424.27  1.07318e-17
      4425.76  1.09068e-17
      4427.26  1.09358e-17
      4428.76  1.10801e-17
      4430.25  1.10818e-17
      4431.75  1.11707e-17
      4433.25  1.12233e-17
      4434.74  1.11885e-17
      4436.24  1.14105e-17
      4437.74  1.14835e-17
      4439.23  1.16196e-17
      4440.73  1.17298e-17
      4442.23  1.16607e-17
      4443.72  1.17723e-17
      4445.22  1.18347e-17
      4446.72  1.17272e-17
      4448.21  1.18875e-17
      4449.71  1.20212e-17
      4451.21  1.20414e-17
      4452.70  1.22077e-17
      4454.20  1.24224e-17
      4455.70  1.25919e-17
      4457.19  1.25634e-17
      4458.69  1.24192e-17
      4460.19  1.23964e-17
      4461.68  1.25486e-17
      4463.18  1.27575e-17
      4464.68  1.27706e-17
      4466.17  1.27510e-17
      4467.67  1.27949e-17
      4469.17  1.28369e-17
      4470.66  1.30011e-17
      4472.16  1.30485e-17
      4473.66  1.31494e-17
      4475.15  1.31767e-17
      4476.65  1.32600e-17
      4478.15  1.33535e-17
      4479.64  1.35557e-17
      4481.14  1.35283e-17
      4482.64  1.40194e-17
      4484.13  1.38015e-17
      4485.63  1.36508e-17
      4487.13  1.41098e-17
      4488.62  1.40395e-17
      4490.12  1.38399e-17
      4491.62  1.40219e-17
      4493.12  1.39933e-17
      4494.61  1.41275e-17
      4496.11  1.42529e-17
      4497.61  1.42999e-17
      4499.10  1.44892e-17
      4500.60  1.46518e-17
      4502.10  1.45485e-17
      4503.59  1.45273e-17
      4505.09  1.47054e-17
      4506.59  1.46604e-17
      4508.08  1.47857e-17
      4509.58  1.47515e-17
      4511.08  1.48605e-17
      4512.57  1.49291e-17
      4514.07  1.48970e-17
      4515.57  1.49205e-17
      4517.06  1.50444e-17
      4518.56  1.52152e-17
      4520.06  1.53318e-17
      4521.55  1.53697e-17
      4523.05  1.54348e-17
      4524.55  1.54296e-17
      4526.04  1.54085e-17
      4527.54  1.53620e-17
      4529.04  1.51998e-17
      4530.53  1.53190e-17
      4532.03  1.55897e-17
      4533.53  1.56812e-17
      4535.02  1.56571e-17
      4536.52  1.55902e-17
      4538.02  1.55197e-17
      4539.51  1.55720e-17
      4541.01  1.57746e-17
      4542.51  1.59715e-17
      4544.00  1.59367e-17
      4545.50  1.58481e-17
      4547.00  1.58880e-17
      4548.49  1.58814e-17
      4549.99  1.59822e-17
      4551.49  1.58052e-17
      4552.98  1.58107e-17
      4554.48  1.60483e-17
      4555.98  1.58701e-17
      4557.47  1.59365e-17
      4558.97  1.58789e-17
      4560.47  1.58250e-17
      4561.96  1.59007e-17
      4563.46  1.59473e-17
      4564.96  1.58974e-17
      4566.45  1.58973e-17
      4567.95  1.60389e-17
      4569.45  1.59758e-17
      4570.94  1.60465e-17
      4572.44  1.59621e-17
      4573.94  1.59035e-17
      4575.43  1.60327e-17
      4576.93  1.60992e-17
      4578.43  1.62035e-17
      4579.92  1.60547e-17
      4581.42  1.59077e-17
      4582.92  1.60390e-17
      4584.41  1.63618e-17
      4585.91  1.63882e-17
      4587.41  1.61811e-17
      4588.90  1.59772e-17
      4590.40  1.60330e-17
      4591.90  1.61161e-17
      4593.39  1.61508e-17
      4594.89  1.60605e-17
      4596.39  1.60275e-17
      4597.88  1.60099e-17
      4599.38  1.59386e-17
      4600.88  1.61552e-17
      4602.37  1.61499e-17
      4603.87  1.58643e-17
      4605.37  1.57160e-17
      4606.86  1.57327e-17
      4608.36  1.56940e-17
      4609.86  1.55931e-17
      4611.35  1.55474e-17
      4612.85  1.55372e-17
      4614.35  1.55739e-17
      4615.85  1.53983e-17
      4617.34  1.52693e-17
      4618.84  1.53265e-17
      4620.34  1.53186e-17
      4621.83  1.50882e-17
      4623.33  1.51438e-17
      4624.83  1.52273e-17
      4626.32  1.52204e-17
      4627.82  1.49853e-17
      4629.32  1.48406e-17
      4630.81  1.49512e-17
      4632.31  1.49396e-17
      4633.81  1.47941e-17
      4635.30  1.47461e-17
      4636.80  1.47730e-17
      4638.30  1.47354e-17
      4639.79  1.46527e-17
      4641.29  1.46002e-17
      4642.79  1.46125e-17
      4644.28  1.47383e-17
      4645.78  1.46807e-17
      4647.28  1.44086e-17
      4648.77  1.42179e-17
      4650.27  1.41246e-17
      4651.77  1.40678e-17
      4653.26  1.41632e-17
      4654.76  1.40780e-17
      4656.26  1.38683e-17
      4657.75  1.38637e-17
      4659.25  1.38815e-17
      4660.75  1.38129e-17
      4662.24  1.38081e-17
      4663.74  1.37670e-17
      4665.24  1.36230e-17
      4666.73  1.35108e-17
      4668.23  1.35648e-17
      4669.73  1.35057e-17
      4671.22  1.33857e-17
      4672.72  1.32563e-17
      4674.22  1.32247e-17
      4675.71  1.32595e-17
      4677.21  1.33069e-17
      4678.71  1.32853e-17
      4680.20  1.32778e-17
      4681.70  1.32333e-17
      4683.20  1.30947e-17
      4684.69  1.31129e-17
      4686.19  1.30041e-17
      4687.69  1.28668e-17
      4689.18  1.26626e-17
      4690.68  1.26011e-17
      4692.18  1.28135e-17
      4693.67  1.28326e-17
      4695.17  1.24840e-17
      4696.67  1.24083e-17
      4698.16  1.26025e-17
      4699.66  1.27083e-17
      4701.16  1.24593e-17
      4702.65  1.22508e-17
      4704.15  1.24730e-17
      4705.65  1.25152e-17
      4707.14  1.22568e-17
      4708.64  1.22841e-17
      4710.14  1.22784e-17
      4711.63  1.21989e-17
      4713.13  1.23932e-17
      4714.63  1.21529e-17
      4716.12  1.21633e-17
      4717.62  1.21482e-17
      4719.12  1.22586e-17
      4720.61  1.22522e-17
      4722.11  1.21927e-17
      4723.61  1.22999e-17
      4725.10  1.23703e-17
      4726.60  1.22883e-17
      4728.10  1.22701e-17
      4729.59  1.22299e-17
      4731.09  1.22943e-17
      4732.59  1.21770e-17
      4734.08  1.20202e-17
      4735.58  1.20591e-17
      4737.08  1.21459e-17
      4738.58  1.21754e-17
      4740.07  1.20906e-17
      4741.57  1.20755e-17
      4743.07  1.21057e-17
      4744.56  1.19673e-17
      4746.06  1.19154e-17
      4747.56  1.18383e-17
      4749.05  1.17126e-17
      4750.55  1.16316e-17
      4752.05  1.15976e-17
      4753.54  1.16391e-17
      4755.04  1.16516e-17
      4756.54  1.15525e-17
      4758.03  1.16305e-17
      4759.53  1.17621e-17
      4761.03  1.16656e-17
      4762.52  1.16789e-17
      4764.02  1.15686e-17
      4765.52  1.14857e-17
      4767.01  1.15581e-17
      4768.51  1.18782e-17
      4770.01  1.16182e-17
      4771.50  1.15886e-17
      4773.00  1.18398e-17
      4774.50  1.16296e-17
      4775.99  1.15768e-17
      4777.49  1.18053e-17
      4778.99  1.17810e-17
      4780.48  1.18226e-17
      4781.98  1.17230e-17
      4783.48  1.20123e-17
      4784.97  1.19896e-17
      4786.47  1.18865e-17
      4787.97  1.17977e-17
      4789.46  1.20786e-17
      4790.96  1.21489e-17
      4792.46  1.20011e-17
      4793.95  1.21349e-17
      4795.45  1.23057e-17
      4796.95  1.23402e-17
      4798.44  1.22237e-17
      4799.94  1.22940e-17
      4801.44  1.23352e-17
      4802.93  1.23201e-17
      4804.43  1.24152e-17
      4805.93  1.23091e-17
      4807.42  1.24425e-17
      4808.92  1.24764e-17
      4810.42  1.23928e-17
      4811.91  1.23686e-17
      4813.41  1.22921e-17
      4814.91  1.24561e-17
      4816.40  1.26984e-17
      4817.90  1.25588e-17
      4819.40  1.23780e-17
      4820.89  1.24907e-17
      4822.39  1.24795e-17
      4823.89  1.24594e-17
      4825.38  1.23638e-17
      4826.88  1.23085e-17
      4828.38  1.23970e-17
      4829.87  1.24706e-17
      4831.37  1.25123e-17
      4832.87  1.24854e-17
      4834.36  1.24875e-17
      4835.86  1.24915e-17
      4837.36  1.24802e-17
      4838.85  1.24516e-17
      4840.35  1.21851e-17
      4841.85  1.22065e-17
      4843.34  1.21196e-17
      4844.84  1.20758e-17
      4846.34  1.21965e-17
      4847.83  1.22360e-17
      4849.33  1.22304e-17
      4850.83  1.21782e-17
      4852.32  1.22079e-17
      4853.82  1.23212e-17
      4855.32  1.22834e-17
      4856.81  1.23745e-17
      4858.31  1.24514e-17
      4859.81  1.24163e-17
      4861.31  1.24552e-17
      4862.80  1.25112e-17
      4864.30  1.25987e-17
      4865.80  1.24667e-17
      4867.29  1.24594e-17
      4868.79  1.25210e-17
      4870.29  1.26216e-17
      4871.78  1.25988e-17
      4873.28  1.25971e-17
      4874.78  1.25732e-17
      4876.27  1.26288e-17
      4877.77  1.26017e-17
      4879.27  1.26155e-17
      4880.76  1.27665e-17
      4882.26  1.28415e-17
      4883.76  1.28596e-17
      4885.25  1.28592e-17
      4886.75  1.27517e-17
      4888.25  1.27582e-17
      4889.74  1.28641e-17
      4891.24  1.30258e-17
      4892.74  1.30119e-17
      4894.23  1.26521e-17
      4895.73  1.27328e-17
      4897.23  1.29621e-17
      4898.72  1.28812e-17
      4900.22  1.27651e-17
      4901.72  1.28271e-17
      4903.21  1.27754e-17
      4904.71  1.26982e-17
      4906.21  1.27502e-17
      4907.70  1.27392e-17
      4909.20  1.26028e-17
      4910.70  1.24805e-17
      4912.19  1.26425e-17
      4913.69  1.26732e-17
      4915.19  1.27690e-17
      4916.68  1.25658e-17
      4918.18  1.27088e-17
      4919.68  1.28839e-17
      4921.17  1.27072e-17
      4922.67  1.26801e-17
      4924.17  1.26637e-17
      4925.66  1.28384e-17
      4927.16  1.29216e-17
      4928.66  1.29981e-17
      4930.15  1.29535e-17
      4931.65  1.28163e-17
      4933.15  1.28811e-17
      4934.64  1.29574e-17
      4936.14  1.29800e-17
      4937.64  1.30643e-17
      4939.13  1.31709e-17
      4940.63  1.29909e-17
      4942.13  1.28946e-17
      4943.62  1.30692e-17
      4945.12  1.30333e-17
      4946.62  1.28865e-17
      4948.11  1.29755e-17
      4949.61  1.29522e-17
      4951.11  1.27453e-17
      4952.60  1.26857e-17
      4954.10  1.26992e-17
      4955.60  1.26959e-17
      4957.09  1.27586e-17
      4958.59  1.28225e-17
      4960.09  1.28474e-17
      4961.58  1.27685e-17
      4963.08  1.25896e-17
      4964.58  1.24915e-17
      4966.07  1.25830e-17
      4967.57  1.26371e-17
      4969.07  1.24880e-17
      4970.56  1.24228e-17
      4972.06  1.25623e-17
      4973.56  1.25139e-17
      4975.05  1.25626e-17
      4976.55  1.25969e-17
      4978.05  1.25750e-17
      4979.54  1.24689e-17
      4981.04  1.24290e-17
      4982.54  1.25358e-17
      4984.04  1.24853e-17
      4985.53  1.24092e-17
      4987.03  1.25122e-17
      4988.53  1.23556e-17
      4990.02  1.22202e-17
      4991.52  1.22545e-17
      4993.02  1.21415e-17
      4994.51  1.20134e-17
      4996.01  1.22743e-17
      4997.51  1.23881e-17
      4999.00  1.23503e-17
      5000.50  1.22448e-17
      5002.00  1.22040e-17
      5003.49  1.20091e-17
      5004.99  1.21773e-17
      5006.49  1.24136e-17
      5007.98  1.23198e-17
      5009.48  1.22757e-17
      5010.98  1.23987e-17
      5012.47  1.23530e-17
      5013.97  1.23351e-17
      5015.47  1.23744e-17
      5016.96  1.24677e-17
      5018.46  1.24246e-17
      5019.96  1.23555e-17
      5021.45  1.23024e-17
      5022.95  1.23516e-17
      5024.45  1.24185e-17
      5025.94  1.23360e-17
      5027.44  1.23153e-17
      5028.94  1.25250e-17
      5030.43  1.27166e-17
      5031.93  1.26889e-17
      5033.43  1.27180e-17
      5034.92  1.28103e-17
      5036.42  1.27625e-17
      5037.92  1.27131e-17
      5039.41  1.28040e-17
      5040.91  1.28197e-17
      5042.41  1.26207e-17
      5043.90  1.27528e-17
      5045.40  1.27602e-17
      5046.90  1.27168e-17
      5048.39  1.27120e-17
      5049.89  1.28855e-17
      5051.39  1.27766e-17
      5052.88  1.28536e-17
      5054.38  1.29200e-17
      5055.88  1.28944e-17
      5057.37  1.30490e-17
      5058.87  1.32169e-17
      5060.37  1.31780e-17
      5061.86  1.33251e-17
      5063.36  1.32166e-17
      5064.86  1.33782e-17
      5066.35  1.33745e-17
      5067.85  1.32036e-17
      5069.35  1.32677e-17
      5070.84  1.34561e-17
      5072.34  1.32974e-17
      5073.84  1.34352e-17
      5075.33  1.35215e-17
      5076.83  1.34956e-17
      5078.33  1.34249e-17
      5079.82  1.35093e-17
      5081.32  1.34387e-17
      5082.82  1.34780e-17
      5084.31  1.36420e-17
      5085.81  1.36834e-17
      5087.31  1.36582e-17
      5088.80  1.36609e-17
      5090.30  1.37094e-17
      5091.80  1.38804e-17
      5093.29  1.38173e-17
      5094.79  1.37484e-17
      5096.29  1.37424e-17
      5097.78  1.38175e-17
      5099.28  1.38577e-17
      5100.78  1.38788e-17
      5102.27  1.38473e-17
      5103.77  1.39280e-17
      5105.27  1.40253e-17
      5106.77  1.38293e-17
      5108.26  1.37161e-17
      5109.76  1.38972e-17
      5111.26  1.38540e-17
      5112.75  1.40342e-17
      5114.25  1.39963e-17
      5115.75  1.40061e-17
      5117.24  1.41276e-17
      5118.74  1.41198e-17
      5120.24  1.41287e-17
      5121.73  1.42019e-17
      5123.23  1.42162e-17
      5124.73  1.41532e-17
      5126.22  1.42109e-17
      5127.72  1.42981e-17
      5129.22  1.44290e-17
      5130.71  1.44669e-17
      5132.21  1.42126e-17
      5133.71  1.42882e-17
      5135.20  1.44079e-17
      5136.70  1.43991e-17
      5138.20  1.44557e-17
      5139.69  1.43903e-17
      5141.19  1.44219e-17
      5142.69  1.45767e-17
      5144.18  1.45400e-17
      5145.68  1.45169e-17
      5147.18  1.43844e-17
      5148.67  1.43586e-17
      5150.17  1.45052e-17
      5151.67  1.44512e-17
      5153.16  1.43079e-17
      5154.66  1.43339e-17
      5156.16  1.44605e-17
      5157.65  1.46462e-17
      5159.15  1.47147e-17
      5160.65  1.47486e-17
      5162.14  1.48604e-17
      5163.64  1.48901e-17
      5165.14  1.49581e-17
      5166.63  1.51301e-17
      5168.13  1.51096e-17
      5169.63  1.50626e-17
      5171.12  1.51037e-17
      5172.62  1.51465e-17
      5174.12  1.52130e-17
      5175.61  1.53174e-17
      5177.11  1.53186e-17
      5178.61  1.53436e-17
      5180.10  1.54908e-17
      5181.60  1.54534e-17
      5183.10  1.54583e-17
      5184.59  1.56374e-17
      5186.09  1.56880e-17
      5187.59  1.57465e-17
      5189.08  1.59398e-17
      5190.58  1.59044e-17
      5192.08  1.57222e-17
      5193.57  1.58751e-17
      5195.07  1.58848e-17
      5196.57  1.60082e-17
      5198.06  1.60223e-17
      5199.56  1.60033e-17
      5201.06  1.61039e-17
      5202.55  1.60690e-17
      5204.05  1.60747e-17
      5205.55  1.61189e-17
      5207.04  1.61074e-17
      5208.54  1.62126e-17
      5210.04  1.61500e-17
      5211.53  1.60792e-17
      5213.03  1.63381e-17
      5214.53  1.64579e-17
      5216.02  1.63476e-17
      5217.52  1.63699e-17
      5219.02  1.66437e-17
      5220.51  1.67964e-17
      5222.01  1.67224e-17
      5223.51  1.66300e-17
      5225.00  1.67130e-17
      5226.50  1.67952e-17
      5228.00  1.67207e-17
      5229.50  1.66847e-17
      5230.99  1.68285e-17
      5232.49  1.69590e-17
      5233.99  1.69344e-17
      5235.48  1.69646e-17
      5236.98  1.70380e-17
      5238.48  1.69783e-17
      5239.97  1.69515e-17
      5241.47  1.70211e-17
      5242.97  1.70269e-17
      5244.46  1.69942e-17
      5245.96  1.70487e-17
      5247.46  1.71269e-17
      5248.95  1.71108e-17
      5250.45  1.71491e-17
      5251.95  1.72846e-17
      5253.44  1.73720e-17
      5254.94  1.73375e-17
      5256.44  1.73328e-17
      5257.93  1.74256e-17
      5259.43  1.75313e-17
      5260.93  1.74764e-17
      5262.42  1.74231e-17
      5263.92  1.74494e-17
      5265.42  1.74056e-17
      5266.91  1.75898e-17
      5268.41  1.77100e-17
      5269.91  1.77347e-17
      5271.40  1.76899e-17
      5272.90  1.77179e-17
      5274.40  1.79106e-17
      5275.89  1.79875e-17
      5277.39  1.79036e-17
      5278.89  1.78317e-17
      5280.38  1.79357e-17
      5281.88  1.79120e-17
      5283.38  1.78682e-17
      5284.87  1.78872e-17
      5286.37  1.79797e-17
      5287.87  1.80833e-17
      5289.36  1.80709e-17
      5290.86  1.79833e-17
      5292.36  1.80044e-17
      5293.85  1.80677e-17
      5295.35  1.80770e-17
      5296.85  1.80529e-17
      5298.34  1.81914e-17
      5299.84  1.82485e-17
      5301.34  1.81244e-17
      5302.83  1.81085e-17
      5304.33  1.81951e-17
      5305.83  1.81916e-17
      5307.32  1.81077e-17
      5308.82  1.81243e-17
      5310.32  1.81078e-17
      5311.81  1.80098e-17
      5313.31  1.81056e-17
      5314.81  1.81702e-17
      5316.30  1.80490e-17
      5317.80  1.81774e-17
      5319.30  1.81877e-17
      5320.79  1.79349e-17
      5322.29  1.80221e-17
      5323.79  1.80742e-17
      5325.28  1.80541e-17
      5326.78  1.81891e-17
      5328.28  1.81730e-17
      5329.77  1.81449e-17
      5331.27  1.82899e-17
      5332.77  1.82135e-17
      5334.26  1.82031e-17
      5335.76  1.82168e-17
      5337.26  1.82528e-17
      5338.75  1.83736e-17
      5340.25  1.84335e-17
      5341.75  1.83826e-17
      5343.24  1.84964e-17
      5344.74  1.85619e-17
      5346.24  1.83791e-17
      5347.73  1.83759e-17
      5349.23  1.84334e-17
      5350.73  1.84837e-17
      5352.23  1.85413e-17
      5353.72  1.85403e-17
      5355.22  1.86785e-17
      5356.72  1.87099e-17
      5358.21  1.87555e-17
      5359.71  1.87986e-17
      5361.21  1.86666e-17
      5362.70  1.87676e-17
      5364.20  1.87689e-17
      5365.70  1.88724e-17
      5367.19  1.89899e-17
      5368.69  1.89945e-17
      5370.19  1.89977e-17
      5371.68  1.90035e-17
      5373.18  1.89503e-17
      5374.68  1.90628e-17
      5376.17  1.91716e-17
      5377.67  1.92196e-17
      5379.17  1.93076e-17
      5380.66  1.92625e-17
      5382.16  1.91379e-17
      5383.66  1.91104e-17
      5385.15  1.92847e-17
      5386.65  1.94083e-17
      5388.15  1.92625e-17
      5389.64  1.92082e-17
      5391.14  1.93234e-17
      5392.64  1.93998e-17
      5394.13  1.93681e-17
      5395.63  1.93905e-17
      5397.13  1.94884e-17
      5398.62  1.94892e-17
      5400.12  1.93612e-17
      5401.62  1.94822e-17
      5403.11  1.95662e-17
      5404.61  1.97115e-17
      5406.11  1.97382e-17
      5407.60  1.97300e-17
      5409.10  1.96765e-17
      5410.60  1.95487e-17
      5412.09  1.96421e-17
      5413.59  1.97697e-17
      5415.09  1.98671e-17
      5416.58  1.97433e-17
      5418.08  1.98307e-17
      5419.58  1.99919e-17
      5421.07  1.97848e-17
      5422.57  2.00290e-17
      5424.07  1.97768e-17
      5425.56  2.00906e-17
      5427.06  1.98548e-17
      5428.56  1.96283e-17
      5430.05  1.95507e-17
      5431.55  1.99686e-17
      5433.05  1.99523e-17
      5434.54  1.99655e-17
      5436.04  2.01327e-17
      5437.54  2.00443e-17
      5439.03  1.99970e-17
      5440.53  2.00757e-17
      5442.03  1.99859e-17
      5443.52  1.98571e-17
      5445.02  1.97541e-17
      5446.52  1.99850e-17
      5448.01  2.00048e-17
      5449.51  1.99466e-17
      5451.01  1.98897e-17
      5452.50  1.98441e-17
      5454.00  1.97314e-17
      5455.50  1.97019e-17
      5456.99  1.96939e-17
      5458.49  1.96693e-17
      5459.99  1.95697e-17
      5461.48  1.95180e-17
      5462.98  1.95589e-17
      5464.48  1.95970e-17
      5465.97  1.95055e-17
      5467.47  1.95311e-17
      5468.97  1.95096e-17
      5470.46  1.94155e-17
      5471.96  1.92949e-17
      5473.46  1.94160e-17
      5474.96  1.93425e-17
      5476.45  1.93753e-17
      5477.95  1.93344e-17
      5479.45  1.92545e-17
      5480.94  1.93934e-17
      5482.44  1.90973e-17
      5483.94  1.90672e-17
      5485.43  1.92026e-17
      5486.93  1.92158e-17
      5488.43  1.92504e-17
      5489.92  1.91769e-17
      5491.42  1.93251e-17
      5492.92  1.94368e-17
      5494.41  1.92355e-17
      5495.91  1.92014e-17
      5497.41  1.91560e-17
      5498.90  1.89488e-17
      5500.40  1.89452e-17
      5501.90  1.91997e-17
      5503.39  1.91028e-17
      5504.89  1.91838e-17
      5506.39  1.90957e-17
      5507.88  1.90145e-17
      5509.38  1.92145e-17
      5510.88  1.90709e-17
      5512.37  1.89887e-17
      5513.87  1.90556e-17
      5515.37  1.89088e-17
      5516.86  1.88786e-17
      5518.36  1.90612e-17
      5519.86  1.90156e-17
      5521.35  1.88068e-17
      5522.85  1.87643e-17
      5524.35  1.86695e-17
      5525.84  1.86534e-17
      5527.34  1.87712e-17
      5528.84  1.88718e-17
      5530.33  1.89084e-17
      5531.83  1.88257e-17
      5533.33  1.87023e-17
      5534.82  1.86076e-17
      5536.32  1.86617e-17
      5537.82  1.86916e-17
      5539.31  1.85880e-17
      5540.81  1.86813e-17
      5542.31  1.86458e-17
      5543.80  1.85878e-17
      5545.30  1.86826e-17
      5546.80  1.85258e-17
      5548.29  1.83397e-17
      5549.79  1.84468e-17
      5551.29  1.85269e-17
      5552.78  1.85190e-17
      5554.28  1.84470e-17
      5555.78  1.84100e-17
      5557.27  1.83499e-17
      5558.77  1.83743e-17
      5560.27  1.83121e-17
      5561.76  1.83313e-17
      5563.26  1.85787e-17
      5564.76  1.82116e-17
      5566.25  1.80714e-17
      5567.75  1.80232e-17
      5569.25  1.81258e-17
      5570.74  1.81317e-17
      5572.24  1.81225e-17
      5573.74  1.80676e-17
      5575.23  1.79432e-17
      5576.73  1.78004e-17
      5578.23  1.77419e-17
      5579.72  1.76385e-17
      5581.22  1.76004e-17
      5582.72  1.78298e-17
      5584.21  1.78637e-17
      5585.71  1.77766e-17
      5587.21  1.77376e-17
      5588.70  1.76353e-17
      5590.20  1.75445e-17
      5591.70  1.74779e-17
      5593.19  1.72767e-17
      5594.69  1.72305e-17
      5596.19  1.73524e-17
      5597.69  1.73692e-17
      5599.18  1.73409e-17
      5600.68  1.71785e-17
      5602.18  1.70703e-17
      5603.67  1.70083e-17
      5605.17  1.69577e-17
      5606.67  1.68592e-17
      5608.16  1.67114e-17
      5609.66  1.65864e-17
      5611.16  1.66469e-17
      5612.65  1.66955e-17
      5614.15  1.66918e-17
      5615.65  1.66111e-17
      5617.14  1.62741e-17
      5618.64  1.62951e-17
      5620.14  1.64653e-17
      5621.63  1.64210e-17
      5623.13  1.62502e-17
      5624.63  1.62123e-17
      5626.12  1.61686e-17
      5627.62  1.60489e-17
      5629.12  1.61148e-17
      5630.61  1.60897e-17
      5632.11  1.60669e-17
      5633.61  1.60726e-17
      5635.10  1.59140e-17
      5636.60  1.58199e-17
      5638.10  1.56033e-17
      5639.59  1.54813e-17
      5641.09  1.56788e-17
      5642.59  1.56076e-17
      5644.08  1.53372e-17
      5645.58  1.52773e-17
      5647.08  1.52774e-17
      5648.57  1.52981e-17
      5650.07  1.51833e-17
      5651.57  1.50369e-17
      5653.06  1.50796e-17
      5654.56  1.50734e-17
      5656.06  1.51556e-17
      5657.55  1.50127e-17
      5659.05  1.49118e-17
      5660.55  1.49215e-17
      5662.04  1.48758e-17
      5663.54  1.49146e-17
      5665.04  1.49423e-17
      5666.53  1.48058e-17
      5668.03  1.46785e-17
      5669.53  1.46657e-17
      5671.02  1.46353e-17
      5672.52  1.45619e-17
      5674.02  1.44718e-17
      5675.51  1.45220e-17
      5677.01  1.44893e-17
      5678.51  1.43888e-17
      5680.00  1.44557e-17
      5681.50  1.45009e-17
      5683.00  1.43961e-17
      5684.49  1.43705e-17
      5685.99  1.43471e-17
      5687.49  1.42255e-17
      5688.98  1.41757e-17
      5690.48  1.42607e-17
      5691.98  1.41565e-17
      5693.47  1.40472e-17
      5694.97  1.40602e-17
      5696.47  1.40179e-17
      5697.96  1.40847e-17
      5699.46  1.41528e-17
      5700.96  1.42201e-17
      5702.45  1.42143e-17
      5703.95  1.42166e-17
      5705.45  1.42109e-17
      5706.94  1.42926e-17
      5708.44  1.43851e-17
      5709.94  1.43079e-17
      5711.43  1.42182e-17
      5712.93  1.44153e-17
      5714.43  1.43222e-17
      5715.92  1.42763e-17
      5717.42  1.42702e-17
      5718.92  1.44079e-17
      5720.42  1.42585e-17
      5721.91  1.43163e-17
      5723.41  1.43458e-17
      5724.91  1.44033e-17
      5726.40  1.43982e-17
      5727.90  1.44557e-17
      5729.40  1.45443e-17
      5730.89  1.45284e-17
      5732.39  1.44368e-17
      5733.89  1.44096e-17
      5735.38  1.45246e-17
      5736.88  1.45544e-17
      5738.38  1.45319e-17
      5739.87  1.45294e-17
      5741.37  1.44644e-17
      5742.87  1.45065e-17
      5744.36  1.46143e-17
      5745.86  1.46409e-17
      5747.36  1.46367e-17
      5748.85  1.46536e-17
      5750.35  1.47241e-17
      5751.85  1.47834e-17
      5753.34  1.47449e-17
      5754.84  1.47064e-17
      5756.34  1.46054e-17
      5757.83  1.45331e-17
      5759.33  1.46210e-17
      5760.83  1.47756e-17
      5762.32  1.46878e-17
      5763.82  1.46644e-17
      5765.32  1.46565e-17
      5766.81  1.46257e-17
      5768.31  1.46292e-17
      5769.81  1.48493e-17
      5771.30  1.50057e-17
      5772.80  1.48934e-17
      5774.30  1.47164e-17
      5775.79  1.49165e-17
      5777.29  1.48666e-17
      5778.79  1.48622e-17
      5780.28  1.50684e-17
      5781.78  1.50226e-17
      5783.28  1.50248e-17
      5784.77  1.49764e-17
      5786.27  1.50926e-17
      5787.77  1.49514e-17
      5789.26  1.49049e-17
      5790.76  1.51426e-17
      5792.26  1.50791e-17
      5793.75  1.50478e-17
      5795.25  1.50709e-17
      5796.75  1.50559e-17
      5798.24  1.49806e-17
      5799.74  1.50794e-17
      5801.24  1.49326e-17
      5802.73  1.50018e-17
      5804.23  1.52026e-17
      5805.73  1.50993e-17
      5807.22  1.49415e-17
      5808.72  1.48845e-17
      5810.22  1.50201e-17
      5811.71  1.51447e-17
      5813.21  1.51073e-17
      5814.71  1.48558e-17
      5816.20  1.47797e-17
      5817.70  1.48613e-17
      5819.20  1.48671e-17
      5820.69  1.49278e-17
      5822.19  1.50904e-17
      5823.69  1.50742e-17
      5825.18  1.49825e-17
      5826.68  1.49608e-17
      5828.18  1.48526e-17
      5829.67  1.48714e-17
      5831.17  1.48411e-17
      5832.67  1.47565e-17
      5834.16  1.47493e-17
      5835.66  1.47937e-17
      5837.16  1.47816e-17
      5838.65  1.48101e-17
      5840.15  1.47033e-17
      5841.65  1.46594e-17
      5843.15  1.47658e-17
      5844.64  1.46934e-17
      5846.14  1.46904e-17
      5847.64  1.47278e-17
      5849.13  1.46902e-17
      5850.63  1.46889e-17
      5852.13  1.46673e-17
      5853.62  1.47027e-17
      5855.12  1.47541e-17
      5856.62  1.47487e-17
      5858.11  1.46507e-17
      5859.61  1.47048e-17
      5861.11  1.47698e-17
      5862.60  1.47766e-17
      5864.10  1.48135e-17
      5865.60  1.47357e-17
      5867.09  1.47189e-17
      5868.59  1.47826e-17
      5870.09  1.47990e-17
      5871.58  1.47618e-17
      5873.08  1.45134e-17
      5874.58  1.41745e-17
      5876.07  1.40514e-17
      5877.57  1.40626e-17
      5879.07  1.40617e-17
      5880.56  1.40489e-17
      5882.06  1.40564e-17
      5883.56  1.40858e-17
      5885.05  1.42361e-17
      5886.55  1.43682e-17
      5888.05  1.44006e-17
      5889.54  1.45355e-17
      5891.04  1.46614e-17
      5892.54  1.45081e-17
      5894.03  1.43644e-17
      5895.53  1.44167e-17
      5897.03  1.44251e-17
      5898.52  1.44802e-17
      5900.02  1.44498e-17
      5901.52  1.43986e-17
      5903.01  1.43389e-17
      5904.51  1.43734e-17
      5906.01  1.44333e-17
      5907.50  1.43192e-17
      5909.00  1.43402e-17
      5910.50  1.44222e-17
      5911.99  1.43247e-17
      5913.49  1.43070e-17
      5914.99  1.43578e-17
      5916.48  1.44540e-17
      5917.98  1.43681e-17
      5919.48  1.42851e-17
      5920.97  1.43587e-17
      5922.47  1.43574e-17
      5923.97  1.43042e-17
      5925.46  1.43360e-17
      5926.96  1.43781e-17
      5928.46  1.42839e-17
      5929.95  1.40381e-17
      5931.45  1.39979e-17
      5932.95  1.40890e-17
      5934.44  1.40479e-17
      5935.94  1.42525e-17
      5937.44  1.43784e-17
      5938.93  1.42216e-17
      5940.43  1.41503e-17
      5941.93  1.41110e-17
      5943.42  1.40888e-17
      5944.92  1.41045e-17
      5946.42  1.39901e-17
      5947.91  1.39848e-17
      5949.41  1.40145e-17
      5950.91  1.39203e-17
      5952.40  1.37703e-17
      5953.90  1.37408e-17
      5955.40  1.37211e-17
      5956.90  1.37179e-17
      5958.39  1.37837e-17
      5959.89  1.38511e-17
      5961.38  1.37881e-17
      5962.88  1.37428e-17
      5964.38  1.37284e-17
      5965.88  1.38604e-17
      5967.37  1.39504e-17
      5968.87  1.38212e-17
      5970.37  1.36962e-17
      5971.86  1.37846e-17
      5973.36  1.37189e-17
      5974.86  1.37890e-17
      5976.35  1.39038e-17
      5977.85  1.38994e-17
      5979.35  1.39503e-17
      5980.84  1.39107e-17
      5982.34  1.38691e-17
      5983.84  1.37823e-17
      5985.33  1.37840e-17
      5986.83  1.38218e-17
      5988.33  1.37057e-17
      5989.82  1.36319e-17
      5991.32  1.37839e-17
      5992.82  1.38877e-17
      5994.31  1.39341e-17
      5995.81  1.36777e-17
      5997.31  1.37706e-17
      5998.80  1.38356e-17
      6000.30  1.37560e-17
      6001.80  1.38677e-17
      6003.29  1.38890e-17
      6004.79  1.38517e-17
      6006.29  1.38007e-17
      6007.78  1.37542e-17
      6009.28  1.37877e-17
      6010.78  1.38134e-17
      6012.27  1.36635e-17
      6013.77  1.35525e-17
      6015.27  1.35979e-17
      6016.76  1.37288e-17
      6018.26  1.36301e-17
      6019.76  1.35232e-17
      6021.25  1.36055e-17
      6022.75  1.37028e-17
      6024.25  1.37054e-17
      6025.74  1.36611e-17
      6027.24  1.35810e-17
      6028.74  1.35918e-17
      6030.23  1.34795e-17
      6031.73  1.33152e-17
      6033.23  1.33708e-17
      6034.72  1.34726e-17
      6036.22  1.35334e-17
      6037.72  1.35151e-17
      6039.21  1.35483e-17
      6040.71  1.34930e-17
      6042.21  1.34376e-17
      6043.70  1.33823e-17
      6045.20  1.33270e-17
      6046.70  1.33263e-17
      6048.19  1.34288e-17
      6049.69  1.33131e-17
      6051.19  1.34340e-17
      6052.68  1.35294e-17
      6054.18  1.34657e-17
      6055.68  1.33784e-17
      6057.17  1.33816e-17
      6058.67  1.34709e-17
      6060.17  1.34604e-17
      6061.66  1.34199e-17
      6063.16  1.35136e-17
      6064.66  1.33255e-17
      6066.15  1.33057e-17
      6067.65  1.34773e-17
      6069.15  1.35028e-17
      6070.64  1.33932e-17
      6072.14  1.33826e-17
      6073.64  1.34874e-17
      6075.13  1.34484e-17
      6076.63  1.32775e-17
      6078.13  1.33631e-17
      6079.62  1.33909e-17
      6081.12  1.33731e-17
      6082.62  1.34178e-17
      6084.11  1.33508e-17
      6085.61  1.32386e-17
      6087.11  1.32509e-17
      6088.60  1.33239e-17
      6090.10  1.32146e-17
      6091.60  1.31809e-17
      6093.10  1.32947e-17
      6094.59  1.32714e-17
      6096.09  1.32069e-17
      6097.59  1.32071e-17
      6099.08  1.31390e-17
      6100.58  1.30713e-17
      6102.08  1.31229e-17
      6103.57  1.30754e-17
      6105.07  1.30573e-17
      6106.57  1.31209e-17
      6108.06  1.31233e-17
      6109.56  1.30478e-17
      6111.06  1.29173e-17
      6112.55  1.28916e-17
      6114.05  1.29338e-17
      6115.55  1.29867e-17
      6117.04  1.30053e-17
      6118.54  1.29190e-17
      6120.04  1.29336e-17
      6121.53  1.30115e-17
      6123.03  1.28699e-17
      6124.53  1.28597e-17
      6126.02  1.29081e-17
      6127.52  1.27437e-17
      6129.02  1.26778e-17
      6130.51  1.28179e-17
      6132.01  1.27922e-17
      6133.51  1.26451e-17
      6135.00  1.27423e-17
      6136.50  1.27543e-17
      6138.00  1.26194e-17
      6139.49  1.24660e-17
      6140.99  1.24566e-17
      6142.49  1.24541e-17
      6143.98  1.24700e-17
      6145.48  1.24256e-17
      6146.98  1.25215e-17
      6148.47  1.24154e-17
      6149.97  1.22730e-17
      6151.47  1.22725e-17
      6152.96  1.21870e-17
      6154.46  1.21280e-17
      6155.96  1.21182e-17
      6157.45  1.21034e-17
      6158.95  1.20774e-17
      6160.45  1.19971e-17
      6161.94  1.20085e-17
      6163.44  1.19153e-17
      6164.94  1.19084e-17
      6166.43  1.18530e-17
      6167.93  1.18267e-17
      6169.43  1.18177e-17
      6170.92  1.18897e-17
      6172.42  1.19088e-17
      6173.92  1.18658e-17
      6175.41  1.17816e-17
      6176.91  1.18569e-17
      6178.41  1.19590e-17
      6179.90  1.19759e-17
      6181.40  1.19150e-17
      6182.90  1.18694e-17
      6184.39  1.18197e-17
      6185.89  1.18221e-17
      6187.39  1.17676e-17
      6188.88  1.16211e-17
      6190.38  1.17034e-17
      6191.88  1.18229e-17
      6193.37  1.18456e-17
      6194.87  1.17458e-17
      6196.37  1.17393e-17
      6197.86  1.16375e-17
      6199.36  1.16837e-17
      6200.86  1.17075e-17
      6202.35  1.17133e-17
      6203.85  1.17507e-17
      6205.35  1.16455e-17
      6206.84  1.17968e-17
      6208.34  1.18963e-17
      6209.84  1.18191e-17
      6211.33  1.17105e-17
      6212.83  1.17315e-17
      6214.33  1.16906e-17
      6215.83  1.19273e-17
      6217.32  1.18980e-17
      6218.82  1.19088e-17
      6220.32  1.18429e-17
      6221.81  1.18617e-17
      6223.31  1.19593e-17
      6224.81  1.19302e-17
      6226.30  1.18199e-17
      6227.80  1.18521e-17
      6229.30  1.18424e-17
      6230.79  1.19843e-17
      6232.29  1.21260e-17
      6233.79  1.20559e-17
      6235.28  1.20558e-17
      6236.78  1.20367e-17
      6238.28  1.20523e-17
      6239.77  1.20907e-17
      6241.27  1.20940e-17
      6242.77  1.20474e-17
      6244.26  1.20582e-17
      6245.76  1.20372e-17
      6247.26  1.21819e-17
      6248.75  1.23678e-17
      6250.25  1.24152e-17
      6251.75  1.24722e-17
      6253.24  1.24296e-17
      6254.74  1.23624e-17
      6256.24  1.24114e-17
      6257.73  1.23781e-17
      6259.23  1.23172e-17
      6260.73  1.23707e-17
      6262.22  1.24750e-17
      6263.72  1.25063e-17
      6265.22  1.24849e-17
      6266.71  1.25552e-17
      6268.21  1.24284e-17
      6269.71  1.22471e-17
      6271.20  1.24265e-17
      6272.70  1.25558e-17
      6274.20  1.25040e-17
      6275.69  1.24387e-17
      6277.19  1.25237e-17
      6278.69  1.25864e-17
      6280.18  1.25828e-17
      6281.68  1.26172e-17
      6283.18  1.26752e-17
      6284.67  1.27635e-17
      6286.17  1.28440e-17
      6287.67  1.28683e-17
      6289.16  1.27910e-17
      6290.66  1.28984e-17
      6292.16  1.29053e-17
      6293.65  1.29123e-17
      6295.15  1.30250e-17
      6296.65  1.30133e-17
      6298.14  1.28834e-17
      6299.64  1.28510e-17
      6301.14  1.30354e-17
      6302.63  1.31488e-17
      6304.13  1.29958e-17
      6305.63  1.29564e-17
      6307.12  1.30388e-17
      6308.62  1.31093e-17
      6310.12  1.31745e-17
      6311.61  1.31744e-17
      6313.11  1.31422e-17
      6314.61  1.30823e-17
      6316.10  1.30481e-17
      6317.60  1.30708e-17
      6319.10  1.30895e-17
      6320.59  1.31837e-17
      6322.09  1.32123e-17
      6323.59  1.31318e-17
      6325.08  1.32877e-17
      6326.58  1.33352e-17
      6328.08  1.32631e-17
      6329.57  1.33273e-17
      6331.07  1.34360e-17
      6332.57  1.34792e-17
      6334.06  1.33985e-17
      6335.56  1.32707e-17
      6337.06  1.33186e-17
      6338.56  1.34089e-17
      6340.05  1.34589e-17
      6341.55  1.34030e-17
      6343.05  1.34131e-17
      6344.54  1.34203e-17
      6346.04  1.34452e-17
      6347.54  1.35153e-17
      6349.03  1.35716e-17
      6350.53  1.34646e-17
      6352.03  1.32178e-17
      6353.52  1.32714e-17
      6355.02  1.33494e-17
      6356.52  1.33117e-17
      6358.01  1.33773e-17
      6359.51  1.35833e-17
      6361.01  1.35840e-17
      6362.50  1.34519e-17
      6364.00  1.34206e-17
      6365.50  1.35890e-17
      6366.99  1.34315e-17
      6368.49  1.34670e-17
      6369.99  1.36042e-17
      6371.48  1.35959e-17
      6372.98  1.35513e-17
      6374.48  1.34687e-17
      6375.97  1.35858e-17
      6377.47  1.36261e-17
      6378.97  1.37288e-17
      6380.46  1.36518e-17
      6381.96  1.35373e-17
      6383.46  1.35678e-17
      6384.95  1.35882e-17
      6386.45  1.35768e-17
      6387.95  1.35550e-17
      6389.44  1.36034e-17
      6390.94  1.35917e-17
      6392.44  1.36772e-17
      6393.93  1.37212e-17
      6395.43  1.35417e-17
      6396.93  1.34404e-17
      6398.42  1.35235e-17
      6399.92  1.36585e-17
      6401.42  1.36712e-17
      6402.91  1.36497e-17
      6404.41  1.36330e-17
      6405.91  1.35467e-17
      6407.40  1.34599e-17
      6408.90  1.35879e-17
      6410.40  1.36414e-17
      6411.89  1.36261e-17
      6413.39  1.36304e-17
      6414.89  1.36783e-17
      6416.38  1.37302e-17
      6417.88  1.37642e-17
      6419.38  1.37427e-17
      6420.87  1.36871e-17
      6422.37  1.37735e-17
      6423.87  1.39017e-17
      6425.36  1.37642e-17
      6426.86  1.36884e-17
      6428.36  1.37830e-17
      6429.85  1.39308e-17
      6431.35  1.38580e-17
      6432.85  1.38029e-17
      6434.34  1.36960e-17
      6435.84  1.36855e-17
      6437.34  1.37916e-17
      6438.83  1.37089e-17
      6440.33  1.37505e-17
      6441.83  1.37242e-17
      6443.32  1.36952e-17
      6444.82  1.36057e-17
      6446.32  1.34790e-17
      6447.81  1.36055e-17
      6449.31  1.36804e-17
      6450.81  1.36310e-17
      6452.30  1.36528e-17
      6453.80  1.36682e-17
      6455.30  1.37200e-17
      6456.79  1.36229e-17
      6458.29  1.35333e-17
      6459.79  1.34733e-17
      6461.29  1.33855e-17
      6462.78  1.33498e-17
      6464.28  1.33292e-17
      6465.78  1.33091e-17
      6467.27  1.34072e-17
      6468.77  1.35151e-17
      6470.27  1.34776e-17
      6471.76  1.34388e-17
      6473.26  1.34006e-17
      6474.76  1.34570e-17
      6476.25  1.34691e-17
      6477.75  1.34008e-17
      6479.25  1.33709e-17
      6480.74  1.34429e-17
      6482.24  1.36486e-17
      6483.74  1.37319e-17
      6485.23  1.37414e-17
      6486.73  1.37078e-17
      6488.23  1.36789e-17
      6489.72  1.36185e-17
      6491.22  1.36300e-17
      6492.72  1.37315e-17
      6494.21  1.36523e-17
      6495.71  1.36683e-17
      6497.21  1.35770e-17
      6498.70  1.34371e-17
      6500.20  1.33130e-17
      6501.70  1.32186e-17
      6503.19  1.34894e-17
      6504.69  1.36060e-17
      6506.19  1.35174e-17
      6507.68  1.35050e-17
      6509.18  1.35155e-17
      6510.68  1.34730e-17
      6512.17  1.35844e-17
      6513.67  1.37236e-17
      6515.17  1.37148e-17
      6516.66  1.36796e-17
      6518.16  1.36328e-17
      6519.66  1.35798e-17
      6521.15  1.35063e-17
      6522.65  1.35082e-17
      6524.15  1.36128e-17
      6525.64  1.37091e-17
      6527.14  1.35823e-17
      6528.64  1.34181e-17
      6530.13  1.34541e-17
      6531.63  1.35063e-17
      6533.13  1.35741e-17
      6534.62  1.36729e-17
      6536.12  1.36120e-17
      6537.62  1.35286e-17
      6539.11  1.35111e-17
      6540.61  1.34609e-17
      6542.11  1.34556e-17
      6543.60  1.34954e-17
      6545.10  1.34617e-17
      6546.60  1.34285e-17
      6548.09  1.34300e-17
      6549.59  1.34405e-17
      6551.09  1.34424e-17
      6552.58  1.33583e-17
      6554.08  1.33374e-17
      6555.58  1.33521e-17
      6557.07  1.33465e-17
      6558.57  1.33868e-17
      6560.07  1.34427e-17
      6561.56  1.34182e-17
      6563.06  1.34059e-17
      6564.56  1.34062e-17
      6566.05  1.32922e-17
      6567.55  1.32969e-17
      6569.05  1.32507e-17
      6570.54  1.33767e-17
      6572.04  1.32433e-17
      6573.54  1.31695e-17
      6575.03  1.30713e-17
      6576.53  1.31457e-17
      6578.03  1.30262e-17
      6579.52  1.30330e-17
      6581.02  1.32402e-17
      6582.52  1.31497e-17
      6584.02  1.30887e-17
      6585.51  1.31664e-17
      6587.01  1.30922e-17
      6588.51  1.30476e-17
      6590.00  1.30002e-17
      6591.50  1.29966e-17
      6593.00  1.30242e-17
      6594.49  1.30170e-17
      6595.99  1.30240e-17
      6597.49  1.30647e-17
      6598.98  1.29495e-17
      6600.48  1.28923e-17
      6601.98  1.29102e-17
      6603.47  1.29575e-17
      6604.97  1.29641e-17
      6606.47  1.28137e-17
      6607.96  1.27365e-17
      6609.46  1.26669e-17
      6610.96  1.25710e-17
      6612.45  1.25514e-17
      6613.95  1.26222e-17
      6615.45  1.27715e-17
      6616.94  1.28147e-17
      6618.44  1.27506e-17
      6619.94  1.26583e-17
      6621.43  1.25965e-17
      6622.93  1.25576e-17
      6624.43  1.25216e-17
      6625.92  1.25267e-17
      6627.42  1.25115e-17
      6628.92  1.23651e-17
      6630.41  1.24848e-17
      6631.91  1.24033e-17
      6633.41  1.23878e-17
      6634.90  1.24583e-17
      6636.40  1.24552e-17
      6637.90  1.23155e-17
      6639.39  1.24493e-17
      6640.89  1.24701e-17
      6642.39  1.23369e-17
      6643.88  1.23487e-17
      6645.38  1.22573e-17
      6646.88  1.22260e-17
      6648.37  1.22825e-17
      6649.87  1.22894e-17
      6651.37  1.21416e-17
      6652.86  1.21440e-17
      6654.36  1.22654e-17
      6655.86  1.22025e-17
      6657.35  1.22670e-17
      6658.85  1.22035e-17
      6660.35  1.21653e-17
      6661.84  1.22100e-17
      6663.34  1.21587e-17
      6664.84  1.21303e-17
      6666.33  1.20930e-17
      6667.83  1.20227e-17
      6669.33  1.20624e-17
      6670.82  1.21198e-17
      6672.32  1.21188e-17
      6673.82  1.21033e-17
      6675.31  1.20470e-17
      6676.81  1.20169e-17
      6678.31  1.19454e-17
      6679.80  1.19730e-17
      6681.30  1.20491e-17
      6682.80  1.20540e-17
      6684.29  1.20770e-17
      6685.79  1.21179e-17
      6687.29  1.20833e-17
      6688.78  1.20194e-17
      6690.28  1.18986e-17
      6691.78  1.18517e-17
      6693.27  1.19813e-17
      6694.77  1.19274e-17
      6696.27  1.18278e-17
      6697.76  1.17766e-17
      6699.26  1.18194e-17
      6700.76  1.18558e-17
      6702.25  1.18042e-17
      6703.75  1.18128e-17
      6705.25  1.17990e-17
      6706.75  1.17627e-17
      6708.24  1.18239e-17
      6709.74  1.18654e-17
      6711.24  1.18336e-17
      6712.73  1.18603e-17
      6714.23  1.18165e-17
      6715.73  1.17941e-17
      6717.22  1.16991e-17
      6718.72  1.16093e-17
      6720.22  1.17015e-17
      6721.71  1.16281e-17
      6723.21  1.15963e-17
      6724.71  1.16545e-17
      6726.20  1.16304e-17
      6727.70  1.16326e-17
      6729.20  1.16523e-17
      6730.69  1.16289e-17
      6732.19  1.16379e-17
      6733.69  1.16900e-17
      6735.18  1.16115e-17
      6736.68  1.14741e-17
      6738.18  1.14275e-17
      6739.67  1.14480e-17
      6741.17  1.14474e-17
      6742.67  1.14432e-17
      6744.16  1.15024e-17
      6745.66  1.15411e-17
      6747.16  1.14453e-17
      6748.65  1.12687e-17
      6750.15  1.11952e-17
      6751.65  1.12451e-17
      6753.14  1.12875e-17
      6754.64  1.13510e-17
      6756.14  1.13786e-17
      6757.63  1.12841e-17
      6759.13  1.13229e-17
      6760.63  1.12396e-17
      6762.12  1.10480e-17
      6763.62  1.10472e-17
      6765.12  1.10912e-17
      6766.61  1.10692e-17
      6768.11  1.10439e-17
      6769.61  1.10648e-17
      6771.10  1.10000e-17
      6772.60  1.09833e-17
      6774.10  1.09293e-17
      6775.59  1.09993e-17
      6777.09  1.10297e-17
      6778.59  1.09062e-17
      6780.08  1.07860e-17
      6781.58  1.08074e-17
      6783.08  1.08035e-17
      6784.57  1.07814e-17
      6786.07  1.07109e-17
      6787.57  1.06848e-17
      6789.06  1.07729e-17
      6790.56  1.08020e-17
      6792.06  1.07249e-17
      6793.55  1.08506e-17
      6795.05  1.08439e-17
      6796.55  1.08184e-17
      6798.04  1.07832e-17
      6799.54  1.08381e-17
      6801.04  1.07492e-17
      6802.53  1.06921e-17
      6804.03  1.07519e-17
      6805.53  1.07660e-17
      6807.02  1.07411e-17
      6808.52  1.07477e-17
      6810.02  1.06961e-17
      6811.51  1.06593e-17
      6813.01  1.06725e-17
      6814.51  1.06467e-17
      6816.00  1.06915e-17
      6817.50  1.06966e-17
      6819.00  1.06696e-17
      6820.49  1.06347e-17
      6821.99  1.05250e-17
      6823.49  1.05720e-17
      6824.98  1.06693e-17
      6826.48  1.06627e-17
      6827.98  1.06666e-17
      6829.48  1.06323e-17
      6830.97  1.06279e-17
      6832.47  1.06235e-17
      6833.97  1.06192e-17
      6835.46  1.06148e-17
      6836.96  1.06104e-17
      6838.46  1.06060e-17
      6839.95  1.06016e-17
      6841.45  1.05972e-17
      6842.95  1.05928e-17
      6844.44  1.05885e-17
      6845.94  1.05841e-17
      6847.44  1.05797e-17
      6848.93  1.05753e-17
      6850.43  1.05709e-17
      6851.93  1.05665e-17
      6853.42  1.05622e-17
      6854.92  1.05578e-17
      6856.42  1.05534e-17
      6857.91  1.05490e-17
      6859.41  1.05446e-17
      6860.91  1.05402e-17
      6862.40  1.05359e-17
      6863.90  1.05315e-17
      6865.40  1.05271e-17
      6866.89  1.05227e-17
      6868.39  1.05183e-17
      6869.89  1.05140e-17
      6871.38  1.05096e-17
      6872.88  1.05052e-17
      6874.38  1.05008e-17
      6875.87  1.04965e-17
      6877.37  1.04921e-17
      6878.87  1.04877e-17
      6880.36  1.04833e-17
      6881.86  1.04789e-17
      6883.36  1.04746e-17
      6884.85  1.04702e-17
      6886.35  1.04658e-17
      6887.85  1.04614e-17
      6889.34  1.04571e-17
      6890.84  1.04527e-17
      6892.34  1.04483e-17
      6893.83  1.04439e-17
      6895.33  1.04396e-17
      6896.83  1.04352e-17
      6898.32  1.04308e-17
      6899.82  1.04264e-17
      6901.32  1.04221e-17
      6902.81  1.04177e-17
      6904.31  1.04133e-17
      6905.81  1.04090e-17
      6907.30  1.04046e-17
      6908.80  1.04002e-17
      6910.30  1.03958e-17
      6911.79  1.03915e-17
      6913.29  1.03871e-17
      6914.79  1.03827e-17
      6916.28  1.03784e-17
      6917.78  1.03740e-17
      6919.28  1.03696e-17
      6920.77  1.03652e-17
      6922.27  1.04783e-17
      6923.77  1.04986e-17
      6925.26  1.05073e-17
      6926.76  1.05255e-17
      6928.26  1.05192e-17
      6929.75  1.04926e-17
      6931.25  1.03594e-17
      6932.75  1.03507e-17
      6934.24  1.04474e-17
      6935.74  1.04224e-17
      6937.24  1.01949e-17
      6938.73  1.02262e-17
      6940.23  1.03838e-17
      6941.73  1.03656e-17
      6943.23  1.02923e-17
      6944.72  1.03408e-17
      6946.22  1.03675e-17
      6947.71  1.03968e-17
      6949.21  1.05112e-17
      6950.71  1.06481e-17
      6952.21  1.05825e-17
      6953.70  1.05315e-17
      6955.20  1.05582e-17
      6956.70  1.05144e-17
      6958.19  1.04715e-17
      6959.69  1.04373e-17
      6961.19  1.04637e-17
      6962.68  1.04573e-17
      6964.18  1.03904e-17
      6965.68  1.03335e-17
      6967.17  1.02681e-17
      6968.67  1.02609e-17
      6970.17  1.03222e-17
      6971.66  1.04813e-17
      6973.16  1.04775e-17
      6974.66  1.03458e-17
      6976.15  1.03026e-17
      6977.65  1.03181e-17
      6979.15  1.03576e-17
      6980.64  1.03523e-17
      6982.14  1.02677e-17
      6983.64  1.01520e-17
      6985.13  1.00047e-17
      6986.63  9.97528e-18
      6988.13  1.01482e-17
      6989.62  1.01177e-17
      6991.12  9.96903e-18
      6992.62  9.95029e-18
      6994.11  9.96257e-18
      6995.61  1.00712e-17
      6997.11  1.01015e-17
      6998.60  1.00351e-17
      7000.10  1.00840e-17
      7001.60  1.03430e-17
      7003.09  1.02374e-17
      7004.59  1.00218e-17
      7006.09  1.00228e-17
      7007.58  9.98196e-18
      7009.08  9.97046e-18
      7010.58  9.99511e-18
      7012.07  1.00161e-17
      7013.57  1.00435e-17
      7015.07  1.00303e-17
      7016.56  1.00207e-17
      7018.06  1.00962e-17
      7019.56  1.00788e-17
      7021.05  1.01282e-17
      7022.55  1.02361e-17
      7024.05  1.00798e-17
      7025.54  9.98975e-18
      7027.04  1.00069e-17
      7028.54  1.00080e-17
      7030.03  9.98895e-18
      7031.53  9.96301e-18
      7033.03  9.89926e-18
      7034.52  9.82168e-18
      7036.02  9.80382e-18
      7037.52  9.77636e-18
      7039.01  9.74259e-18
      7040.51  9.75294e-18
      7042.01  9.79848e-18
      7043.50  9.83886e-18
      7045.00  9.90998e-18
      7046.50  9.94982e-18
      7047.99  9.96284e-18
      7049.49  1.00100e-17
      7050.99  1.00074e-17
      7052.48  9.90565e-18
      7053.98  9.99672e-18
      7055.48  9.93777e-18
      7056.97  9.84656e-18
      7058.47  9.76773e-18
      7059.97  9.73406e-18
      7061.46  9.76629e-18
      7062.96  9.79567e-18
      7064.46  9.79695e-18
      7065.96  9.79699e-18
      7067.45  9.71265e-18
      7068.95  9.86610e-18
      7070.44  9.89363e-18
      7071.94  9.83763e-18
      7073.44  9.95467e-18
      7074.94  9.89145e-18
      7076.43  9.74265e-18
      7077.93  9.80763e-18
      7079.43  9.92297e-18
      7080.92  9.67110e-18
      7082.42  9.69103e-18
      7083.92  9.78141e-18
      7085.41  9.66603e-18
      7086.91  9.69677e-18
      7088.41  9.67073e-18
      7089.90  9.76048e-18
      7091.40  9.89120e-18
      7092.90  9.79694e-18
      7094.39  9.62812e-18
      7095.89  9.62172e-18
      7097.39  9.65346e-18
      7098.88  9.63341e-18
      7100.38  9.56948e-18
      7101.88  9.52059e-18
      7103.37  9.72675e-18
      7104.87  9.71207e-18
      7106.37  9.70652e-18
      7107.86  9.85059e-18
      7109.36  9.79956e-18
      7110.86  9.63311e-18
      7112.35  9.61560e-18
      7113.85  9.73910e-18
      7115.35  9.72404e-18
      7116.84  9.60900e-18
      7118.34  9.57685e-18
      7119.84  9.64973e-18
      7121.33  9.56506e-18
      7122.83  9.45303e-18
      7124.33  9.49686e-18
      7125.82  9.51271e-18
      7127.32  9.41840e-18
      7128.82  9.51856e-18
      7130.31  9.66500e-18
      7131.81  9.54817e-18
      7133.31  9.53895e-18
      7134.80  9.74247e-18
      7136.30  9.70841e-18
      7137.80  9.72286e-18
      7139.29  9.63187e-18
      7140.79  9.70110e-18
      7142.29  9.68498e-18
      7143.78  9.61431e-18
      7145.28  9.55521e-18
      7146.78  9.63968e-18
      7148.27  9.37176e-18
      7149.77  9.36140e-18
      7151.27  9.28371e-18
      7152.76  9.27458e-18
      7154.26  9.17997e-18
      7155.76  9.31905e-18
      7157.25  9.38053e-18
      7158.75  9.29022e-18
      7160.25  9.23131e-18
      7161.74  9.13343e-18
      7163.24  9.32317e-18
      7164.74  9.51044e-18
      7166.23  9.46730e-18
      7167.73  9.26913e-18
      7169.23  9.11753e-18
      7170.72  9.18098e-18
      7172.22  9.31678e-18
      7173.72  9.39415e-18
      7175.21  9.29125e-18
      7176.71  9.20121e-18
      7178.21  9.28616e-18
      7179.70  9.25912e-18
      7181.20  9.23500e-18
      7182.70  9.19901e-18
      7184.19  9.13915e-18
      7185.69  9.34284e-18
      7187.19  9.55463e-18
      7188.69  9.49782e-18
      7190.18  9.46413e-18
      7191.68  9.49861e-18
      7193.17  9.36645e-18
      7194.67  9.25152e-18
      7196.17  9.27530e-18
      7197.67  9.24345e-18
      7199.16  9.17658e-18
      7200.66  9.08531e-18
      7202.16  9.11199e-18
      7203.65  9.08460e-18
      7205.15  9.11618e-18
      7206.65  9.13176e-18
      7208.14  8.94370e-18
      7209.64  8.99011e-18
      7211.14  9.11184e-18
      7212.63  9.29863e-18
      7214.13  9.15945e-18
      7215.63  9.05843e-18
      7217.12  8.86354e-18
      7218.62  8.86797e-18
      7220.12  8.88265e-18
      7221.61  8.70086e-18
      7223.11  8.75552e-18
      7224.61  8.72877e-18
      7226.10  8.68260e-18
      7227.60  8.79305e-18
      7229.10  8.80123e-18
      7230.59  8.75529e-18
      7232.09  8.73191e-18
      7233.59  8.74765e-18
      7235.08  8.76294e-18
      7236.58  8.63327e-18
      7238.08  8.59156e-18
      7239.57  8.63351e-18
      7241.07  8.68126e-18
      7242.57  8.69777e-18
      7244.06  8.58662e-18
      7245.56  8.52383e-18
      7247.06  8.55707e-18
      7248.55  8.46045e-18
      7250.05  8.44901e-18
      7251.55  8.60613e-18
      7253.04  8.62492e-18
      7254.54  8.54275e-18
      7256.04  8.45272e-18
      7257.53  8.23983e-18
      7259.03  8.15326e-18
      7260.53  8.31180e-18
      7262.02  8.44865e-18
      7263.52  8.39430e-18
      7265.02  8.31766e-18
      7266.51  8.25568e-18
      7268.01  8.22044e-18
      7269.51  8.28008e-18
      7271.00  8.18002e-18
      7272.50  8.01059e-18
      7274.00  7.86934e-18
      7275.49  8.01523e-18
      7276.99  8.13325e-18
      7278.49  8.15388e-18
      7279.98  8.25418e-18
      7281.48  8.17529e-18
      7282.98  8.15319e-18
      7284.47  8.19663e-18
      7285.97  8.22556e-18
      7287.47  8.17881e-18
      7288.96  8.07149e-18
      7290.46  7.98127e-18
      7291.96  7.86603e-18
      7293.45  7.82342e-18
      7294.95  7.78189e-18
      7296.45  7.70565e-18
      7297.94  7.76717e-18
      7299.44  7.71710e-18
      7300.94  7.70051e-18
      7302.43  7.68499e-18
      7303.93  7.74627e-18
      7305.43  7.78360e-18
      7306.92  7.71936e-18
      7308.42  7.69713e-18
      7309.92  7.70274e-18
      7311.42  7.70873e-18
      7312.91  7.68811e-18
      7314.41  7.59511e-18
      7315.90  7.57747e-18
      7317.40  7.58419e-18
      7318.90  7.48095e-18
      7320.40  7.42443e-18
      7321.89  7.44068e-18
      7323.39  7.45298e-18
      7324.89  7.39943e-18
      7326.38  7.39544e-18
      7327.88  7.39916e-18
      7329.38  7.40855e-18
      7330.87  7.42514e-18
      7332.37  7.30555e-18
      7333.87  7.30002e-18
      7335.36  7.36928e-18
      7336.86  7.33022e-18
      7338.36  7.30951e-18
      7339.85  7.19555e-18
      7341.35  7.05682e-18
      7342.85  6.95162e-18
      7344.34  6.93939e-18
      7345.84  6.97196e-18
      7347.34  6.93587e-18
      7348.83  6.82226e-18
      7350.33  6.91386e-18
      7351.83  6.85178e-18
      7353.32  6.88329e-18
      7354.82  6.86451e-18
      7356.32  6.85883e-18
      7357.81  6.96357e-18
      7359.31  6.91570e-18
      7360.81  6.77800e-18
      7362.30  6.66910e-18
      7363.80  6.60508e-18
      7365.30  6.62422e-18
      7366.79  6.54044e-18
      7368.29  6.47142e-18
      7369.79  6.42512e-18
      7371.28  6.49085e-18
      7372.78  6.43843e-18
      7374.28  6.36631e-18
      7375.77  6.40302e-18
      7377.27  6.49395e-18
      7378.77  6.41258e-18
      7380.26  6.42778e-18
      7381.76  6.38367e-18
      7383.26  6.24855e-18
      7384.75  6.15997e-18
      7386.25  6.19433e-18
      7387.75  6.14376e-18
      7389.24  6.06339e-18
      7390.74  6.10211e-18
      7392.24  6.06188e-18
      7393.73  5.87330e-18
      7395.23  5.84683e-18
      7396.73  5.88141e-18
      7398.22  5.87161e-18
      7399.72  5.86094e-18
      7401.22  5.84092e-18
      7402.71  5.79723e-18
      7404.21  5.70642e-18
      7405.71  5.67058e-18
      7407.20  5.58032e-18
      7408.70  5.47180e-18
      7410.20  5.47279e-18
      7411.69  5.50397e-18
      7413.19  5.43546e-18
      7414.69  5.45119e-18
      7416.18  5.41918e-18
      7417.68  5.44655e-18
      7419.18  5.56691e-18
      7420.67  5.45335e-18
      7422.17  5.38353e-18
      7423.67  5.33051e-18
      7425.16  5.19463e-18
      7426.66  5.14005e-18
      7428.16  5.06259e-18
      7429.65  5.03861e-18
      7431.15  5.10495e-18
      7432.65  5.10291e-18
      7434.15  5.09330e-18
      7435.64  5.10566e-18
      7437.14  5.05581e-18
      7438.63  4.95720e-18
      7440.13  4.91431e-18
      7441.63  4.94646e-18
      7443.12  4.93438e-18
      7444.62  4.82531e-18
      7446.12  4.75403e-18
      7447.62  4.79211e-18
      7449.11  4.79500e-18
      7450.61  4.79345e-18
      7452.11  4.87081e-18
      7453.60  4.86111e-18
      7455.10  4.75912e-18
      7456.60  4.70050e-18
      7458.09  4.66679e-18
      7459.59  4.63767e-18
      7461.09  4.66919e-18
      7462.58  4.61349e-18
      7464.08  4.56950e-18
      7465.58  4.54593e-18
      7467.07  4.51797e-18
      7468.57  4.52281e-18
      7470.07  4.52888e-18
      7471.56  4.55102e-18
      7473.06  4.48926e-18
      7474.56  4.31282e-18
      7476.05  4.23156e-18
      7477.55  4.23154e-18
      7479.05  4.20383e-18
      7480.54  4.24435e-18
      7482.04  4.23464e-18
      7483.54  4.18158e-18
      7485.03  4.20940e-18
      7486.53  4.11968e-18
      7488.03  4.03589e-18
      7489.52  3.91526e-18
      7491.02  3.95619e-18
      7492.52  4.00202e-18
      7494.01  3.96693e-18
      7495.51  3.84450e-18
      7497.01  3.79226e-18
      7498.50  3.78419e-18
      7500.00  3.75477e-18
      7501.50  3.76951e-18
      7502.99  3.83310e-18
      7504.49  3.79160e-18
      7505.99  3.81033e-18
      7507.48  3.78620e-18
      7508.98  3.70688e-18
      7510.48  3.66553e-18
      7511.97  3.63555e-18
      7513.47  3.63928e-18
      7514.97  3.62983e-18
      7516.46  3.57881e-18
      7517.96  3.53965e-18
      7519.46  3.61460e-18
      7520.95  3.58839e-18
      7522.45  3.53786e-18
      7523.95  3.78124e-18
