      3711.83  3.27833e-18
      3713.33  4.06464e-18
      3714.83  3.51637e-18
      3716.32  2.76656e-18
      3717.82  2.50998e-18
      3719.32  3.40935e-18
      3720.81  4.57665e-18
      3722.31  4.62580e-18
      3723.81  4.62174e-18
      3725.30  4.26827e-18
      3726.80  4.18062e-18
      3728.30  4.23733e-18
      3729.79  3.83968e-18
      3731.29  3.37733e-18
      3732.79  3.03078e-18
      3734.28  3.53648e-18
      3735.78  4.05398e-18
      3737.28  3.16789e-18
      3738.77  2.97570e-18
      3740.27  3.39760e-18
      3741.77  3.38139e-18
      3743.26  3.68668e-18
      3744.76  4.71134e-18
      3746.26  5.02212e-18
      3747.75  3.61643e-18
      3749.25  3.88291e-18
      3750.75  4.00748e-18
      3752.25  3.50867e-18
      3753.74  3.40560e-18
      3755.24  2.81439e-18
      3756.74  3.87092e-18
      3758.23  4.05734e-18
      3759.73  3.54133e-18
      3761.23  3.98540e-18
      3762.72  4.71530e-18
      3764.22  4.00345e-18
      3765.72  3.95348e-18
      3767.21  5.25657e-18
      3768.71  3.64658e-18
      3770.21  4.04408e-18
      3771.70  4.47754e-18
      3773.20  3.95561e-18
      3774.70  4.00847e-18
      3776.19  3.45242e-18
      3777.69  4.31303e-18
      3779.19  4.68471e-18
      3780.68  3.11267e-18
      3782.18  2.32673e-18
      3783.68  3.31914e-18
      3785.17  3.34050e-18
      3786.67  2.82537e-18
      3788.17  3.19452e-18
      3789.66  3.93939e-18
      3791.16  4.46567e-18
      3792.66  4.31635e-18
      3794.15  3.75430e-18
      3795.65  3.86393e-18
      3797.15  4.32247e-18
      3798.64  4.41679e-18
      3800.14  3.68431e-18
      3801.64  3.50129e-18
      3803.13  3.89199e-18
      3804.63  4.08458e-18
      3806.13  3.71255e-18
      3807.62  3.53715e-18
      3809.12  3.01554e-18
      3810.62  3.24485e-18
      3812.11  3.64179e-18
      3813.61  3.75011e-18
      3815.11  3.83803e-18
      3816.60  3.24465e-18
      3818.10  3.62989e-18
      3819.60  3.70519e-18
      3821.09  3.45818e-18
      3822.59  4.27577e-18
      3824.09  3.70493e-18
      3825.58  4.85491e-18
      3827.08  4.66756e-18
      3828.58  4.03728e-18
      3830.07  3.86258e-18
      3831.57  4.16774e-18
      3833.07  4.37160e-18
      3834.56  4.53072e-18
      3836.06  3.32973e-18
      3837.56  3.81287e-18
      3839.05  3.06166e-18
      3840.55  3.63385e-18
      3842.05  4.35573e-18
      3843.54  4.83656e-18
      3845.04  4.60012e-18
      3846.54  5.21753e-18
      3848.03  5.41698e-18
      3849.53  4.78707e-18
      3851.03  4.28381e-18
      3852.52  5.01809e-18
      3854.02  4.91483e-18
      3855.52  4.75135e-18
      3857.01  5.02208e-18
      3858.51  5.18041e-18
      3860.01  5.57727e-18
      3861.50  5.37305e-18
      3863.00  5.08397e-18
      3864.50  5.36346e-18
      3865.99  5.31894e-18
      3867.49  5.28269e-18
      3868.99  6.03548e-18
      3870.48  5.98863e-18
      3871.98  5.74281e-18
      3873.48  6.34268e-18
      3874.98  6.56369e-18
      3876.47  6.40756e-18
      3877.97  6.50197e-18
      3879.47  6.74390e-18
      3880.96  6.68178e-18
      3882.46  6.52882e-18
      3883.96  6.24499e-18
      3885.45  6.75332e-18
      3886.95  6.63631e-18
      3888.45  6.49386e-18
      3889.94  6.83536e-18
      3891.44  6.25732e-18
      3892.94  5.50660e-18
      3894.43  6.69235e-18
      3895.93  7.15433e-18
      3897.43  6.93637e-18
      3898.92  7.74042e-18
      3900.42  7.54010e-18
      3901.92  8.18368e-18
      3903.41  8.14417e-18
      3904.91  7.35517e-18
      3906.41  7.25740e-18
      3907.90  6.94963e-18
      3909.40  6.66848e-18
      3910.90  7.66861e-18
      3912.39  8.03371e-18
      3913.89  7.94120e-18
      3915.39  8.28569e-18
      3916.88  7.96284e-18
      3918.38  7.28798e-18
      3919.88  7.33311e-18
      3921.37  7.73081e-18
      3922.87  7.75247e-18
      3924.37  7.33861e-18
      3925.86  6.41454e-18
      3927.36  6.34650e-18
      3928.86  7.11883e-18
      3930.35  7.65759e-18
      3931.85  7.62366e-18
      3933.35  7.76109e-18
      3934.84  7.72603e-18
      3936.34  7.84204e-18
      3937.84  7.92333e-18
      3939.33  7.70852e-18
      3940.83  7.53280e-18
      3942.33  8.18869e-18
      3943.82  8.24189e-18
      3945.32  7.70239e-18
      3946.82  7.77168e-18
      3948.31  8.13139e-18
      3949.81  7.45789e-18
      3951.31  7.30625e-18
      3952.80  7.92073e-18
      3954.30  8.86537e-18
      3955.80  8.34315e-18
      3957.29  8.12046e-18
      3958.79  8.08223e-18
      3960.29  8.13933e-18
      3961.78  8.11745e-18
      3963.28  8.07959e-18
      3964.78  8.65166e-18
      3966.27  8.43220e-18
      3967.77  9.22048e-18
      3969.27  8.38145e-18
      3970.76  7.75829e-18
      3972.26  8.11125e-18
      3973.76  7.80431e-18
      3975.25  7.82044e-18
      3976.75  8.25812e-18
      3978.25  9.08316e-18
      3979.74  9.30286e-18
      3981.24  8.70361e-18
      3982.74  8.35834e-18
      3984.23  8.75231e-18
      3985.73  8.34469e-18
      3987.23  7.80713e-18
      3988.72  8.20067e-18
      3990.22  8.11423e-18
      3991.72  8.03559e-18
      3993.21  8.56191e-18
      3994.71  8.76086e-18
      3996.21  9.46068e-18
      3997.71  9.88299e-18
      3999.20  9.00158e-18
      4000.70  8.45019e-18
      4002.20  8.94651e-18
      4003.69  9.12227e-18
      4005.19  8.68302e-18
      4006.69  8.64498e-18
      4008.18  8.64157e-18
      4009.68  8.29696e-18
      4011.18  8.51728e-18
      4012.67  8.98978e-18
      4014.17  9.01891e-18
      4015.67  8.73923e-18
      4017.16  8.26011e-18
      4018.66  8.41972e-18
      4020.16  8.93222e-18
      4021.65  9.25808e-18
      4023.15  9.20741e-18
      4024.65  9.00865e-18
      4026.14  8.55178e-18
      4027.64  8.30348e-18
      4029.14  7.76139e-18
      4030.63  8.11902e-18
      4032.13  8.63088e-18
      4033.63  8.91274e-18
      4035.12  8.74849e-18
      4036.62  8.93417e-18
      4038.12  8.36416e-18
      4039.61  7.94973e-18
      4041.11  8.08002e-18
      4042.61  8.54881e-18
      4044.10  8.45677e-18
      4045.60  8.62472e-18
      4047.10  8.64271e-18
      4048.59  8.61965e-18
      4050.09  8.73095e-18
      4051.59  7.71412e-18
      4053.08  8.28227e-18
      4054.58  8.71293e-18
      4056.08  7.81430e-18
      4057.57  7.62506e-18
      4059.07  8.29995e-18
      4060.57  7.81846e-18
      4062.06  7.64708e-18
      4063.56  8.51608e-18
      4065.06  8.97947e-18
      4066.55  8.14827e-18
      4068.05  7.12988e-18
      4069.55  7.18725e-18
      4071.04  7.36022e-18
      4072.54  7.76156e-18
      4074.04  7.71991e-18
      4075.53  7.89556e-18
      4077.03  8.14871e-18
      4078.53  8.35903e-18
      4080.02  7.61648e-18
      4081.52  7.25756e-18
      4083.02  7.94804e-18
      4084.51  8.36145e-18
      4086.01  8.05100e-18
      4087.51  7.89268e-18
      4089.00  7.88823e-18
      4090.50  7.56965e-18
      4092.00  7.58612e-18
      4093.49  7.94568e-18
      4094.99  7.88206e-18
      4096.49  7.70994e-18
      4097.98  7.43053e-18
      4099.48  7.22847e-18
      4100.98  7.43842e-18
      4102.47  7.07939e-18
      4103.97  7.10882e-18
      4105.47  7.19429e-18
      4106.96  7.91366e-18
      4108.46  8.01408e-18
      4109.96  7.53796e-18
      4111.45  7.83523e-18
      4112.95  7.92825e-18
      4114.45  7.15572e-18
      4115.94  7.19553e-18
      4117.44  7.96448e-18
      4118.94  7.40524e-18
      4120.44  7.18682e-18
      4121.93  7.10199e-18
      4123.43  7.11040e-18
      4124.93  7.80880e-18
      4126.42  7.87446e-18
      4127.92  8.05698e-18
      4129.42  7.70597e-18
      4130.91  8.02746e-18
      4132.41  7.90332e-18
      4133.91  7.62982e-18
      4135.40  8.03576e-18
      4136.90  7.48338e-18
      4138.40  6.78969e-18
      4139.89  7.67086e-18
      4141.39  7.91792e-18
      4142.89  7.30055e-18
      4144.38  7.47157e-18
      4145.88  7.66876e-18
      4147.38  7.45737e-18
      4148.87  7.30846e-18
      4150.37  7.19435e-18
      4151.87  7.16121e-18
      4153.36  7.60601e-18
      4154.86  7.35937e-18
      4156.36  6.92535e-18
      4157.85  7.06028e-18
      4159.35  7.12277e-18
      4160.85  7.36934e-18
      4162.34  7.74637e-18
      4163.84  7.75520e-18
      4165.34  7.45402e-18
      4166.83  7.45984e-18
      4168.33  7.15307e-18
      4169.83  7.47986e-18
      4171.32  6.95808e-18
      4172.82  7.02771e-18
      4174.32  7.05793e-18
      4175.81  6.89990e-18
      4177.31  6.45047e-18
      4178.81  6.70044e-18
      4180.30  6.77195e-18
      4181.80  7.19377e-18
      4183.30  7.14030e-18
      4184.79  7.42790e-18
      4186.29  7.48084e-18
      4187.79  7.14526e-18
      4189.28  7.41040e-18
      4190.78  6.92706e-18
      4192.28  6.86457e-18
      4193.77  6.96551e-18
      4195.27  7.15302e-18
      4196.77  7.48740e-18
      4198.26  7.17188e-18
      4199.76  7.46595e-18
      4201.26  7.15920e-18
      4202.75  6.99455e-18
      4204.25  6.70659e-18
      4205.75  7.07610e-18
      4207.24  7.44200e-18
      4208.74  7.57312e-18
      4210.24  7.86875e-18
      4211.73  7.45838e-18
      4213.23  7.33573e-18
      4214.73  7.51044e-18
      4216.22  7.31565e-18
      4217.72  6.98982e-18
      4219.22  7.20747e-18
      4220.71  7.49724e-18
      4222.21  7.46014e-18
      4223.71  7.42813e-18
      4225.20  7.62164e-18
      4226.70  7.40842e-18
      4228.20  7.26596e-18
      4229.69  7.51684e-18
      4231.19  7.66621e-18
      4232.69  7.69422e-18
      4234.18  7.50193e-18
      4235.68  7.58911e-18
      4237.18  7.81856e-18
      4238.67  7.60446e-18
      4240.17  7.28778e-18
      4241.67  7.69950e-18
      4243.17  7.54723e-18
      4244.66  7.42475e-18
      4246.16  7.32681e-18
      4247.66  7.51944e-18
      4249.15  7.35740e-18
      4250.65  8.04300e-18
      4252.15  8.00812e-18
      4253.64  7.59322e-18
      4255.14  7.77472e-18
      4256.64  7.47510e-18
      4258.13  7.21954e-18
      4259.63  7.69888e-18
      4261.13  7.93564e-18
      4262.62  7.24893e-18
      4264.12  7.09818e-18
      4265.62  7.64326e-18
      4267.11  7.33295e-18
      4268.61  7.74579e-18
      4270.11  7.72727e-18
      4271.60  7.19250e-18
      4273.10  7.65732e-18
      4274.60  7.88449e-18
      4276.09  7.44669e-18
      4277.59  7.49834e-18
      4279.09  7.71369e-18
      4280.58  7.66925e-18
      4282.08  7.86470e-18
      4283.58  7.91824e-18
      4285.07  7.73521e-18
      4286.57  7.92479e-18
      4288.07  7.66065e-18
      4289.56  7.33556e-18
      4291.06  7.68862e-18
      4292.56  7.89451e-18
      4294.05  7.89451e-18
      4295.55  8.20023e-18
      4297.05  7.97013e-18
      4298.54  7.98107e-18
      4300.04  7.99503e-18
      4301.54  7.82895e-18
      4303.03  7.84016e-18
      4304.53  7.64915e-18
      4306.03  7.62469e-18
      4307.52  7.73971e-18
      4309.02  7.60224e-18
      4310.52  7.89459e-18
      4312.01  7.62870e-18
      4313.51  7.51627e-18
      4315.01  8.09048e-18
      4316.50  7.76938e-18
      4318.00  7.84841e-18
      4319.50  7.83674e-18
      4320.99  7.84694e-18
      4322.49  7.94498e-18
      4323.99  8.08150e-18
      4325.48  8.14816e-18
      4326.98  8.25854e-18
      4328.48  8.20691e-18
      4329.97  8.21312e-18
      4331.47  8.18751e-18
      4332.97  8.13094e-18
      4334.46  7.66222e-18
      4335.96  7.91716e-18
      4337.46  8.55829e-18
      4338.95  8.43194e-18
      4340.45  8.26369e-18
      4341.95  7.96829e-18
      4343.44  8.66938e-18
      4344.94  8.90752e-18
      4346.44  8.35605e-18
      4347.93  8.00857e-18
      4349.43  7.86464e-18
      4350.93  8.07352e-18
      4352.42  8.45529e-18
      4353.92  8.18667e-18
      4355.42  8.32277e-18
      4356.91  8.85987e-18
      4358.41  8.54067e-18
      4359.91  8.06033e-18
      4361.40  8.53596e-18
      4362.90  8.83958e-18
      4364.40  8.95041e-18
      4365.90  9.00193e-18
      4367.39  8.85917e-18
      4368.89  8.50032e-18
      4370.39  8.33799e-18
      4371.88  8.34484e-18
      4373.38  8.56065e-18
      4374.88  9.03737e-18
      4376.37  9.06187e-18
      4377.87  8.75606e-18
      4379.37  8.67278e-18
      4380.86  8.51817e-18
      4382.36  8.50142e-18
      4383.86  8.55370e-18
      4385.35  8.57951e-18
      4386.85  8.44205e-18
      4388.35  8.73660e-18
      4389.84  8.83413e-18
      4391.34  8.52493e-18
      4392.84  8.75391e-18
      4394.33  9.07731e-18
      4395.83  9.09078e-18
      4397.33  9.05469e-18
      4398.82  8.99920e-18
      4400.32  9.13124e-18
      4401.82  8.93362e-18
      4403.31  8.78675e-18
      4404.81  8.90439e-18
      4406.31  9.11710e-18
      4407.80  9.19746e-18
      4409.30  9.24291e-18
      4410.80  9.36082e-18
      4412.29  9.14662e-18
      4413.79  8.81153e-18
      4415.29  9.14449e-18
      4416.78  9.36762e-18
      4418.28  9.45108e-18
      4419.78  9.89005e-18
      4421.27  9.95015e-18
      4422.77  9.58309e-18
      4424.27  9.40478e-18
      4425.76  9.36716e-18
      4427.26  9.09326e-18
      4428.76  9.39490e-18
      4430.25  9.50428e-18
      4431.75  9.37426e-18
      4433.25  9.64345e-18
      4434.74  1.01215e-17
      4436.24  1.04082e-17
      4437.74  1.01974e-17
      4439.23  9.96855e-18
      4440.73  1.05643e-17
      4442.23  1.06217e-17
      4443.72  1.03440e-17
      4445.22  1.05071e-17
      4446.72  1.05579e-17
      4448.21  1.05568e-17
      4449.71  1.09441e-17
      4451.21  1.10420e-17
      4452.70  1.10910e-17
      4454.20  1.06576e-17
      4455.70  1.06474e-17
      4457.19  1.09410e-17
      4458.69  1.12769e-17
      4460.19  1.14683e-17
      4461.68  1.11067e-17
      4463.18  1.10039e-17
      4464.68  1.13648e-17
      4466.17  1.13039e-17
      4467.67  1.12170e-17
      4469.17  1.11871e-17
      4470.66  1.14736e-17
      4472.16  1.18827e-17
      4473.66  1.17635e-17
      4475.15  1.23603e-17
      4476.65  1.28690e-17
      4478.15  1.25069e-17
      4479.64  1.22875e-17
      4481.14  1.24925e-17
      4482.64  1.28434e-17
      4484.13  1.27632e-17
      4485.63  1.28295e-17
      4487.13  1.25958e-17
      4488.62  1.26534e-17
      4490.12  1.28720e-17
      4491.62  1.33066e-17
      4493.12  1.35881e-17
      4494.61  1.31699e-17
      4496.11  1.32760e-17
      4497.61  1.33992e-17
      4499.10  1.41035e-17
      4500.60  1.35424e-17
      4502.10  1.31570e-17
      4503.59  1.36024e-17
      4505.09  1.42412e-17
      4506.59  1.46288e-17
      4508.08  1.45912e-17
      4509.58  1.43516e-17
      4511.08  1.43195e-17
      4512.57  1.45776e-17
      4514.07  1.49193e-17
      4515.57  1.43126e-17
      4517.06  1.41163e-17
      4518.56  1.42070e-17
      4520.06  1.44623e-17
      4521.55  1.49955e-17
      4523.05  1.54862e-17
      4524.55  1.52264e-17
      4526.04  1.51372e-17
      4527.54  1.50869e-17
      4529.04  1.48771e-17
      4530.53  1.48654e-17
      4532.03  1.49508e-17
      4533.53  1.49709e-17
      4535.02  1.52001e-17
      4536.52  1.45962e-17
      4538.02  1.55154e-17
      4539.51  1.55074e-17
      4541.01  1.53585e-17
      4542.51  1.57164e-17
      4544.00  1.54676e-17
      4545.50  1.49401e-17
      4547.00  1.49840e-17
      4548.49  1.55502e-17
      4549.99  1.60319e-17
      4551.49  1.58714e-17
      4552.98  1.57081e-17
      4554.48  1.51991e-17
      4555.98  1.53887e-17
      4557.47  1.61491e-17
      4558.97  1.58932e-17
      4560.47  1.54737e-17
      4561.96  1.59121e-17
      4563.46  1.58350e-17
      4564.96  1.55630e-17
      4566.45  1.54876e-17
      4567.95  1.50831e-17
      4569.45  1.53264e-17
      4570.94  1.55880e-17
      4572.44  1.55059e-17
      4573.94  1.61903e-17
      4575.43  1.60740e-17
      4576.93  1.59972e-17
      4578.43  1.59043e-17
      4579.92  1.58707e-17
      4581.42  1.63336e-17
      4582.92  1.66927e-17
      4584.41  1.63992e-17
      4585.91  1.62840e-17
      4587.41  1.63297e-17
      4588.90  1.62141e-17
      4590.40  1.59079e-17
      4591.90  1.60597e-17
      4593.39  1.63148e-17
      4594.89  1.62093e-17
      4596.39  1.60782e-17
      4597.88  1.56242e-17
      4599.38  1.57796e-17
      4600.88  1.59143e-17
      4602.37  1.58305e-17
      4603.87  1.63678e-17
      4605.37  1.62516e-17
      4606.86  1.59972e-17
      4608.36  1.65148e-17
      4609.86  1.57371e-17
      4611.35  1.51628e-17
      4612.85  1.56179e-17
      4614.35  1.63277e-17
      4615.85  1.61501e-17
      4617.34  1.56654e-17
      4618.84  1.56785e-17
      4620.34  1.55264e-17
      4621.83  1.53965e-17
      4623.33  1.57884e-17
      4624.83  1.55131e-17
      4626.32  1.54272e-17
      4627.82  1.55428e-17
      4629.32  1.57335e-17
      4630.81  1.57419e-17
      4632.31  1.58111e-17
      4633.81  1.55716e-17
      4635.30  1.52410e-17
      4636.80  1.54256e-17
      4638.30  1.54475e-17
      4639.79  1.52457e-17
      4641.29  1.54188e-17
      4642.79  1.55842e-17
      4644.28  1.51254e-17
      4645.78  1.48342e-17
      4647.28  1.47625e-17
      4648.77  1.49366e-17
      4650.27  1.50235e-17
      4651.77  1.47915e-17
      4653.26  1.48467e-17
      4654.76  1.48077e-17
      4656.26  1.45957e-17
      4657.75  1.42715e-17
      4659.25  1.40899e-17
      4660.75  1.42674e-17
      4662.24  1.43319e-17
      4663.74  1.39516e-17
      4665.24  1.38917e-17
      4666.73  1.43072e-17
      4668.23  1.40282e-17
      4669.73  1.35934e-17
      4671.22  1.35416e-17
      4672.72  1.34055e-17
      4674.22  1.32646e-17
      4675.71  1.32904e-17
      4677.21  1.35141e-17
      4678.71  1.33497e-17
      4680.20  1.34060e-17
      4681.70  1.35670e-17
      4683.20  1.33262e-17
      4684.69  1.34703e-17
      4686.19  1.32091e-17
      4687.69  1.30470e-17
      4689.18  1.33288e-17
      4690.68  1.32811e-17
      4692.18  1.29944e-17
      4693.67  1.33045e-17
      4695.17  1.33625e-17
      4696.67  1.31621e-17
      4698.16  1.31270e-17
      4699.66  1.29259e-17
      4701.16  1.24627e-17
      4702.65  1.22480e-17
      4704.15  1.23981e-17
      4705.65  1.25050e-17
      4707.14  1.24459e-17
      4708.64  1.23997e-17
      4710.14  1.22004e-17
      4711.63  1.21134e-17
      4713.13  1.23658e-17
      4714.63  1.25668e-17
      4716.12  1.25290e-17
      4717.62  1.22431e-17
      4719.12  1.22605e-17
      4720.61  1.25265e-17
      4722.11  1.25977e-17
      4723.61  1.24988e-17
      4725.10  1.25326e-17
      4726.60  1.24717e-17
      4728.10  1.24583e-17
      4729.59  1.24007e-17
      4731.09  1.22438e-17
      4732.59  1.24310e-17
      4734.08  1.26245e-17
      4735.58  1.25353e-17
      4737.08  1.24096e-17
      4738.58  1.24998e-17
      4740.07  1.25788e-17
      4741.57  1.24081e-17
      4743.07  1.23485e-17
      4744.56  1.24022e-17
      4746.06  1.23791e-17
      4747.56  1.24444e-17
      4749.05  1.24006e-17
      4750.55  1.20312e-17
      4752.05  1.22859e-17
      4753.54  1.20697e-17
      4755.04  1.17129e-17
      4756.54  1.22365e-17
      4758.03  1.25536e-17
      4759.53  1.18917e-17
      4761.03  1.19527e-17
      4762.52  1.16613e-17
      4764.02  1.15085e-17
      4765.52  1.19646e-17
      4767.01  1.21920e-17
      4768.51  1.22792e-17
      4770.01  1.17039e-17
      4771.50  1.20286e-17
      4773.00  1.25071e-17
      4774.50  1.20883e-17
      4775.99  1.18642e-17
      4777.49  1.18625e-17
      4778.99  1.20417e-17
      4780.48  1.22087e-17
      4781.98  1.23288e-17
      4783.48  1.25204e-17
      4784.97  1.23879e-17
      4786.47  1.20576e-17
      4787.97  1.17270e-17
      4789.46  1.18493e-17
      4790.96  1.22588e-17
      4792.46  1.27340e-17
      4793.95  1.29790e-17
      4795.45  1.25032e-17
      4796.95  1.22265e-17
      4798.44  1.24964e-17
      4799.94  1.25075e-17
      4801.44  1.22675e-17
      4802.93  1.24146e-17
      4804.43  1.20823e-17
      4805.93  1.21751e-17
      4807.42  1.24082e-17
      4808.92  1.22199e-17
      4810.42  1.22139e-17
      4811.91  1.23524e-17
      4813.41  1.23803e-17
      4814.91  1.25710e-17
      4816.40  1.21067e-17
      4817.90  1.22039e-17
      4819.40  1.20406e-17
      4820.89  1.22808e-17
      4822.39  1.22353e-17
      4823.89  1.22904e-17
      4825.38  1.24301e-17
      4826.88  1.21173e-17
      4828.38  1.23524e-17
      4829.87  1.26095e-17
      4831.37  1.29252e-17
      4832.87  1.23682e-17
      4834.36  1.23766e-17
      4835.86  1.31484e-17
      4837.36  1.32161e-17
      4838.85  1.29578e-17
      4840.35  1.30695e-17
      4841.85  1.29648e-17
      4843.34  1.26970e-17
      4844.84  1.25703e-17
      4846.34  1.29118e-17
      4847.83  1.25515e-17
      4849.33  1.24374e-17
      4850.83  1.26507e-17
      4852.32  1.25852e-17
      4853.82  1.25565e-17
      4855.32  1.27399e-17
      4856.81  1.27133e-17
      4858.31  1.26397e-17
      4859.81  1.25972e-17
      4861.31  1.24169e-17
      4862.80  1.22310e-17
      4864.30  1.24711e-17
      4865.80  1.25635e-17
      4867.29  1.27470e-17
      4868.79  1.29576e-17
      4870.29  1.30411e-17
      4871.78  1.30087e-17
      4873.28  1.28468e-17
      4874.78  1.27302e-17
      4876.27  1.27041e-17
      4877.77  1.27444e-17
      4879.27  1.29480e-17
      4880.76  1.26457e-17
      4882.26  1.27670e-17
      4883.76  1.29148e-17
      4885.25  1.28753e-17
      4886.75  1.24235e-17
      4888.25  1.26164e-17
      4889.74  1.25490e-17
      4891.24  1.27544e-17
      4892.74  1.29646e-17
      4894.23  1.25418e-17
      4895.73  1.19260e-17
      4897.23  1.21605e-17
      4898.72  1.23863e-17
      4900.22  1.24182e-17
      4901.72  1.23383e-17
      4903.21  1.22886e-17
      4904.71  1.20658e-17
      4906.21  1.19049e-17
      4907.70  1.19401e-17
      4909.20  1.22189e-17
      4910.70  1.23726e-17
      4912.19  1.20479e-17
      4913.69  1.22315e-17
      4915.19  1.20206e-17
      4916.68  1.14739e-17
      4918.18  1.17365e-17
      4919.68  1.15670e-17
      4921.17  1.13944e-17
      4922.67  1.18415e-17
      4924.17  1.21163e-17
      4925.66  1.15819e-17
      4927.16  1.16576e-17
      4928.66  1.17784e-17
      4930.15  1.14447e-17
      4931.65  1.12810e-17
      4933.15  1.18579e-17
      4934.64  1.19871e-17
      4936.14  1.17405e-17
      4937.64  1.18059e-17
      4939.13  1.19503e-17
      4940.63  1.20740e-17
      4942.13  1.18528e-17
      4943.62  1.17808e-17
      4945.12  1.20686e-17
      4946.62  1.19921e-17
      4948.11  1.20043e-17
      4949.61  1.19551e-17
      4951.11  1.20156e-17
      4952.60  1.21767e-17
      4954.10  1.22508e-17
      4955.60  1.21906e-17
      4957.09  1.25327e-17
      4958.59  1.24321e-17
      4960.09  1.21411e-17
      4961.58  1.18230e-17
      4963.08  1.20872e-17
      4964.58  1.18694e-17
      4966.07  1.22375e-17
      4967.57  1.23231e-17
      4969.07  1.19069e-17
      4970.56  1.16655e-17
      4972.06  1.19615e-17
      4973.56  1.18554e-17
      4975.05  1.21874e-17
      4976.55  1.19855e-17
      4978.05  1.20117e-17
      4979.54  1.18169e-17
      4981.04  1.17127e-17
      4982.54  1.19744e-17
      4984.04  1.17281e-17
      4985.53  1.13953e-17
      4987.03  1.12286e-17
      4988.53  1.15767e-17
      4990.02  1.15867e-17
      4991.52  1.12984e-17
      4993.02  1.10397e-17
      4994.51  1.11752e-17
      4996.01  1.12985e-17
      4997.51  1.14719e-17
      4999.00  1.12400e-17
      5000.50  1.10520e-17
      5002.00  1.10360e-17
      5003.49  1.10868e-17
      5004.99  1.11239e-17
      5006.49  1.12666e-17
      5007.98  1.11255e-17
      5009.48  1.09184e-17
      5010.98  1.06424e-17
      5012.47  1.06869e-17
      5013.97  1.09838e-17
      5015.47  1.08724e-17
      5016.96  1.05684e-17
      5018.46  1.07134e-17
      5019.96  1.09789e-17
      5021.45  1.09166e-17
      5022.95  1.07836e-17
      5024.45  1.07034e-17
      5025.94  1.06699e-17
      5027.44  1.08899e-17
      5028.94  1.10961e-17
      5030.43  1.09266e-17
      5031.93  1.05519e-17
      5033.43  1.05752e-17
      5034.92  1.11676e-17
      5036.42  1.10105e-17
      5037.92  1.10958e-17
      5039.41  1.10777e-17
      5040.91  1.12137e-17
      5042.41  1.11738e-17
      5043.90  1.07710e-17
      5045.40  1.04632e-17
      5046.90  1.12840e-17
      5048.39  1.15566e-17
      5049.89  1.13528e-17
      5051.39  1.12887e-17
      5052.88  1.11879e-17
      5054.38  1.11402e-17
      5055.88  1.12094e-17
      5057.37  1.15926e-17
      5058.87  1.16942e-17
      5060.37  1.17505e-17
      5061.86  1.14776e-17
      5063.36  1.14885e-17
      5064.86  1.14958e-17
      5066.35  1.16110e-17
      5067.85  1.19468e-17
      5069.35  1.19799e-17
      5070.84  1.21089e-17
      5072.34  1.21128e-17
      5073.84  1.19822e-17
      5075.33  1.22430e-17
      5076.83  1.22350e-17
      5078.33  1.22178e-17
      5079.82  1.24257e-17
      5081.32  1.25055e-17
      5082.82  1.25642e-17
      5084.31  1.25360e-17
      5085.81  1.23631e-17
      5087.31  1.24844e-17
      5088.80  1.26663e-17
      5090.30  1.28349e-17
      5091.80  1.29246e-17
      5093.29  1.28295e-17
      5094.79  1.27336e-17
      5096.29  1.29001e-17
      5097.78  1.29182e-17
      5099.28  1.31618e-17
      5100.78  1.32837e-17
      5102.27  1.31280e-17
      5103.77  1.33778e-17
      5105.27  1.34207e-17
      5106.77  1.30626e-17
      5108.26  1.34549e-17
      5109.76  1.35104e-17
      5111.26  1.34321e-17
      5112.75  1.35551e-17
      5114.25  1.34081e-17
      5115.75  1.32853e-17
      5117.24  1.34346e-17
      5118.74  1.35187e-17
      5120.24  1.38404e-17
      5121.73  1.36637e-17
      5123.23  1.35663e-17
      5124.73  1.38765e-17
      5126.22  1.37418e-17
      5127.72  1.37979e-17
      5129.22  1.39267e-17
      5130.71  1.41131e-17
      5132.21  1.38049e-17
      5133.71  1.40410e-17
      5135.20  1.43057e-17
      5136.70  1.41251e-17
      5138.20  1.38671e-17
      5139.69  1.41854e-17
      5141.19  1.45422e-17
      5142.69  1.41682e-17
      5144.18  1.40052e-17
      5145.68  1.43711e-17
      5147.18  1.45266e-17
      5148.67  1.44773e-17
      5150.17  1.40290e-17
      5151.67  1.40090e-17
      5153.16  1.43268e-17
      5154.66  1.43652e-17
      5156.16  1.42891e-17
      5157.65  1.43523e-17
      5159.15  1.46306e-17
      5160.65  1.48746e-17
      5162.14  1.47679e-17
      5163.64  1.43444e-17
      5165.14  1.44853e-17
      5166.63  1.46914e-17
      5168.13  1.48085e-17
      5169.63  1.50661e-17
      5171.12  1.52526e-17
      5172.62  1.51993e-17
      5174.12  1.50611e-17
      5175.61  1.53851e-17
      5177.11  1.57336e-17
      5178.61  1.55973e-17
      5180.10  1.54931e-17
      5181.60  1.54949e-17
      5183.10  1.55515e-17
      5184.59  1.56377e-17
      5186.09  1.60612e-17
      5187.59  1.61060e-17
      5189.08  1.63162e-17
      5190.58  1.63215e-17
      5192.08  1.61046e-17
      5193.57  1.61475e-17
      5195.07  1.62150e-17
      5196.57  1.63535e-17
      5198.06  1.64547e-17
      5199.56  1.64935e-17
      5201.06  1.59925e-17
      5202.55  1.60860e-17
      5204.05  1.62957e-17
      5205.55  1.63663e-17
      5207.04  1.64334e-17
      5208.54  1.63894e-17
      5210.04  1.62635e-17
      5211.53  1.60475e-17
      5213.03  1.57816e-17
      5214.53  1.63011e-17
      5216.02  1.64790e-17
      5217.52  1.62765e-17
      5219.02  1.61379e-17
      5220.51  1.59288e-17
      5222.01  1.58617e-17
      5223.51  1.60749e-17
      5225.00  1.62086e-17
      5226.50  1.62593e-17
      5228.00  1.62648e-17
      5229.50  1.62670e-17
      5230.99  1.62725e-17
      5232.49  1.62532e-17
      5233.99  1.64070e-17
      5235.48  1.62923e-17
      5236.98  1.60027e-17
      5238.48  1.62872e-17
      5239.97  1.64604e-17
      5241.47  1.61708e-17
      5242.97  1.62072e-17
      5244.46  1.62079e-17
      5245.96  1.63170e-17
      5247.46  1.64733e-17
      5248.95  1.63740e-17
      5250.45  1.66674e-17
      5251.95  1.67094e-17
      5253.44  1.66970e-17
      5254.94  1.66887e-17
      5256.44  1.67935e-17
      5257.93  1.67293e-17
      5259.43  1.67351e-17
      5260.93  1.67869e-17
      5262.42  1.67346e-17
      5263.92  1.66438e-17
      5265.42  1.65338e-17
      5266.91  1.65194e-17
      5268.41  1.67675e-17
      5269.91  1.70092e-17
      5271.40  1.67550e-17
      5272.90  1.68007e-17
      5274.40  1.73149e-17
      5275.89  1.71188e-17
      5277.39  1.66182e-17
      5278.89  1.69115e-17
      5280.38  1.71280e-17
      5281.88  1.70468e-17
      5283.38  1.72736e-17
      5284.87  1.74410e-17
      5286.37  1.73573e-17
      5287.87  1.72526e-17
      5289.36  1.71182e-17
      5290.86  1.72812e-17
      5292.36  1.75283e-17
      5293.85  1.76161e-17
      5295.35  1.75417e-17
      5296.85  1.75283e-17
      5298.34  1.76671e-17
      5299.84  1.78090e-17
      5301.34  1.79985e-17
      5302.83  1.77880e-17
      5304.33  1.76810e-17
      5305.83  1.77599e-17
      5307.32  1.76313e-17
      5308.82  1.76596e-17
      5310.32  1.76076e-17
      5311.81  1.78338e-17
      5313.31  1.79439e-17
      5314.81  1.75470e-17
      5316.30  1.72173e-17
      5317.80  1.72808e-17
      5319.30  1.75811e-17
      5320.79  1.76935e-17
      5322.29  1.78101e-17
      5323.79  1.79660e-17
      5325.28  1.77044e-17
      5326.78  1.78189e-17
      5328.28  1.77893e-17
      5329.77  1.77009e-17
      5331.27  1.76778e-17
      5332.77  1.76689e-17
      5334.26  1.74738e-17
      5335.76  1.77354e-17
      5337.26  1.77813e-17
      5338.75  1.76426e-17
      5340.25  1.78128e-17
      5341.75  1.77255e-17
      5343.24  1.74960e-17
      5344.74  1.76274e-17
      5346.24  1.81292e-17
      5347.73  1.81512e-17
      5349.23  1.74531e-17
      5350.73  1.75466e-17
      5352.23  1.76148e-17
      5353.72  1.74075e-17
      5355.22  1.75681e-17
      5356.72  1.77797e-17
      5358.21  1.78202e-17
      5359.71  1.76935e-17
      5361.21  1.75202e-17
      5362.70  1.79436e-17
      5364.20  1.82404e-17
      5365.70  1.80520e-17
      5367.19  1.81172e-17
      5368.69  1.80018e-17
      5370.19  1.77523e-17
      5371.68  1.76486e-17
      5373.18  1.77979e-17
      5374.68  1.79466e-17
      5376.17  1.77834e-17
      5377.67  1.78910e-17
      5379.17  1.81320e-17
      5380.66  1.77391e-17
      5382.16  1.75116e-17
      5383.66  1.74857e-17
      5385.15  1.75090e-17
      5386.65  1.76187e-17
      5388.15  1.77802e-17
      5389.64  1.73653e-17
      5391.14  1.73424e-17
      5392.64  1.75867e-17
      5394.13  1.76546e-17
      5395.63  1.75119e-17
      5397.13  1.75568e-17
      5398.62  1.74330e-17
      5400.12  1.72257e-17
      5401.62  1.75179e-17
      5403.11  1.73079e-17
      5404.61  1.75294e-17
      5406.11  1.72540e-17
      5407.60  1.73285e-17
      5409.10  1.76248e-17
      5410.60  1.70056e-17
      5412.09  1.69040e-17
      5413.59  1.74247e-17
      5415.09  1.71558e-17
      5416.58  1.72287e-17
      5418.08  1.74918e-17
      5419.58  1.74450e-17
      5421.07  1.75821e-17
      5422.57  1.74877e-17
      5424.07  1.74593e-17
      5425.56  1.73704e-17
      5427.06  1.73189e-17
      5428.56  1.73142e-17
      5430.05  1.73539e-17
      5431.55  1.75399e-17
      5433.05  1.78796e-17
      5434.54  1.77991e-17
      5436.04  1.76704e-17
      5437.54  1.76336e-17
      5439.03  1.76630e-17
      5440.53  1.78894e-17
      5442.03  1.79539e-17
      5443.52  1.79614e-17
      5445.02  1.80494e-17
      5446.52  1.81042e-17
      5448.01  1.81513e-17
      5449.51  1.82051e-17
      5451.01  1.83975e-17
      5452.50  1.83897e-17
      5454.00  1.86431e-17
      5455.50  1.86413e-17
      5456.99  1.86690e-17
      5458.49  1.90081e-17
      5459.99  1.88110e-17
      5461.48  1.83869e-17
      5462.98  1.85453e-17
      5464.48  1.88324e-17
      5465.97  1.86340e-17
      5467.47  1.86367e-17
      5468.97  1.87944e-17
      5470.46  1.88922e-17
      5471.96  1.88879e-17
      5473.46  1.87219e-17
      5474.96  1.91377e-17
      5476.45  1.87372e-17
      5477.95  1.84002e-17
      5479.45  1.85512e-17
      5480.94  1.88243e-17
      5482.44  1.86601e-17
      5483.94  1.86181e-17
      5485.43  1.84348e-17
      5486.93  1.84433e-17
      5488.43  1.89028e-17
      5489.92  1.85439e-17
      5491.42  1.83685e-17
      5492.92  1.83795e-17
      5494.41  1.82671e-17
      5495.91  1.82099e-17
      5497.41  1.84314e-17
      5498.90  1.85817e-17
      5500.40  1.81644e-17
      5501.90  1.81560e-17
      5503.39  1.79422e-17
      5504.89  1.75131e-17
      5506.39  1.75371e-17
      5507.88  1.77033e-17
      5509.38  1.75877e-17
      5510.88  1.75135e-17
      5512.37  1.75135e-17
      5513.87  1.74424e-17
      5515.37  1.71976e-17
      5516.86  1.71715e-17
      5518.36  1.68609e-17
      5519.86  1.66431e-17
      5521.35  1.66380e-17
      5522.85  1.65685e-17
      5524.35  1.64539e-17
      5525.84  1.62050e-17
      5527.34  1.60272e-17
      5528.84  1.62077e-17
      5530.33  1.62409e-17
      5531.83  1.58280e-17
      5533.33  1.56572e-17
      5534.82  1.51671e-17
      5536.32  1.53122e-17
      5537.82  1.54978e-17
      5539.31  1.54006e-17
      5540.81  1.52124e-17
      5542.31  1.51538e-17
      5543.80  1.52502e-17
      5545.30  1.52724e-17
      5546.80  1.48242e-17
      5548.29  1.47574e-17
      5549.79  1.48414e-17
      5551.29  1.49783e-17
      5552.78  1.48686e-17
      5554.28  1.49059e-17
      5555.78  1.46302e-17
      5557.27  1.47912e-17
      5558.77  1.48014e-17
      5560.27  1.43620e-17
      5561.76  1.44514e-17
      5563.26  1.47985e-17
      5564.76  1.50127e-17
      5566.25  1.46685e-17
      5567.75  1.43119e-17
      5569.25  1.43324e-17
      5570.74  1.45350e-17
      5572.24  1.41669e-17
      5573.74  1.41830e-17
      5575.23  1.45246e-17
      5576.73  1.46707e-17
      5578.23  1.43784e-17
      5579.72  1.42132e-17
      5581.22  1.42615e-17
      5582.72  1.41529e-17
      5584.21  1.40735e-17
      5585.71  1.39554e-17
      5587.21  1.37996e-17
      5588.70  1.37193e-17
      5590.20  1.38675e-17
      5591.70  1.40611e-17
      5593.19  1.42137e-17
      5594.69  1.44655e-17
      5596.19  1.44746e-17
      5597.69  1.43393e-17
      5599.18  1.41872e-17
      5600.68  1.38455e-17
      5602.18  1.36356e-17
      5603.67  1.37105e-17
      5605.17  1.38022e-17
      5606.67  1.35521e-17
      5608.16  1.34459e-17
      5609.66  1.33763e-17
      5611.16  1.31641e-17
      5612.65  1.31909e-17
      5614.15  1.32011e-17
      5615.65  1.31330e-17
      5617.14  1.31006e-17
      5618.64  1.34878e-17
      5620.14  1.35532e-17
      5621.63  1.27910e-17
      5623.13  1.25729e-17
      5624.63  1.27279e-17
      5626.12  1.27699e-17
      5627.62  1.25036e-17
      5629.12  1.24967e-17
      5630.61  1.27710e-17
      5632.11  1.25404e-17
      5633.61  1.25035e-17
      5635.10  1.25777e-17
      5636.60  1.23324e-17
      5638.10  1.21630e-17
      5639.59  1.21016e-17
      5641.09  1.19225e-17
      5642.59  1.18658e-17
      5644.08  1.19404e-17
      5645.58  1.17751e-17
      5647.08  1.15830e-17
      5648.57  1.16019e-17
      5650.07  1.16164e-17
      5651.57  1.15762e-17
      5653.06  1.15187e-17
      5654.56  1.12894e-17
      5656.06  1.11743e-17
      5657.55  1.12962e-17
      5659.05  1.11820e-17
      5660.55  1.10027e-17
      5662.04  1.09812e-17
      5663.54  1.10746e-17
      5665.04  1.12306e-17
      5666.53  1.09806e-17
      5668.03  1.06975e-17
      5669.53  1.06805e-17
      5671.02  1.07899e-17
      5672.52  1.08239e-17
      5674.02  1.08403e-17
      5675.51  1.08785e-17
      5677.01  1.04778e-17
      5678.51  1.05074e-17
      5680.00  1.07772e-17
      5681.50  1.04101e-17
      5683.00  1.03461e-17
      5684.49  1.02730e-17
      5685.99  1.01940e-17
      5687.49  1.03808e-17
      5688.98  1.02000e-17
      5690.48  1.01691e-17
      5691.98  9.92148e-18
      5693.47  1.01721e-17
      5694.97  1.01278e-17
      5696.47  1.00534e-17
      5697.96  1.01584e-17
      5699.46  1.02503e-17
      5700.96  1.03042e-17
      5702.45  1.01678e-17
      5703.95  1.01541e-17
      5705.45  1.00715e-17
      5706.94  1.00471e-17
      5708.44  9.99948e-18
      5709.94  1.01602e-17
      5711.43  1.00342e-17
      5712.93  1.00705e-17
      5714.43  1.03102e-17
      5715.92  1.03087e-17
      5717.42  1.02942e-17
      5718.92  1.04428e-17
      5720.42  1.04546e-17
      5721.91  1.03820e-17
      5723.41  1.03146e-17
      5724.91  1.01268e-17
      5726.40  1.04493e-17
      5727.90  1.07642e-17
      5729.40  1.06129e-17
      5730.89  1.07731e-17
      5732.39  1.06881e-17
      5733.89  1.07843e-17
      5735.38  1.08961e-17
      5736.88  1.09203e-17
      5738.38  1.08792e-17
      5739.87  1.07029e-17
      5741.37  1.08333e-17
      5742.87  1.06128e-17
      5744.36  1.07796e-17
      5745.86  1.09038e-17
      5747.36  1.09268e-17
      5748.85  1.07688e-17
      5750.35  1.01896e-17
      5751.85  1.03116e-17
      5753.34  1.07602e-17
      5754.84  1.06953e-17
      5756.34  1.05598e-17
      5757.83  1.08534e-17
      5759.33  1.06316e-17
      5760.83  1.04110e-17
      5762.32  1.06321e-17
      5763.82  1.04480e-17
      5765.32  1.04443e-17
      5766.81  1.03805e-17
      5768.31  1.05200e-17
      5769.81  1.05569e-17
      5771.30  1.06347e-17
      5772.80  1.07229e-17
      5774.30  1.05492e-17
      5775.79  1.06329e-17
      5777.29  1.04112e-17
      5778.79  1.04458e-17
      5780.28  1.06744e-17
      5781.78  1.08972e-17
      5783.28  1.06848e-17
      5784.77  1.05548e-17
      5786.27  1.11214e-17
      5787.77  1.11690e-17
      5789.26  1.11434e-17
      5790.76  1.12745e-17
      5792.26  1.15978e-17
      5793.75  1.18647e-17
      5795.25  1.18480e-17
      5796.75  1.15952e-17
      5798.24  1.16505e-17
      5799.74  1.17939e-17
      5801.24  1.20164e-17
      5802.73  1.22157e-17
      5804.23  1.22108e-17
      5805.73  1.22057e-17
      5807.22  1.21778e-17
      5808.72  1.21933e-17
      5810.22  1.22555e-17
      5811.71  1.27329e-17
      5813.21  1.28417e-17
      5814.71  1.27603e-17
      5816.20  1.28404e-17
      5817.70  1.31962e-17
      5819.20  1.32468e-17
      5820.69  1.33807e-17
      5822.19  1.35921e-17
      5823.69  1.34036e-17
      5825.18  1.36574e-17
      5826.68  1.36708e-17
      5828.18  1.39673e-17
      5829.67  1.38457e-17
      5831.17  1.38871e-17
      5832.67  1.39475e-17
      5834.16  1.39521e-17
      5835.66  1.40858e-17
      5837.16  1.41288e-17
      5838.65  1.39755e-17
      5840.15  1.42148e-17
      5841.65  1.43824e-17
      5843.15  1.44753e-17
      5844.64  1.44069e-17
      5846.14  1.47163e-17
      5847.64  1.46148e-17
      5849.13  1.45636e-17
      5850.63  1.44827e-17
      5852.13  1.42785e-17
      5853.62  1.45813e-17
      5855.12  1.48151e-17
      5856.62  1.47623e-17
      5858.11  1.47359e-17
      5859.61  1.47550e-17
      5861.11  1.49633e-17
      5862.60  1.49552e-17
      5864.10  1.46981e-17
      5865.60  1.48314e-17
      5867.09  1.48472e-17
      5868.59  1.47824e-17
      5870.09  1.47075e-17
      5871.58  1.47252e-17
      5873.08  1.47858e-17
      5874.58  1.45038e-17
      5876.07  1.41302e-17
      5877.57  1.39446e-17
      5879.07  1.41579e-17
      5880.56  1.42705e-17
      5882.06  1.40935e-17
      5883.56  1.38625e-17
      5885.05  1.37889e-17
      5886.55  1.40161e-17
      5888.05  1.42214e-17
      5889.54  1.44185e-17
      5891.04  1.43711e-17
      5892.54  1.42187e-17
      5894.03  1.47007e-17
      5895.53  1.48340e-17
      5897.03  1.45672e-17
      5898.52  1.47215e-17
      5900.02  1.47635e-17
      5901.52  1.48463e-17
      5903.01  1.49545e-17
      5904.51  1.50054e-17
      5906.01  1.49145e-17
      5907.50  1.49193e-17
      5909.00  1.50878e-17
      5910.50  1.50205e-17
      5911.99  1.46753e-17
      5913.49  1.45468e-17
      5914.99  1.50453e-17
      5916.48  1.52571e-17
      5917.98  1.53263e-17
      5919.48  1.51237e-17
      5920.97  1.48426e-17
      5922.47  1.53516e-17
      5923.97  1.52539e-17
      5925.46  1.49251e-17
      5926.96  1.48982e-17
      5928.46  1.49775e-17
      5929.95  1.51954e-17
      5931.45  1.49288e-17
      5932.95  1.49237e-17
      5934.44  1.50121e-17
      5935.94  1.51214e-17
      5937.44  1.50818e-17
      5938.93  1.50045e-17
      5940.43  1.51338e-17
      5941.93  1.52009e-17
      5943.42  1.51891e-17
      5944.92  1.49724e-17
      5946.42  1.48477e-17
      5947.91  1.48061e-17
      5949.41  1.47933e-17
      5950.91  1.49151e-17
      5952.40  1.51067e-17
      5953.90  1.50663e-17
      5955.40  1.48086e-17
      5956.90  1.49687e-17
      5958.39  1.50489e-17
      5959.89  1.50967e-17
      5961.38  1.50720e-17
      5962.88  1.52291e-17
      5964.38  1.48396e-17
      5965.88  1.49630e-17
      5967.37  1.51518e-17
      5968.87  1.52140e-17
      5970.37  1.48759e-17
      5971.86  1.50085e-17
      5973.36  1.51924e-17
      5974.86  1.48013e-17
      5976.35  1.50645e-17
      5977.85  1.45669e-17
      5979.35  1.48519e-17
      5980.84  1.47832e-17
      5982.34  1.45965e-17
      5983.84  1.46558e-17
      5985.33  1.45985e-17
      5986.83  1.45051e-17
      5988.33  1.47054e-17
      5989.82  1.47439e-17
      5991.32  1.49456e-17
      5992.82  1.48404e-17
      5994.31  1.46646e-17
      5995.81  1.43922e-17
      5997.31  1.43114e-17
      5998.80  1.42717e-17
      6000.30  1.42535e-17
      6001.80  1.43254e-17
      6003.29  1.43447e-17
      6004.79  1.40772e-17
      6006.29  1.38678e-17
      6007.78  1.39761e-17
      6009.28  1.40122e-17
      6010.78  1.40702e-17
      6012.27  1.40243e-17
      6013.77  1.40785e-17
      6015.27  1.40913e-17
      6016.76  1.40663e-17
      6018.26  1.40952e-17
      6019.76  1.38243e-17
      6021.25  1.36230e-17
      6022.75  1.35109e-17
      6024.25  1.36028e-17
      6025.74  1.35317e-17
      6027.24  1.33386e-17
      6028.74  1.32801e-17
      6030.23  1.31904e-17
      6031.73  1.30750e-17
      6033.23  1.30108e-17
      6034.72  1.29432e-17
      6036.22  1.28755e-17
      6037.72  1.28079e-17
      6039.21  1.28073e-17
      6040.71  1.29452e-17
      6042.21  1.28228e-17
      6043.70  1.27212e-17
      6045.20  1.25649e-17
      6046.70  1.27038e-17
      6048.19  1.27220e-17
      6049.69  1.30612e-17
      6051.19  1.32285e-17
      6052.68  1.31291e-17
      6054.18  1.33014e-17
      6055.68  1.32790e-17
      6057.17  1.31119e-17
      6058.67  1.32065e-17
      6060.17  1.30405e-17
      6061.66  1.30460e-17
      6063.16  1.32079e-17
      6064.66  1.33378e-17
      6066.15  1.34585e-17
      6067.65  1.35576e-17
      6069.15  1.34953e-17
      6070.64  1.33021e-17
      6072.14  1.31562e-17
      6073.64  1.31604e-17
      6075.13  1.31731e-17
      6076.63  1.33575e-17
      6078.13  1.34656e-17
      6079.62  1.35035e-17
      6081.12  1.37049e-17
      6082.62  1.37202e-17
      6084.11  1.36197e-17
      6085.61  1.35050e-17
      6087.11  1.35118e-17
      6088.60  1.35123e-17
      6090.10  1.35204e-17
      6091.60  1.37458e-17
      6093.10  1.39918e-17
      6094.59  1.39824e-17
      6096.09  1.38794e-17
      6097.59  1.39785e-17
      6099.08  1.40623e-17
      6100.58  1.40362e-17
      6102.08  1.40140e-17
      6103.57  1.39551e-17
      6105.07  1.40133e-17
      6106.57  1.42442e-17
      6108.06  1.41207e-17
      6109.56  1.40631e-17
      6111.06  1.44827e-17
      6112.55  1.45672e-17
      6114.05  1.40872e-17
      6115.55  1.41738e-17
      6117.04  1.43919e-17
      6118.54  1.44248e-17
      6120.04  1.44424e-17
      6121.53  1.44895e-17
      6123.03  1.47614e-17
      6124.53  1.45151e-17
      6126.02  1.40915e-17
      6127.52  1.43671e-17
      6129.02  1.46315e-17
      6130.51  1.46968e-17
      6132.01  1.48491e-17
      6133.51  1.48455e-17
      6135.00  1.46709e-17
      6136.50  1.45729e-17
      6138.00  1.51648e-17
      6139.49  1.51456e-17
      6140.99  1.49384e-17
      6142.49  1.51232e-17
      6143.98  1.53712e-17
      6145.48  1.53318e-17
      6146.98  1.53501e-17
      6148.47  1.54733e-17
      6149.97  1.53503e-17
      6151.47  1.53124e-17
      6152.96  1.55620e-17
      6154.46  1.57349e-17
      6155.96  1.57679e-17
      6157.45  1.59405e-17
      6158.95  1.60762e-17
      6160.45  1.60262e-17
      6161.94  1.59422e-17
      6163.44  1.62690e-17
      6164.94  1.62725e-17
      6166.43  1.62950e-17
      6167.93  1.67102e-17
      6169.43  1.67560e-17
      6170.92  1.68000e-17
      6172.42  1.69639e-17
      6173.92  1.73776e-17
      6175.41  1.74578e-17
      6176.91  1.72454e-17
      6178.41  1.74461e-17
      6179.90  1.77833e-17
      6181.40  1.77028e-17
      6182.90  1.78137e-17
      6184.39  1.78150e-17
      6185.89  1.76808e-17
      6187.39  1.77957e-17
      6188.88  1.78988e-17
      6190.38  1.78361e-17
      6191.88  1.77056e-17
      6193.37  1.80342e-17
      6194.87  1.80330e-17
      6196.37  1.81527e-17
      6197.86  1.81272e-17
      6199.36  1.85822e-17
      6200.86  1.82091e-17
      6202.35  1.81579e-17
      6203.85  1.81741e-17
      6205.35  1.78534e-17
      6206.84  1.79546e-17
      6208.34  1.82489e-17
      6209.84  1.78564e-17
      6211.33  1.80384e-17
      6212.83  1.82222e-17
      6214.33  1.84853e-17
      6215.83  1.82693e-17
      6217.32  1.82023e-17
      6218.82  1.81240e-17
      6220.32  1.81705e-17
      6221.81  1.83753e-17
      6223.31  1.83286e-17
      6224.81  1.82758e-17
      6226.30  1.82964e-17
      6227.80  1.81272e-17
      6229.30  1.81587e-17
      6230.79  1.83056e-17
      6232.29  1.82946e-17
      6233.79  1.82599e-17
      6235.28  1.83859e-17
      6236.78  1.85935e-17
      6238.28  1.83107e-17
      6239.77  1.83124e-17
      6241.27  1.84992e-17
      6242.77  1.84061e-17
      6244.26  1.83889e-17
      6245.76  1.82929e-17
      6247.26  1.79794e-17
      6248.75  1.80149e-17
      6250.25  1.82531e-17
      6251.75  1.81029e-17
      6253.24  1.78102e-17
      6254.74  1.75950e-17
      6256.24  1.75232e-17
      6257.73  1.77785e-17
      6259.23  1.76606e-17
      6260.73  1.76355e-17
      6262.22  1.74068e-17
      6263.72  1.68729e-17
      6265.22  1.69004e-17
      6266.71  1.71568e-17
      6268.21  1.74136e-17
      6269.71  1.71392e-17
      6271.20  1.69660e-17
      6272.70  1.74107e-17
      6274.20  1.80950e-17
      6275.69  1.79085e-17
      6277.19  1.74659e-17
      6278.69  1.71620e-17
      6280.18  1.70859e-17
      6281.68  1.71359e-17
      6283.18  1.69116e-17
      6284.67  1.71575e-17
      6286.17  1.73359e-17
      6287.67  1.71235e-17
      6289.16  1.74270e-17
      6290.66  1.74169e-17
      6292.16  1.72300e-17
      6293.65  1.71271e-17
      6295.15  1.71771e-17
      6296.65  1.75035e-17
      6298.14  1.74182e-17
      6299.64  1.70773e-17
      6301.14  1.70090e-17
      6302.63  1.69811e-17
      6304.13  1.69051e-17
      6305.63  1.70002e-17
      6307.12  1.72494e-17
      6308.62  1.74067e-17
      6310.12  1.73381e-17
      6311.61  1.72471e-17
      6313.11  1.70643e-17
      6314.61  1.70689e-17
      6316.10  1.74018e-17
      6317.60  1.74091e-17
      6319.10  1.73099e-17
      6320.59  1.72104e-17
      6322.09  1.68774e-17
      6323.59  1.67059e-17
      6325.08  1.68518e-17
      6326.58  1.66996e-17
      6328.08  1.68372e-17
      6329.57  1.70280e-17
      6331.07  1.70744e-17
      6332.57  1.62886e-17
      6334.06  1.62135e-17
      6335.56  1.62054e-17
      6337.06  1.61587e-17
      6338.56  1.61200e-17
      6340.05  1.64136e-17
      6341.55  1.64737e-17
      6343.05  1.62635e-17
      6344.54  1.61218e-17
      6346.04  1.60806e-17
      6347.54  1.62934e-17
      6349.03  1.62683e-17
      6350.53  1.59797e-17
      6352.03  1.60284e-17
      6353.52  1.59879e-17
      6355.02  1.57783e-17
      6356.52  1.55290e-17
      6358.01  1.54347e-17
      6359.51  1.57378e-17
      6361.01  1.57906e-17
      6362.50  1.54974e-17
      6364.00  1.57398e-17
      6365.50  1.60824e-17
      6366.99  1.60405e-17
      6368.49  1.58419e-17
      6369.99  1.59663e-17
      6371.48  1.60928e-17
      6372.98  1.60080e-17
      6374.48  1.60431e-17
      6375.97  1.58672e-17
      6377.47  1.57309e-17
      6378.97  1.59248e-17
      6380.46  1.59748e-17
      6381.96  1.61190e-17
      6383.46  1.60490e-17
      6384.95  1.61713e-17
      6386.45  1.62238e-17
      6387.95  1.60242e-17
      6389.44  1.60883e-17
      6390.94  1.63810e-17
      6392.44  1.61047e-17
      6393.93  1.61045e-17
      6395.43  1.60656e-17
      6396.93  1.61575e-17
      6398.42  1.60767e-17
      6399.92  1.59665e-17
      6401.42  1.59282e-17
      6402.91  1.59909e-17
      6404.41  1.63537e-17
      6405.91  1.61699e-17
      6407.40  1.60424e-17
      6408.90  1.61055e-17
      6410.40  1.62258e-17
      6411.89  1.62565e-17
      6413.39  1.64460e-17
      6414.89  1.62217e-17
      6416.38  1.60764e-17
      6417.88  1.63397e-17
      6419.38  1.62322e-17
      6420.87  1.60682e-17
      6422.37  1.57859e-17
      6423.87  1.61690e-17
      6425.36  1.62812e-17
      6426.86  1.62545e-17
      6428.36  1.58236e-17
      6429.85  1.56194e-17
      6431.35  1.57076e-17
      6432.85  1.60560e-17
      6434.34  1.59993e-17
      6435.84  1.57651e-17
      6437.34  1.57909e-17
      6438.83  1.57453e-17
      6440.33  1.58388e-17
      6441.83  1.57687e-17
      6443.32  1.55874e-17
      6444.82  1.55760e-17
      6446.32  1.57813e-17
      6447.81  1.59133e-17
      6449.31  1.59913e-17
      6450.81  1.58090e-17
      6452.30  1.57083e-17
      6453.80  1.57719e-17
      6455.30  1.56278e-17
      6456.79  1.55083e-17
      6458.29  1.56164e-17
      6459.79  1.55875e-17
      6461.29  1.53457e-17
      6462.78  1.52860e-17
      6464.28  1.52763e-17
      6465.78  1.53930e-17
      6467.27  1.54928e-17
      6468.77  1.55986e-17
      6470.27  1.53004e-17
      6471.76  1.52441e-17
      6473.26  1.55422e-17
      6474.76  1.53514e-17
      6476.25  1.52581e-17
      6477.75  1.52200e-17
      6479.25  1.51288e-17
      6480.74  1.52299e-17
      6482.24  1.51022e-17
      6483.74  1.50613e-17
      6485.23  1.54032e-17
      6486.73  1.54529e-17
      6488.23  1.54828e-17
      6489.72  1.53226e-17
      6491.22  1.51499e-17
      6492.72  1.50844e-17
      6494.21  1.50448e-17
      6495.71  1.52060e-17
      6497.21  1.52500e-17
      6498.70  1.51215e-17
      6500.20  1.50004e-17
      6501.70  1.47523e-17
      6503.19  1.45217e-17
      6504.69  1.46350e-17
      6506.19  1.49275e-17
      6507.68  1.50380e-17
      6509.18  1.48785e-17
      6510.68  1.49350e-17
      6512.17  1.48989e-17
      6513.67  1.47364e-17
      6515.17  1.50978e-17
      6516.66  1.52510e-17
      6518.16  1.49934e-17
      6519.66  1.50188e-17
      6521.15  1.50417e-17
      6522.65  1.52037e-17
      6524.15  1.53847e-17
      6525.64  1.53325e-17
      6527.14  1.52086e-17
      6528.64  1.50641e-17
      6530.13  1.51250e-17
      6531.63  1.52218e-17
      6533.13  1.51396e-17
      6534.62  1.50883e-17
      6536.12  1.51333e-17
      6537.62  1.52880e-17
      6539.11  1.53429e-17
      6540.61  1.51489e-17
      6542.11  1.49482e-17
      6543.60  1.49652e-17
      6545.10  1.52304e-17
      6546.60  1.50666e-17
      6548.09  1.47198e-17
      6549.59  1.45777e-17
      6551.09  1.48087e-17
      6552.58  1.48006e-17
      6554.08  1.47364e-17
      6555.58  1.46448e-17
      6557.07  1.46418e-17
      6558.57  1.44021e-17
      6560.07  1.46158e-17
      6561.56  1.47313e-17
      6563.06  1.44837e-17
      6564.56  1.46586e-17
      6566.05  1.44124e-17
      6567.55  1.42496e-17
      6569.05  1.44010e-17
      6570.54  1.44021e-17
      6572.04  1.41593e-17
      6573.54  1.40599e-17
      6575.03  1.41960e-17
      6576.53  1.41159e-17
      6578.03  1.42740e-17
      6579.52  1.43118e-17
      6581.02  1.42058e-17
      6582.52  1.43222e-17
      6584.02  1.41856e-17
      6585.51  1.40571e-17
      6587.01  1.40208e-17
      6588.51  1.39515e-17
      6590.00  1.40132e-17
      6591.50  1.39411e-17
      6593.00  1.37863e-17
      6594.49  1.38244e-17
      6595.99  1.39173e-17
      6597.49  1.38849e-17
      6598.98  1.37198e-17
      6600.48  1.35320e-17
      6601.98  1.35339e-17
      6603.47  1.33347e-17
      6604.97  1.34564e-17
      6606.47  1.35378e-17
      6607.96  1.34866e-17
      6609.46  1.34825e-17
      6610.96  1.31213e-17
      6612.45  1.34440e-17
      6613.95  1.35673e-17
      6615.45  1.33982e-17
      6616.94  1.31029e-17
      6618.44  1.30256e-17
      6619.94  1.35171e-17
      6621.43  1.33456e-17
      6622.93  1.35384e-17
      6624.43  1.33170e-17
      6625.92  1.33222e-17
      6627.42  1.34593e-17
      6628.92  1.34866e-17
      6630.41  1.34124e-17
      6631.91  1.33583e-17
      6633.41  1.31784e-17
      6634.90  1.29308e-17
      6636.40  1.30709e-17
      6637.90  1.31899e-17
      6639.39  1.31004e-17
      6640.89  1.30524e-17
      6642.39  1.30532e-17
      6643.88  1.32487e-17
      6645.38  1.33363e-17
      6646.88  1.32019e-17
      6648.37  1.31959e-17
      6649.87  1.32332e-17
      6651.37  1.30873e-17
      6652.86  1.29100e-17
      6654.36  1.28316e-17
      6655.86  1.27039e-17
      6657.35  1.27776e-17
      6658.85  1.28546e-17
      6660.35  1.28252e-17
      6661.84  1.27769e-17
      6663.34  1.27150e-17
      6664.84  1.26894e-17
      6666.33  1.25831e-17
      6667.83  1.25635e-17
      6669.33  1.24992e-17
      6670.82  1.24339e-17
      6672.32  1.25340e-17
      6673.82  1.26011e-17
      6675.31  1.25182e-17
      6676.81  1.24642e-17
      6678.31  1.24623e-17
      6679.80  1.25486e-17
      6681.30  1.23697e-17
      6682.80  1.21369e-17
      6684.29  1.19713e-17
      6685.79  1.20313e-17
      6687.29  1.22686e-17
      6688.78  1.22596e-17
      6690.28  1.20714e-17
      6691.78  1.21182e-17
      6693.27  1.21502e-17
      6694.77  1.17515e-17
      6696.27  1.18144e-17
      6697.76  1.19063e-17
      6699.26  1.18308e-17
      6700.76  1.14239e-17
      6702.25  1.14047e-17
      6703.75  1.18091e-17
      6705.25  1.19403e-17
      6706.75  1.19117e-17
      6708.24  1.17050e-17
      6709.74  1.17611e-17
      6711.24  1.18053e-17
      6712.73  1.17042e-17
      6714.23  1.16995e-17
      6715.73  1.17445e-17
      6717.22  1.16988e-17
      6718.72  1.16675e-17
      6720.22  1.16433e-17
      6721.71  1.16543e-17
      6723.21  1.16669e-17
      6724.71  1.13722e-17
      6726.20  1.12680e-17
      6727.70  1.13691e-17
      6729.20  1.14033e-17
      6730.69  1.14285e-17
      6732.19  1.12140e-17
      6733.69  1.10113e-17
      6735.18  1.10914e-17
      6736.68  1.11320e-17
      6738.18  1.11748e-17
      6739.67  1.13082e-17
      6741.17  1.13079e-17
      6742.67  1.11585e-17
      6744.16  1.10388e-17
      6745.66  1.10180e-17
      6747.16  1.10095e-17
      6748.65  1.09918e-17
      6750.15  1.09937e-17
      6751.65  1.08629e-17
      6753.14  1.09684e-17
      6754.64  1.11082e-17
      6756.14  1.12635e-17
      6757.63  1.10175e-17
      6759.13  1.07375e-17
      6760.63  1.10203e-17
      6762.12  1.07211e-17
      6763.62  1.08920e-17
      6765.12  1.10074e-17
      6766.61  1.06850e-17
      6768.11  1.06513e-17
      6769.61  1.09269e-17
      6771.10  1.09384e-17
      6772.60  1.08669e-17
      6774.10  1.05489e-17
      6775.59  1.05616e-17
      6777.09  1.05478e-17
      6778.59  1.04920e-17
      6780.08  1.05700e-17
      6781.58  1.06867e-17
      6783.08  1.05625e-17
      6784.57  1.06366e-17
      6786.07  1.04223e-17
      6787.57  1.03325e-17
      6789.06  1.05314e-17
      6790.56  1.08032e-17
      6792.06  1.07543e-17
      6793.55  1.05197e-17
      6795.05  1.03493e-17
      6796.55  1.04623e-17
      6798.04  1.04693e-17
      6799.54  1.03239e-17
      6801.04  1.03294e-17
      6802.53  1.02926e-17
      6804.03  1.02082e-17
      6805.53  1.03338e-17
      6807.02  1.02948e-17
      6808.52  1.01439e-17
      6810.02  1.01869e-17
      6811.51  1.01929e-17
      6813.01  1.01639e-17
      6814.51  1.01309e-17
      6816.00  1.00326e-17
      6817.50  1.01730e-17
      6819.00  1.01890e-17
      6820.49  9.94586e-18
      6821.99  9.82420e-18
      6823.49  9.82439e-18
      6824.98  1.02355e-17
      6826.48  1.01495e-17
      6827.98  1.00849e-17
      6829.48  9.84271e-18
      6830.97  9.86285e-18
      6832.47  9.88299e-18
      6833.97  9.90312e-18
      6835.46  9.92326e-18
      6836.96  9.94339e-18
      6838.46  9.96352e-18
      6839.95  9.98365e-18
      6841.45  1.00038e-17
      6842.95  1.00239e-17
      6844.44  1.00440e-17
      6845.94  1.00641e-17
      6847.44  1.00843e-17
      6848.93  1.01044e-17
      6850.43  1.01245e-17
      6851.93  1.01446e-17
      6853.42  1.01647e-17
      6854.92  1.01848e-17
      6856.42  1.02050e-17
      6857.91  1.02251e-17
      6859.41  1.02452e-17
      6860.91  1.02653e-17
      6862.40  1.02854e-17
      6863.90  1.03055e-17
      6865.40  1.03256e-17
      6866.89  1.03457e-17
      6868.39  1.03658e-17
      6869.89  1.03859e-17
      6871.38  1.04060e-17
      6872.88  1.04260e-17
      6874.38  1.04461e-17
      6875.87  1.04662e-17
      6877.37  1.04863e-17
      6878.87  1.05064e-17
      6880.36  1.05265e-17
      6881.86  1.05466e-17
      6883.36  1.05666e-17
      6884.85  1.05867e-17
      6886.35  1.06068e-17
      6887.85  1.06269e-17
      6889.34  1.06469e-17
      6890.84  1.06670e-17
      6892.34  1.06871e-17
      6893.83  1.07071e-17
      6895.33  1.07272e-17
      6896.83  1.07473e-17
      6898.32  1.07673e-17
      6899.82  1.07874e-17
      6901.32  1.08074e-17
      6902.81  1.08275e-17
      6904.31  1.08476e-17
      6905.81  1.08676e-17
      6907.30  1.08877e-17
      6908.80  1.09077e-17
      6910.30  1.09278e-17
      6911.79  1.09478e-17
      6913.29  1.09678e-17
      6914.79  1.09879e-17
      6916.28  1.10079e-17
      6917.78  1.10280e-17
      6919.28  1.10480e-17
      6920.77  1.10680e-17
      6922.27  1.13916e-17
      6923.77  1.15511e-17
      6925.26  1.13834e-17
      6926.76  1.10650e-17
      6928.26  1.09879e-17
      6929.75  1.09468e-17
      6931.25  1.08346e-17
      6932.75  1.06614e-17
      6934.24  1.08649e-17
      6935.74  1.09536e-17
      6937.24  1.10205e-17
      6938.73  1.11902e-17
      6940.23  1.12899e-17
      6941.73  1.11405e-17
      6943.23  1.09793e-17
      6944.72  1.09224e-17
      6946.22  1.10347e-17
      6947.71  1.08834e-17
      6949.21  1.07850e-17
      6950.71  1.08341e-17
      6952.21  1.06015e-17
      6953.70  1.06606e-17
      6955.20  1.09649e-17
      6956.70  1.08315e-17
      6958.19  1.07341e-17
      6959.69  1.08187e-17
      6961.19  1.07619e-17
      6962.68  1.05964e-17
      6964.18  1.05101e-17
      6965.68  1.06032e-17
      6967.17  1.09135e-17
      6968.67  1.12011e-17
      6970.17  1.11373e-17
      6971.66  1.10878e-17
      6973.16  1.09349e-17
      6974.66  1.08187e-17
      6976.15  1.07989e-17
      6977.65  1.05848e-17
      6979.15  1.05782e-17
      6980.64  1.08687e-17
      6982.14  1.11001e-17
      6983.64  1.08752e-17
      6985.13  1.07591e-17
      6986.63  1.08633e-17
      6988.13  1.09425e-17
      6989.62  1.06246e-17
      6991.12  1.05210e-17
      6992.62  1.06235e-17
      6994.11  1.06984e-17
      6995.61  1.07392e-17
      6997.11  1.06945e-17
      6998.60  1.07073e-17
      7000.10  1.09263e-17
      7001.60  1.08940e-17
      7003.09  1.04379e-17
      7004.59  1.07083e-17
      7006.09  1.08051e-17
      7007.58  1.06372e-17
      7009.08  1.06486e-17
      7010.58  1.08341e-17
      7012.07  1.06971e-17
      7013.57  1.06702e-17
      7015.07  1.09376e-17
      7016.56  1.08522e-17
      7018.06  1.09897e-17
      7019.56  1.12817e-17
      7021.05  1.10360e-17
      7022.55  1.07700e-17
      7024.05  1.08831e-17
      7025.54  1.09047e-17
      7027.04  1.07858e-17
      7028.54  1.08428e-17
      7030.03  1.09120e-17
      7031.53  1.09848e-17
      7033.03  1.10225e-17
      7034.52  1.10798e-17
      7036.02  1.13503e-17
      7037.52  1.14951e-17
      7039.01  1.11284e-17
      7040.51  1.10447e-17
      7042.01  1.11105e-17
      7043.50  1.12057e-17
      7045.00  1.11446e-17
      7046.50  1.13043e-17
      7047.99  1.13437e-17
      7049.49  1.11482e-17
      7050.99  1.11027e-17
      7052.48  1.09524e-17
      7053.98  1.12840e-17
      7055.48  1.12928e-17
      7056.97  1.12521e-17
      7058.47  1.10560e-17
      7059.97  1.12790e-17
      7061.46  1.12840e-17
      7062.96  1.12889e-17
      7064.46  1.12939e-17
      7065.96  1.12988e-17
      7067.45  1.13038e-17
      7068.95  1.13087e-17
      7070.44  1.13083e-17
      7071.94  1.12993e-17
      7073.44  1.12338e-17
      7074.94  1.13818e-17
      7076.43  1.13686e-17
      7077.93  1.12824e-17
      7079.43  1.13444e-17
      7080.92  1.13096e-17
      7082.42  1.13649e-17
      7083.92  1.16300e-17
      7085.41  1.15907e-17
      7086.91  1.14138e-17
      7088.41  1.12962e-17
      7089.90  1.14724e-17
      7091.40  1.13782e-17
      7092.90  1.11645e-17
      7094.39  1.11044e-17
      7095.89  1.12693e-17
      7097.39  1.15138e-17
      7098.88  1.14302e-17
      7100.38  1.12976e-17
      7101.88  1.16393e-17
      7103.37  1.18497e-17
      7104.87  1.15933e-17
      7106.37  1.15386e-17
      7107.86  1.15771e-17
      7109.36  1.17892e-17
      7110.86  1.17127e-17
      7112.35  1.15528e-17
      7113.85  1.16020e-17
      7115.35  1.17109e-17
      7116.84  1.16260e-17
      7118.34  1.19573e-17
      7119.84  1.15918e-17
      7121.33  1.12574e-17
      7122.83  1.14458e-17
      7124.33  1.16754e-17
      7125.82  1.13650e-17
      7127.32  1.13679e-17
      7128.82  1.20764e-17
      7130.31  1.20279e-17
      7131.81  1.17707e-17
      7133.31  1.15872e-17
      7134.80  1.15655e-17
      7136.30  1.15678e-17
      7137.80  1.19510e-17
      7139.29  1.22707e-17
      7140.79  1.19971e-17
      7142.29  1.21225e-17
      7143.78  1.24149e-17
      7145.28  1.23193e-17
      7146.78  1.21379e-17
      7148.27  1.21763e-17
      7149.77  1.19731e-17
      7151.27  1.20447e-17
      7152.76  1.23901e-17
      7154.26  1.19571e-17
      7155.76  1.18918e-17
      7157.25  1.18254e-17
      7158.75  1.15293e-17
      7160.25  1.15160e-17
      7161.74  1.15028e-17
      7163.24  1.14895e-17
      7164.74  1.14763e-17
      7166.23  1.14631e-17
      7167.73  1.14626e-17
      7169.23  1.16369e-17
      7170.72  1.17972e-17
      7172.22  1.17703e-17
      7173.72  1.21006e-17
      7175.21  1.21005e-17
      7176.71  1.16093e-17
      7178.21  1.18268e-17
      7179.70  1.20520e-17
      7181.20  1.17664e-17
      7182.70  1.17574e-17
      7184.19  1.20935e-17
      7185.69  1.24884e-17
      7187.19  1.20923e-17
      7188.69  1.18828e-17
      7190.18  1.27900e-17
      7191.68  1.29819e-17
      7193.17  1.30011e-17
      7194.67  1.28957e-17
      7196.17  1.36374e-17
      7197.67  1.40063e-17
      7199.16  1.32782e-17
      7200.66  1.27980e-17
      7202.16  1.33327e-17
      7203.65  1.33591e-17
      7205.15  1.32096e-17
      7206.65  1.28935e-17
      7208.14  1.29451e-17
      7209.64  1.32216e-17
      7211.14  1.29010e-17
      7212.63  1.26671e-17
      7214.13  1.26978e-17
      7215.63  1.26080e-17
      7217.12  1.26771e-17
      7218.62  1.26660e-17
      7220.12  1.27368e-17
      7221.61  1.32183e-17
      7223.11  1.32923e-17
      7224.61  1.29732e-17
      7226.10  1.28780e-17
      7227.60  1.29401e-17
      7229.10  1.27043e-17
      7230.59  1.26396e-17
      7232.09  1.29629e-17
      7233.59  1.29373e-17
      7235.08  1.26601e-17
      7236.58  1.24861e-17
      7238.08  1.23548e-17
      7239.57  1.28365e-17
      7241.07  1.33079e-17
      7242.57  1.32378e-17
      7244.06  1.35873e-17
      7245.56  1.39521e-17
      7247.06  1.35130e-17
      7248.55  1.31587e-17
      7250.05  1.31078e-17
      7251.55  1.32933e-17
      7253.04  1.35703e-17
      7254.54  1.34064e-17
      7256.04  1.30376e-17
      7257.53  1.23183e-17
      7259.03  1.21970e-17
      7260.53  1.28273e-17
      7262.02  1.26077e-17
      7263.52  1.26683e-17
      7265.02  1.35124e-17
      7266.51  1.30009e-17
      7268.01  1.30570e-17
      7269.51  1.31231e-17
      7271.00  1.28763e-17
      7272.50  1.26942e-17
      7274.00  1.26292e-17
      7275.49  1.26465e-17
      7276.99  1.29149e-17
      7278.49  1.29617e-17
      7279.98  1.27817e-17
      7281.48  1.26843e-17
      7282.98  1.27225e-17
      7284.47  1.26507e-17
      7285.97  1.24871e-17
      7287.47  1.23587e-17
      7288.96  1.23454e-17
      7290.46  1.26326e-17
      7291.96  1.30349e-17
      7293.45  1.29011e-17
      7294.95  1.26165e-17
      7296.45  1.24595e-17
      7297.94  1.24010e-17
      7299.44  1.25544e-17
      7300.94  1.27420e-17
      7302.43  1.26858e-17
      7303.93  1.24360e-17
      7305.43  1.23006e-17
      7306.92  1.25447e-17
      7308.42  1.28008e-17
      7309.92  1.27801e-17
      7311.42  1.27972e-17
      7312.91  1.30331e-17
      7314.41  1.27017e-17
      7315.90  1.23837e-17
      7317.40  1.23524e-17
      7318.90  1.21877e-17
      7320.40  1.24221e-17
      7321.89  1.25402e-17
      7323.39  1.20277e-17
      7324.89  1.16522e-17
      7326.38  1.18666e-17
      7327.88  1.24380e-17
      7329.38  1.21361e-17
      7330.87  1.19294e-17
      7332.37  1.21458e-17
      7333.87  1.19621e-17
      7335.36  1.18815e-17
      7336.86  1.17522e-17
      7338.36  1.19123e-17
      7339.85  1.19495e-17
      7341.35  1.17526e-17
      7342.85  1.17789e-17
      7344.34  1.16131e-17
      7345.84  1.13365e-17
      7347.34  1.14606e-17
      7348.83  1.11802e-17
      7350.33  1.13707e-17
      7351.83  1.17809e-17
      7353.32  1.14225e-17
      7354.82  1.13027e-17
      7356.32  1.15087e-17
      7357.81  1.11867e-17
      7359.31  1.10832e-17
      7360.81  1.11773e-17
      7362.30  1.10201e-17
      7363.80  1.09742e-17
      7365.30  1.09746e-17
      7366.79  1.07829e-17
      7368.29  1.07057e-17
      7369.79  1.08145e-17
      7371.28  1.08110e-17
      7372.78  1.04508e-17
      7374.28  1.02866e-17
      7375.77  1.04971e-17
      7377.27  1.05024e-17
      7378.77  1.02140e-17
      7380.26  1.02294e-17
      7381.76  1.02760e-17
      7383.26  1.00925e-17
      7384.75  1.00685e-17
      7386.25  1.01801e-17
      7387.75  1.05749e-17
      7389.24  1.06674e-17
      7390.74  1.01679e-17
      7392.24  9.93337e-18
      7393.73  9.70757e-18
      7395.23  9.68047e-18
      7396.73  9.66335e-18
      7398.22  9.47323e-18
      7399.72  9.41663e-18
      7401.22  9.25820e-18
      7402.71  9.25493e-18
      7404.21  9.61954e-18
      7405.71  9.29158e-18
      7407.20  9.29565e-18
      7408.70  9.00920e-18
      7410.20  8.85709e-18
      7411.69  8.84848e-18
      7413.19  8.89470e-18
      7414.69  9.05905e-18
      7416.18  8.79334e-18
      7417.68  8.71293e-18
      7419.18  8.63673e-18
      7420.67  8.64872e-18
      7422.17  8.72359e-18
      7423.67  8.59380e-18
      7425.16  8.46138e-18
      7426.66  8.32809e-18
      7428.16  8.26722e-18
      7429.65  8.33375e-18
      7431.15  8.18360e-18
      7432.65  8.25958e-18
      7434.15  8.12129e-18
      7435.64  8.01568e-18
      7437.14  7.98665e-18
      7438.63  7.91240e-18
      7440.13  7.81688e-18
      7441.63  7.80051e-18
      7443.12  7.87378e-18
      7444.62  7.82905e-18
      7446.12  7.53090e-18
      7447.62  7.35430e-18
      7449.11  7.35021e-18
      7450.61  7.42326e-18
      7452.11  7.39093e-18
      7453.60  7.25760e-18
      7455.10  7.22255e-18
      7456.60  7.33081e-18
      7458.09  7.33282e-18
      7459.59  7.36279e-18
      7461.09  7.15256e-18
      7462.58  6.87623e-18
      7464.08  6.84640e-18
      7465.58  6.80297e-18
      7467.07  6.93973e-18
      7468.57  6.86812e-18
      7470.07  6.98235e-18
      7471.56  6.93944e-18
      7473.06  6.78935e-18
      7474.56  6.61922e-18
      7476.05  6.45419e-18
      7477.55  6.24335e-18
      7479.05  6.49441e-18
      7480.54  6.55943e-18
      7482.04  6.38868e-18
      7483.54  6.30694e-18
      7485.03  6.48076e-18
      7486.53  6.29461e-18
      7488.03  6.12218e-18
      7489.52  6.29624e-18
      7491.02  6.37531e-18
      7492.52  6.37257e-18
      7494.01  6.10238e-18
      7495.51  6.27268e-18
      7497.01  6.13962e-18
      7498.50  6.13205e-18
      7500.00  5.86781e-18
      7501.50  5.80164e-18
      7502.99  5.88691e-18
      7504.49  5.80533e-18
      7505.99  5.75855e-18
      7507.48  5.73696e-18
      7508.98  5.69495e-18
      7510.48  5.60165e-18
      7511.97  5.61205e-18
      7513.47  5.60304e-18
      7514.97  5.42364e-18
      7516.46  5.43355e-18
      7517.96  5.48777e-18
      7519.46  5.44454e-18
      7520.95  5.38656e-18
      7522.45  5.26755e-18
      7523.95  5.00884e-18
