# wavelength flux
3600.71712 3.83976e-18
3602.18880 5.74617e-18
3603.66048 9.81909e-18
3605.13216 7.79977e-18
3606.60384 2.15329e-18
3608.06544 4.33809e-18
3609.53712 7.25255e-18
3611.00880 6.67277e-18
3612.48048 8.47582e-18
3613.95216 1.36391e-17
3615.42384 9.82031e-18
3616.88544 4.31252e-18
3618.35712 5.25199e-18
3619.82880 9.73579e-18
3621.30048 5.00984e-18
3622.77216 7.53852e-19
3624.24384 4.82033e-18
3625.70544 3.75432e-18
3627.17712 3.27400e-18
3628.64880 1.47391e-18
3630.12048 5.61532e-18
3631.59216 6.59972e-18
3633.06384 5.07340e-18
3634.52544 7.94727e-18
3635.99712 8.08892e-18
3637.46880 7.34090e-18
3638.94048 1.02120e-17
3640.41216 9.08773e-18
3641.88384 6.45705e-18
3643.34544 6.06677e-18
3644.81712 6.83927e-18
3646.28880 3.80783e-18
3647.76048 1.02806e-17
3649.23216 1.03740e-17
3650.70384 4.58736e-18
3652.16544 2.05697e-18
3653.63712 6.89881e-18
3655.10880 1.09644e-17
3656.58048 1.04717e-17
3658.05216 9.60158e-18
3659.52384 8.93909e-18
3660.98544 9.68464e-18
3662.45712 9.67989e-18
3663.92880 8.29787e-18
3665.40048 6.66501e-18
3666.87216 9.63388e-18
3668.34384 8.26013e-18
3669.80544 3.62469e-18
3671.27712 8.42689e-18
3672.74880 8.59878e-18
3674.22048 8.12786e-18
3675.69216 7.96565e-18
3677.16384 9.05980e-18
3678.62544 8.36204e-18
3680.09712 7.69335e-18
3681.56880 4.32455e-18
3683.04048 7.23933e-18
3684.51216 5.36547e-18
3685.98384 5.33326e-18
3687.44544 7.50408e-18
3688.91712 5.97301e-18
3690.38880 5.40244e-18
3691.86048 6.57342e-18
3693.33216 6.79676e-18
3694.80384 7.61129e-18
3696.26544 5.65994e-18
3697.73712 5.06818e-18
3699.20880 5.18778e-18
3700.68048 8.02180e-18
3702.15216 7.96042e-18
3703.62384 7.81555e-18
3705.08544 8.01672e-18
3706.55712 7.92454e-18
3708.02880 7.52615e-18
3709.50048 7.12416e-18
3710.97216 7.08693e-18
3712.44384 7.48600e-18
3713.90544 7.85606e-18
3715.37712 6.26055e-18
3716.84880 8.72473e-18
3718.32048 7.15527e-18
3719.79216 5.38480e-18
3721.26384 5.05458e-18
3722.72544 8.23281e-18
3724.19712 7.19251e-18
3725.66880 8.07550e-18
3727.14048 9.43230e-18
3728.61216 7.13477e-18
3730.08384 5.50691e-18
3731.54544 5.57077e-18
3733.01712 7.01808e-18
3734.48880 3.51038e-18
3735.96048 2.98668e-18
3737.43216 5.74148e-18
3738.90384 5.66001e-18
3740.36544 5.57855e-18
3741.83712 5.56673e-18
3743.30880 5.55490e-18
3744.78048 5.54309e-18
3746.25216 5.53128e-18
3747.72384 5.51947e-18
3749.18544 5.50767e-18
3750.65712 5.49588e-18
3752.12880 5.48409e-18
3753.60048 5.47231e-18
3755.07216 5.46054e-18
3756.54384 5.44877e-18
3758.00544 5.43700e-18
3759.47712 5.42524e-18
3760.94880 5.41349e-18
3762.42048 5.40174e-18
3763.89216 5.39000e-18
3765.36384 5.37826e-18
3766.82544 5.36653e-18
3768.29712 5.35481e-18
3769.76880 5.34309e-18
3771.24048 5.33138e-18
3772.71216 5.31967e-18
3774.18384 5.30797e-18
3775.64544 5.29627e-18
3777.11712 5.28458e-18
3778.58880 4.76168e-18
3780.06048 4.55123e-18
3781.53216 3.44485e-18
3783.00384 2.96055e-18
3784.46544 5.18843e-18
3785.93712 5.55943e-18
3787.40880 3.99866e-18
3788.88048 4.27967e-18
3790.35216 4.65649e-18
3791.82384 4.59385e-18
3793.28544 4.87316e-18
3794.75712 5.35684e-18
3796.22880 3.51153e-18
3797.70048 2.40336e-18
3799.17216 4.20632e-18
3800.64384 4.75214e-18
3802.10544 4.30991e-18
3803.57712 4.66451e-18
3805.04880 3.89966e-18
3806.52048 3.99061e-18
3807.99216 4.96110e-18
3809.46384 5.10541e-18
3810.92544 3.55262e-18
3812.39712 3.06957e-18
3813.86880 4.21972e-18
3815.34048 3.43226e-18
3816.81216 2.99365e-18
3818.28384 4.68189e-18
3819.74544 4.58275e-18
3821.21712 5.00329e-18
3822.68880 3.66764e-18
3824.16048 2.67204e-18
3825.63216 2.46319e-18
3827.10384 3.37613e-18
3828.56544 4.44912e-18
3830.03712 4.37143e-18
3831.50880 3.68454e-18
3832.98048 4.36265e-18
3834.45216 4.43714e-18
3835.92384 4.80763e-18
3837.38544 3.63634e-18
3838.85712 5.09555e-18
3840.32880 4.95023e-18
3841.80048 5.28895e-18
3843.27216 5.25030e-18
3844.74384 4.72870e-18
3846.20544 3.20773e-18
3847.67712 4.83940e-18
3849.14880 5.54755e-18
3850.62048 5.11628e-18
3852.09216 4.78738e-18
3853.56384 4.37108e-18
3855.02544 3.95618e-18
3856.49712 4.50966e-18
3857.96880 4.54185e-18
3859.44048 4.12647e-18
3860.91216 4.50755e-18
3862.38384 3.86505e-18
3863.84544 3.62707e-18
3865.31712 3.08810e-18
3866.78880 3.27091e-18
3868.26048 3.67510e-18
3869.73216 5.20687e-18
3871.20384 5.40066e-18
3872.66544 5.59846e-18
3874.13712 5.23841e-18
3875.60880 3.91198e-18
3877.08048 3.73934e-18
3878.55216 5.61183e-18
3880.02384 5.89509e-18
3881.48544 4.71655e-18
3882.95712 5.73935e-18
3884.42880 7.02449e-18
3885.90048 7.72710e-18
3887.37216 7.23085e-18
3888.84384 6.17422e-18
3890.30544 6.75390e-18
3891.77712 7.03592e-18
3893.24880 6.02466e-18
3894.72048 6.61770e-18
3896.19216 7.62381e-18
3897.66384 6.75840e-18
3899.12544 6.54417e-18
3900.59712 7.50820e-18
3902.06880 8.56209e-18
3903.54048 8.55249e-18
3905.01216 8.48328e-18
3906.48384 9.13205e-18
3907.94544 8.98963e-18
3909.41712 7.94259e-18
3910.88880 7.90791e-18
3912.36048 8.31101e-18
3913.83216 8.50929e-18
3915.30384 8.26753e-18
3916.76544 8.52920e-18
3918.23712 8.52387e-18
3919.70880 8.91594e-18
3921.18048 9.33951e-18
3922.65216 9.82790e-18
3924.12384 1.00599e-17
3925.58544 1.01441e-17
3927.05712 1.01422e-17
3928.52880 1.00339e-17
3930.00048 8.06837e-18
3931.47216 8.48266e-18
3932.94384 1.00491e-17
3934.40544 9.72635e-18
3935.87712 1.00556e-17
3937.34880 1.00227e-17
3938.82048 9.34480e-18
3940.29216 9.94163e-18
3941.76384 9.85443e-18
3943.22544 9.66905e-18
3944.69712 1.12806e-17
3946.16880 1.16128e-17
3947.64048 1.03303e-17
3949.11216 1.02034e-17
3950.58384 1.11901e-17
3952.04544 1.08664e-17
3953.51712 1.11138e-17
3954.98880 1.19087e-17
3956.46048 1.12858e-17
3957.93216 1.17140e-17
3959.40384 1.25026e-17
3960.86544 1.11245e-17
3962.33712 1.03979e-17
3963.80880 1.09902e-17
3965.28048 1.15958e-17
3966.75216 1.17606e-17
3968.22384 1.07313e-17
3969.68544 1.02335e-17
3971.15712 1.07157e-17
3972.62880 1.11868e-17
3974.10048 1.14179e-17
3975.57216 1.04772e-17
3977.04384 9.95477e-18
3978.50544 1.09432e-17
3979.97712 1.13102e-17
3981.44880 1.15451e-17
3982.92048 1.17603e-17
3984.39216 1.11144e-17
3985.86384 1.06606e-17
3987.32544 1.06122e-17
3988.79712 1.10620e-17
3990.26880 1.16269e-17
3991.74048 1.16500e-17
3993.21216 1.07510e-17
3994.68384 9.81437e-18
3996.14544 1.02808e-17
3997.61712 1.13715e-17
3999.08880 1.17322e-17
4000.56048 1.22260e-17
4002.03216 1.06814e-17
4003.50384 9.23626e-18
4004.96544 9.78819e-18
4006.43712 1.01417e-17
4007.90880 9.86591e-18
4009.38048 1.11370e-17
4010.85216 1.14681e-17
4012.32384 1.08473e-17
4013.78544 1.19158e-17
4015.25712 1.17657e-17
4016.72880 1.05785e-17
4018.20048 9.89188e-18
4019.67216 9.85818e-18
4021.14384 1.00130e-17
4022.60544 9.99113e-18
4024.07712 1.01052e-17
4025.54880 1.16545e-17
4027.02048 1.25790e-17
4028.49216 1.20190e-17
4029.96384 1.15142e-17
4031.42544 1.22681e-17
4032.89712 1.27542e-17
4034.36880 1.21333e-17
4035.84048 1.19603e-17
4037.31216 1.24356e-17
4038.78384 1.27456e-17
4040.24544 1.22555e-17
4041.71712 1.23300e-17
4043.18880 1.25740e-17
4044.66048 1.16718e-17
4046.13216 1.14230e-17
4047.60384 1.29260e-17
4049.06544 1.38705e-17
4050.53712 1.34788e-17
4052.00880 1.19303e-17
4053.48048 1.11941e-17
4054.95216 1.26443e-17
4056.42384 1.44768e-17
4057.88544 1.37611e-17
4059.35712 1.24407e-17
4060.82880 1.30297e-17
4062.30048 1.36598e-17
4063.77216 1.32628e-17
4065.24384 1.30778e-17
4066.70544 1.29920e-17
4068.17712 1.41925e-17
4069.64880 1.41082e-17
4071.12048 1.32355e-17
4072.59216 1.26501e-17
4074.06384 1.29692e-17
4075.52544 1.30474e-17
4076.99712 1.32502e-17
4078.46880 1.33354e-17
4079.94048 1.25862e-17
4081.41216 1.22175e-17
4082.88384 1.27604e-17
4084.34544 1.37213e-17
4085.81712 1.31933e-17
4087.28880 1.20348e-17
4088.76048 1.05525e-17
4090.23216 1.02608e-17
4091.70384 1.22108e-17
4093.16544 1.19269e-17
4094.63712 1.24382e-17
4096.10880 1.23101e-17
4097.58048 1.22567e-17
4099.05216 1.17162e-17
4100.52384 1.15241e-17
4101.98544 1.15729e-17
4103.45712 1.13528e-17
4104.92880 1.10120e-17
4106.40048 1.14014e-17
4107.87216 1.19464e-17
4109.34384 1.18531e-17
4110.80544 1.12923e-17
4112.27712 1.13584e-17
4113.74880 1.10061e-17
4115.22048 1.07012e-17
4116.69216 1.11506e-17
4118.16384 1.05921e-17
4119.62544 1.10601e-17
4121.09712 1.16824e-17
4122.56880 1.04509e-17
4124.04048 9.03705e-18
4125.51216 1.10920e-17
4126.98384 1.07942e-17
4128.44544 8.73868e-18
4129.91712 9.57990e-18
4131.38880 1.04709e-17
4132.86048 9.42129e-18
4134.33216 8.86109e-18
4135.80384 8.85464e-18
4137.26544 8.58579e-18
4138.73712 8.60637e-18
4140.20880 9.09724e-18
4141.68048 8.30391e-18
4143.15216 8.45656e-18
4144.62384 7.68774e-18
4146.08544 8.37342e-18
4147.55712 7.78988e-18
4149.02880 8.51224e-18
4150.50048 7.94864e-18
4151.97216 7.38822e-18
4153.44384 7.80863e-18
4154.90544 8.29113e-18
4156.37712 7.74498e-18
4157.84880 7.06371e-18
4159.32048 7.71761e-18
4160.79216 7.61662e-18
4162.26384 7.44057e-18
4163.72544 6.15819e-18
4165.19712 7.01660e-18
4166.66880 8.14665e-18
4168.14048 7.15001e-18
4169.61216 7.26802e-18
4171.08384 6.78300e-18
4172.54544 7.29734e-18
4174.01712 8.34095e-18
4175.48880 8.31095e-18
4176.96048 7.12062e-18
4178.43216 6.77631e-18
4179.90384 7.30302e-18
4181.36544 7.30878e-18
4182.83712 7.93717e-18
4184.30880 7.64590e-18
4185.78048 8.11755e-18
4187.25216 7.38300e-18
4188.72384 7.09337e-18
4190.18544 7.29234e-18
4191.65712 7.40268e-18
4193.12880 8.19728e-18
4194.60048 7.58020e-18
4196.07216 7.64347e-18
4197.54384 7.83512e-18
4199.00544 7.55311e-18
4200.47712 7.78329e-18
4201.94880 6.80127e-18
4203.42048 6.73129e-18
4204.89216 8.18337e-18
4206.36384 6.98178e-18
4207.82544 6.28904e-18
4209.29712 6.44492e-18
4210.76880 6.63433e-18
4212.24048 6.55013e-18
4213.71216 6.22489e-18
4215.18384 7.03330e-18
4216.64544 6.72190e-18
4218.11712 6.12340e-18
4219.58880 6.11398e-18
4221.06048 6.61370e-18
4222.53216 7.57531e-18
4224.00384 6.94955e-18
4225.46544 6.36877e-18
4226.93712 6.67213e-18
4228.40880 6.97177e-18
4229.88048 6.28065e-18
4231.35216 6.10387e-18
4232.82384 6.41682e-18
4234.28544 7.23965e-18
4235.75712 6.67293e-18
4237.22880 6.53756e-18
4238.70048 7.11321e-18
4240.17216 6.79321e-18
4241.64384 6.73577e-18
4243.10544 6.77125e-18
4244.57712 6.39105e-18
4246.04880 7.30552e-18
4247.52048 7.36732e-18
4248.99216 6.57343e-18
4250.46384 6.34575e-18
4251.92544 6.94310e-18
4253.39712 7.10566e-18
4254.86880 7.33268e-18
4256.34048 7.99147e-18
4257.81216 7.54785e-18
4259.28384 7.20162e-18
4260.74544 7.01968e-18
4262.21712 7.98387e-18
4263.68880 7.31984e-18
4265.16048 7.98081e-18
4266.63216 7.61793e-18
4268.10384 8.64630e-18
4269.56544 7.94438e-18
4271.03712 7.54722e-18
4272.50880 7.72843e-18
4273.98048 7.71039e-18
4275.45216 7.98487e-18
4276.92384 8.19508e-18
4278.38544 8.35143e-18
4279.85712 7.88479e-18
4281.32880 7.89327e-18
4282.80048 7.59824e-18
4284.27216 7.79933e-18
4285.74384 7.14839e-18
4287.20544 7.69311e-18
4288.67712 7.34561e-18
4290.14880 7.50866e-18
4291.62048 7.96801e-18
4293.09216 7.65802e-18
4294.56384 6.91882e-18
4296.02544 7.68558e-18
4297.49712 8.19007e-18
4298.96880 7.80635e-18
4300.44048 8.12842e-18
4301.91216 7.00396e-18
4303.38384 6.46386e-18
4304.84544 7.60772e-18
4306.31712 8.13915e-18
4307.78880 7.16815e-18
4309.26048 6.95547e-18
4310.73216 7.03282e-18
4312.20384 7.26602e-18
4313.66544 7.98711e-18
4315.13712 7.68671e-18
4316.60880 7.47856e-18
4318.08048 7.01871e-18
4319.55216 7.09226e-18
4321.02384 7.66729e-18
4322.48544 7.90905e-18
4323.95712 7.84527e-18
4325.42880 7.28719e-18
4326.90048 7.22299e-18
4328.37216 7.45538e-18
4329.84384 7.51335e-18
4331.30544 6.88534e-18
4332.77712 6.98888e-18
4334.24880 7.28465e-18
4335.72048 7.17685e-18
4337.19216 7.51202e-18
4338.66384 7.64421e-18
4340.12544 7.64386e-18
4341.59712 7.37544e-18
4343.06880 7.81387e-18
4344.54048 8.49751e-18
4346.01216 7.93942e-18
4347.48384 7.94256e-18
4348.94544 8.07292e-18
4350.41712 7.99915e-18
4351.88880 7.35931e-18
4353.36048 7.09178e-18
4354.83216 7.77917e-18
4356.30384 7.95627e-18
4357.76544 8.06169e-18
4359.23712 8.66933e-18
4360.70880 8.73390e-18
4362.18048 7.74218e-18
4363.65216 7.47280e-18
4365.12384 7.58877e-18
4366.58544 7.90769e-18
4368.05712 7.91982e-18
4369.52880 8.14599e-18
4371.00048 8.28514e-18
4372.47216 7.65862e-18
4373.94384 8.16272e-18
4375.40544 8.88742e-18
4376.87712 8.58047e-18
4378.34880 8.23474e-18
4379.82048 8.29913e-18
4381.29216 8.29716e-18
4382.76384 8.29519e-18
4384.22544 8.29322e-18
4385.69712 8.29125e-18
4387.16880 8.28927e-18
4388.64048 8.28730e-18
4390.11216 8.28533e-18
4391.58384 8.28336e-18
4393.04544 8.28139e-18
4394.51712 8.27941e-18
4395.98880 8.27744e-18
4397.46048 8.27546e-18
4398.93216 8.27349e-18
4400.40384 8.27151e-18
4401.86544 8.26954e-18
4403.33712 8.26756e-18
4404.80880 8.26558e-18
4406.28048 8.26361e-18
4407.75216 8.26163e-18
4409.22384 8.25965e-18
4410.68544 8.25767e-18
4412.15712 8.25569e-18
4413.62880 8.25372e-18
4415.10048 8.25174e-18
4416.57216 8.24976e-18
4418.04384 8.28600e-18
4419.50544 7.91143e-18
4420.97712 8.22220e-18
4422.44880 8.44846e-18
4423.92048 7.74226e-18
4425.39216 7.68026e-18
4426.86384 7.94125e-18
4428.32544 7.83191e-18
4429.79712 8.04397e-18
4431.26880 8.79382e-18
4432.74048 8.76312e-18
4434.21216 8.09898e-18
4435.68384 8.02466e-18
4437.14544 8.36593e-18
4438.61712 8.18010e-18
4440.08880 8.08674e-18
4441.56048 7.61278e-18
4443.03216 7.48654e-18
4444.50384 7.86534e-18
4445.96544 7.83642e-18
4447.43712 7.50123e-18
4448.90880 7.32817e-18
4450.38048 7.09505e-18
4451.85216 7.43648e-18
4453.32384 7.64983e-18
4454.78544 7.56387e-18
4456.25712 7.23337e-18
4457.72880 7.20253e-18
4459.20048 7.22040e-18
4460.67216 7.43007e-18
4462.14384 7.79721e-18
4463.60544 7.60243e-18
4465.07712 7.34343e-18
4466.54880 7.74801e-18
4468.02048 7.41265e-18
4469.49216 7.55500e-18
4470.96384 7.83441e-18
4472.42544 7.58441e-18
4473.89712 7.27979e-18
4475.36880 6.99342e-18
4476.84048 7.34848e-18
4478.31216 7.12997e-18
4479.78384 7.52983e-18
4481.24544 7.72577e-18
4482.71712 7.28051e-18
4484.18880 7.93971e-18
4485.66048 8.23406e-18
4487.13216 7.75970e-18
4488.60384 7.88728e-18
4490.06544 7.78171e-18
4491.53712 7.58692e-18
4493.00880 7.72141e-18
4494.48048 7.74226e-18
4495.95216 7.30718e-18
4497.42384 7.75284e-18
4498.88544 8.60732e-18
4500.35712 8.38495e-18
4501.82880 7.85107e-18
4503.30048 7.95939e-18
4504.77216 8.32194e-18
4506.24384 8.72027e-18
4507.70544 8.82131e-18
4509.17712 9.11710e-18
4510.64880 9.52047e-18
4512.12048 9.23495e-18
4513.59216 1.01449e-17
4515.06384 1.05686e-17
4516.52544 9.45081e-18
4517.99712 9.20994e-18
4519.46880 1.00306e-17
4520.94048 1.01305e-17
4522.41216 9.77339e-18
4523.88384 1.04958e-17
4525.34544 1.11255e-17
4526.81712 1.06452e-17
4528.28880 1.03584e-17
4529.76048 1.05092e-17
4531.23216 1.04796e-17
4532.70384 1.08323e-17
4534.16544 1.11342e-17
4535.63712 1.16848e-17
4537.10880 1.19777e-17
4538.58048 1.15509e-17
4540.05216 1.21552e-17
4541.52384 1.22630e-17
4542.98544 1.18204e-17
4544.45712 1.12912e-17
4545.92880 1.18331e-17
4547.40048 1.27958e-17
4548.87216 1.23235e-17
4550.34384 1.16501e-17
4551.80544 1.20618e-17
4553.27712 1.25322e-17
4554.74880 1.27945e-17
4556.22048 1.23167e-17
4557.69216 1.23362e-17
4559.16384 1.26537e-17
4560.62544 1.31631e-17
4562.09712 1.35531e-17
4563.56880 1.32808e-17
4565.04048 1.29441e-17
4566.51216 1.25945e-17
4567.98384 1.29327e-17
4569.44544 1.31311e-17
4570.91712 1.30624e-17
4572.38880 1.40037e-17
4573.86048 1.40664e-17
4575.33216 1.37744e-17
4576.80384 1.39584e-17
4578.26544 1.37123e-17
4579.73712 1.42339e-17
4581.20880 1.50273e-17
4582.68048 1.44950e-17
4584.15216 1.38728e-17
4585.62384 1.41952e-17
4587.08544 1.48168e-17
4588.55712 1.45110e-17
4590.02880 1.45286e-17
4591.50048 1.52865e-17
4592.97216 1.51420e-17
4594.44384 1.53108e-17
4595.90544 1.52483e-17
4597.37712 1.54328e-17
4598.84880 1.55169e-17
4600.32048 1.53916e-17
4601.79216 1.50976e-17
4603.26384 1.49822e-17
4604.72544 1.55761e-17
4606.19712 1.51366e-17
4607.66880 1.48943e-17
4609.14048 1.56765e-17
4610.61216 1.57487e-17
4612.08384 1.55426e-17
4613.54544 1.57226e-17
4615.01712 1.61779e-17
4616.48880 1.65123e-17
4617.96048 1.66355e-17
4619.43216 1.64607e-17
4620.90384 1.68801e-17
4622.36544 1.64548e-17
4623.83712 1.61719e-17
4625.30880 1.63346e-17
4626.78048 1.62483e-17
4628.25216 1.68208e-17
4629.72384 1.71317e-17
4631.18544 1.66074e-17
4632.65712 1.60170e-17
4634.12880 1.65221e-17
4635.60048 1.74345e-17
4637.07216 1.69028e-17
4638.54384 1.68457e-17
4640.00544 1.60596e-17
4641.47712 1.70556e-17
4642.94880 1.68337e-17
4644.42048 1.57546e-17
4645.89216 1.57352e-17
4647.36384 1.68615e-17
4648.82544 1.70183e-17
4650.29712 1.66849e-17
4651.76880 1.65075e-17
4653.24048 1.66093e-17
4654.71216 1.80459e-17
4656.18384 1.65128e-17
4657.64544 1.69792e-17
4659.11712 1.66900e-17
4660.58880 1.59151e-17
4662.06048 1.57353e-17
4663.53216 1.53773e-17
4665.00384 1.58148e-17
4666.46544 1.55287e-17
4667.93712 1.55291e-17
4669.40880 1.54040e-17
4670.88048 1.55584e-17
4672.35216 1.54285e-17
4673.82384 1.56478e-17
4675.28544 1.55451e-17
4676.75712 1.48499e-17
4678.22880 1.51110e-17
4679.70048 1.54227e-17
4681.17216 1.60153e-17
4682.64384 1.52357e-17
4684.10544 1.48669e-17
4685.57712 1.41876e-17
4687.04880 1.45904e-17
4688.52048 1.44314e-17
4689.99216 1.39968e-17
4691.46384 1.41770e-17
4692.92544 1.37309e-17
4694.39712 1.40830e-17
4695.86880 1.26675e-17
4697.34048 1.33665e-17
4698.81216 1.36751e-17
4700.28384 1.29187e-17
4701.74544 1.30360e-17
4703.21712 1.31685e-17
4704.68880 1.33114e-17
4706.16048 1.34316e-17
4707.63216 1.34089e-17
4709.10384 1.35391e-17
4710.56544 1.31147e-17
4712.03712 1.32055e-17
4713.50880 1.27593e-17
4714.98048 1.23146e-17
4716.45216 1.27223e-17
4717.92384 1.25870e-17
4719.38544 1.30210e-17
4720.85712 1.23367e-17
4722.32880 1.31727e-17
4723.80048 1.28320e-17
4725.27216 1.26067e-17
4726.74384 1.27400e-17
4728.20544 1.26073e-17
4729.67712 1.25400e-17
4731.14880 1.16727e-17
4732.62048 1.20975e-17
4734.09216 1.23554e-17
4735.56384 1.27088e-17
4737.02544 1.24088e-17
4738.49712 1.21237e-17
4739.96880 1.24459e-17
4741.44048 1.22730e-17
4742.91216 1.24854e-17
4744.38384 1.24170e-17
4745.84544 1.26200e-17
4747.31712 1.23690e-17
4748.78880 1.20021e-17
4750.26048 1.19440e-17
4751.73216 1.16528e-17
4753.20384 1.27795e-17
4754.66544 1.18820e-17
4756.13712 1.21066e-17
4757.60880 1.17893e-17
4759.08048 1.16602e-17
4760.55216 1.11913e-17
4762.02384 1.14573e-17
4763.48544 1.18085e-17
4764.95712 1.18713e-17
4766.42880 1.18946e-17
4767.90048 1.23643e-17
4769.37216 1.24929e-17
4770.84384 1.23761e-17
4772.30544 1.21567e-17
4773.77712 1.19180e-17
4775.24880 1.16732e-17
4776.72048 1.18145e-17
4778.19216 1.15151e-17
4779.66384 1.16088e-17
4781.12544 1.19562e-17
4782.59712 1.23860e-17
4784.06880 1.22046e-17
4785.54048 1.18726e-17
4787.01216 1.16843e-17
4788.48384 1.16481e-17
4789.94544 1.19572e-17
4791.41712 1.13732e-17
4792.88880 1.18125e-17
4794.36048 1.18367e-17
4795.83216 1.17836e-17
4797.30384 1.17925e-17
4798.76544 1.12230e-17
4800.23712 1.14214e-17
4801.70880 1.12652e-17
4803.18048 1.10550e-17
4804.65216 1.11556e-17
4806.12384 1.12086e-17
4807.58544 1.12832e-17
4809.05712 1.11268e-17
4810.52880 1.03890e-17
4812.00048 1.12150e-17
4813.47216 1.08196e-17
4814.94384 1.07498e-17
4816.40544 1.04087e-17
4817.87712 1.02005e-17
4819.34880 9.84059e-18
4820.82048 1.02277e-17
4822.29216 1.03687e-17
4823.76384 9.92528e-18
4825.22544 9.61892e-18
4826.69712 9.39076e-18
4828.16880 9.21267e-18
4829.64048 9.17032e-18
4831.11216 9.47712e-18
4832.58384 9.75467e-18
4834.04544 9.59878e-18
4835.51712 8.78140e-18
4836.98880 8.62017e-18
4838.46048 8.79126e-18
4839.93216 9.11307e-18
4841.40384 8.85196e-18
4842.86544 8.76724e-18
4844.33712 8.88433e-18
4845.80880 8.70978e-18
4847.28048 8.03718e-18
4848.75216 8.55411e-18
4850.22384 8.58297e-18
4851.68544 8.21225e-18
4853.15712 8.32618e-18
4854.62880 7.69790e-18
4856.10048 7.98772e-18
4857.57216 8.26680e-18
4859.04384 8.06038e-18
4860.50544 8.60584e-18
4861.97712 8.33139e-18
4863.44880 8.48116e-18
4864.92048 9.08071e-18
4866.39216 9.22249e-18
4867.86384 9.08551e-18
4869.32544 9.87728e-18
4870.79712 1.04400e-17
4872.26880 1.00122e-17
4873.74048 1.02861e-17
4875.21216 1.07109e-17
4876.68384 1.03448e-17
4878.14544 1.00830e-17
4879.61712 1.03415e-17
4881.08880 1.08515e-17
4882.56048 1.08235e-17
4884.03216 1.07955e-17
4885.50384 1.07674e-17
4886.96544 1.07394e-17
4888.43712 1.07114e-17
4889.90880 1.06834e-17
4891.38048 1.06554e-17
4892.85216 1.06274e-17
4894.32384 1.05995e-17
4895.78544 1.05715e-17
4897.25712 1.05435e-17
4898.72880 1.05156e-17
4900.20048 1.04876e-17
4901.67216 1.04597e-17
4903.14384 1.04318e-17
4904.60544 1.04039e-17
4906.07712 1.03759e-17
4907.54880 1.03480e-17
4909.02048 1.03201e-17
4910.49216 1.02923e-17
4911.96384 1.02644e-17
4913.42544 1.02365e-17
4914.89712 1.02087e-17
4916.36880 1.01808e-17
4917.84048 1.01530e-17
4919.31216 1.01251e-17
4920.78384 1.05606e-17
4922.24544 1.04813e-17
4923.71712 1.05264e-17
4925.18880 1.06095e-17
4926.66048 1.06132e-17
4928.13216 1.12046e-17
4929.60384 1.11052e-17
4931.06544 1.05820e-17
4932.53712 1.08435e-17
4934.00880 1.08594e-17
4935.48048 1.08797e-17
4936.95216 1.10498e-17
4938.42384 1.10487e-17
4939.88544 1.10489e-17
4941.35712 1.12216e-17
4942.82880 1.13820e-17
4944.30048 1.15130e-17
4945.77216 1.13266e-17
4947.24384 1.17028e-17
4948.70544 1.20000e-17
4950.17712 1.16160e-17
4951.64880 1.17738e-17
4953.12048 1.22142e-17
4954.59216 1.24315e-17
4956.06384 1.19186e-17
4957.52544 1.18983e-17
4958.99712 1.24413e-17
4960.46880 1.22150e-17
4961.94048 1.22596e-17
4963.41216 1.26587e-17
4964.88384 1.30416e-17
4966.34544 1.31671e-17
4967.81712 1.27864e-17
4969.28880 1.26998e-17
4970.76048 1.30089e-17
4972.23216 1.35398e-17
4973.70384 1.39872e-17
4975.16544 1.39579e-17
4976.63712 1.40947e-17
4978.10880 1.46329e-17
4979.58048 1.44782e-17
4981.05216 1.45449e-17
4982.52384 1.46116e-17
4983.98544 1.46784e-17
4985.45712 1.47450e-17
4986.92880 1.48117e-17
4988.40048 1.48784e-17
4989.87216 1.49450e-17
4991.34384 1.50116e-17
4992.80544 1.50782e-17
4994.27712 1.51448e-17
4995.74880 1.52113e-17
4997.22048 1.52779e-17
4998.69216 1.53444e-17
5000.16384 1.54109e-17
5001.62544 1.54774e-17
5003.09712 1.55438e-17
5004.56880 1.56102e-17
5006.04048 1.56767e-17
5007.51216 1.57431e-17
5008.98384 1.58095e-17
5010.44544 1.58758e-17
5011.91712 1.59422e-17
5013.38880 1.60085e-17
5014.86048 1.60748e-17
5016.33216 1.61411e-17
5017.80384 1.62074e-17
5019.26544 1.62352e-17
5020.73712 1.61884e-17
5022.20880 1.59719e-17
5023.68048 1.54436e-17
5025.15216 1.47820e-17
5026.62384 1.47905e-17
5028.08544 1.48222e-17
5029.55712 1.46625e-17
5031.02880 1.45030e-17
5032.50048 1.43434e-17
5033.97216 1.41839e-17
5035.44384 1.40245e-17
5036.90544 1.38651e-17
5038.37712 1.37058e-17
5039.84880 1.35465e-17
5041.32048 1.33873e-17
5042.79216 1.32281e-17
5044.26384 1.30689e-17
5045.72544 1.29098e-17
5047.19712 1.27507e-17
5048.66880 1.25917e-17
5050.14048 1.24327e-17
5051.61216 1.22738e-17
5053.08384 1.21149e-17
5054.54544 1.19561e-17
5056.01712 1.17973e-17
5057.48880 1.16385e-17
5058.96048 1.14799e-17
5060.43216 1.13212e-17
5061.90384 1.11626e-17
5063.36544 1.10041e-17
5064.83712 1.08456e-17
5066.30880 1.06871e-17
5067.78048 1.05889e-17
5069.25216 1.05338e-17
5070.72384 1.02193e-17
5072.18544 1.01983e-17
5073.65712 1.00564e-17
5075.12880 1.00003e-17
5076.60048 1.02632e-17
5078.07216 1.04054e-17
5079.54384 1.04571e-17
5081.00544 1.01710e-17
5082.47712 9.71273e-18
5083.94880 9.92817e-18
5085.42048 1.06931e-17
5086.89216 1.02788e-17
5088.36384 9.73713e-18
5089.82544 1.01080e-17
5091.29712 1.02889e-17
5092.76880 1.01976e-17
5094.24048 1.03274e-17
5095.71216 1.06330e-17
5097.18384 1.06209e-17
5098.64544 1.02965e-17
5100.11712 9.78463e-18
5101.58880 9.90684e-18
5103.06048 9.93797e-18
5104.53216 9.57515e-18
5106.00384 9.82491e-18
5107.46544 1.01153e-17
5108.93712 1.00831e-17
5110.40880 1.02687e-17
5111.88048 1.02144e-17
5113.35216 1.04635e-17
5114.82384 1.08355e-17
5116.28544 1.09467e-17
5117.75712 1.07008e-17
5119.22880 1.06328e-17
5120.70048 1.04936e-17
5122.17216 1.08221e-17
5123.64384 1.09352e-17
5125.10544 1.09324e-17
5126.57712 1.07699e-17
5128.04880 1.07506e-17
5129.52048 1.14664e-17
5130.99216 1.14530e-17
5132.46384 1.15978e-17
5133.92544 1.10843e-17
5135.39712 1.07953e-17
5136.86880 1.13781e-17
5138.34048 1.18932e-17
5139.81216 1.12583e-17
5141.28384 1.11738e-17
5142.74544 1.19504e-17
5144.21712 1.17427e-17
5145.68880 1.15939e-17
5147.16048 1.18270e-17
5148.63216 1.22079e-17
5150.10384 1.19651e-17
5151.56544 1.21469e-17
5153.03712 1.19482e-17
5154.50880 1.21731e-17
5155.98048 1.20824e-17
5157.45216 1.21583e-17
5158.92384 1.20989e-17
5160.38544 1.18489e-17
5161.85712 1.20616e-17
5163.32880 1.27739e-17
5164.80048 1.28417e-17
5166.27216 1.30056e-17
5167.74384 1.29648e-17
5169.20544 1.24524e-17
5170.67712 1.27416e-17
5172.14880 1.25462e-17
5173.62048 1.25783e-17
5175.09216 1.30698e-17
5176.56384 1.32186e-17
5178.02544 1.30329e-17
5179.49712 1.27887e-17
5180.96880 1.26832e-17
5182.44048 1.29999e-17
5183.91216 1.30726e-17
5185.38384 1.35685e-17
5186.84544 1.38498e-17
5188.31712 1.37208e-17
5189.78880 1.32508e-17
5191.26048 1.37522e-17
5192.73216 1.39727e-17
5194.20384 1.31926e-17
5195.66544 1.27670e-17
5197.13712 1.32235e-17
5198.60880 1.36716e-17
5200.08048 1.35333e-17
5201.55216 1.32807e-17
5203.02384 1.31737e-17
5204.48544 1.37847e-17
5205.95712 1.41660e-17
5207.42880 1.34275e-17
5208.90048 1.33230e-17
5210.37216 1.35482e-17
5211.84384 1.36976e-17
5213.30544 1.31756e-17
5214.77712 1.28547e-17
5216.24880 1.35691e-17
5217.72048 1.33002e-17
5219.19216 1.34231e-17
5220.66384 1.42087e-17
5222.12544 1.36726e-17
5223.59712 1.32350e-17
5225.06880 1.37618e-17
5226.54048 1.38528e-17
5228.01216 1.37865e-17
5229.48384 1.40189e-17
5230.94544 1.39416e-17
5232.41712 1.38065e-17
5233.88880 1.34054e-17
5235.36048 1.32977e-17
5236.83216 1.36442e-17
5238.30384 1.34610e-17
5239.76544 1.31692e-17
5241.23712 1.34986e-17
5242.70880 1.35735e-17
5244.18048 1.35180e-17
5245.65216 1.33799e-17
5247.12384 1.32873e-17
5248.58544 1.42427e-17
5250.05712 1.46570e-17
5251.52880 1.40901e-17
5253.00048 1.38100e-17
5254.47216 1.39659e-17
5255.94384 1.45707e-17
5257.40544 1.41726e-17
5258.87712 1.37183e-17
5260.34880 1.36214e-17
5261.82048 1.43946e-17
5263.29216 1.43372e-17
5264.76384 1.48830e-17
5266.22544 1.50718e-17
5267.69712 1.46532e-17
5269.16880 1.51253e-17
5270.64048 1.43479e-17
5272.11216 1.36720e-17
5273.58384 1.45155e-17
5275.04544 1.50868e-17
5276.51712 1.50673e-17
5277.98880 1.48215e-17
5279.46048 1.45010e-17
5280.93216 1.46897e-17
5282.40384 1.49764e-17
5283.86544 1.49499e-17
5285.33712 1.48972e-17
5286.80880 1.53641e-17
5288.28048 1.57949e-17
5289.75216 1.54034e-17
5291.22384 1.54114e-17
5292.68544 1.49591e-17
5294.15712 1.49645e-17
5295.62880 1.53215e-17
5297.10048 1.49375e-17
5298.57216 1.50163e-17
5300.04384 1.54283e-17
5301.50544 1.55686e-17
5302.97712 1.54780e-17
5304.44880 1.49148e-17
5305.92048 1.51169e-17
5307.39216 1.54798e-17
5308.86384 1.49008e-17
5310.32544 1.54660e-17
5311.79712 1.63708e-17
5313.26880 1.52498e-17
5314.74048 1.42801e-17
5316.21216 1.50129e-17
5317.68384 1.61900e-17
5319.14544 1.58776e-17
5320.61712 1.62243e-17
5322.08880 1.64173e-17
5323.56048 1.58683e-17
5325.03216 1.60689e-17
5326.50384 1.62526e-17
5327.96544 1.67353e-17
5329.43712 1.61512e-17
5330.90880 1.60154e-17
5332.38048 1.65283e-17
5333.85216 1.67846e-17
5335.32384 1.63945e-17
5336.78544 1.63926e-17
5338.25712 1.66359e-17
5339.72880 1.67341e-17
5341.20048 1.63235e-17
5342.67216 1.61476e-17
5344.14384 1.64871e-17
5345.60544 1.65165e-17
5347.07712 1.65554e-17
5348.54880 1.71250e-17
5350.02048 1.71663e-17
5351.49216 1.63257e-17
5352.96384 1.60466e-17
5354.42544 1.66708e-17
5355.89712 1.70262e-17
5357.36880 1.67556e-17
5358.84048 1.67518e-17
5360.31216 1.67808e-17
5361.78384 1.69673e-17
5363.24544 1.73803e-17
5364.71712 1.71294e-17
5366.18880 1.69313e-17
5367.66048 1.72910e-17
5369.13216 1.72750e-17
5370.60384 1.71737e-17
5372.06544 1.76625e-17
5373.53712 1.80258e-17
5375.00880 1.82694e-17
5376.48048 1.81066e-17
5377.95216 1.70207e-17
5379.42384 1.70392e-17
5380.88544 1.80573e-17
5382.35712 1.76150e-17
5383.82880 1.75997e-17
5385.30048 1.74382e-17
5386.77216 1.74855e-17
5388.24384 1.75353e-17
5389.70544 1.72262e-17
5391.17712 1.69614e-17
5392.64880 1.74778e-17
5394.12048 1.71926e-17
5395.59216 1.67452e-17
5397.06384 1.67364e-17
5398.52544 1.69871e-17
5399.99712 1.69675e-17
5401.46880 1.66445e-17
5402.94048 1.69836e-17
5404.41216 1.70216e-17
5405.88384 1.63096e-17
5407.34544 1.63186e-17
5408.81712 1.63112e-17
5410.28880 1.68222e-17
5411.76048 1.60146e-17
5413.23216 1.53868e-17
5414.70384 1.57457e-17
5416.16544 1.59983e-17
5417.63712 1.62655e-17
5419.10880 1.61641e-17
5420.58048 1.52939e-17
5422.05216 1.52097e-17
5423.52384 1.59162e-17
5424.98544 1.58462e-17
5426.45712 1.55643e-17
5427.92880 1.52339e-17
5429.40048 1.58216e-17
5430.87216 1.56250e-17
5432.34384 1.50082e-17
5433.80544 1.48935e-17
5435.27712 1.54172e-17
5436.74880 1.59295e-17
5438.22048 1.56808e-17
5439.69216 1.49591e-17
5441.16384 1.48082e-17
5442.62544 1.49611e-17
5444.09712 1.45920e-17
5445.56880 1.44497e-17
5447.04048 1.45450e-17
5448.51216 1.43608e-17
5449.98384 1.47507e-17
5451.44544 1.47270e-17
5452.91712 1.42933e-17
5454.38880 1.43500e-17
5455.86048 1.44545e-17
5457.33216 1.46786e-17
5458.80384 1.51164e-17
5460.26544 1.52192e-17
5461.73712 1.49896e-17
5463.20880 1.50363e-17
5464.68048 1.54831e-17
5466.15216 1.57615e-17
5467.62384 1.56158e-17
5469.08544 1.54829e-17
5470.55712 1.56352e-17
5472.02880 1.56789e-17
5473.50048 1.55825e-17
5474.97216 1.57875e-17
5476.44384 1.63104e-17
5477.90544 1.67478e-17
5479.37712 1.69223e-17
5480.84880 1.68597e-17
5482.32048 1.68792e-17
5483.79216 1.74162e-17
5485.26384 1.77730e-17
5486.72544 1.78232e-17
5488.19712 1.82358e-17
5489.66880 1.79469e-17
5491.14048 1.76736e-17
5492.61216 1.84918e-17
5494.08384 1.87599e-17
5495.54544 1.85684e-17
5497.01712 1.92108e-17
5498.48880 2.00071e-17
5499.96048 1.97523e-17
5501.43216 2.00617e-17
5502.90384 2.01129e-17
5504.36544 1.98274e-17
5505.83712 2.03951e-17
5507.30880 2.06258e-17
5508.78048 2.02348e-17
5510.25216 2.04862e-17
5511.72384 2.11543e-17
5513.18544 2.13359e-17
5514.65712 2.09674e-17
5516.12880 2.10598e-17
5517.60048 2.16214e-17
5519.07216 2.11076e-17
5520.54384 2.04593e-17
5522.00544 2.09366e-17
5523.47712 2.13222e-17
5524.94880 2.09920e-17
5526.42048 2.15307e-17
5527.89216 2.15956e-17
5529.36384 2.13356e-17
5530.82544 2.13794e-17
5532.29712 2.12000e-17
5533.76880 2.14602e-17
5535.24048 2.15097e-17
5536.71216 2.12775e-17
5538.18384 2.11261e-17
5539.64544 2.08454e-17
5541.11712 2.05557e-17
5542.58880 2.01089e-17
5544.06048 2.00095e-17
5545.53216 2.01666e-17
5547.00384 2.01150e-17
5548.46544 1.99397e-17
5549.93712 1.97523e-17
5551.40880 1.95442e-17
5552.88048 1.93991e-17
5554.35216 1.95336e-17
5555.82384 1.97341e-17
5557.28544 1.93670e-17
5558.75712 1.88879e-17
5560.22880 1.90179e-17
5561.70048 1.90881e-17
5563.17216 1.91611e-17
5564.64384 1.90535e-17
5566.10544 1.84518e-17
5567.57712 1.81988e-17
5569.04880 1.82830e-17
5570.52048 1.80571e-17
5571.99216 1.79597e-17
5573.46384 1.83155e-17
5574.92544 1.80398e-17
5576.39712 1.74697e-17
5577.86880 1.76782e-17
5579.34048 1.78648e-17
5580.81216 1.75181e-17
5582.28384 1.70941e-17
5583.74544 1.73961e-17
5585.21712 1.76947e-17
5586.68880 1.72801e-17
5588.16048 1.70405e-17
5589.63216 1.72099e-17
5591.10384 1.70050e-17
5592.56544 1.66819e-17
5594.03712 1.69683e-17
5595.50880 1.65779e-17
5596.98048 1.63235e-17
5598.45216 1.68667e-17
5599.92384 1.68350e-17
5601.38544 1.66825e-17
5602.85712 1.68956e-17
5604.32880 1.70521e-17
5605.80048 1.65776e-17
5607.27216 1.65164e-17
5608.74384 1.67270e-17
5610.20544 1.67138e-17
5611.67712 1.70786e-17
5613.14880 1.68364e-17
5614.62048 1.69240e-17
5616.09216 1.72926e-17
5617.56384 1.75703e-17
5619.02544 1.78333e-17
5620.49712 1.75864e-17
5621.96880 1.72661e-17
5623.44048 1.70926e-17
5624.91216 1.74308e-17
5626.38384 1.73126e-17
5627.84544 1.73731e-17
5629.31712 1.75552e-17
5630.78880 1.78655e-17
5632.26048 1.77044e-17
5633.73216 1.77243e-17
5635.20384 1.80140e-17
5636.66544 1.83025e-17
5638.13712 1.85486e-17
5639.60880 1.86895e-17
5641.08048 1.87621e-17
5642.55216 1.85367e-17
5644.02384 1.86262e-17
5645.48544 1.84249e-17
5646.95712 1.86357e-17
5648.42880 1.87408e-17
5649.90048 1.88956e-17
5651.37216 1.89822e-17
5652.84384 1.86173e-17
5654.30544 1.87706e-17
5655.77712 1.85408e-17
5657.24880 1.90256e-17
5658.72048 1.93439e-17
5660.19216 1.87194e-17
5661.66384 1.83970e-17
5663.12544 1.86617e-17
5664.59712 1.86549e-17
5666.06880 1.82020e-17
5667.54048 1.79932e-17
5669.01216 1.81173e-17
5670.48384 1.76706e-17
5671.94544 1.76827e-17
5673.41712 1.78866e-17
5674.88880 1.73311e-17
5676.36048 1.74815e-17
5677.83216 1.75359e-17
5679.30384 1.70729e-17
5680.76544 1.67740e-17
5682.23712 1.63538e-17
5683.70880 1.58148e-17
5685.18048 1.50597e-17
5686.65216 1.48635e-17
5688.12384 1.47941e-17
5689.58544 1.44022e-17
5691.05712 1.40005e-17
5692.52880 1.41540e-17
5694.00048 1.39823e-17
5695.47216 1.33878e-17
5696.94384 1.35821e-17
5698.40544 1.34829e-17
5699.87712 1.31848e-17
5701.34880 1.36582e-17
5702.82048 1.33283e-17
5704.29216 1.32936e-17
5705.76384 1.38415e-17
5707.22544 1.37394e-17
5708.69712 1.38976e-17
5710.16880 1.38637e-17
5711.64048 1.40657e-17
5713.11216 1.43671e-17
5714.58384 1.43146e-17
5716.04544 1.44299e-17
5717.51712 1.45990e-17
5718.98880 1.40828e-17
5720.46048 1.43233e-17
5721.93216 1.43686e-17
5723.40384 1.41832e-17
5724.86544 1.38123e-17
5726.33712 1.32470e-17
5727.80880 1.29624e-17
5729.28048 1.26642e-17
5730.75216 1.26610e-17
5732.22384 1.22755e-17
5733.68544 1.20620e-17
5735.15712 1.22677e-17
5736.62880 1.14735e-17
5738.10048 1.16829e-17
5739.57216 1.08716e-17
5741.04384 1.06345e-17
5742.50544 1.08240e-17
5743.97712 1.05536e-17
5745.44880 1.07144e-17
5746.92048 1.04461e-17
5748.39216 1.06926e-17
5749.86384 1.12765e-17
5751.32544 1.11153e-17
5752.79712 1.07092e-17
5754.26880 1.07703e-17
5755.74048 1.14635e-17
5757.21216 1.09992e-17
5758.68384 1.06020e-17
5760.14544 1.10463e-17
5761.61712 1.08612e-17
5763.08880 1.13194e-17
5764.56048 1.11869e-17
5766.03216 1.09903e-17
5767.50384 1.10684e-17
5768.96544 1.10875e-17
5770.43712 1.08042e-17
5771.90880 1.04785e-17
5773.38048 1.05450e-17
5774.85216 1.06689e-17
5776.32384 1.09339e-17
5777.78544 1.08413e-17
5779.25712 1.09343e-17
5780.72880 1.10599e-17
5782.20048 1.10878e-17
5783.67216 1.12319e-17
5785.14384 1.12017e-17
5786.60544 1.12527e-17
5788.07712 1.11246e-17
5789.54880 1.13150e-17
5791.02048 1.11120e-17
5792.49216 1.11894e-17
5793.96384 1.15442e-17
5795.42544 1.15370e-17
5796.89712 1.15641e-17
5798.36880 1.18219e-17
5799.84048 1.18993e-17
5801.31216 1.17455e-17
5802.78384 1.20852e-17
5804.24544 1.18843e-17
5805.71712 1.19335e-17
5807.18880 1.24710e-17
5808.66048 1.25969e-17
5810.13216 1.25883e-17
5811.60384 1.29648e-17
5813.06544 1.27681e-17
5814.53712 1.23590e-17
5816.00880 1.27897e-17
5817.48048 1.32161e-17
5818.95216 1.34720e-17
5820.42384 1.38833e-17
5821.88544 1.38022e-17
5823.35712 1.35039e-17
5824.82880 1.36886e-17
5826.30048 1.40133e-17
5827.77216 1.42667e-17
5829.24384 1.47515e-17
5830.70544 1.50534e-17
5832.17712 1.43461e-17
5833.64880 1.46831e-17
5835.12048 1.47710e-17
5836.59216 1.49679e-17
5838.06384 1.53653e-17
5839.52544 1.53050e-17
5840.99712 1.54568e-17
5842.46880 1.55717e-17
5843.94048 1.58012e-17
5845.41216 1.59697e-17
5846.88384 1.61256e-17
5848.34544 1.60069e-17
5849.81712 1.56902e-17
5851.28880 1.60587e-17
5852.76048 1.62148e-17
5854.23216 1.63090e-17
5855.70384 1.69069e-17
5857.16544 1.68326e-17
5858.63712 1.66001e-17
5860.10880 1.75677e-17
5861.58048 1.71062e-17
5863.05216 1.74374e-17
5864.52384 1.80472e-17
5865.98544 1.80413e-17
5867.45712 1.77293e-17
5868.92880 1.76911e-17
5870.40048 1.77657e-17
5871.87216 1.78358e-17
5873.34384 1.89050e-17
5874.80544 1.80759e-17
5876.27712 1.90587e-17
5877.74880 1.92424e-17
5879.22048 1.90426e-17
5880.69216 1.84279e-17
5882.16384 1.89978e-17
5883.62544 1.98096e-17
5885.09712 1.96600e-17
5886.56880 2.07475e-17
5888.04048 1.97372e-17
5889.51216 1.92418e-17
5890.98384 1.90982e-17
5892.44544 1.85141e-17
5893.91712 1.89544e-17
5895.38880 1.92260e-17
5896.86048 1.96371e-17
5898.33216 1.91560e-17
5899.80384 1.91820e-17
5901.26544 1.99444e-17
5902.73712 2.00740e-17
5904.20880 1.98021e-17
5905.68048 2.00088e-17
5907.15216 2.02400e-17
5908.62384 2.01110e-17
5910.08544 2.01332e-17
5911.55712 2.01942e-17
5913.02880 2.00223e-17
5914.50048 2.02271e-17
5915.97216 1.97840e-17
5917.44384 1.91461e-17
5918.90544 1.93777e-17
5920.37712 1.99016e-17
5921.84880 2.01618e-17
5923.32048 1.98557e-17
5924.79216 1.94200e-17
5926.26384 1.91985e-17
5927.72544 1.91945e-17
5929.19712 1.95044e-17
5930.66880 1.98759e-17
5932.14048 1.98273e-17
5933.61216 1.94858e-17
5935.08384 1.92414e-17
5936.54544 1.94910e-17
5938.01712 1.93804e-17
5939.48880 1.89149e-17
5940.96048 1.91250e-17
5942.43216 1.90514e-17
5943.90384 1.91788e-17
5945.36544 2.01829e-17
5946.83712 2.08612e-17
5948.30880 2.01753e-17
5949.78048 1.95503e-17
5951.25216 1.98436e-17
5952.72384 1.99056e-17
5954.18544 2.02550e-17
5955.65712 2.05972e-17
5957.12880 2.02962e-17
5958.60048 1.98760e-17
5960.07216 2.00440e-17
5961.54384 2.07347e-17
5963.00544 2.08144e-17
5964.47712 2.09144e-17
5965.94880 2.02306e-17
5967.42048 2.00007e-17
5968.89216 2.02311e-17
5970.36384 2.00805e-17
5971.82544 1.98024e-17
5973.29712 2.02781e-17
5974.76880 2.03415e-17
5976.24048 1.96892e-17
5977.71216 1.96608e-17
5979.18384 2.01755e-17
5980.64544 2.02110e-17
5982.11712 2.05270e-17
5983.58880 2.03500e-17
5985.06048 2.01918e-17
5986.53216 1.99094e-17
5988.00384 1.98579e-17
5989.46544 1.97352e-17
5990.93712 1.98390e-17
5992.40880 1.96552e-17
5993.88048 1.98735e-17
5995.35216 2.00966e-17
5996.82384 1.97930e-17
5998.28544 1.90932e-17
5999.75712 1.93593e-17
6001.22880 1.97299e-17
6002.70048 1.91888e-17
6004.17216 1.88772e-17
6005.64384 1.85255e-17
6007.10544 1.85383e-17
6008.57712 1.87549e-17
6010.04880 1.85226e-17
6011.52048 1.85418e-17
6012.99216 1.87065e-17
6014.46384 1.81652e-17
6015.92544 1.82412e-17
6017.39712 1.88428e-17
6018.86880 1.87249e-17
6020.34048 1.80977e-17
6021.81216 1.77738e-17
6023.28384 1.78677e-17
6024.74544 1.80461e-17
6026.21712 1.76169e-17
6027.68880 1.74304e-17
6029.16048 1.74958e-17
6030.63216 1.71700e-17
6032.10384 1.72194e-17
6033.56544 1.71303e-17
6035.03712 1.69458e-17
6036.50880 1.73626e-17
6037.98048 1.77866e-17
6039.45216 1.72953e-17
6040.92384 1.67841e-17
6042.38544 1.65562e-17
6043.85712 1.67185e-17
6045.32880 1.71146e-17
6046.80048 1.67637e-17
6048.27216 1.62769e-17
6049.74384 1.61372e-17
6051.20544 1.63475e-17
6052.67712 1.65011e-17
6054.14880 1.58505e-17
6055.62048 1.56068e-17
6057.09216 1.59934e-17
6058.56384 1.62626e-17
6060.02544 1.65761e-17
6061.49712 1.60722e-17
6062.96880 1.52919e-17
6064.44048 1.53490e-17
6065.91216 1.56507e-17
6067.38384 1.52112e-17
6068.84544 1.48428e-17
6070.31712 1.53114e-17
6071.78880 1.53602e-17
6073.26048 1.52660e-17
6074.73216 1.55060e-17
6076.20384 1.52237e-17
6077.66544 1.48765e-17
6079.13712 1.45649e-17
6080.60880 1.47134e-17
6082.08048 1.51345e-17
6083.55216 1.51390e-17
6085.02384 1.48341e-17
6086.48544 1.49054e-17
6087.95712 1.51358e-17
6089.42880 1.47568e-17
6090.90048 1.47334e-17
6092.37216 1.55859e-17
6093.84384 1.54422e-17
6095.30544 1.47870e-17
6096.77712 1.51045e-17
6098.24880 1.54189e-17
6099.72048 1.53216e-17
6101.19216 1.50811e-17
6102.66384 1.49695e-17
6104.12544 1.49834e-17
6105.59712 1.51090e-17
6107.06880 1.48910e-17
6108.54048 1.46443e-17
6110.01216 1.49410e-17
6111.48384 1.51856e-17
6112.94544 1.53011e-17
6114.41712 1.51094e-17
6115.88880 1.47146e-17
6117.36048 1.43694e-17
6118.83216 1.42664e-17
6120.30384 1.44048e-17
6121.76544 1.46183e-17
6123.23712 1.43013e-17
6124.70880 1.40842e-17
6126.18048 1.40876e-17
6127.65216 1.38720e-17
6129.12384 1.39914e-17
6130.58544 1.42004e-17
6132.05712 1.42977e-17
6133.52880 1.37147e-17
6135.00048 1.35023e-17
6136.47216 1.37960e-17
6137.94384 1.37875e-17
6139.40544 1.36958e-17
6140.87712 1.40211e-17
6142.34880 1.41546e-17
6143.82048 1.39881e-17
6145.29216 1.39761e-17
6146.76384 1.42736e-17
6148.22544 1.39006e-17
6149.69712 1.37180e-17
6151.16880 1.43762e-17
6152.64048 1.40989e-17
6154.11216 1.37245e-17
6155.58384 1.38682e-17
6157.04544 1.34059e-17
6158.51712 1.30815e-17
6159.98880 1.32631e-17
6161.46048 1.36899e-17
6162.93216 1.39432e-17
6164.40384 1.35764e-17
6165.86544 1.34605e-17
6167.33712 1.38612e-17
6168.80880 1.38991e-17
6170.28048 1.38603e-17
6171.75216 1.38208e-17
6173.22384 1.41039e-17
6174.68544 1.09812e-17
6176.15712 2.82462e-17
6177.62880 4.37092e-17
6179.10048 2.20271e-17
6180.57216 1.33153e-17
6182.04384 1.47116e-17
6183.50544 1.42813e-17
6184.97712 1.44245e-17
6186.44880 1.45172e-17
6187.92048 1.45523e-17
6189.39216 1.47605e-17
6190.86384 1.46309e-17
6192.32544 1.46840e-17
6193.79712 1.48791e-17
6195.26880 1.50427e-17
6196.74048 1.52219e-17
6198.21216 1.54278e-17
6199.68384 1.52231e-17
6201.14544 1.54118e-17
6202.61712 1.53058e-17
6204.08880 1.53123e-17
6205.56048 1.58056e-17
6207.03216 1.61754e-17
6208.50384 1.56189e-17
6209.96544 1.57163e-17
6211.43712 1.62906e-17
6212.90880 1.61096e-17
6214.38048 1.61207e-17
6215.85216 1.64550e-17
6217.32384 1.63810e-17
6218.78544 1.63113e-17
6220.25712 1.65948e-17
6221.72880 1.66758e-17
6223.20048 1.64997e-17
6224.67216 1.62240e-17
6226.14384 1.59145e-17
6227.60544 1.65678e-17
6229.07712 1.70062e-17
6230.54880 1.67816e-17
6232.02048 1.67700e-17
6233.49216 1.68195e-17
6234.96384 1.66539e-17
6236.42544 1.62538e-17
6237.89712 1.58396e-17
6239.36880 1.58910e-17
6240.84048 1.63224e-17
6242.31216 1.57735e-17
6243.78384 1.54159e-17
6245.24544 1.61776e-17
6246.71712 1.63364e-17
6248.18880 1.53288e-17
6249.66048 1.54435e-17
6251.13216 1.63015e-17
6252.60384 1.58203e-17
6254.06544 1.63092e-17
6255.53712 1.64443e-17
6257.00880 1.61084e-17
6258.48048 1.62455e-17
6259.95216 1.61899e-17
6261.42384 1.58301e-17
6262.88544 1.61714e-17
6264.35712 1.62079e-17
6265.82880 1.58162e-17
6267.30048 1.56758e-17
6268.77216 1.57418e-17
6270.24384 1.59766e-17
6271.70544 1.56414e-17
6273.17712 1.55748e-17
6274.64880 1.60096e-17
6276.12048 1.61107e-17
6277.59216 1.61152e-17
6279.06384 1.66109e-17
6280.52544 1.59834e-17
6281.99712 1.59846e-17
6283.46880 1.63350e-17
6284.94048 1.58509e-17
6286.41216 1.52609e-17
6287.88384 1.55341e-17
6289.34544 1.62688e-17
6290.81712 1.58681e-17
6292.28880 1.53998e-17
6293.76048 1.56471e-17
6295.23216 1.57486e-17
6296.70384 1.56804e-17
6298.16544 1.55839e-17
6299.63712 1.55779e-17
6301.10880 1.58440e-17
6302.58048 1.54832e-17
6304.05216 1.52697e-17
6305.52384 1.52394e-17
6306.98544 1.54773e-17
6308.45712 1.58355e-17
6309.92880 1.52354e-17
6311.40048 1.57607e-17
6312.87216 1.60193e-17
6314.34384 1.56917e-17
6315.80544 1.54213e-17
6317.27712 1.59535e-17
6318.74880 1.50831e-17
6320.22048 1.53713e-17
6321.69216 1.57932e-17
6323.16384 1.50186e-17
6324.62544 1.50277e-17
6326.09712 1.51393e-17
6327.56880 1.49945e-17
6329.04048 1.49080e-17
6330.51216 1.55230e-17
6331.98384 1.55057e-17
6333.44544 1.51345e-17
6334.91712 1.45774e-17
6336.38880 1.51460e-17
6337.86048 1.55015e-17
6339.33216 1.47908e-17
6340.80384 1.43753e-17
6342.26544 1.47580e-17
6343.73712 1.51687e-17
6345.20880 1.46746e-17
6346.68048 1.54227e-17
6348.15216 1.48545e-17
6349.62384 1.46887e-17
6351.08544 1.47034e-17
6352.55712 1.47223e-17
6354.02880 1.46638e-17
6355.50048 1.41661e-17
6356.97216 1.43374e-17
6358.44384 1.44710e-17
6359.90544 1.42301e-17
6361.37712 1.40400e-17
6362.84880 1.40840e-17
6364.32048 1.38728e-17
6365.79216 1.39471e-17
6367.26384 1.37798e-17
6368.72544 1.41800e-17
6370.19712 1.38873e-17
6371.66880 1.43760e-17
6373.14048 1.49243e-17
6374.61216 1.46839e-17
6376.08384 1.42348e-17
6377.54544 1.42872e-17
6379.01712 1.41864e-17
6380.48880 1.41783e-17
6381.96048 1.41839e-17
6383.43216 1.47798e-17
6384.90384 1.41995e-17
6386.36544 1.36728e-17
6387.83712 1.45116e-17
6389.30880 1.43856e-17
6390.78048 1.38083e-17
6392.25216 1.36012e-17
6393.72384 1.39046e-17
6395.18544 1.38966e-17
6396.65712 1.39667e-17
6398.12880 1.39053e-17
6399.60048 1.37503e-17
6401.07216 1.43900e-17
6402.54384 1.42879e-17
6404.00544 1.42128e-17
6405.47712 1.41830e-17
6406.94880 1.37644e-17
6408.42048 1.42101e-17
6409.89216 1.46529e-17
6411.36384 1.40375e-17
6412.82544 1.42740e-17
6414.29712 1.45603e-17
6415.76880 1.37598e-17
6417.24048 1.36256e-17
6418.71216 1.42829e-17
6420.18384 1.44906e-17
6421.64544 1.42933e-17
6423.11712 1.40388e-17
6424.58880 1.41000e-17
6426.06048 1.42705e-17
6427.53216 1.41476e-17
6429.00384 1.41450e-17
6430.46544 1.44055e-17
6431.93712 1.41439e-17
6433.40880 1.39773e-17
6434.88048 1.41843e-17
6436.35216 1.38921e-17
6437.82384 1.37481e-17
6439.28544 1.37312e-17
6440.75712 1.40618e-17
6442.22880 1.41923e-17
6443.70048 1.43349e-17
6445.17216 1.43865e-17
6446.64384 1.44901e-17
6448.10544 1.42105e-17
6449.57712 1.39943e-17
6451.04880 1.38589e-17
6452.52048 1.36290e-17
6453.99216 1.38921e-17
6455.46384 1.40547e-17
6456.92544 1.40747e-17
6458.39712 1.39812e-17
6459.86880 1.38204e-17
6461.34048 1.38482e-17
6462.81216 1.42276e-17
6464.28384 1.43972e-17
6465.74544 1.45802e-17
6467.21712 1.42099e-17
6468.68880 1.37461e-17
6470.16048 1.37356e-17
6471.63216 1.34750e-17
6473.10384 1.38389e-17
6474.56544 1.34557e-17
6476.03712 1.38443e-17
6477.50880 1.38695e-17
6478.98048 1.33974e-17
6480.45216 1.38692e-17
6481.92384 1.38460e-17
6483.38544 1.38123e-17
6484.85712 1.41023e-17
6486.32880 1.39815e-17
6487.80048 1.41391e-17
6489.27216 1.45980e-17
6490.74384 1.48141e-17
6492.20544 1.45507e-17
6493.67712 1.42877e-17
6495.14880 1.46900e-17
6496.62048 1.50217e-17
6498.09216 1.48829e-17
6499.56384 1.45455e-17
6501.02544 1.48283e-17
6502.49712 1.53002e-17
6503.96880 1.55324e-17
6505.44048 1.58582e-17
6506.91216 1.55166e-17
6508.38384 1.52644e-17
6509.84544 1.53521e-17
6511.31712 1.51455e-17
6512.78880 1.47146e-17
6514.26048 1.48795e-17
6515.73216 1.46105e-17
6517.20384 1.41958e-17
6518.66544 1.46073e-17
6520.13712 1.49282e-17
6521.60880 1.48054e-17
6523.08048 1.49296e-17
6524.55216 1.50101e-17
6526.02384 1.48123e-17
6527.48544 1.44800e-17
6528.95712 1.48435e-17
6530.42880 1.48920e-17
6531.90048 1.49519e-17
6533.37216 1.51597e-17
6534.84384 1.50699e-17
6536.30544 1.54314e-17
6537.77712 1.56899e-17
6539.24880 1.53221e-17
6540.72048 1.53746e-17
6542.19216 1.53943e-17
6543.66384 1.55228e-17
6545.12544 1.60249e-17
6546.59712 1.60492e-17
6548.06880 1.58683e-17
6549.54048 1.62332e-17
6551.01216 1.65649e-17
6552.48384 1.61502e-17
6553.94544 1.63221e-17
6555.41712 1.69505e-17
6556.88880 1.70652e-17
6558.36048 1.67046e-17
6559.83216 1.64959e-17
6561.30384 1.67604e-17
6562.76544 1.66061e-17
6564.23712 1.64933e-17
6565.70880 1.74756e-17
6567.18048 1.78644e-17
6568.65216 1.72219e-17
6570.12384 1.74422e-17
6571.58544 1.73659e-17
6573.05712 1.67041e-17
6574.52880 1.65827e-17
6576.00048 1.65858e-17
6577.47216 1.69819e-17
6578.94384 1.71452e-17
6580.40544 1.70987e-17
6581.87712 1.74089e-17
6583.34880 1.72297e-17
6584.82048 1.69359e-17
6586.29216 1.69305e-17
6587.76384 1.69252e-17
6589.22544 1.69198e-17
6590.69712 1.69144e-17
6592.16880 1.69090e-17
6593.64048 1.69037e-17
6595.11216 1.68983e-17
6596.58384 1.68929e-17
6598.04544 1.68876e-17
6599.51712 1.68822e-17
6600.98880 1.68768e-17
6602.46048 1.68715e-17
6603.93216 1.68661e-17
6605.40384 1.68607e-17
6606.86544 1.68554e-17
6608.33712 1.68500e-17
6609.80880 1.68446e-17
6611.28048 1.68393e-17
6612.75216 1.68339e-17
6614.22384 1.68285e-17
6615.68544 1.68232e-17
6617.15712 1.68178e-17
6618.62880 1.68125e-17
6620.10048 1.68071e-17
6621.57216 1.68018e-17
6623.04384 1.67964e-17
6624.50544 1.67910e-17
6625.97712 1.67857e-17
6627.44880 1.67803e-17
6628.92048 1.67750e-17
6630.39216 1.67696e-17
6631.86384 1.67643e-17
6633.32544 1.67589e-17
6634.79712 1.67536e-17
6636.26880 1.67482e-17
6637.74048 1.67429e-17
6639.21216 1.67375e-17
6640.68384 1.67322e-17
6642.14544 1.67268e-17
6643.61712 1.67215e-17
6645.08880 1.67161e-17
6646.56048 1.67108e-17
6648.03216 1.69822e-17
6649.50384 1.67540e-17
6650.96544 1.66941e-17
6652.43712 1.64822e-17
6653.90880 1.66051e-17
6655.38048 1.70616e-17
6656.85216 1.71204e-17
6658.32384 1.69088e-17
6659.78544 1.69103e-17
6661.25712 1.72323e-17
6662.72880 1.67630e-17
6664.20048 1.64143e-17
6665.67216 1.69272e-17
6667.14384 1.70985e-17
6668.60544 1.65425e-17
6670.07712 1.63811e-17
6671.54880 1.68803e-17
6673.02048 1.74587e-17
6674.49216 1.76426e-17
6675.96384 1.73311e-17
6677.42544 1.70113e-17
6678.89712 1.71175e-17
6680.36880 1.71259e-17
6681.84048 1.70099e-17
6683.31216 1.71452e-17
6684.78384 1.73715e-17
6686.24544 1.71352e-17
6687.71712 1.71453e-17
6689.18880 1.75029e-17
6690.66048 1.71870e-17
6692.13216 1.70497e-17
6693.60384 1.73076e-17
6695.06544 1.73847e-17
6696.53712 1.74390e-17
6698.00880 1.72858e-17
6699.48048 1.69006e-17
6700.95216 1.66841e-17
6702.42384 1.67725e-17
6703.88544 1.68741e-17
6705.35712 1.69081e-17
6706.82880 1.68606e-17
6708.30048 1.64592e-17
6709.77216 1.61907e-17
6711.24384 1.63345e-17
6712.70544 1.63711e-17
6714.17712 1.63026e-17
6715.64880 1.56822e-17
6717.12048 1.54775e-17
6718.59216 1.57790e-17
6720.06384 1.56814e-17
6721.52544 1.54854e-17
6722.99712 1.52350e-17
6724.46880 1.48195e-17
6725.94048 1.51442e-17
6727.41216 1.51846e-17
6728.88384 1.46933e-17
6730.34544 1.47634e-17
6731.81712 1.47791e-17
6733.28880 1.45711e-17
6734.76048 1.47258e-17
6736.23216 1.46855e-17
6737.70384 1.45697e-17
6739.16544 1.46878e-17
6740.63712 1.45833e-17
6742.10880 1.45179e-17
6743.58048 1.46525e-17
6745.05216 1.41323e-17
6746.52384 1.41706e-17
6747.98544 1.44758e-17
6749.45712 1.47857e-17
6750.92880 1.45397e-17
6752.40048 1.44747e-17
6753.87216 1.46685e-17
6755.34384 1.42980e-17
6756.80544 1.37322e-17
6758.27712 1.43089e-17
6759.74880 1.39715e-17
6761.22048 1.42120e-17
6762.69216 1.40430e-17
6764.16384 1.41643e-17
6765.62544 1.43170e-17
6767.09712 1.49842e-17
6768.56880 1.54763e-17
6770.04048 1.54987e-17
6771.51216 1.53815e-17
6772.98384 1.44441e-17
6774.44544 1.45264e-17
6775.91712 1.47937e-17
6777.38880 1.48499e-17
6778.86048 1.52815e-17
6780.33216 1.56953e-17
6781.80384 1.59326e-17
6783.26544 1.60743e-17
6784.73712 1.56411e-17
6786.20880 1.54004e-17
6787.68048 1.49371e-17
6789.15216 1.48248e-17
6790.62384 1.51091e-17
6792.08544 1.53443e-17
6793.55712 1.53379e-17
6795.02880 1.52517e-17
6796.50048 1.52348e-17
6797.97216 1.50482e-17
6799.44384 1.50302e-17
6800.90544 1.48595e-17
6802.37712 1.48528e-17
6803.84880 1.51988e-17
6805.32048 1.52782e-17
6806.79216 1.53041e-17
6808.26384 1.52948e-17
6809.72544 1.55092e-17
6811.19712 1.54653e-17
6812.66880 1.52423e-17
6814.14048 1.51230e-17
6815.61216 1.51324e-17
6817.08384 1.53294e-17
6818.54544 1.48208e-17
6820.01712 1.46484e-17
6821.48880 1.50547e-17
6822.96048 1.48837e-17
6824.43216 1.47677e-17
6825.90384 1.45557e-17
6827.36544 1.45862e-17
6828.83712 1.44975e-17
6830.30880 1.43860e-17
6831.78048 1.40649e-17
6833.25216 1.37598e-17
6834.72384 1.39825e-17
6836.18544 1.40158e-17
6837.65712 1.43629e-17
6839.12880 1.44335e-17
6840.60048 1.38906e-17
6842.07216 1.38308e-17
6843.54384 1.41623e-17
6845.00544 1.39630e-17
6846.47712 1.36778e-17
6847.94880 1.41590e-17
6849.42048 1.41110e-17
6850.89216 1.34050e-17
6852.36384 1.36972e-17
6853.82544 1.43803e-17
6855.29712 1.36598e-17
6856.76880 1.31034e-17
6858.24048 1.35056e-17
6859.71216 1.39415e-17
6861.18384 1.39241e-17
6862.64544 1.38221e-17
6864.11712 1.29543e-17
6865.58880 1.31144e-17
6867.06048 1.42172e-17
6868.53216 1.31314e-17
6870.00384 1.33130e-17
6871.46544 1.35027e-17
6872.93712 1.34054e-17
6874.40880 1.40390e-17
6875.88048 1.33679e-17
6877.35216 1.36324e-17
6878.82384 1.38509e-17
6880.28544 1.27414e-17
6881.75712 1.30511e-17
6883.22880 1.34027e-17
6884.70048 1.30065e-17
6886.17216 1.24962e-17
6887.64384 1.28697e-17
6889.10544 1.28887e-17
6890.57712 1.24718e-17
6892.04880 1.24385e-17
6893.52048 1.20276e-17
6894.99216 1.26913e-17
6896.46384 1.23774e-17
6897.92544 1.19361e-17
6899.39712 1.20755e-17
6900.86880 1.20888e-17
6902.34048 1.19944e-17
6903.81216 1.15301e-17
6905.28384 1.22248e-17
6906.74544 1.23063e-17
6908.21712 1.20777e-17
6909.68880 1.20448e-17
6911.16048 1.16519e-17
6912.63216 1.19872e-17
6914.10384 1.20978e-17
6915.56544 1.22740e-17
6917.03712 1.21167e-17
6918.50880 1.15537e-17
6919.98048 1.13398e-17
6921.45216 1.15791e-17
6922.92384 1.16594e-17
6924.38544 1.15576e-17
6925.85712 1.14052e-17
6927.32880 1.15270e-17
6928.80048 1.16662e-17
6930.27216 1.17012e-17
6931.74384 1.13174e-17
6933.20544 1.09167e-17
6934.67712 1.13446e-17
6936.14880 1.16682e-17
6937.62048 1.14470e-17
6939.09216 1.15805e-17
6940.56384 1.14137e-17
6942.02544 1.12914e-17
6943.49712 1.17026e-17
6944.96880 1.13097e-17
6946.44048 1.13896e-17
6947.91216 1.18542e-17
6949.38384 1.16658e-17
6950.84544 1.16929e-17
6952.31712 1.19375e-17
6953.78880 1.18951e-17
6955.26048 1.21509e-17
6956.73216 1.18041e-17
6958.20384 1.18798e-17
6959.66544 1.17494e-17
6961.13712 1.15312e-17
6962.60880 1.17394e-17
6964.08048 1.21059e-17
6965.55216 1.17687e-17
6967.02384 1.17820e-17
6968.48544 1.22721e-17
6969.95712 1.23077e-17
6971.42880 1.21687e-17
6972.90048 1.22498e-17
6974.37216 1.24440e-17
6975.84384 1.26762e-17
6977.30544 1.25841e-17
6978.77712 1.25069e-17
6980.24880 1.27004e-17
6981.72048 1.27895e-17
6983.19216 1.28888e-17
6984.66384 1.29653e-17
6986.12544 1.26932e-17
6987.59712 1.27332e-17
6989.06880 1.29931e-17
6990.54048 1.28798e-17
6992.01216 1.28650e-17
6993.48384 1.28231e-17
6994.94544 1.30207e-17
6996.41712 1.32879e-17
6997.88880 1.27179e-17
6999.36048 1.30206e-17
7000.83216 1.32128e-17
7002.30384 1.32550e-17
7003.76544 1.35095e-17
7005.23712 1.36363e-17
7006.70880 1.37354e-17
7008.18048 1.37405e-17
7009.65216 1.33773e-17
7011.12384 1.51382e-17
7012.58544 1.71061e-17
7014.05712 1.40282e-17
7015.52880 1.29894e-17
7017.00048 1.35615e-17
7018.47216 1.39996e-17
7019.94384 1.35868e-17
7021.40544 1.32270e-17
7022.87712 1.34991e-17
7024.34880 1.34568e-17
7025.82048 1.35034e-17
7027.29216 1.33935e-17
7028.76384 1.30386e-17
7030.22544 1.34618e-17
7031.69712 1.37553e-17
7033.16880 1.39609e-17
7034.64048 1.38336e-17
7036.11216 1.35053e-17
7037.58384 1.37136e-17
7039.04544 1.33564e-17
7040.51712 1.29401e-17
7041.98880 1.34783e-17
7043.46048 1.38144e-17
7044.93216 1.37068e-17
7046.40384 1.37258e-17
7047.86544 1.38433e-17
7049.33712 1.37410e-17
7050.80880 1.36200e-17
7052.28048 1.35494e-17
7053.75216 1.37412e-17
7055.22384 1.37258e-17
7056.68544 1.36068e-17
7058.15712 1.35045e-17
7059.62880 1.37012e-17
7061.10048 1.32310e-17
7062.57216 1.30588e-17
7064.04384 1.34070e-17
7065.50544 1.31420e-17
7066.97712 1.34846e-17
7068.44880 1.39972e-17
7069.92048 1.39986e-17
7071.39216 1.36192e-17
7072.86384 1.33758e-17
7074.32544 1.36049e-17
7075.79712 1.36988e-17
7077.26880 1.34871e-17
7078.74048 1.35105e-17
7080.21216 1.36650e-17
7081.68384 1.32620e-17
7083.14544 1.32786e-17
7084.61712 1.33081e-17
7086.08880 1.30038e-17
7087.56048 1.28803e-17
7089.03216 1.31807e-17
7090.50384 1.36631e-17
7091.96544 1.36025e-17
7093.43712 1.31614e-17
7094.90880 1.28545e-17
7096.38048 1.27940e-17
7097.85216 1.28004e-17
7099.32384 1.25017e-17
7100.78544 1.26498e-17
7102.25712 1.28836e-17
7103.72880 1.26173e-17
7105.20048 1.23415e-17
7106.67216 1.23503e-17
7108.14384 1.27786e-17
7109.60544 1.29101e-17
7111.07712 1.25707e-17
7112.54880 1.27384e-17
7114.02048 1.30167e-17
7115.49216 1.27938e-17
7116.96384 1.23174e-17
7118.42544 1.20776e-17
7119.89712 1.19520e-17
7121.36880 1.18307e-17
7122.84048 1.20102e-17
7124.31216 1.18434e-17
7125.78384 1.17051e-17
7127.24544 1.17830e-17
7128.71712 1.17526e-17
7130.18880 1.20773e-17
7131.66048 1.22168e-17
7133.13216 1.23124e-17
7134.60384 1.24614e-17
7136.06544 1.21086e-17
7137.53712 1.15237e-17
7139.00880 1.17650e-17
7140.48048 1.18699e-17
7141.95216 1.16589e-17
7143.42384 1.19375e-17
7144.88544 1.18984e-17
7146.35712 1.16622e-17
7147.82880 1.16945e-17
7149.30048 1.20094e-17
7150.77216 1.19378e-17
7152.24384 1.18269e-17
7153.70544 1.17709e-17
7155.17712 1.17286e-17
7156.64880 1.17301e-17
7158.12048 1.16605e-17
7159.59216 1.18922e-17
7161.06384 1.21072e-17
7162.52544 1.18670e-17
7163.99712 1.17676e-17
7165.46880 1.18036e-17
7166.94048 1.13810e-17
7168.41216 1.12822e-17
7169.88384 1.12386e-17
7171.34544 1.08675e-17
7172.81712 1.09198e-17
7174.28880 1.12723e-17
7175.76048 1.11203e-17
7177.23216 1.13528e-17
7178.70384 1.13111e-17
7180.16544 1.11029e-17
7181.63712 1.15635e-17
7183.10880 1.13783e-17
7184.58048 1.06660e-17
7186.05216 1.01585e-17
7187.52384 1.04238e-17
7188.98544 1.07952e-17
7190.45712 1.11363e-17
7191.92880 1.11980e-17
7193.40048 1.08178e-17
7194.87216 1.12963e-17
7196.34384 1.12513e-17
7197.80544 1.03042e-17
7199.27712 1.05448e-17
7200.74880 1.04768e-17
7202.22048 1.02051e-17
7203.69216 1.07853e-17
7205.16384 1.10232e-17
7206.62544 1.08898e-17
7208.09712 1.09650e-17
7209.56880 1.12228e-17
7211.04048 1.14477e-17
7212.51216 1.14656e-17
7213.98384 1.17203e-17
7215.44544 1.15496e-17
7216.91712 1.12314e-17
7218.38880 1.15380e-17
7219.86048 1.16882e-17
7221.33216 1.15465e-17
7222.80384 1.12500e-17
7224.26544 1.12069e-17
7225.73712 1.12624e-17
7227.20880 1.15488e-17
7228.68048 1.16349e-17
7230.15216 1.10211e-17
7231.62384 1.07400e-17
7233.08544 1.05438e-17
7234.55712 1.05193e-17
7236.02880 1.08502e-17
7237.50048 1.10710e-17
7238.97216 1.14344e-17
7240.44384 1.12284e-17
7241.90544 1.08096e-17
7243.37712 1.10240e-17
7244.84880 1.17544e-17
7246.32048 1.20031e-17
7247.79216 1.16481e-17
7249.26384 1.15173e-17
7250.72544 1.12701e-17
7252.19712 1.13061e-17
7253.66880 1.12466e-17
7255.14048 1.14804e-17
7256.61216 1.20695e-17
7258.08384 1.19328e-17
7259.54544 1.18362e-17
7261.01712 1.19353e-17
7262.48880 1.20166e-17
7263.96048 1.20107e-17
7265.43216 1.20102e-17
7266.90384 1.25188e-17
7268.36544 1.28068e-17
7269.83712 1.26572e-17
7271.30880 1.24541e-17
7272.78048 1.17739e-17
7274.25216 1.22605e-17
7275.72384 1.25138e-17
7277.18544 1.19498e-17
7278.65712 1.22517e-17
7280.12880 1.25864e-17
7281.60048 1.31626e-17
7283.07216 1.38645e-17
7284.54384 1.36279e-17
7286.00544 1.32969e-17
7287.47712 1.29430e-17
7288.94880 1.31213e-17
7290.42048 1.23546e-17
7291.89216 1.21534e-17
7293.36384 1.31580e-17
7294.82544 1.34422e-17
7296.29712 1.36702e-17
7297.76880 1.37384e-17
7299.24048 1.37245e-17
7300.71216 1.29352e-17
7302.18384 1.27520e-17
7303.64544 1.29468e-17
7305.11712 1.31511e-17
7306.58880 1.36333e-17
7308.06048 1.35656e-17
7309.53216 1.36218e-17
7311.00384 1.35546e-17
7312.46544 1.37393e-17
7313.93712 1.34037e-17
7315.40880 1.39037e-17
7316.88048 1.31914e-17
7318.35216 1.31061e-17
7319.82384 1.31405e-17
7321.28544 1.38478e-17
7322.75712 1.43578e-17
7324.22880 1.39124e-17
7325.70048 1.39077e-17
7327.17216 1.35986e-17
7328.64384 1.35745e-17
7330.10544 1.39569e-17
7331.57712 1.39234e-17
7333.04880 1.30082e-17
7334.52048 1.28969e-17
7335.99216 1.33524e-17
7337.46384 1.28794e-17
7338.92544 1.24887e-17
7340.39712 1.31809e-17
7341.86880 1.33917e-17
7343.34048 1.34297e-17
7344.81216 1.33139e-17
7346.28384 1.28070e-17
7347.74544 1.26906e-17
7349.21712 1.26504e-17
7350.68880 1.25619e-17
7352.16048 1.26308e-17
7353.63216 1.30550e-17
7355.10384 1.31574e-17
7356.56544 1.29168e-17
7358.03712 1.29356e-17
7359.50880 1.26108e-17
7360.98048 1.22535e-17
7362.45216 1.23470e-17
7363.92384 1.24820e-17
7365.38544 1.24457e-17
7366.85712 1.21555e-17
7368.32880 1.22160e-17
7369.80048 1.25292e-17
7371.27216 1.26501e-17
7372.74384 1.23910e-17
7374.20544 1.21815e-17
7375.67712 1.25998e-17
7377.14880 1.26393e-17
7378.62048 1.26830e-17
7380.09216 1.26370e-17
7381.56384 1.23586e-17
7383.02544 1.22434e-17
7384.49712 1.21263e-17
7385.96880 1.22526e-17
7387.44048 1.25170e-17
7388.91216 1.24068e-17
7390.38384 1.21403e-17
7391.84544 1.25744e-17
7393.31712 1.23045e-17
7394.78880 1.23444e-17
7396.26048 1.24165e-17
7397.73216 1.23140e-17
7399.20384 1.24137e-17
7400.66544 1.29490e-17
7402.13712 1.29684e-17
7403.60880 1.28344e-17
7405.08048 1.30852e-17
7406.55216 1.31777e-17
7408.02384 1.26811e-17
7409.48544 1.28257e-17
7410.95712 1.30656e-17
7412.42880 1.28783e-17
7413.90048 1.30668e-17
7415.37216 1.33200e-17
7416.84384 1.28223e-17
7418.30544 1.29099e-17
