3680.00 4.4069e-16
3681.50 2.9569e-16
3683.00 2.3108e-16
3684.50 4.2015e-16
3686.00 3.7984e-16
3687.50 2.039e-16
3689.00 1.2893e-16
3690.50 4.3727e-16
3692.00 5.0122e-16
3693.50 3.3189e-16
3695.00 2.2798e-16
3696.50 3.3925e-16
3698.00 5.0435e-16
3699.50 4.4174e-16
3701.00 1.7644e-16
3702.50 7.9451e-17
3704.00 4.6933e-16
3705.50 4.101e-16
3707.00 4.4226e-16
3708.50 4.8673e-16
3710.00 4.4379e-16
3711.50 3.3191e-16
3713.00 3.2501e-16
3714.50 2.3723e-16
3716.00 4.5831e-16
3717.50 5.0062e-16
3719.00 3.7693e-16
3720.50 1.8857e-16
3722.00 2.4033e-16
3723.50 1.3068e-16
3725.00 3.1265e-16
3726.50 4.008e-16
3728.00 4.3873e-17
3729.50 3.3499e-16
3731.00 4.3319e-16
3732.50 2.1347e-16
3734.00 1.6253e-16
3735.50 3.217e-16
3737.00 3.0316e-16
3738.50 2.6659e-16
3740.00 1.4352e-16
3741.50 2.4373e-16
3743.00 3.3005e-16
3744.50 3.1873e-16
3746.00 4.7148e-16
3747.50 4.5666e-16
3749.00 2.979e-16
3750.50 2.195e-16
3752.00 3.108e-16
3753.50 5.3151e-16
3755.00 4.2854e-16
3756.50 3.1581e-16
3758.00 3.4889e-16
3759.50 3.9912e-16
3761.00 3.6324e-16
3762.50 3.2047e-16
3764.00 3.6762e-16
3765.50 2.5037e-16
3767.00 3.3448e-16
3768.50 3.2641e-16
3770.00 3.7677e-16
3771.50 3.7922e-16
3773.00 3.0507e-16
3774.50 2.9808e-16
3776.00 3.5341e-16
3777.50 3.0605e-16
3779.00 2.6591e-16
3780.50 3.5643e-16
3782.00 4.4695e-16
3783.50 4.4695e-16
3785.00 4.6826e-16
3786.50 3.6054e-16
3788.00 3.8875e-16
3789.50 3.5857e-16
3791.00 3.237e-16
3792.50 2.4507e-16
3794.00 2.9893e-16
3795.50 4.8559e-16
3797.00 2.8495e-16
3798.50 3.7304e-16
3800.00 3.6872e-16
3801.50 2.6931e-16
3803.00 4.4349e-16
3804.50 5.5557e-16
3806.00 4.9673e-16
3807.50 2.5927e-16
3809.00 1.6331e-16
3810.50 2.8675e-16
3812.00 2.1419e-16
3813.50 1.2485e-16
3815.00 2.1805e-16
3816.50 3.04e-16
3818.00 4.5777e-16
3819.50 4.0249e-16
3821.00 2.7781e-16
3822.50 2.4592e-16
3824.00 3.7553e-16
3825.50 3.8024e-16
3827.00 3.3637e-16
3828.50 3.2662e-16
3830.00 2.1191e-16
3831.50 4.1329e-16
3833.00 3.9896e-16
3834.50 2.5488e-16
3836.00 3.0718e-16
3837.50 3.0204e-16
3839.00 3.597e-16
3840.50 4.2236e-16
3842.00 3.1683e-16
3843.50 2.3794e-16
3845.00 4.1056e-16
3846.50 4.5606e-16
3848.00 3.5454e-16
3849.50 1.5457e-16
3851.00 1.9104e-16
3852.50 2.7462e-16
3854.00 3.1365e-16
3855.50 3.569e-16
3857.00 2.6746e-16
3858.50 4.004e-16
3860.00 3.5109e-16
3861.50 2.2425e-16
3863.00 3.4827e-16
3864.50 4.9495e-16
3866.00 4.6958e-16
3867.50 3.1267e-16
3869.00 2.8196e-16
3870.50 2.3555e-16
3872.00 3.2648e-16
3873.50 3.6293e-16
3875.00 3.9127e-16
3876.50 2.6443e-16
3878.00 4.2175e-16
3879.50 3.8118e-16
3881.00 4.1106e-16
3882.50 3.819e-16
3884.00 3.3532e-16
3885.50 4.652e-16
3887.00 4.8718e-16
3888.50 3.8243e-16
3890.00 3.0635e-16
3891.50 3.1558e-16
3893.00 3.4197e-16
3894.50 3.5256e-16
3896.00 3.7031e-16
3897.50 3.4322e-16
3899.00 2.5476e-16
3900.50 2.6439e-16
3902.00 2.7074e-16
3903.50 1.7915e-16
3905.00 1.9377e-16
3906.50 3.6434e-16
3908.00 3.8755e-16
3909.50 3.8682e-16
3911.00 2.6296e-16
3912.50 2.7955e-16
3914.00 3.9753e-16
3915.50 3.0552e-16
3917.00 3.2736e-16
3918.50 4.3609e-16
3920.00 4.4386e-16
3921.50 2.4877e-16
3923.00 2.2572e-16
3924.50 2.8379e-16
3926.00 3.5346e-16
3927.50 2.8091e-16
3929.00 2.507e-16
3930.50 3.5363e-16
3932.00 4.1788e-16
3933.50 2.8214e-16
3935.00 2.3764e-16
3936.50 2.9667e-16
3938.00 3.3057e-16
3939.50 3.9509e-16
3941.00 3.9232e-16
3942.50 2.8649e-16
3944.00 3.931e-16
3945.50 4.5956e-16
3947.00 4.0207e-16
3948.50 3.5851e-16
3950.00 4.2455e-16
3951.50 4.7099e-16
3953.00 2.6232e-16
3954.50 3.7652e-16
3956.00 4.764e-16
3957.50 4.6659e-16
3959.00 4.0928e-16
3960.50 2.907e-16
3962.00 3.6758e-16
3963.50 4.1641e-16
3965.00 3.4114e-16
3966.50 3.34e-16
3968.00 3.5595e-16
3969.50 3.988e-16
3971.00 3.3618e-16
3972.50 3.5674e-16
3974.00 4.2422e-16
3975.50 4.7186e-16
3977.00 4.3112e-16
3978.50 5.3856e-16
3980.00 5.2235e-16
3981.50 3.9249e-16
3983.00 4.5557e-16
3984.50 4.8821e-16
3986.00 4.8377e-16
3987.50 3.873e-16
3989.00 3.9926e-16
3990.50 3.507e-16
3992.00 3.3347e-16
3993.50 4.3737e-16
3995.00 4.5857e-16
3996.50 4.0868e-16
3998.00 3.3048e-16
3999.50 3.5872e-16
4001.00 3.5449e-16
4002.50 3.5022e-16
4004.00 4.4748e-16
4005.50 4.9869e-16
4007.00 3.5619e-16
4008.50 5.099e-16
4010.00 5.0463e-16
4011.50 3.9626e-16
4013.00 4.5678e-16
4014.50 5.344e-16
4016.00 3.7541e-16
4017.50 4.334e-16
4019.00 5.2366e-16
4020.50 4.5011e-16
4022.00 4.2361e-16
4023.50 5.2248e-16
4025.00 4.8883e-16
4026.50 4.6118e-16
4028.00 5.1714e-16
4029.50 5.628e-16
4031.00 6.0433e-16
4032.50 6.2171e-16
4034.00 5.3578e-16
4035.50 5.0036e-16
4037.00 5.3768e-16
4038.50 5.0334e-16
4040.00 4.5674e-16
4041.50 4.3762e-16
4043.00 4.5492e-16
4044.50 4.5941e-16
4046.00 4.8898e-16
4047.50 6.0713e-16
4049.00 5.4071e-16
4050.50 4.8692e-16
4052.00 4.7323e-16
4053.50 4.4204e-16
4055.00 5.056e-16
4056.50 4.9666e-16
4058.00 4.7853e-16
4059.50 4.3468e-16
4061.00 5.0593e-16
4062.50 4.5949e-16
4064.00 4.6046e-16
4065.50 5.2585e-16
4067.00 4.3867e-16
4068.50 3.8162e-16
4070.00 4.5465e-16
4071.50 4.6786e-16
4073.00 4.6093e-16
4074.50 4.2033e-16
4076.00 4.6823e-16
4077.50 4.4826e-16
4079.00 3.7868e-16
4080.50 4.173e-16
4082.00 4.5034e-16
4083.50 4.5551e-16
4085.00 5.1565e-16
4086.50 4.6224e-16
4088.00 4.2556e-16
4089.50 5.0033e-16
4091.00 5.2753e-16
4092.50 5.4353e-16
4094.00 4.7211e-16
4095.50 4.4217e-16
4097.00 5.0528e-16
4098.50 4.5951e-16
4100.00 4.4395e-16
4101.50 4.9031e-16
4103.00 4.6789e-16
4104.50 4.6181e-16
4106.00 4.5113e-16
4107.50 3.879e-16
4109.00 3.6283e-16
4110.50 4.238e-16
4112.00 4.6049e-16
4113.50 4.817e-16
4115.00 5.2258e-16
4116.50 5.3624e-16
4118.00 5.4895e-16
4119.50 5.0719e-16
4121.00 4.7163e-16
4122.50 4.7228e-16
4124.00 4.6554e-16
4125.50 4.3592e-16
4127.00 4.6415e-16
4128.50 4.0642e-16
4130.00 3.675e-16
4131.50 4.8075e-16
4133.00 3.7014e-16
4134.50 5.0222e-16
4136.00 4.5181e-16
4137.50 3.6793e-16
4139.00 3.1415e-16
4140.50 3.7108e-16
4142.00 2.8649e-16
4143.50 3.8966e-16
4145.00 4.2624e-16
4146.50 4.0259e-16
4148.00 5.2971e-16
4149.50 4.9751e-16
4151.00 4.0748e-16
4152.50 4.0019e-16
4154.00 4.8607e-16
4155.50 4.9697e-16
4157.00 4.8939e-16
4158.50 4.0883e-16
4160.00 4.5349e-16
4161.50 5.4009e-16
4163.00 5.141e-16
4164.50 5.3369e-16
4166.00 4.8027e-16
4167.50 4.3913e-16
4169.00 4.4555e-16
4170.50 4.4159e-16
4172.00 5.4387e-16
4173.50 4.7728e-16
4175.00 4.1508e-16
4176.50 4.1389e-16
4178.00 5.3144e-16
4179.50 5.7273e-16
4181.00 4.7582e-16
4182.50 4.4193e-16
4184.00 4.1974e-16
4185.50 4.7866e-16
4187.00 5.3428e-16
4188.50 4.593e-16
4190.00 3.9944e-16
4191.50 4.3101e-16
4193.00 4.6683e-16
4194.50 3.9485e-16
4196.00 3.5125e-16
4197.50 4.217e-16
4199.00 4.9041e-16
4200.50 4.8632e-16
4202.00 4.5179e-16
4203.50 4.5841e-16
4205.00 4.3615e-16
4206.50 4.6482e-16
4208.00 4.8373e-16
4209.50 4.1291e-16
4211.00 3.5313e-16
4212.50 3.6397e-16
4214.00 4.3394e-16
4215.50 4.6575e-16
4217.00 3.9215e-16
4218.50 4.6976e-16
4220.00 4.5514e-16
4221.50 4.0263e-16
4223.00 3.8848e-16
4224.50 4.587e-16
4226.00 4.3642e-16
4227.50 4.4071e-16
4229.00 5.466e-16
4230.50 5.2208e-16
4232.00 4.7547e-16
4233.50 5.5333e-16
4235.00 5.8154e-16
4236.50 4.9946e-16
4238.00 4.3219e-16
4239.50 4.524e-16
4241.00 4.9416e-16
4242.50 3.9224e-16
4244.00 4.4679e-16
4245.50 4.5958e-16
4247.00 4.2798e-16
4248.50 4.4141e-16
4250.00 4.1608e-16
4251.50 4.398e-16
4253.00 4.5526e-16
4254.50 4.6221e-16
4256.00 3.9512e-16
4257.50 3.6206e-16
4259.00 3.9019e-16
4260.50 3.8875e-16
4262.00 3.9366e-16
4263.50 3.8241e-16
4265.00 4.1444e-16
4266.50 4.4027e-16
4268.00 3.7544e-16
4269.50 3.6417e-16
4271.00 4.2996e-16
4272.50 4.4476e-16
4274.00 3.9198e-16
4275.50 4.0582e-16
4277.00 3.4849e-16
4278.50 3.9161e-16
4280.00 3.9473e-16
4281.50 4.2561e-16
4283.00 4.907e-16
4284.50 3.8458e-16
4286.00 3.7465e-16
4287.50 4.5218e-16
4289.00 3.8922e-16
4290.50 3.3867e-16
4292.00 3.6628e-16
4293.50 3.7297e-16
4295.00 4.1215e-16
4296.50 4.064e-16
4298.00 4.1982e-16
4299.50 3.5802e-16
4301.00 3.4953e-16
4302.50 3.4236e-16
4304.00 3.3309e-16
4305.50 3.5526e-16
4307.00 3.6392e-16
4308.50 4.399e-16
4310.00 4.1803e-16
4311.50 3.6901e-16
4313.00 4.1359e-16
4314.50 3.995e-16
4316.00 3.3644e-16
4317.50 3.2573e-16
4319.00 3.6594e-16
4320.50 4.0549e-16
4322.00 3.747e-16
4323.50 3.5066e-16
4325.00 4.1967e-16
4326.50 4.0481e-16
4328.00 3.7082e-16
4329.50 3.5345e-16
4331.00 3.8473e-16
4332.50 4.0581e-16
4334.00 3.7735e-16
4335.50 4.1853e-16
4337.00 4.4786e-16
4338.50 4.1925e-16
4340.00 4.3665e-16
4341.50 4.4539e-16
4343.00 4.0154e-16
4344.50 4.0693e-16
4346.00 3.8313e-16
4347.50 4.0409e-16
4349.00 4.6169e-16
4350.50 4.048e-16
4352.00 3.6594e-16
4353.50 4.3829e-16
4355.00 5.4717e-16
4356.50 5.0088e-16
4358.00 4.5273e-16
4359.50 4.3511e-16
4361.00 4.3103e-16
4362.50 4.3629e-16
4364.00 4.4949e-16
4365.50 4.7894e-16
4367.00 4.0635e-16
4368.50 3.5078e-16
4370.00 3.7632e-16
4371.50 4.104e-16
4373.00 3.836e-16
4374.50 3.7708e-16
4376.00 3.0822e-16
4377.50 2.4091e-16
4379.00 3.7137e-16
4380.50 4.0065e-16
4382.00 2.8686e-16
4383.50 3.8308e-16
4385.00 5.0143e-16
4386.50 4.5139e-16
4388.00 4.7997e-16
4389.50 5.2299e-16
4391.00 4.5747e-16
4392.50 4.6232e-16
4394.00 4.4865e-16
4395.50 4.0446e-16
4397.00 3.9848e-16
4398.50 4.7578e-16
4400.00 4.9938e-16
4401.50 4.3899e-16
4403.00 4.6426e-16
4404.50 5.2046e-16
4406.00 4.737e-16
4407.50 4.3817e-16
4409.00 4.56e-16
4410.50 4.4399e-16
4412.00 4.3405e-16
4413.50 3.7052e-16
4415.00 3.9182e-16
4416.50 3.8827e-16
4418.00 3.6977e-16
4419.50 4.3886e-16
4421.00 4.0763e-16
4422.50 5.0082e-16
4424.00 4.5605e-16
4425.50 4.2895e-16
4427.00 4.3611e-16
4428.50 4.373e-16
4430.00 3.8926e-16
4431.50 4.2968e-16
4433.00 3.9736e-16
4434.50 3.7319e-16
4436.00 3.9555e-16
4437.50 4.0534e-16
4439.00 4.4172e-16
4440.50 4.3532e-16
4442.00 3.7895e-16
4443.50 4.0364e-16
4445.00 3.9088e-16
4446.50 4.1815e-16
4448.00 4.0705e-16
4449.50 4.3174e-16
4451.00 4.9603e-16
4452.50 4.2109e-16
4454.00 4.1292e-16
4455.50 3.9804e-16
4457.00 3.9763e-16
4458.50 4.3334e-16
4460.00 4.9589e-16
4461.50 5.1902e-16
4463.00 4.2371e-16
4464.50 4.4516e-16
4466.00 4.4624e-16
4467.50 4.3291e-16
4469.00 3.986e-16
4470.50 3.9284e-16
4472.00 4.5727e-16
4473.50 4.6177e-16
4475.00 4.4926e-16
4476.50 4.5713e-16
4478.00 4.7062e-16
4479.50 4.5034e-16
4481.00 4.4551e-16
4482.50 4.3615e-16
4484.00 4.5983e-16
4485.50 4.1329e-16
4487.00 4.3491e-16
4488.50 4.4857e-16
4490.00 4.5661e-16
4491.50 4.7848e-16
4493.00 4.4206e-16
4494.50 4.0655e-16
4496.00 3.6637e-16
4497.50 3.9369e-16
4499.00 4.332e-16
4500.50 4.6505e-16
4502.00 4.5289e-16
4503.50 4.4075e-16
4505.00 4.6722e-16
4506.50 3.5497e-16
4508.00 4.7848e-16
4509.50 4.5978e-16
4511.00 4.4256e-16
4512.50 4.2442e-16
4514.00 4.4039e-16
4515.50 5.1603e-16
4517.00 4.5361e-16
4518.50 4.6151e-16
4520.00 4.6e-16
4521.50 4.8463e-16
4523.00 5.0452e-16
4524.50 4.8997e-16
4526.00 5.0272e-16
4527.50 5.2236e-16
4529.00 5.019e-16
4530.50 4.4254e-16
4532.00 4.8962e-16
4533.50 5.7224e-16
4535.00 5.3999e-16
4536.50 4.9854e-16
4538.00 5.529e-16
4539.50 5.7415e-16
4541.00 5.5225e-16
4542.50 4.8378e-16
4544.00 4.3669e-16
4545.50 4.8175e-16
4547.00 5.118e-16
4548.50 5.2006e-16
4550.00 5.1814e-16
4551.50 5.2091e-16
4553.00 5.7146e-16
4554.50 5.4879e-16
4556.00 4.5708e-16
4557.50 4.4951e-16
4559.00 5.1222e-16
4560.50 5.6204e-16
4562.00 6.2979e-16
4563.50 6.1504e-16
4565.00 4.9548e-16
4566.50 4.5462e-16
4568.00 4.8731e-16
4569.50 5.0615e-16
4571.00 5.1587e-16
4572.50 5.4341e-16
4574.00 5.3861e-16
4575.50 5.5924e-16
4577.00 5.4982e-16
4578.50 5.5441e-16
4580.00 6.4576e-16
4581.50 6.0204e-16
4583.00 5.9137e-16
4584.50 5.5862e-16
4586.00 5.7095e-16
4587.50 5.71e-16
4589.00 5.9218e-16
4590.50 6.1949e-16
4592.00 6.023e-16
4593.50 5.7475e-16
4595.00 5.693e-16
4596.50 5.7439e-16
4598.00 5.9165e-16
4599.50 5.9024e-16
4601.00 6.3404e-16
4602.50 6.0726e-16
4604.00 5.8532e-16
4605.50 5.9944e-16
4607.00 6.1082e-16
4608.50 6.3358e-16
4610.00 5.9303e-16
4611.50 5.7863e-16
4613.00 5.9516e-16
4614.50 6.0152e-16
4616.00 5.9892e-16
4617.50 6.3216e-16
4619.00 6.3483e-16
4620.50 5.8495e-16
4622.00 5.8728e-16
4623.50 6.5779e-16
4625.00 6.2972e-16
4626.50 5.2828e-16
4628.00 6.0263e-16
4629.50 6.5527e-16
4631.00 5.2275e-16
4632.50 5.0978e-16
4634.00 5.7697e-16
4635.50 6.2739e-16
4637.00 6.1813e-16
4638.50 5.4128e-16
4640.00 6.399e-16
4641.50 7.0128e-16
4643.00 6.297e-16
4644.50 5.9518e-16
4646.00 6.5499e-16
4647.50 6.2252e-16
4649.00 5.8818e-16
4650.50 6.2465e-16
4652.00 5.7774e-16
4653.50 5.6777e-16
4655.00 6.5604e-16
4656.50 6.2589e-16
4658.00 5.4384e-16
4659.50 5.9598e-16
4661.00 6.4272e-16
4662.50 6.3193e-16
4664.00 6.3423e-16
4665.50 6.5329e-16
4667.00 6.1657e-16
4668.50 5.9674e-16
4670.00 5.9345e-16
4671.50 6.295e-16
4673.00 6.0804e-16
4674.50 5.5764e-16
4676.00 6.2952e-16
4677.50 6.2834e-16
4679.00 6.0401e-16
4680.50 6.4054e-16
4682.00 6.3002e-16
4683.50 6.1998e-16
4685.00 6.3436e-16
4686.50 6.4133e-16
4688.00 6.6073e-16
4689.50 6.7995e-16
4691.00 6.3741e-16
4692.50 5.9058e-16
4694.00 6.0674e-16
4695.50 6.1028e-16
4697.00 6.2202e-16
4698.50 6.2076e-16
4700.00 6.4872e-16
4701.50 6.6006e-16
4703.00 6.3438e-16
4704.50 6.4328e-16
4706.00 6.701e-16
4707.50 6.6688e-16
4709.00 6.6518e-16
4710.50 6.3583e-16
4712.00 5.7383e-16
4713.50 5.8228e-16
4715.00 5.5893e-16
4716.50 5.5205e-16
4718.00 5.9577e-16
4719.50 6.3755e-16
4721.00 6.3066e-16
4722.50 5.7133e-16
4724.00 5.9384e-16
4725.50 5.7823e-16
4727.00 5.5757e-16
4728.50 6.3693e-16
4730.00 6.1832e-16
4731.50 6.0077e-16
4733.00 6.0614e-16
4734.50 5.7918e-16
4736.00 5.816e-16
4737.50 5.7987e-16
4739.00 5.8576e-16
4740.50 5.3651e-16
4742.00 5.7647e-16
4743.50 6.4953e-16
4745.00 6.211e-16
4746.50 6.1429e-16
4748.00 5.6343e-16
4749.50 5.2196e-16
4751.00 6.3853e-16
4752.50 6.1887e-16
4754.00 5.4738e-16
4755.50 5.7859e-16
4757.00 6.3637e-16
4758.50 6.592e-16
4760.00 6.2084e-16
4761.50 5.8669e-16
4763.00 5.9493e-16
4764.50 6.2533e-16
4766.00 6.5146e-16
4767.50 6.0618e-16
4769.00 5.5366e-16
4770.50 5.5743e-16
4772.00 5.3236e-16
4773.50 5.495e-16
4775.00 5.9078e-16
4776.50 5.6077e-16
4778.00 5.6246e-16
4779.50 5.4446e-16
4781.00 5.7142e-16
4782.50 5.5261e-16
4784.00 5.5424e-16
4785.50 5.6655e-16
4787.00 5.3385e-16
4788.50 5.4181e-16
4790.00 5.9673e-16
4791.50 5.8517e-16
4793.00 6.0874e-16
4794.50 6.3524e-16
4796.00 6.0213e-16
4797.50 5.9674e-16
4799.00 5.6748e-16
4800.50 5.6403e-16
4802.00 5.9436e-16
4803.50 6.4287e-16
4805.00 6.6705e-16
4806.50 6.505e-16
4808.00 5.624e-16
4809.50 5e-16
4811.00 5.5181e-16
4812.50 5.8062e-16
4814.00 5.6185e-16
4815.50 5.2824e-16
4817.00 5.3799e-16
4818.50 5.055e-16
4820.00 5.489e-16
4821.50 6.2548e-16
4823.00 6.4214e-16
4824.50 6.2408e-16
4826.00 5.9643e-16
4827.50 5.8277e-16
4829.00 5.8267e-16
4830.50 5.5795e-16
4832.00 5.5421e-16
4833.50 5.309e-16
4835.00 5.8364e-16
4836.50 6.1834e-16
4838.00 6.2793e-16
4839.50 6.3615e-16
4841.00 5.5425e-16
4842.50 5.9774e-16
4844.00 6.2374e-16
4845.50 5.6153e-16
4847.00 5.7807e-16
4848.50 5.7733e-16
4850.00 6.0814e-16
4851.50 6.3597e-16
4853.00 5.705e-16
4854.50 6.0948e-16
4856.00 5.8911e-16
4857.50 6.0052e-16
4859.00 5.5008e-16
4860.50 5.628e-16
4862.00 6.0676e-16
4863.50 6.4465e-16
4865.00 6.3746e-16
4866.50 5.7832e-16
4868.00 5.9115e-16
4869.50 5.8673e-16
4871.00 6.1872e-16
4872.50 6.166e-16
4874.00 6.0695e-16
4875.50 5.4785e-16
4877.00 5.109e-16
4878.50 5.5909e-16
4880.00 5.4512e-16
4881.50 5.4661e-16
4883.00 5.5045e-16
4884.50 5.7108e-16
4886.00 6.0258e-16
4887.50 5.6713e-16
4889.00 5.9139e-16
4890.50 5.9083e-16
4892.00 5.3422e-16
4893.50 5.5748e-16
4895.00 5.658e-16
4896.50 5.7021e-16
4898.00 5.4189e-16
4899.50 5.4968e-16
4901.00 5.5943e-16
4902.50 5.3115e-16
4904.00 4.9837e-16
4905.50 4.6824e-16
4907.00 4.8329e-16
4908.50 5.5143e-16
4910.00 6.1719e-16
4911.50 6.7861e-16
4913.00 7.1715e-16
4914.50 7.3081e-16
4916.00 7.9984e-16
4917.50 8.0207e-16
4919.00 8.1704e-16
4920.50 7.7251e-16
4922.00 7.1017e-16
4923.50 7.2699e-16
4925.00 6.7833e-16
4926.50 6.6894e-16
4928.00 6.3804e-16
4929.50 6.4427e-16
4931.00 6.2879e-16
4932.50 6.3797e-16
4934.00 6.1848e-16
4935.50 6.3348e-16
4937.00 6.0175e-16
4938.50 6.4308e-16
4940.00 6.5783e-16
4941.50 6.019e-16
4943.00 6.1245e-16
4944.50 6.8053e-16
4946.00 5.8855e-16
4947.50 5.8871e-16
4949.00 6.3254e-16
4950.50 6.5956e-16
4952.00 6.3612e-16
4953.50 6.3699e-16
4955.00 6.4884e-16
4956.50 6.0334e-16
4958.00 5.5088e-16
4959.50 5.7382e-16
4961.00 5.5303e-16
4962.50 5.8121e-16
4964.00 6.1735e-16
4965.50 6.198e-16
4967.00 5.9242e-16
4968.50 5.867e-16
4970.00 5.4169e-16
4971.50 5.072e-16
4973.00 5.5085e-16
4974.50 6.0825e-16
4976.00 6.3791e-16
4977.50 6.2909e-16
4979.00 6.0021e-16
4980.50 5.4564e-16
4982.00 5.4371e-16
4983.50 5.6711e-16
4985.00 5.4718e-16
4986.50 5.5751e-16
4988.00 5.6745e-16
4989.50 6.0342e-16
4991.00 6.1116e-16
4992.50 5.5834e-16
4994.00 5.4673e-16
4995.50 5.9698e-16
4997.00 5.7157e-16
4998.50 5.6901e-16
5000.00 5.7085e-16
5001.50 4.9679e-16
5003.00 5.864e-16
5004.50 6.1254e-16
5006.00 6.2128e-16
5007.50 5.8089e-16
5009.00 5.6102e-16
5010.50 5.6441e-16
5012.00 5.8439e-16
5013.50 5.632e-16
5015.00 5.7862e-16
5016.50 5.6567e-16
5018.00 5.8086e-16
5019.50 6.2943e-16
5021.00 5.8624e-16
5022.50 5.7328e-16
5024.00 5.8116e-16
5025.50 5.7175e-16
5027.00 5.9985e-16
5028.50 5.8018e-16
5030.00 5.6904e-16
5031.50 5.6483e-16
5033.00 5.4726e-16
5034.50 5.2805e-16
5036.00 5.5376e-16
5037.50 5.6849e-16
5039.00 5.5815e-16
5040.50 5.5728e-16
5042.00 5.9307e-16
5043.50 6.0259e-16
5045.00 5.8691e-16
5046.50 5.5191e-16
5048.00 5.3203e-16
5049.50 5.4361e-16
5051.00 5.7039e-16
5052.50 5.8747e-16
5054.00 5.9447e-16
5055.50 5.544e-16
5057.00 5.0036e-16
5058.50 5.5067e-16
5060.00 5.6543e-16
5061.50 5.3199e-16
5063.00 4.8481e-16
5064.50 4.9886e-16
5066.00 5.0485e-16
5067.50 5.383e-16
5069.00 4.8852e-16
5070.50 5.3193e-16
5072.00 5.893e-16
5073.50 5.4276e-16
5075.00 5.8528e-16
5076.50 5.8645e-16
5078.00 5.8481e-16
5079.50 5.6324e-16
5081.00 5.6666e-16
5082.50 5.2356e-16
5084.00 5.8503e-16
5085.50 5.6581e-16
5087.00 5.9415e-16
5088.50 5.5333e-16
5090.00 5.0892e-16
5091.50 5.4268e-16
5093.00 5.1662e-16
5094.50 5.3959e-16
5096.00 5.611e-16
5097.50 5.0434e-16
5099.00 4.973e-16
5100.50 5.1374e-16
5102.00 5.4833e-16
5103.50 5.7436e-16
5105.00 5.3114e-16
5106.50 4.8637e-16
5108.00 5.2499e-16
5109.50 5.315e-16
5111.00 5.1161e-16
5112.50 5.2975e-16
5114.00 5.4213e-16
5115.50 5.1924e-16
5117.00 5.0804e-16
5118.50 5.0218e-16
5120.00 5.121e-16
5121.50 5.0089e-16
5123.00 4.8922e-16
5124.50 5.1823e-16
5126.00 5.0685e-16
5127.50 5.2522e-16
5129.00 5.5274e-16
5130.50 5.1984e-16
5132.00 4.8093e-16
5133.50 5.0456e-16
5135.00 4.8674e-16
5136.50 4.9231e-16
5138.00 5.1147e-16
5139.50 4.6644e-16
5141.00 5.4457e-16
5142.50 5.2946e-16
5144.00 5.0642e-16
5145.50 5.4833e-16
5147.00 5.4093e-16
5148.50 5.0084e-16
5150.00 5.3501e-16
5151.50 5.7748e-16
5153.00 6.0255e-16
5154.50 5.1519e-16
5156.00 5.3206e-16
5157.50 4.9909e-16
5159.00 4.8769e-16
5160.50 5.104e-16
5162.00 4.9109e-16
5163.50 4.914e-16
5165.00 5.1964e-16
5166.50 5.1224e-16
5168.00 5.0322e-16
5169.50 5.0507e-16
5171.00 5.3888e-16
5172.50 5.3256e-16
5174.00 5.1475e-16
5175.50 5.065e-16
5177.00 5.2274e-16
5178.50 5.3164e-16
5180.00 5.405e-16
5181.50 5.2835e-16
5183.00 5.0851e-16
5184.50 5.0777e-16
5186.00 5.2433e-16
5187.50 5.3793e-16
5189.00 5.4418e-16
5190.50 5.5094e-16
5192.00 5.3549e-16
5193.50 5.3105e-16
5195.00 5.2459e-16
5196.50 5.3329e-16
5198.00 5.6794e-16
5199.50 5.5023e-16
5201.00 4.8435e-16
5202.50 4.6602e-16
5204.00 4.7325e-16
5205.50 5.3726e-16
5207.00 5.5826e-16
5208.50 5.1304e-16
5210.00 5.4116e-16
5211.50 5.3932e-16
5213.00 5.1605e-16
5214.50 5.2833e-16
5216.00 5.3016e-16
5217.50 5.1026e-16
5219.00 4.903e-16
5220.50 4.9382e-16
5222.00 5.3654e-16
5223.50 5.9862e-16
5225.00 5.9373e-16
5226.50 5.7973e-16
5228.00 5.9831e-16
5229.50 5.8108e-16
5231.00 5.5533e-16
5232.50 5.6315e-16
5234.00 5.6297e-16
5235.50 5.8554e-16
5237.00 5.932e-16
5238.50 5.6514e-16
5240.00 5.6565e-16
5241.50 5.7531e-16
5243.00 5.3847e-16
5244.50 5.3588e-16
5246.00 5.3805e-16
5247.50 5.3648e-16
5249.00 5.7089e-16
5250.50 5.3574e-16
5252.00 5.2059e-16
5253.50 5.5308e-16
5255.00 5.7266e-16
5256.50 5.8492e-16
5258.00 5.6194e-16
5259.50 5.9306e-16
5261.00 6.1925e-16
5262.50 5.7108e-16
5264.00 5.4554e-16
5265.50 5.3086e-16
5267.00 5.7122e-16
5268.50 6.0072e-16
5270.00 5.713e-16
5271.50 5.5161e-16
5273.00 5.2492e-16
5274.50 5.4067e-16
5276.00 5.6365e-16
5277.50 5.5635e-16
5279.00 5.6032e-16
5280.50 6.1097e-16
5282.00 5.8389e-16
5283.50 5.3881e-16
5285.00 5.6232e-16
5286.50 5.3632e-16
5288.00 5.3878e-16
5289.50 5.7096e-16
5291.00 5.6446e-16
5292.50 5.9656e-16
5294.00 5.9342e-16
5295.50 5.5746e-16
5297.00 5.2682e-16
5298.50 5.709e-16
5300.00 5.7741e-16
5301.50 5.6845e-16
5303.00 5.7654e-16
5304.50 5.6547e-16
5306.00 5.7756e-16
5307.50 5.5587e-16
5309.00 5.608e-16
5310.50 6.0705e-16
5312.00 5.804e-16
5313.50 5.222e-16
5315.00 5.1903e-16
5316.50 5.5585e-16
5318.00 5.7305e-16
5319.50 5.6639e-16
5321.00 5.8274e-16
5322.50 5.8257e-16
5324.00 5.7791e-16
5325.50 5.5211e-16
5327.00 5.2191e-16
5328.50 5.2283e-16
5330.00 5.7498e-16
5331.50 6.1846e-16
5333.00 6.137e-16
5334.50 5.8686e-16
5336.00 5.5947e-16
5337.50 5.5552e-16
5339.00 5.9142e-16
5340.50 6.25e-16
5342.00 5.8084e-16
5343.50 5.3427e-16
5345.00 5.65e-16
5346.50 6.0726e-16
5348.00 5.719e-16
5349.50 5.9255e-16
5351.00 5.9489e-16
5352.50 5.6171e-16
5354.00 5.8711e-16
5355.50 5.9664e-16
5357.00 5.9353e-16
5358.50 6.1053e-16
5360.00 6.0679e-16
5361.50 5.8096e-16
5363.00 5.5591e-16
5364.50 5.4418e-16
5366.00 5.7871e-16
5367.50 6.1266e-16
5369.00 5.3454e-16
5370.50 5.7695e-16
5372.00 5.8379e-16
5373.50 5.6611e-16
5375.00 6.0086e-16
5376.50 6.2042e-16
5378.00 6.173e-16
5379.50 5.7715e-16
5381.00 5.4758e-16
5382.50 5.7944e-16
5384.00 5.8405e-16
5385.50 5.8546e-16
5387.00 5.8726e-16
5388.50 6.0257e-16
5390.00 6.3053e-16
5391.50 6.0651e-16
5393.00 6.2285e-16
5394.50 6.115e-16
5396.00 6.0083e-16
5397.50 6.2455e-16
5399.00 6.1916e-16
5400.50 5.6868e-16
5402.00 5.5614e-16
5403.50 5.6065e-16
5405.00 5.6466e-16
5406.50 5.5549e-16
5408.00 5.9767e-16
5409.50 5.8657e-16
5411.00 5.652e-16
5412.50 5.7769e-16
5414.00 5.7287e-16
5415.50 5.9312e-16
5417.00 5.8113e-16
5418.50 5.8256e-16
5420.00 5.7692e-16
5421.50 6.0754e-16
5423.00 6.0386e-16
5424.50 5.5401e-16
5426.00 5.9587e-16
5427.50 6.2901e-16
5429.00 5.9366e-16
5430.50 5.7076e-16
5432.00 6.0065e-16
5433.50 6.1043e-16
5435.00 6.0559e-16
5436.50 6.2773e-16
5438.00 5.9748e-16
5439.50 5.578e-16
5441.00 5.1839e-16
5442.50 5.6174e-16
5444.00 5.9515e-16
5445.50 5.5523e-16
5447.00 5.6663e-16
5448.50 5.3725e-16
5450.00 5.2316e-16
5451.50 5.8312e-16
5453.00 5.5435e-16
5454.50 4.8457e-16
5456.00 5.4966e-16
5457.50 5.9004e-16
5459.00 5.6132e-16
5460.50 5.6741e-16
5462.00 5.7832e-16
5463.50 5.6815e-16
5465.00 5.7484e-16
5466.50 5.7801e-16
5468.00 5.3917e-16
5469.50 5.4918e-16
5471.00 5.2327e-16
5472.50 5.0355e-16
5474.00 5.0785e-16
5475.50 5.4806e-16
5477.00 5.9319e-16
5478.50 5.3424e-16
5480.00 4.9956e-16
5481.50 5.5309e-16
5483.00 5.6817e-16
5484.50 5.6058e-16
5486.00 5.7335e-16
5487.50 5.6687e-16
5489.00 5.6748e-16
5490.50 5.768e-16
5492.00 5.5515e-16
5493.50 5.5198e-16
5495.00 5.5855e-16
5496.50 6.0155e-16
5498.00 5.7701e-16
5499.50 5.4432e-16
5501.00 5.7636e-16
5502.50 5.4069e-16
5504.00 5.9328e-16
5505.50 5.7738e-16
5507.00 5.7334e-16
5508.50 5.5493e-16
5510.00 5.53e-16
5511.50 5.558e-16
5513.00 6.211e-16
5514.50 5.6641e-16
5516.00 6.0433e-16
5517.50 5.8255e-16
5519.00 5.6541e-16
5520.50 5.6167e-16
5522.00 5.8638e-16
5523.50 5.6399e-16
5525.00 5.9402e-16
5526.50 5.8162e-16
5528.00 5.7095e-16
5529.50 6.1538e-16
5531.00 6.2105e-16
5532.50 6.0247e-16
5534.00 5.9006e-16
5535.50 5.8065e-16
5537.00 5.8581e-16
5538.50 5.5452e-16
5540.00 5.6107e-16
5541.50 6.0147e-16
5543.00 6.3073e-16
5544.50 6.0604e-16
5546.00 5.7532e-16
5547.50 6.0014e-16
5549.00 6.2041e-16
5550.50 6.0076e-16
5552.00 5.5774e-16
5553.50 5.5545e-16
5555.00 5.8586e-16
5556.50 6.1508e-16
5558.00 5.9361e-16
5559.50 6.0465e-16
5561.00 5.6557e-16
5562.50 5.4547e-16
5564.00 5.6224e-16
5565.50 5.5731e-16
5567.00 5.9031e-16
5568.50 5.6508e-16
5570.00 5.2874e-16
5571.50 5.445e-16
5573.00 5.4761e-16
5574.50 5.0036e-16
5576.00 6.4078e-16
5577.50 5.9567e-16
5579.00 5.4158e-16
5580.50 5.0858e-16
5582.00 4.9043e-16
5583.50 4.9362e-16
5585.00 4.9936e-16
5586.50 5.0411e-16
5588.00 4.7524e-16
5589.50 4.8589e-16
5591.00 5.081e-16
5592.50 5.2479e-16
5594.00 5.2925e-16
5595.50 5.2881e-16
5597.00 5.5867e-16
5598.50 5.4611e-16
5600.00 5.0258e-16
5601.50 5.2176e-16
5603.00 5.3327e-16
5604.50 4.9223e-16
5606.00 5.0835e-16
5607.50 5.3321e-16
5609.00 4.9388e-16
5610.50 4.7476e-16
5612.00 4.873e-16
5613.50 4.9931e-16
5615.00 5.0848e-16
5616.50 5.1537e-16
5618.00 4.9684e-16
5619.50 4.566e-16
5621.00 4.5762e-16
5622.50 4.9002e-16
5624.00 5.2905e-16
5625.50 5.2575e-16
5627.00 4.966e-16
5628.50 5.1869e-16
5630.00 5.4147e-16
5631.50 5.2346e-16
5633.00 5.1181e-16
5634.50 5.137e-16
5636.00 5.3333e-16
5637.50 5.2744e-16
5639.00 5.411e-16
5640.50 5.4294e-16
5642.00 5.2753e-16
5643.50 5.3289e-16
5645.00 5.3688e-16
5646.50 5.3564e-16
5648.00 4.876e-16
5649.50 5.3204e-16
5651.00 5.7852e-16
5652.50 5.5283e-16
5654.00 5.1936e-16
5655.50 5.3644e-16
5657.00 5.7545e-16
5658.50 5.6309e-16
5660.00 5.4629e-16
5661.50 5.7549e-16
5663.00 5.5226e-16
5664.50 5.315e-16
5666.00 4.9266e-16
5667.50 5.1991e-16
5669.00 5.5812e-16
5670.50 5.7955e-16
5672.00 5.7934e-16
5673.50 5.5827e-16
5675.00 5.5144e-16
5676.50 5.4285e-16
5678.00 5.7316e-16
5679.50 5.7496e-16
5681.00 5.5833e-16
5682.50 5.7463e-16
5684.00 5.2729e-16
5685.50 5.0783e-16
5687.00 5.5887e-16
5688.50 5.6326e-16
5690.00 5.4317e-16
5691.50 5.8317e-16
5693.00 5.7691e-16
5694.50 5.581e-16
5696.00 5.3409e-16
5697.50 5.2499e-16
5699.00 5.079e-16
5700.50 5.1582e-16
5702.00 5.2435e-16
5703.50 5.1121e-16
5705.00 5.3005e-16
5706.50 5.7302e-16
5708.00 5.6319e-16
5709.50 5.3577e-16
5711.00 5.2634e-16
5712.50 5.1426e-16
5714.00 4.9015e-16
5715.50 4.705e-16
5717.00 5.4217e-16
5718.50 5.4767e-16
5720.00 5.5157e-16
5721.50 5.3368e-16
5723.00 4.8426e-16
5724.50 4.9688e-16
5726.00 5.1573e-16
5727.50 5.5101e-16
5729.00 5.1941e-16
5730.50 4.7474e-16
5732.00 5.072e-16
5733.50 5.0223e-16
5735.00 4.9271e-16
5736.50 5.0637e-16
5738.00 4.9203e-16
5739.50 4.5743e-16
5741.00 4.783e-16
5742.50 4.8775e-16
5744.00 4.8966e-16
5745.50 5.006e-16
5747.00 5.2738e-16
5748.50 4.8019e-16
5750.00 4.7446e-16
5751.50 5.2702e-16
5753.00 5.2252e-16
5754.50 4.994e-16
5756.00 4.7165e-16
5757.50 4.8754e-16
5759.00 4.879e-16
5760.50 4.805e-16
5762.00 5.1867e-16
5763.50 5.4025e-16
5765.00 5.0755e-16
5766.50 5.0918e-16
5768.00 5.2373e-16
5769.50 5.4145e-16
5771.00 5.3524e-16
5772.50 5.031e-16
5774.00 5.1013e-16
5775.50 5.2941e-16
5777.00 5.0644e-16
5778.50 5.0159e-16
5780.00 4.9088e-16
5781.50 4.6368e-16
5783.00 4.6284e-16
5784.50 4.7454e-16
5786.00 4.5509e-16
5787.50 4.8419e-16
5789.00 5.2034e-16
5790.50 5.331e-16
5792.00 4.9121e-16
5793.50 4.383e-16
5795.00 4.6741e-16
5796.50 4.5682e-16
5798.00 4.6918e-16
5799.50 5.0584e-16
5801.00 4.6946e-16
5802.50 4.4538e-16
5804.00 4.7592e-16
5805.50 5.0041e-16
5807.00 4.8015e-16
5808.50 5.136e-16
5810.00 5.0532e-16
5811.50 4.947e-16
5813.00 4.8348e-16
5814.50 5.1864e-16
5816.00 4.6914e-16
5817.50 4.3999e-16
5819.00 4.754e-16
5820.50 4.877e-16
5822.00 4.8221e-16
5823.50 4.7141e-16
5825.00 4.4502e-16
5826.50 4.6475e-16
5828.00 4.6523e-16
5829.50 4.5362e-16
5831.00 4.5456e-16
5832.50 4.4945e-16
5834.00 4.4543e-16
5835.50 4.6246e-16
5837.00 4.9056e-16
5838.50 5.1383e-16
5840.00 4.6362e-16
5841.50 4.6387e-16
5843.00 5.1923e-16
5844.50 4.5349e-16
5846.00 4.2424e-16
5847.50 4.5288e-16
5849.00 4.5549e-16
5850.50 4.6655e-16
5852.00 4.6282e-16
5853.50 4.483e-16
5855.00 4.482e-16
5856.50 4.554e-16
5858.00 4.4655e-16
5859.50 4.3838e-16
5861.00 4.2763e-16
5862.50 4.2438e-16
5864.00 4.4796e-16
5865.50 4.6427e-16
5867.00 4.9073e-16
5868.50 4.9778e-16
5870.00 4.5679e-16
5871.50 4.4482e-16
5873.00 4.8394e-16
5874.50 4.7808e-16
5876.00 4.5055e-16
5877.50 4.6304e-16
5879.00 4.6558e-16
5880.50 4.6021e-16
5882.00 4.8845e-16
5883.50 4.6809e-16
5885.00 4.3009e-16
5886.50 4.6672e-16
5888.00 4.8873e-16
5889.50 4.5223e-16
5891.00 4.5077e-16
5892.50 4.7119e-16
5894.00 4.417e-16
5895.50 4.5524e-16
5897.00 4.6107e-16
5898.50 4.0289e-16
5900.00 4.2434e-16
5901.50 4.7853e-16
5903.00 4.5765e-16
5904.50 4.7691e-16
5906.00 4.8366e-16
5907.50 4.5796e-16
5909.00 4.6776e-16
5910.50 4.5156e-16
5912.00 4.5149e-16
5913.50 4.9475e-16
5915.00 4.9245e-16
5916.50 4.7076e-16
5918.00 4.6434e-16
5919.50 4.8421e-16
5921.00 4.6914e-16
5922.50 4.4479e-16
5924.00 4.8536e-16
5925.50 4.5042e-16
5927.00 4.7914e-16
5928.50 5.2747e-16
5930.00 4.8609e-16
5931.50 4.3949e-16
5933.00 4.4012e-16
5934.50 4.6542e-16
5936.00 5.1403e-16
5937.50 5.3392e-16
5939.00 4.9812e-16
5940.50 4.5908e-16
5942.00 4.6173e-16
5943.50 4.9823e-16
5945.00 4.7812e-16
5946.50 4.5609e-16
5948.00 4.4112e-16
5949.50 3.9761e-16
5951.00 4.5083e-16
5952.50 5.0178e-16
5954.00 4.9079e-16
5955.50 4.4301e-16
5957.00 4.876e-16
5958.50 5.0136e-16
5960.00 4.8662e-16
5961.50 4.9781e-16
5963.00 5.3838e-16
5964.50 4.9543e-16
5966.00 4.8024e-16
5967.50 5.1265e-16
5969.00 5.2285e-16
5970.50 5.0628e-16
5972.00 4.5403e-16
5973.50 4.5579e-16
5975.00 4.7982e-16
5976.50 5.0042e-16
5978.00 4.7955e-16
5979.50 4.3663e-16
5981.00 4.602e-16
5982.50 4.4598e-16
5984.00 4.6104e-16
5985.50 4.7155e-16
5987.00 5.3026e-16
5988.50 5.2904e-16
5990.00 4.9386e-16
5991.50 4.6994e-16
5993.00 4.8059e-16
5994.50 4.5994e-16
5996.00 4.6798e-16
5997.50 4.9939e-16
5999.00 5.2776e-16
6000.50 5.3296e-16
6002.00 5.3246e-16
6003.50 4.8374e-16
6005.00 4.6817e-16
6006.50 4.929e-16
6008.00 5.0999e-16
6009.50 4.6663e-16
6011.00 4.5825e-16
6012.50 4.1484e-16
6014.00 4.1521e-16
6015.50 4.8897e-16
6017.00 4.8796e-16
6018.50 5.2133e-16
6020.00 5.183e-16
6021.50 4.9164e-16
6023.00 5.0499e-16
6024.50 4.8544e-16
6026.00 4.8793e-16
6027.50 4.2236e-16
6029.00 4.3461e-16
6030.50 4.3252e-16
6032.00 4.6563e-16
6033.50 5.0181e-16
6035.00 4.8901e-16
6036.50 4.9504e-16
6038.00 4.7844e-16
6039.50 4.5956e-16
6041.00 4.6793e-16
6042.50 4.3197e-16
6044.00 4.0202e-16
6045.50 4.173e-16
6047.00 4.5964e-16
6048.50 4.3814e-16
6050.00 4.1664e-16
6051.50 4.1664e-16
6053.00 4.8141e-16
6054.50 4.4869e-16
6056.00 4.5088e-16
6057.50 4.6735e-16
6059.00 4.9077e-16
6060.50 4.987e-16
6062.00 4.8888e-16
6063.50 4.6327e-16
6065.00 4.6043e-16
6066.50 4.2328e-16
6068.00 4.4225e-16
6069.50 5.0349e-16
6071.00 4.7245e-16
6072.50 4.3321e-16
6074.00 4.2124e-16
6075.50 4.5388e-16
6077.00 4.7153e-16
6078.50 4.4588e-16
6080.00 4.5318e-16
6081.50 4.5592e-16
6083.00 4.4753e-16
6084.50 4.6019e-16
6086.00 4.5423e-16
6087.50 4.4581e-16
6089.00 4.7246e-16
6090.50 4.4532e-16
6092.00 4.4274e-16
6093.50 4.5178e-16
6095.00 4.3025e-16
6096.50 4.3164e-16
6098.00 4.4581e-16
6099.50 4.7166e-16
6101.00 4.5098e-16
6102.50 4.4455e-16
6104.00 4.7926e-16
6105.50 4.6233e-16
6107.00 4.5487e-16
6108.50 4.8552e-16
6110.00 5.3459e-16
6111.50 5.4766e-16
6113.00 4.8761e-16
6114.50 4.6193e-16
6116.00 4.5803e-16
6117.50 4.5457e-16
6119.00 4.4941e-16
6120.50 4.5181e-16
6122.00 4.9295e-16
6123.50 4.7512e-16
6125.00 4.4589e-16
6126.50 4.4965e-16
6128.00 4.5988e-16
6129.50 4.9016e-16
6131.00 4.8773e-16
6132.50 4.741e-16
6134.00 4.5598e-16
6135.50 4.3841e-16
6137.00 4.1408e-16
6138.50 4.5817e-16
6140.00 4.7069e-16
6141.50 4.4605e-16
6143.00 4.2784e-16
6144.50 4.5183e-16
6146.00 5.0247e-16
6147.50 4.6324e-16
6149.00 4.56e-16
6150.50 4.4349e-16
6152.00 4.5167e-16
6153.50 4.8257e-16
6155.00 5.112e-16
6156.50 4.5478e-16
6158.00 4.432e-16
6159.50 4.6796e-16
6161.00 4.7815e-16
6162.50 4.6006e-16
6164.00 4.5522e-16
6165.50 4.7487e-16
6167.00 4.5394e-16
6168.50 4.515e-16
6170.00 4.207e-16
6171.50 4.1849e-16
6173.00 4.3994e-16
6174.50 4.5967e-16
6176.00 4.1307e-16
6177.50 4.1296e-16
6179.00 4.469e-16
6180.50 4.7419e-16
6182.00 4.3604e-16
6183.50 4.4726e-16
6185.00 4.4459e-16
6186.50 4.3728e-16
6188.00 4.8532e-16
6189.50 4.779e-16
6191.00 4.6254e-16
6192.50 4.3129e-16
6194.00 4.2551e-16
6195.50 4.5462e-16
6197.00 4.3575e-16
6198.50 4.3989e-16
6200.00 4.3332e-16
6201.50 4.4447e-16
6203.00 4.3696e-16
6204.50 4.4302e-16
6206.00 4.6615e-16
6207.50 4.7251e-16
6209.00 4.3818e-16
6210.50 4.2e-16
6212.00 4.3549e-16
6213.50 4.1256e-16
6215.00 4.0594e-16
6216.50 4.4814e-16
6218.00 4.3058e-16
6219.50 4.4949e-16
6221.00 4.3608e-16
6222.50 4.2195e-16
6224.00 4.1596e-16
6225.50 4.4377e-16
6227.00 4.4934e-16
6228.50 4.4956e-16
6230.00 4.2215e-16
6231.50 4.1021e-16
6233.00 4.1138e-16
6234.50 4.4364e-16
6236.00 4.2387e-16
6237.50 4.3132e-16
6239.00 4.2676e-16
6240.50 4.0613e-16
6242.00 3.9266e-16
6243.50 4.1137e-16
6245.00 4.2634e-16
6246.50 4.7029e-16
6248.00 4.3957e-16
6249.50 4.159e-16
6251.00 4.0778e-16
6252.50 4.1341e-16
6254.00 4.0904e-16
6255.50 4.2877e-16
6257.00 4.3695e-16
6258.50 4.1754e-16
6260.00 4.2983e-16
6261.50 4.6877e-16
6263.00 4.8129e-16
6264.50 4.7419e-16
6266.00 4.719e-16
6267.50 4.623e-16
6269.00 4.5225e-16
6270.50 4.5381e-16
6272.00 4.7666e-16
6273.50 4.7409e-16
6275.00 4.1789e-16
6276.50 4.5497e-16
6278.00 4.416e-16
6279.50 4.2325e-16
6281.00 4.7595e-16
6282.50 4.7255e-16
6284.00 4.2762e-16
6285.50 4.4177e-16
6287.00 4.2736e-16
6288.50 4.2603e-16
6290.00 4.5229e-16
6291.50 4.3836e-16
6293.00 4.5028e-16
6294.50 4.5094e-16
6296.00 4.063e-16
6297.50 4.5907e-16
6299.00 4.9769e-16
6300.50 4.3745e-16
6302.00 4.4083e-16
6303.50 4.3685e-16
6305.00 4.1726e-16
6306.50 4.5536e-16
6308.00 4.7901e-16
6309.50 4.3009e-16
6311.00 4.0949e-16
6312.50 4.6454e-16
6314.00 4.8592e-16
6315.50 4.7275e-16
6317.00 4.7083e-16
6318.50 4.7827e-16
6320.00 4.5895e-16
6321.50 4.686e-16
6323.00 4.7838e-16
6324.50 4.5639e-16
6326.00 4.5822e-16
6327.50 4.5029e-16
6329.00 4.4922e-16
6330.50 4.5993e-16
6332.00 4.5372e-16
6333.50 4.4761e-16
6335.00 4.7558e-16
6336.50 4.5821e-16
6338.00 4.3786e-16
6339.50 4.6701e-16
6341.00 4.6291e-16
6342.50 4.3159e-16
6344.00 4.2996e-16
6345.50 4.2251e-16
6347.00 4.5781e-16
6348.50 4.3045e-16
6350.00 4.0307e-16
6351.50 3.9212e-16
6353.00 4.3473e-16
6354.50 4.837e-16
6356.00 4.8207e-16
6357.50 4.4506e-16
6359.00 4.7089e-16
6360.50 4.5015e-16
6362.00 4.2459e-16
6363.50 4.361e-16
6365.00 4.3052e-16
6366.50 4.9307e-16
6368.00 4.962e-16
6369.50 4.2717e-16
6371.00 4.2225e-16
6372.50 4.4514e-16
6374.00 4.6994e-16
6375.50 4.66e-16
6377.00 4.7251e-16
6378.50 4.6995e-16
6380.00 4.7616e-16
6381.50 4.4616e-16
6383.00 3.6084e-16
6384.50 3.9782e-16
6386.00 4.3572e-16
6387.50 4.2683e-16
6389.00 4.1655e-16
6390.50 4.4218e-16
6392.00 4.2734e-16
6393.50 4.2251e-16
6395.00 4.0804e-16
6396.50 4.0623e-16
6398.00 4.4383e-16
6399.50 4.4707e-16
6401.00 4.0468e-16
6402.50 3.9183e-16
6404.00 4.1325e-16
6405.50 4.2705e-16
6407.00 4.0459e-16
6408.50 4.0387e-16
6410.00 4.1796e-16
6411.50 4.264e-16
6413.00 4.1192e-16
6414.50 3.9142e-16
6416.00 4.2893e-16
6417.50 4.2986e-16
6419.00 3.9127e-16
6420.50 4.2721e-16
6422.00 4.1314e-16
6423.50 3.9887e-16
6425.00 4.2047e-16
6426.50 4.2482e-16
6428.00 3.7207e-16
6429.50 4.1961e-16
6431.00 4.1714e-16
6432.50 3.9095e-16
6434.00 4.053e-16
6435.50 3.893e-16
6437.00 4.1057e-16
6438.50 3.9834e-16
6440.00 4.0047e-16
6441.50 4.0794e-16
6443.00 3.8347e-16
6444.50 3.6585e-16
6446.00 3.7329e-16
6447.50 4.1738e-16
6449.00 4.1978e-16
6450.50 4.4114e-16
6452.00 4.488e-16
6453.50 3.6247e-16
6455.00 3.7224e-16
6456.50 4.1057e-16
6458.00 3.9452e-16
6459.50 3.7989e-16
6461.00 3.7296e-16
6462.50 3.7721e-16
6464.00 4.2317e-16
6465.50 4.0357e-16
6467.00 3.7631e-16
6468.50 3.7347e-16
6470.00 3.9227e-16
6471.50 3.8808e-16
6473.00 3.9836e-16
6474.50 4.4794e-16
6476.00 4.35e-16
6477.50 4.1308e-16
6479.00 4.3322e-16
6480.50 4.0704e-16
6482.00 3.8299e-16
6483.50 3.9033e-16
6485.00 4.1009e-16
6486.50 3.8276e-16
6488.00 3.8085e-16
6489.50 4.1834e-16
6491.00 4.2314e-16
6492.50 4.249e-16
6494.00 4.0385e-16
6495.50 4.1188e-16
6497.00 4.1349e-16
6498.50 4.2078e-16
6500.00 4.6434e-16
6501.50 4.6598e-16
6503.00 4.2422e-16
6504.50 4.319e-16
6506.00 4.3183e-16
6507.50 4.13e-16
6509.00 4.4631e-16
6510.50 4.3082e-16
6512.00 4.2425e-16
6513.50 4.3683e-16
6515.00 4.2644e-16
6516.50 4.4549e-16
6518.00 4.3921e-16
6519.50 4.266e-16
6521.00 4.3921e-16
6522.50 4.6411e-16
6524.00 4.627e-16
6525.50 4.4127e-16
6527.00 4.4928e-16
6528.50 4.6066e-16
6530.00 4.7487e-16
6531.50 4.9043e-16
6533.00 4.8143e-16
6534.50 4.5964e-16
6536.00 4.3452e-16
6537.50 4.4815e-16
6539.00 4.9244e-16
6540.50 4.8622e-16
6542.00 4.6137e-16
6543.50 4.6611e-16
6545.00 4.9155e-16
6546.50 4.8689e-16
6548.00 4.8432e-16
6549.50 4.8447e-16
6551.00 5.0117e-16
6552.50 5.0474e-16
6554.00 4.8063e-16
6555.50 5.0764e-16
6557.00 5.2715e-16
6558.50 4.5569e-16
6560.00 4.5638e-16
6561.50 5.0021e-16
6563.00 4.8337e-16
6564.50 4.8019e-16
6566.00 5.0371e-16
6567.50 5.011e-16
6569.00 5.3187e-16
6570.50 5.4723e-16
6572.00 4.915e-16
6573.50 4.8997e-16
6575.00 5.2749e-16
6576.50 5.1218e-16
6578.00 5.2315e-16
6579.50 5.2773e-16
6581.00 5.2597e-16
6582.50 5.5562e-16
6584.00 5.424e-16
6585.50 5.5802e-16
6587.00 4.9752e-16
6588.50 5.2037e-16
6590.00 5.7826e-16
6591.50 5.0356e-16
6593.00 5.4386e-16
6594.50 5.329e-16
6596.00 5.2556e-16
6597.50 5.7271e-16
6599.00 5.2183e-16
6600.50 4.7795e-16
6602.00 5.0921e-16
6603.50 5.6164e-16
6605.00 5.5621e-16
6606.50 5.3671e-16
6608.00 5e-16
6609.50 5.5286e-16
6611.00 5.825e-16
6612.50 5.2951e-16
6614.00 5.1405e-16
6615.50 5.0763e-16
6617.00 5.1107e-16
6618.50 5.3515e-16
6620.00 5.2603e-16
6621.50 5.5643e-16
6623.00 5.9362e-16
6624.50 6.2692e-16
6626.00 6.7511e-16
6627.50 7.7578e-16
6629.00 8.7154e-16
6630.50 1.0018e-15
6632.00 1.175e-15
6633.50 1.2564e-15
6635.00 1.2818e-15
6636.50 1.2515e-15
6638.00 1.1136e-15
6639.50 1.0259e-15
6641.00 9.5095e-16
6642.50 8.0264e-16
6644.00 7.4262e-16
6645.50 7.2301e-16
6647.00 6.731e-16
6648.50 6.7464e-16
6650.00 5.7458e-16
6651.50 6.0497e-16
6653.00 6.5408e-16
6654.50 5.9855e-16
6656.00 5.9257e-16
6657.50 5.7444e-16
6659.00 5.9954e-16
6660.50 5.8299e-16
6662.00 6.0318e-16
6663.50 5.5281e-16
6665.00 5.542e-16
6666.50 5.7112e-16
6668.00 5.3705e-16
6669.50 5.5699e-16
6671.00 5.7208e-16
6672.50 5.3507e-16
6674.00 5.3797e-16
6675.50 5.4528e-16
6677.00 5.3655e-16
6678.50 5.5138e-16
6680.00 5.2697e-16
6681.50 5.2747e-16
6683.00 5.5514e-16
6684.50 5.4991e-16
6686.00 5.326e-16
6687.50 5.6142e-16
6689.00 5.6365e-16
6690.50 5.3042e-16
6692.00 4.9551e-16
6693.50 5.0494e-16
6695.00 4.9225e-16
6696.50 4.7892e-16
6698.00 5.009e-16
6699.50 5.0783e-16
6701.00 4.9512e-16
6702.50 4.8882e-16
6704.00 5.0127e-16
6705.50 5.2268e-16
6707.00 5.0669e-16
6708.50 4.7773e-16
6710.00 4.5007e-16
6711.50 4.6059e-16
6713.00 4.7502e-16
6714.50 4.5279e-16
6716.00 4.676e-16
6717.50 4.8301e-16
6719.00 4.8538e-16
6720.50 4.7382e-16
6722.00 4.7144e-16
6723.50 4.9566e-16
6725.00 4.8367e-16
6726.50 4.4675e-16
6728.00 4.3302e-16
6729.50 4.6687e-16
6731.00 5.0413e-16
6732.50 4.6324e-16
6734.00 4.6661e-16
6735.50 4.7731e-16
6737.00 4.5968e-16
6738.50 4.6919e-16
6740.00 4.6556e-16
6741.50 4.4014e-16
6743.00 4.453e-16
6744.50 4.8973e-16
6746.00 4.5829e-16
6747.50 4.1912e-16
6749.00 4.4529e-16
6750.50 5.0118e-16
6752.00 5.0056e-16
6753.50 4.5914e-16
6755.00 4.4315e-16
6756.50 4.2808e-16
6758.00 4.2872e-16
6759.50 4.5157e-16
6761.00 4.5198e-16
6762.50 4.435e-16
6764.00 4.7203e-16
6765.50 4.7498e-16
6767.00 4.3398e-16
6768.50 3.8693e-16
6770.00 3.8937e-16
6771.50 4.2606e-16
6773.00 4.5842e-16
6774.50 4.4422e-16
6776.00 4.2905e-16
6777.50 4.2783e-16
6779.00 4.2527e-16
6780.50 4.184e-16
6782.00 4.4425e-16
6783.50 4.2327e-16
6785.00 4.2917e-16
6786.50 4.0437e-16
6788.00 3.826e-16
6789.50 3.9707e-16
6791.00 4.0582e-16
6792.50 4.1606e-16
6794.00 4.1459e-16
6795.50 3.9314e-16
6797.00 4.1728e-16
6798.50 4.1492e-16
6800.00 3.6432e-16
6801.50 4.0886e-16
6803.00 4.143e-16
6804.50 4.2017e-16
6806.00 4.3753e-16
6807.50 4.2078e-16
6809.00 4.0073e-16
6810.50 4.2225e-16
6812.00 4.2778e-16
6813.50 4.0673e-16
6815.00 4.0684e-16
6816.50 4.1477e-16
6818.00 4.4824e-16
6819.50 4.5444e-16
6821.00 4.206e-16
6822.50 3.705e-16
6824.00 3.9969e-16
6825.50 4.4383e-16
6827.00 4.2335e-16
6828.50 4.1054e-16
6830.00 4.1869e-16
6831.50 4.3794e-16
6833.00 4.2614e-16
6834.50 4.4391e-16
6836.00 4.3612e-16
6837.50 4.0907e-16
6839.00 4.2554e-16
6840.50 3.8368e-16
6842.00 3.7402e-16
6843.50 3.9839e-16
6845.00 4.449e-16
6846.50 3.8568e-16
6848.00 4.0415e-16
6849.50 4.3238e-16
6851.00 4.1234e-16
6852.50 3.9884e-16
6854.00 4.3297e-16
6855.50 4.257e-16
6857.00 4.2651e-16
6858.50 4.0135e-16
6860.00 3.882e-16
6861.50 3.9332e-16
6863.00 4.5252e-16
6864.50 4.6148e-16
6866.00 4.2297e-16
6867.50 4.0184e-16
6869.00 4.1335e-16
6870.50 3.3513e-16
6872.00 4.3314e-16
6873.50 4.0395e-16
6875.00 4.1164e-16
6876.50 4.7307e-16
6878.00 4.9003e-16
6879.50 4.4529e-16
6881.00 4.0432e-16
6882.50 4.402e-16
6884.00 4.1603e-16
6885.50 3.98e-16
6887.00 4.0652e-16
6888.50 4.1211e-16
6890.00 4.2969e-16
6891.50 4.2624e-16
6893.00 4.1218e-16
6894.50 4.5595e-16
6896.00 4.8107e-16
6897.50 4.2408e-16
6899.00 3.677e-16
6900.50 3.8148e-16
6902.00 4.039e-16
6903.50 3.9393e-16
6905.00 3.9626e-16
6906.50 4.4257e-16
6908.00 4.3793e-16
6909.50 3.9237e-16
6911.00 4.3004e-16
6912.50 4.311e-16
6914.00 3.8102e-16
6915.50 4.0708e-16
6917.00 4.1921e-16
6918.50 3.778e-16
6920.00 4.015e-16
6921.50 3.8194e-16
6923.00 3.7513e-16
6924.50 3.6213e-16
6926.00 3.6372e-16
6927.50 3.9349e-16
6929.00 3.8247e-16
6930.50 3.7375e-16
6932.00 3.9851e-16
6933.50 3.8872e-16
6935.00 4.2937e-16
6936.50 4.1888e-16
6938.00 3.9775e-16
6939.50 3.9589e-16
6941.00 3.5094e-16
6942.50 3.0439e-16
6944.00 3.2293e-16
6945.50 3.6996e-16
6947.00 4.4498e-16
6948.50 4.2442e-16
6950.00 4.2704e-16
6951.50 3.8991e-16
6953.00 3.3498e-16
6954.50 3.9081e-16
6956.00 4.1317e-16
6957.50 3.8623e-16
6959.00 3.8217e-16
6960.50 3.8734e-16
6962.00 3.4516e-16
6963.50 3.2098e-16
6965.00 3.3182e-16
6966.50 3.5198e-16
6968.00 3.3332e-16
6969.50 3.3955e-16
6971.00 4.0018e-16
6972.50 3.9738e-16
6974.00 3.741e-16
6975.50 3.54e-16
6977.00 3.4817e-16
6978.50 3.8809e-16
6980.00 3.9184e-16
6981.50 3.8675e-16
6983.00 3.9628e-16
6984.50 3.8007e-16
6986.00 3.6117e-16
6987.50 3.5036e-16
6989.00 3.7125e-16
6990.50 3.992e-16
6992.00 3.8531e-16
6993.50 3.7557e-16
6995.00 3.9066e-16
6996.50 3.8707e-16
6998.00 3.6938e-16
6999.50 3.6668e-16
7001.00 3.814e-16
7002.50 4.017e-16
7004.00 3.4788e-16
7005.50 3.5458e-16
7007.00 4.017e-16
7008.50 3.9486e-16
7010.00 3.6647e-16
7011.50 3.1788e-16
7013.00 3.7017e-16
7014.50 3.9409e-16
7016.00 3.4587e-16
7017.50 3.5958e-16
7019.00 3.8405e-16
7020.50 3.9408e-16
7022.00 3.9406e-16
7023.50 3.4348e-16
7025.00 3.4841e-16
7026.50 3.2909e-16
7028.00 3.4604e-16
7029.50 3.8456e-16
7031.00 3.6072e-16
7032.50 3.5253e-16
7034.00 3.4544e-16
7035.50 3.485e-16
7037.00 3.6612e-16
7038.50 3.9694e-16
7040.00 4.1045e-16
7041.50 3.5464e-16
7043.00 3.3762e-16
7044.50 3.5878e-16
7046.00 3.8657e-16
7047.50 4.0319e-16
7049.00 4.1278e-16
7050.50 3.8073e-16
7052.00 3.5453e-16
7053.50 3.5916e-16
7055.00 3.7566e-16
7056.50 3.8328e-16
7058.00 3.7219e-16
7059.50 3.782e-16
7061.00 4.1892e-16
7062.50 3.9858e-16
7064.00 4.111e-16
7065.50 4.1843e-16
7067.00 3.813e-16
7068.50 3.6508e-16
7070.00 3.3619e-16
7071.50 3.3354e-16
7073.00 3.5015e-16
7074.50 3.7601e-16
7076.00 3.7494e-16
7077.50 3.3229e-16
7079.00 3.5583e-16
7080.50 3.5404e-16
7082.00 3.7959e-16
7083.50 4.2759e-16
7085.00 3.8858e-16
7086.50 4.1683e-16
7088.00 3.8076e-16
7089.50 3.6492e-16
7091.00 3.6865e-16
7092.50 3.5911e-16
7094.00 3.8332e-16
7095.50 3.7121e-16
7097.00 3.6173e-16
7098.50 3.5041e-16
7100.00 3.8577e-16
7101.50 3.7713e-16
7103.00 3.4857e-16
7104.50 3.5761e-16
7106.00 3.6551e-16
7107.50 3.6862e-16
7109.00 3.822e-16
7110.50 3.4867e-16
7112.00 3.4065e-16
7113.50 3.4244e-16
7115.00 3.5577e-16
7116.50 3.7116e-16
7118.00 3.6202e-16
7119.50 3.3458e-16
7121.00 3.7016e-16
7122.50 3.769e-16
7124.00 3.5449e-16
7125.50 3.7535e-16
7127.00 3.6374e-16
7128.50 3.4548e-16
7130.00 3.8707e-16
7131.50 3.7054e-16
7133.00 3.5495e-16
7134.50 3.7437e-16
7136.00 4.0031e-16
7137.50 3.6851e-16
7139.00 3.9565e-16
7140.50 3.8631e-16
7142.00 3.5196e-16
7143.50 3.7284e-16
7145.00 3.3355e-16
7146.50 3.5312e-16
7148.00 3.7131e-16
7149.50 3.6155e-16
7151.00 3.7795e-16
7152.50 3.9828e-16
7154.00 3.8035e-16
7155.50 3.589e-16
7157.00 3.2281e-16
7158.50 3.3959e-16
7160.00 3.8215e-16
7161.50 3.699e-16
7163.00 3.8523e-16
7164.50 3.5054e-16
7166.00 3.9322e-16
7167.50 3.7144e-16
7169.00 3.591e-16
7170.50 3.917e-16
7172.00 3.658e-16
7173.50 3.7531e-16
7175.00 3.9868e-16
7176.50 3.8583e-16
7178.00 3.7298e-16
7179.50 3.6012e-16
7181.00 3.4727e-16
7182.50 3.4727e-16
7184.00 3.5945e-16
7185.50 3.6359e-16
7187.00 3.5142e-16
7188.50 3.3046e-16
7190.00 3.5075e-16
7191.50 3.5964e-16
7193.00 3.5667e-16
7194.50 3.8098e-16
7196.00 3.8712e-16
7197.50 3.8422e-16
7199.00 3.6859e-16
7200.50 3.511e-16
7202.00 3.5521e-16
7203.50 3.8014e-16
7205.00 3.5399e-16
7206.50 3.3855e-16
7208.00 3.566e-16
7209.50 3.8179e-16
7211.00 3.6438e-16
7212.50 3.5263e-16
7214.00 3.4449e-16
7215.50 3.6079e-16
7217.00 3.6291e-16
7218.50 3.6682e-16
7220.00 4.2309e-16
7221.50 4.1198e-16
7223.00 3.8515e-16
7224.50 3.7657e-16
7226.00 3.6709e-16
7227.50 3.3799e-16
7229.00 3.214e-16
7230.50 3.6374e-16
7232.00 3.6957e-16
7233.50 3.5686e-16
7235.00 3.5574e-16
7236.50 3.1825e-16
7238.00 3.4822e-16
7239.50 3.4455e-16
7241.00 3.2471e-16
7242.50 3.4125e-16
7244.00 3.4462e-16
7245.50 3.6462e-16
7247.00 3.5649e-16
7248.50 3.3008e-16
7250.00 3.4217e-16
7251.50 3.5563e-16
7253.00 3.6105e-16
7254.50 3.2857e-16
7256.00 3.0336e-16
7257.50 3.2901e-16
7259.00 3.2975e-16
7260.50 3.1949e-16
7262.00 3.4123e-16
7263.50 3.5723e-16
7265.00 3.6336e-16
7266.50 3.779e-16
7268.00 3.5279e-16
7269.50 3.4227e-16
7271.00 3.899e-16
7272.50 3.5834e-16
7274.00 3.3694e-16
7275.50 3.484e-16
7277.00 3.5274e-16
7278.50 3.5461e-16
7280.00 3.7274e-16
7281.50 3.8629e-16
7283.00 3.5992e-16
7284.50 3.509e-16
7286.00 3.6863e-16
7287.50 3.4114e-16
7289.00 3.2923e-16
7290.50 3.5486e-16
7292.00 3.5481e-16
7293.50 3.5225e-16
7295.00 3.2797e-16
7296.50 3.3905e-16
7298.00 3.5692e-16
7299.50 3.5255e-16
7301.00 3.3226e-16
7302.50 2.963e-16
7304.00 3.4656e-16
7305.50 4.4057e-16
7307.00 3.5627e-16
7308.50 2.8843e-16
7310.00 3.405e-16
7311.50 3.7432e-16
7313.00 3.9809e-16
7314.50 3.7184e-16
7316.00 3.6321e-16
7317.50 3.7292e-16
7319.00 3.3822e-16
7320.50 3.4356e-16
7322.00 3.5977e-16
7323.50 3.6378e-16
7325.00 3.9297e-16
7326.50 4.0582e-16
7328.00 3.8824e-16
7329.50 3.6345e-16
7331.00 3.5092e-16
7332.50 3.4872e-16
7334.00 3.2789e-16
7335.50 3.3067e-16
7337.00 3.1826e-16
7338.50 3.2174e-16
7340.00 3.6094e-16
7341.50 3.6904e-16
7343.00 3.6032e-16
7344.50 3.1048e-16
7346.00 3.2262e-16
7347.50 3.8307e-16
7349.00 3.6369e-16
7350.50 3.3572e-16
7352.00 3.4974e-16
7353.50 3.6391e-16
7355.00 3.4681e-16
7356.50 3.2744e-16
7358.00 3.3139e-16
7359.50 3.1384e-16
7361.00 3.0254e-16
7362.50 3.4621e-16
7364.00 3.2761e-16
7365.50 3.1834e-16
7367.00 3.3956e-16
7368.50 3.6207e-16
7370.00 3.2799e-16
7371.50 3.5117e-16
7373.00 3.5063e-16
7374.50 3.3958e-16
7376.00 3.1575e-16
7377.50 3.2739e-16
7379.00 3.313e-16
7380.50 3.2572e-16
7382.00 3.6078e-16
7383.50 3.7612e-16
7385.00 3.3636e-16
7386.50 3.3116e-16
7388.00 3.4499e-16
7389.50 3.4435e-16
7391.00 3.5262e-16
7392.50 3.6102e-16
7394.00 3.9555e-16
7395.50 4.1095e-16
7397.00 3.6377e-16
7398.50 3.2875e-16
7400.00 3.327e-16
7401.50 3.3915e-16
7403.00 3.4427e-16
7404.50 3.2604e-16
7406.00 3.3771e-16
7407.50 3.4537e-16
7409.00 3.2928e-16
7410.50 3.425e-16
7412.00 3.4277e-16
7413.50 3.1101e-16
7415.00 3.2245e-16
7416.50 3.5052e-16
7418.00 3.259e-16
7419.50 2.9834e-16
7421.00 2.9309e-16
7422.50 3.006e-16
7424.00 3.2742e-16
7425.50 3.2058e-16
7427.00 3.0629e-16
7428.50 3.3569e-16
7430.00 3.234e-16
7431.50 3.5557e-16
7433.00 3.2644e-16
7434.50 3.1933e-16
7436.00 2.847e-16
7437.50 3.0566e-16
7439.00 3.3928e-16
7440.50 3.2654e-16
7442.00 2.8437e-16
7443.50 2.6173e-16
7445.00 2.9459e-16
7446.50 3.2239e-16
7448.00 3.2661e-16
7449.50 3.3507e-16
7451.00 2.9376e-16
7452.50 2.9014e-16
7454.00 3.2553e-16
7455.50 3.1193e-16
7457.00 2.8963e-16
7458.50 2.9292e-16
7460.00 2.9647e-16
7461.50 2.7695e-16
7463.00 3.0546e-16
7464.50 3.0851e-16
7466.00 3.0011e-16
7467.50 3.2589e-16
7469.00 3.2876e-16
7470.50 2.9996e-16
7472.00 2.9246e-16
7473.50 3.273e-16
7475.00 3.0979e-16
7476.50 2.7906e-16
7478.00 3.0174e-16
7479.50 3.3331e-16
7481.00 3.0244e-16
7482.50 3.0225e-16
7484.00 3.4439e-16
7485.50 3.133e-16
7487.00 2.9726e-16
7488.50 2.9691e-16
7490.00 3.2162e-16
7491.50 3.5328e-16
7493.00 3.1652e-16
7494.50 2.7574e-16
7496.00 2.9197e-16
7497.50 3.176e-16
7499.00 3.099e-16
7500.50 3.0616e-16
7502.00 3.133e-16
7503.50 3.0056e-16
7505.00 2.8808e-16
7506.50 2.8004e-16
7508.00 2.9055e-16
7509.50 2.9086e-16
7511.00 3.2397e-16
7512.50 3.5011e-16
7514.00 3.1753e-16
7515.50 2.5997e-16
7517.00 3.093e-16
7518.50 3.2107e-16
7520.00 3.0075e-16
7521.50 2.6611e-16
7523.00 2.9498e-16
7524.50 2.9873e-16
7526.00 3.2172e-16
7527.50 2.9972e-16
7529.00 2.7326e-16
7530.50 2.94e-16
7532.00 2.8692e-16
7533.50 3.1141e-16
7535.00 3.2072e-16
7536.50 2.8467e-16
7538.00 2.8414e-16
7539.50 2.8674e-16
7541.00 3.0996e-16
