# wavelength flux
3400.60539 -1.33384e-18
3402.49802 -4.83360e-18
3404.40077 3.31303e-19
3406.30352 2.68265e-18
3408.19614 2.21782e-18
3410.09889 1.80809e-18
3411.99152 5.80628e-19
3413.89427 -1.77430e-18
3415.79702 -9.47059e-19
3417.68964 6.02317e-18
3419.59239 7.16844e-18
3421.48502 3.09770e-18
3423.38777 4.33953e-18
3425.29051 8.18784e-18
3427.18314 5.30692e-18
3429.08589 4.19727e-18
3430.98864 6.73155e-18
3432.88126 7.37976e-18
3434.78401 5.33939e-18
3436.67664 -1.78788e-18
3438.57939 -5.26154e-18
3440.48213 -2.36239e-18
3442.37476 3.55632e-19
3444.27751 3.82312e-18
3446.18026 1.91684e-18
3448.07289 -1.57794e-18
3449.97563 4.15717e-18
3451.86826 7.35853e-18
3453.77101 4.97526e-18
3455.67376 5.00960e-18
3457.56638 4.30150e-18
3459.46913 5.97418e-18
3461.36176 9.97257e-18
3463.26451 1.04813e-17
3465.16725 7.45400e-18
3467.05988 4.20236e-18
3468.96263 2.67606e-18
3470.85526 2.77102e-18
3472.75800 3.99820e-18
3474.66075 3.05591e-18
3476.55338 2.61508e-18
3478.45613 1.47299e-18
3480.35887 3.82185e-18
3482.25150 5.65527e-18
3484.15425 1.04722e-19
3486.04688 7.83496e-19
3487.94963 1.46217e-18
3489.85237 2.14066e-18
3491.74500 2.81896e-18
3493.64775 3.49699e-18
3495.55050 7.17591e-18
3497.44312 3.39523e-18
3499.34587 1.81204e-18
3501.23850 3.58275e-18
3503.14125 5.50263e-18
3505.04399 4.04399e-18
3506.93662 -3.48696e-19
3508.83937 -2.02367e-18
3510.73200 4.00046e-19
3512.63474 3.45980e-18
3514.53749 5.09567e-18
3516.43012 6.60383e-18
3518.33287 6.74277e-18
3520.23562 5.40942e-18
3522.12824 5.24549e-18
3524.03099 4.28894e-18
3525.92362 4.86869e-18
3527.82636 5.03859e-18
3529.72911 5.36105e-18
3531.62174 7.67691e-18
3533.52449 7.34308e-18
3535.41712 5.67224e-18
3537.31986 3.17516e-18
3539.22261 2.83257e-18
3541.11524 5.15368e-18
3543.01799 6.62323e-18
3544.91061 7.21780e-18
3546.81336 6.31027e-18
3548.71611 3.64096e-18
3550.60874 3.04085e-18
3552.51148 6.57206e-18
3554.41423 7.29881e-18
3556.30686 4.61206e-18
3558.20961 5.78916e-18
3560.10223 7.16530e-18
3562.00498 5.15962e-18
3563.90773 4.14678e-18
3565.80036 4.87506e-18
3567.70311 4.75483e-18
3569.60585 3.20895e-18
3571.49848 3.70584e-18
3573.40123 6.88616e-18
3575.29386 8.66277e-18
3577.19660 9.17776e-18
3579.09935 7.84914e-18
3580.99198 6.62185e-18
3582.89473 7.44186e-18
3584.78735 9.65075e-18
3586.69010 8.53908e-18
3588.59285 6.30316e-18
3590.48548 7.04985e-18
3592.38822 7.34247e-18
3594.28085 4.82505e-18
3596.18360 8.42197e-18
3598.08635 1.22713e-17
3599.97897 9.56517e-18
3601.88172 8.32407e-18
3603.78447 7.88479e-18
3605.67710 5.18164e-18
3607.57984 5.20763e-18
3609.47247 7.76865e-18
3611.37522 9.11772e-18
3613.27797 8.55307e-18
3615.17059 7.84029e-18
3617.07334 9.13642e-18
3618.97609 1.28162e-17
3620.86872 1.19097e-17
3622.77147 6.05297e-18
3624.66409 4.40771e-18
3626.56684 6.86689e-18
3628.46959 8.25357e-18
3630.36222 7.07369e-18
3632.26496 6.34150e-18
3634.15759 7.29511e-18
3636.06034 6.33699e-18
3637.96309 5.17523e-18
3639.85571 7.46575e-18
3641.75846 8.37789e-18
3643.65109 7.08824e-18
3645.55384 8.43792e-18
3647.45658 9.49985e-18
3649.34921 7.94995e-18
3651.25196 6.94214e-18
3653.15471 6.57365e-18
3655.04733 6.74511e-18
3656.95008 7.20297e-18
3658.84271 7.52556e-18
3660.74546 8.13476e-18
3662.64821 9.70569e-18
3664.54083 9.46020e-18
3666.44358 6.65469e-18
3668.33621 6.26741e-18
3670.23896 8.06219e-18
3672.14170 8.86418e-18
3674.03433 8.53725e-18
3675.93708 8.28465e-18
3677.83983 8.39859e-18
3679.73245 8.10359e-18
3681.63520 6.77021e-18
3683.52783 6.34196e-18
3685.43058 7.55268e-18
3687.33333 7.91910e-18
3689.22595 8.56527e-18
3691.12870 8.16076e-18
3693.02133 7.47899e-18
3694.92407 7.45257e-18
3696.82682 7.47388e-18
3698.71945 8.14376e-18
3700.62220 9.04159e-18
3702.52495 8.35818e-18
3704.41757 7.34149e-18
3706.32032 6.13367e-18
3708.21295 5.71014e-18
3710.11570 6.42704e-18
3712.01844 6.12577e-18
3713.91107 5.07604e-18
3715.81382 5.52959e-18
3717.70645 6.30961e-18
3719.60919 7.27144e-18
3721.51194 6.84580e-18
3723.40457 6.30439e-18
3725.30732 5.44624e-18
3727.21007 5.55408e-18
3729.10269 6.82234e-18
3731.00544 7.21651e-18
3732.89807 7.67175e-18
3734.80082 8.65319e-18
3736.70356 8.65020e-18
3738.59619 7.53311e-18
3740.49894 7.33078e-18
3742.40169 7.83945e-18
3744.29431 7.15122e-18
3746.19706 7.31625e-18
3748.08969 7.72628e-18
3749.99244 7.55736e-18
3751.89518 7.25149e-18
3753.78781 7.80360e-18
3755.69056 8.02109e-18
3757.58319 6.98672e-18
3759.48593 7.06409e-18
3761.38868 6.95067e-18
3763.28131 7.46801e-18
3765.18406 7.04177e-18
3767.07668 7.34875e-18
3768.97943 8.24671e-18
3770.88218 7.75953e-18
3772.77481 7.23194e-18
3774.67756 7.78178e-18
3776.58030 7.58540e-18
3778.47293 7.26930e-18
3780.37568 7.75958e-18
3782.26831 7.95525e-18
3784.17105 6.94722e-18
3786.07380 6.21569e-18
3787.96643 7.14047e-18
3789.86918 7.45312e-18
3791.76180 7.05813e-18
3793.66455 7.45372e-18
3795.56730 7.29821e-18
3797.45993 6.89665e-18
3799.36267 6.93272e-18
3801.26542 7.47274e-18
3803.15805 7.98953e-18
3805.06080 8.11537e-18
3806.95342 7.94666e-18
3808.85617 8.08131e-18
3810.75892 8.13165e-18
3812.65155 7.75657e-18
3814.55429 8.07929e-18
3816.44692 8.04880e-18
3818.34967 7.81634e-18
3820.25242 7.53146e-18
3822.14504 7.01095e-18
3824.04779 7.38690e-18
3825.95054 8.08086e-18
3827.84317 7.33649e-18
3829.74592 6.70053e-18
3831.63854 7.26068e-18
3833.54129 7.56813e-18
3835.44404 7.27394e-18
3837.33667 7.71153e-18
3839.23941 8.54556e-18
3841.13204 8.95659e-18
3843.03479 9.29048e-18
3844.93754 9.53643e-18
3846.83016 8.47553e-18
3848.73291 7.68429e-18
3850.63566 8.55800e-18
3852.52829 8.75950e-18
3854.43104 8.86489e-18
3856.32366 9.34037e-18
3858.22641 9.10610e-18
3860.12916 9.04714e-18
3862.02178 9.34116e-18
3863.92453 9.31362e-18
3865.81716 7.83830e-18
3867.71991 7.03441e-18
3869.62266 8.48141e-18
3871.51528 1.03114e-17
3873.41803 1.01161e-17
3875.32078 8.41234e-18
3877.21341 8.32584e-18
3879.11615 9.66732e-18
3881.00878 1.02501e-17
3882.91153 9.34855e-18
3884.81428 8.24221e-18
3886.70690 8.34485e-18
3888.60965 8.62927e-18
3890.50228 8.78941e-18
3892.40503 8.82048e-18
3894.30778 8.86979e-18
3896.20040 9.16701e-18
3898.10315 9.69183e-18
3900.00590 9.45165e-18
3901.89853 8.60791e-18
3903.80127 8.28784e-18
3905.69390 8.54767e-18
3907.59665 8.58524e-18
3909.49940 8.41509e-18
3911.39202 8.95688e-18
3913.29477 8.89511e-18
3915.18740 8.88828e-18
3917.09015 9.31234e-18
3918.99289 9.39935e-18
3920.88552 9.21929e-18
3922.78827 8.68547e-18
3924.69102 8.98990e-18
3926.58364 9.71787e-18
3928.48639 9.47493e-18
3930.37902 9.17731e-18
3932.28177 8.46802e-18
3934.18451 7.71843e-18
3936.07714 7.73080e-18
3937.97989 9.18797e-18
3939.87252 9.33814e-18
3941.77527 8.98485e-18
3943.67801 8.63300e-18
3945.57064 8.05148e-18
3947.47339 8.19276e-18
3949.37614 8.31620e-18
3951.26876 8.26516e-18
3953.17151 8.75427e-18
3955.06414 9.22583e-18
3956.96689 8.91372e-18
3958.86963 8.30739e-18
3960.76226 7.83089e-18
3962.66501 8.01271e-18
3964.55764 9.07991e-18
3966.46038 9.33985e-18
3968.36313 8.85065e-18
3970.25576 8.60588e-18
3972.15851 8.49443e-18
3974.06126 9.08611e-18
3975.95388 9.41728e-18
3977.85663 8.26475e-18
3979.74926 7.34504e-18
3981.65201 7.83618e-18
3983.55475 8.60941e-18
3985.44738 8.68637e-18
3987.35013 8.42273e-18
3989.24276 8.45288e-18
3991.14550 8.68465e-18
3993.04825 8.59919e-18
3994.94088 8.61601e-18
3996.84363 8.63559e-18
3998.74637 8.61059e-18
4000.63900 8.46545e-18
4002.54175 8.04886e-18
4004.43438 8.36651e-18
4006.33712 9.03907e-18
4008.23987 9.11414e-18
4010.13250 8.99866e-18
4012.03525 8.88138e-18
4013.92787 8.89473e-18
4015.83062 8.99658e-18
4017.73337 8.50484e-18
4019.62600 8.18590e-18
4021.52874 8.89493e-18
4023.43149 9.37041e-18
4025.32412 8.85574e-18
4027.22687 8.38692e-18
4029.11949 8.85225e-18
4031.02224 9.08045e-18
4032.92499 8.80409e-18
4034.81762 8.51272e-18
4036.72037 8.25851e-18
4038.61299 7.99324e-18
4040.51574 8.40836e-18
4042.41849 9.12771e-18
4044.31112 9.38152e-18
4046.21386 9.44296e-18
4048.11661 9.26815e-18
4050.00924 8.84398e-18
4051.91199 9.27239e-18
4053.80461 9.51538e-18
4055.70736 8.87269e-18
4057.61011 8.58335e-18
4059.50274 8.90302e-18
4061.40548 9.47287e-18
4063.29811 9.86952e-18
4065.20086 9.70899e-18
4067.10361 9.48423e-18
4068.99624 9.41242e-18
4070.89898 9.23875e-18
4072.80173 9.43176e-18
4074.69436 9.76949e-18
4076.59711 9.72116e-18
4078.48973 9.90710e-18
4080.39248 9.84582e-18
4082.29523 9.31153e-18
4084.18786 9.59723e-18
4086.09060 9.79593e-18
4087.98323 8.98992e-18
4089.88598 8.84422e-18
4091.78873 9.52379e-18
4093.68135 9.80589e-18
4095.58410 9.66698e-18
4097.48685 9.51341e-18
4099.37948 9.34373e-18
4101.28222 9.50602e-18
4103.17485 1.01775e-17
4105.07760 1.01117e-17
4106.98035 9.89009e-18
4108.87298 1.02452e-17
4110.77572 1.00289e-17
4112.66835 9.28975e-18
4114.57110 9.28044e-18
4116.47385 9.71379e-18
4118.36647 9.63716e-18
4120.26922 9.63913e-18
4122.17197 9.61532e-18
4124.06460 9.13873e-18
4125.96734 8.91726e-18
4127.85997 9.14300e-18
4129.76272 9.50024e-18
4131.66547 9.89114e-18
4133.55809 1.00152e-17
4135.46084 9.93383e-18
4137.35347 9.82870e-18
4139.25622 9.25480e-18
4141.15897 8.96274e-18
4143.05159 9.55395e-18
4144.95434 9.67022e-18
4146.85709 9.40271e-18
4148.74971 9.48908e-18
4150.65246 9.47435e-18
4152.54509 9.34643e-18
4154.44784 9.35227e-18
4156.35059 9.69183e-18
4158.24321 9.63812e-18
4160.14596 9.43974e-18
4162.03859 9.45476e-18
4163.94134 9.59895e-18
4165.84408 9.53918e-18
4167.73671 9.17803e-18
4169.63946 9.33305e-18
4171.54221 9.83090e-18
4173.43483 9.85715e-18
4175.33758 9.59996e-18
4177.23021 9.68670e-18
4179.13296 9.75285e-18
4181.03571 9.64158e-18
4182.92833 9.73555e-18
4184.83108 9.94208e-18
4186.72371 1.00223e-17
4188.62646 9.88553e-18
4190.52920 9.75164e-18
4192.42183 9.91792e-18
4194.32458 1.02391e-17
4196.22733 1.03902e-17
4198.11995 1.04064e-17
4200.02270 1.02666e-17
4201.91533 1.03206e-17
4203.81808 1.04790e-17
4205.72082 1.02135e-17
4207.61345 1.01901e-17
4209.51620 9.75490e-18
4211.40883 9.64367e-18
4213.31157 9.95651e-18
4215.21432 9.93780e-18
4217.10695 9.62811e-18
4219.00970 9.45280e-18
4220.91244 9.26154e-18
4222.80507 9.45400e-18
4224.70782 9.44490e-18
4226.60045 9.71579e-18
4228.50320 9.82051e-18
4230.40594 9.94138e-18
4232.29857 9.67255e-18
4234.20132 9.26788e-18
4236.09394 9.37013e-18
4237.99669 9.29487e-18
4239.89944 9.01506e-18
4241.79207 9.08343e-18
4243.69482 9.19678e-18
4245.59756 9.00173e-18
4247.49019 8.84346e-18
4249.39294 9.00126e-18
4251.28557 9.37862e-18
4253.18831 9.27954e-18
4255.09106 8.66456e-18
4256.98369 8.33443e-18
4258.88644 8.83520e-18
4260.77906 9.03236e-18
4262.68181 9.08654e-18
4264.58456 9.24765e-18
4266.47719 9.15681e-18
4268.37993 9.21984e-18
4270.28268 9.26692e-18
4272.17531 9.15396e-18
4274.07806 8.60574e-18
4275.97069 8.72225e-18
4277.87343 9.33420e-18
4279.77618 9.17006e-18
4281.66881 8.67427e-18
4283.57156 8.35605e-18
4285.46418 8.79054e-18
4287.36693 8.94494e-18
4289.26968 8.82318e-18
4291.16231 8.93236e-18
4293.06505 8.79281e-18
4294.96780 8.71108e-18
4296.86043 9.12489e-18
4298.76318 9.45348e-18
4300.65580 9.44865e-18
4302.55855 9.51803e-18
4304.46130 9.62642e-18
4306.35393 9.78684e-18
4308.25667 9.55872e-18
4310.14930 9.18718e-18
4312.05205 8.96533e-18
4313.95480 8.99591e-18
4315.84742 9.38150e-18
4317.75017 9.71532e-18
4319.65292 1.00682e-17
4321.54555 1.01665e-17
4323.44830 9.76403e-18
4325.34092 9.35786e-18
4327.24367 9.33275e-18
4329.14642 9.53033e-18
4331.03905 9.77869e-18
4332.94179 9.94020e-18
4334.83442 9.49815e-18
4336.73717 8.98340e-18
4338.63992 9.06272e-18
4340.53254 9.12659e-18
4342.43529 9.40957e-18
4344.33804 9.85820e-18
4346.23067 1.00206e-17
4348.13341 9.98162e-18
4350.02604 9.79390e-18
4351.92879 9.66466e-18
4353.83154 9.44980e-18
4355.72416 9.26190e-18
4357.62691 1.00010e-17
4359.51954 1.09547e-17
4361.42229 1.09171e-17
4363.32504 1.05930e-17
4365.21766 1.05419e-17
4367.12041 1.03558e-17
4369.02316 9.80075e-18
4370.91579 9.18682e-18
4372.81853 9.62347e-18
4374.71116 1.03246e-17
4376.61391 1.11528e-17
4378.51666 1.15392e-17
4380.40928 1.06607e-17
4382.31203 1.01395e-17
4384.20466 1.01475e-17
4386.10741 9.87547e-18
4388.01015 1.01998e-17
4389.90278 1.06351e-17
4391.80553 9.76294e-18
4393.70828 9.20700e-18
4395.60091 1.02728e-17
4397.50365 1.10812e-17
4399.39628 1.10313e-17
4401.29903 1.09354e-17
4403.20178 1.07306e-17
4405.09440 1.02658e-17
4406.99715 9.96213e-18
4408.88978 1.04951e-17
4410.79253 1.12749e-17
4412.69527 1.11039e-17
4414.58790 1.06483e-17
4416.49065 1.06262e-17
4418.39340 1.05357e-17
4420.28602 1.05910e-17
4422.18877 1.10508e-17
4424.08140 1.09920e-17
4425.98415 1.07547e-17
4427.88689 1.10817e-17
4429.77952 1.18782e-17
4431.68227 1.18136e-17
4433.57490 1.12730e-17
4435.47764 1.12462e-17
4437.38039 1.13852e-17
4439.27302 1.12089e-17
4441.17577 1.12433e-17
4443.07852 1.15464e-17
4444.97114 1.17572e-17
4446.87389 1.19981e-17
4448.76652 1.21409e-17
4450.66927 1.21380e-17
4452.57201 1.18462e-17
4454.46464 1.16407e-17
4456.36739 1.19983e-17
4458.26002 1.22811e-17
4460.16276 1.24918e-17
4462.06551 1.26218e-17
4463.95814 1.24365e-17
4465.86089 1.25892e-17
4467.76364 1.31165e-17
4469.65626 1.31492e-17
4471.55901 1.24659e-17
4473.45164 1.19213e-17
4475.35439 1.20232e-17
4477.25713 1.23731e-17
4479.14976 1.23433e-17
4481.05251 1.24520e-17
4482.94513 1.21433e-17
4484.84788 1.22391e-17
4486.75063 1.24717e-17
4488.64326 1.22963e-17
4490.54601 1.23031e-17
4492.44875 1.29191e-17
4494.34138 1.29991e-17
4496.24413 1.31211e-17
4498.13676 1.37576e-17
4500.03950 1.35327e-17
4501.94225 1.36439e-17
4503.83488 1.39125e-17
4505.73763 1.40754e-17
4507.63025 1.43569e-17
4509.53300 1.41237e-17
4511.43575 1.38162e-17
4513.32838 1.38814e-17
4515.23113 1.41630e-17
4517.12375 1.41199e-17
4519.02650 1.37425e-17
4520.92925 1.35544e-17
4522.82187 1.36821e-17
4524.72462 1.37948e-17
4526.62737 1.36331e-17
4528.52000 1.38386e-17
4530.42275 1.42038e-17
4532.31537 1.42102e-17
4534.21812 1.41149e-17
4536.12087 1.38279e-17
4538.01350 1.34650e-17
4539.91624 1.33389e-17
4541.81899 1.35636e-17
4543.71162 1.38449e-17
4545.61437 1.41277e-17
4547.50699 1.39161e-17
4549.40974 1.31629e-17
4551.31249 1.24075e-17
4553.20512 1.24214e-17
4555.10786 1.29581e-17
4557.00049 1.30119e-17
4558.90324 1.27396e-17
4560.80599 1.26341e-17
4562.69861 1.31663e-17
4564.60136 1.34470e-17
4566.50411 1.31536e-17
4568.39674 1.28767e-17
4570.29949 1.28312e-17
4572.19211 1.29175e-17
4574.09486 1.28969e-17
4575.99761 1.29006e-17
4577.89024 1.30912e-17
4579.79298 1.30557e-17
4581.68561 1.26331e-17
4583.58836 1.23595e-17
4585.49111 1.27208e-17
4587.38373 1.33260e-17
4589.28648 1.35657e-17
4591.17911 1.34927e-17
4593.08186 1.34310e-17
4594.98461 1.33796e-17
4596.87723 1.32272e-17
4598.77998 1.35203e-17
4600.68273 1.35037e-17
4602.57535 1.32780e-17
4604.47810 1.29615e-17
4606.37073 1.26876e-17
4608.27348 1.28101e-17
4610.17623 1.29588e-17
4612.06885 1.28883e-17
4613.97160 1.32043e-17
4615.87435 1.35137e-17
4617.76698 1.30576e-17
4619.66972 1.28680e-17
4621.56235 1.30096e-17
4623.46510 1.28765e-17
4625.36785 1.27431e-17
4627.26047 1.28095e-17
4629.16322 1.28444e-17
4631.05585 1.25674e-17
4632.95860 1.21257e-17
4634.86135 1.18867e-17
4636.75397 1.20151e-17
4638.65672 1.23486e-17
4640.55947 1.23942e-17
4642.45209 1.22079e-17
4644.35484 1.20515e-17
4646.24747 1.20341e-17
4648.15022 1.23020e-17
4650.05297 1.25276e-17
4651.94559 1.26078e-17
4653.84834 1.26691e-17
4655.74097 1.25506e-17
4657.64372 1.24207e-17
4659.54646 1.20918e-17
4661.43909 1.16119e-17
4663.34184 1.14706e-17
4665.24459 1.18047e-17
4667.13721 1.19707e-17
4669.03996 1.16563e-17
4670.93259 1.16404e-17
4672.83534 1.21063e-17
4674.73808 1.21777e-17
4676.63071 1.19139e-17
4678.53346 1.17843e-17
4680.42609 1.19338e-17
4682.32884 1.20918e-17
4684.23158 1.20702e-17
4686.12421 1.23752e-17
4688.02696 1.26646e-17
4689.92971 1.23552e-17
4691.82233 1.21847e-17
4693.72508 1.20944e-17
4695.61771 1.15946e-17
4697.52046 1.15467e-17
4699.42320 1.20421e-17
4701.31583 1.22783e-17
4703.21858 1.20830e-17
4705.11121 1.17812e-17
4707.01395 1.18048e-17
4708.91670 1.16951e-17
4710.80933 1.15461e-17
4712.71208 1.15721e-17
4714.61482 1.15057e-17
4716.50745 1.13508e-17
4718.41020 1.12402e-17
4720.30283 1.12546e-17
4722.20557 1.14305e-17
4724.10832 1.15007e-17
4726.00095 1.18589e-17
4727.90370 1.19581e-17
4729.79633 1.16747e-17
4731.69907 1.17431e-17
4733.60182 1.16872e-17
4735.49445 1.14838e-17
4737.39720 1.13376e-17
4739.29994 1.12446e-17
4741.19257 1.13523e-17
4743.09532 1.15911e-17
4744.98795 1.14342e-17
4746.89069 1.11150e-17
4748.79344 1.13056e-17
4750.68607 1.14032e-17
4752.58882 1.11321e-17
4754.48144 1.10516e-17
4756.38419 1.12401e-17
4758.28694 1.14520e-17
4760.17957 1.16093e-17
4762.08231 1.15745e-17
4763.97494 1.11225e-17
4765.87769 1.12154e-17
4767.78044 1.13544e-17
4769.67306 1.14065e-17
4771.57581 1.15898e-17
4773.47856 1.12536e-17
4775.37119 1.11457e-17
4777.27394 1.14296e-17
4779.16656 1.14743e-17
4781.06931 1.15152e-17
4782.97206 1.14828e-17
4784.86469 1.12785e-17
4786.76743 1.12708e-17
4788.67018 1.16436e-17
4790.56281 1.18519e-17
4792.46556 1.16924e-17
4794.35818 1.16933e-17
4796.26093 1.18138e-17
4798.16368 1.14832e-17
4800.05631 1.13096e-17
4801.95906 1.14661e-17
4803.85168 1.13459e-17
4805.75443 1.14845e-17
4807.65718 1.17948e-17
4809.54981 1.16920e-17
4811.45255 1.15057e-17
4813.35530 1.14082e-17
4815.24793 1.13919e-17
4817.15068 1.15242e-17
4819.04330 1.16182e-17
4820.94605 1.17128e-17
4822.84880 1.14105e-17
4824.74143 1.09048e-17
4826.64417 1.10770e-17
4828.53680 1.12017e-17
4830.43955 1.11960e-17
4832.34230 1.13281e-17
4834.23492 1.15250e-17
4836.13767 1.14740e-17
4838.03030 1.14267e-17
4839.93305 1.14342e-17
4841.83579 1.15729e-17
4843.72842 1.14286e-17
4845.63117 1.09270e-17
4847.53392 1.05402e-17
4849.42655 1.09623e-17
4851.32929 1.14988e-17
4853.22192 1.14071e-17
4855.12467 1.13488e-17
4857.02742 1.13123e-17
4858.92004 1.10256e-17
4860.82279 1.07703e-17
4862.71542 1.05480e-17
4864.61817 1.06016e-17
4866.52091 1.08840e-17
4868.41354 1.09122e-17
4870.31629 1.07025e-17
4872.21904 1.08031e-17
4874.11166 1.07020e-17
4876.01441 1.03048e-17
4877.90704 1.02111e-17
4879.80979 1.05100e-17
4881.71254 1.05914e-17
4883.60516 1.04680e-17
4885.50791 1.02898e-17
4887.41066 1.03281e-17
4889.30328 1.03427e-17
4891.20603 1.02582e-17
4893.09866 1.00873e-17
4895.00141 1.00875e-17
4896.90416 1.03301e-17
4898.79678 1.02436e-17
4900.69953 1.02927e-17
4902.59216 1.04299e-17
4904.49491 1.04451e-17
4906.39765 1.03706e-17
4908.29028 1.03097e-17
4910.19303 1.03405e-17
4912.09578 1.04213e-17
4913.98840 1.07647e-17
4915.89115 1.08603e-17
4917.78378 1.04294e-17
4919.68653 1.03146e-17
4921.58928 1.04702e-17
4923.48190 1.06232e-17
4925.38465 1.05388e-17
4927.27728 1.05263e-17
4929.18002 1.09717e-17
4931.08277 1.09222e-17
4932.97540 1.05932e-17
4934.87815 1.04807e-17
4936.78090 1.07571e-17
4938.67352 1.09355e-17
4940.57627 1.08422e-17
4942.46890 1.09448e-17
4944.37165 1.08290e-17
4946.27439 1.07593e-17
4948.16702 1.06104e-17
4950.06977 1.04964e-17
4951.96240 1.10512e-17
4953.86514 1.14672e-17
4955.76789 1.12792e-17
4957.66052 1.13368e-17
4959.56327 1.15174e-17
4961.46601 1.13808e-17
4963.35864 1.12903e-17
4965.26139 1.12500e-17
4967.15402 1.12294e-17
4969.05676 1.14146e-17
4970.95951 1.16069e-17
4972.85214 1.16039e-17
4974.75489 1.15293e-17
4976.64751 1.14437e-17
4978.55026 1.13149e-17
4980.45301 1.14326e-17
4982.34564 1.15335e-17
4984.24839 1.13400e-17
4986.15113 1.13830e-17
4988.04376 1.19249e-17
4989.94651 1.17890e-17
4991.83914 1.11772e-17
4993.74188 1.14740e-17
4995.64463 1.18504e-17
4997.53726 1.15209e-17
4999.44001 1.13609e-17
5001.33263 1.13889e-17
5003.23538 1.16348e-17
5005.13813 1.18802e-17
5007.03076 1.18428e-17
5008.93350 1.19117e-17
5010.82613 1.17328e-17
5012.72888 1.16192e-17
5014.63163 1.18263e-17
5016.52426 1.19037e-17
5018.42700 1.16506e-17
5020.32975 1.15808e-17
5022.22238 1.18334e-17
5024.12513 1.19652e-17
5026.01775 1.18160e-17
5027.92050 1.18213e-17
5029.82325 1.19551e-17
5031.71588 1.18443e-17
5033.61862 1.20018e-17
5035.51125 1.23288e-17
5037.41400 1.23764e-17
5039.31675 1.22563e-17
5041.20937 1.21713e-17
5043.11212 1.22938e-17
5045.01487 1.24402e-17
5046.90750 1.23003e-17
5048.81024 1.26293e-17
5050.70287 1.28414e-17
5052.60562 1.27953e-17
5054.50837 1.24009e-17
5056.40099 1.27411e-17
5058.30374 1.29776e-17
5060.20649 1.29103e-17
5062.09912 1.29494e-17
5064.00187 1.29337e-17
5065.89449 1.29415e-17
5067.79724 1.29985e-17
5069.69999 1.31736e-17
5071.59262 1.33297e-17
5073.49536 1.33664e-17
5075.38799 1.35011e-17
5077.29074 1.35039e-17
5079.19349 1.33667e-17
5081.08611 1.33686e-17
5082.98886 1.33148e-17
5084.88149 1.34073e-17
5086.78424 1.36371e-17
5088.68699 1.36750e-17
5090.57961 1.38668e-17
5092.48236 1.39322e-17
5094.38511 1.39483e-17
5096.27774 1.40630e-17
5098.18048 1.39681e-17
5100.07311 1.40007e-17
5101.97586 1.41898e-17
5103.87861 1.40687e-17
5105.77123 1.41551e-17
5107.67398 1.42741e-17
5109.56661 1.41620e-17
5111.46936 1.38146e-17
5113.37210 1.42054e-17
5115.26473 1.42589e-17
5117.16748 1.38621e-17
5119.07023 1.38545e-17
5120.96285 1.40813e-17
5122.86560 1.42516e-17
5124.75823 1.43900e-17
5126.66098 1.43147e-17
5128.56372 1.44287e-17
5130.45635 1.45114e-17
5132.35910 1.42212e-17
5134.25173 1.39709e-17
5136.15448 1.42294e-17
5138.05722 1.45456e-17
5139.94985 1.44686e-17
5141.85260 1.44833e-17
5143.75535 1.46289e-17
5145.64797 1.46579e-17
5147.55072 1.47381e-17
5149.44335 1.48066e-17
5151.34610 1.44689e-17
5153.24884 1.42416e-17
5155.14147 1.44839e-17
5157.04422 1.47111e-17
5158.94697 1.48654e-17
5160.83959 1.49299e-17
5162.74234 1.49552e-17
5164.63497 1.48201e-17
5166.53772 1.48270e-17
5168.44046 1.48935e-17
5170.33309 1.49652e-17
5172.23584 1.50284e-17
5174.12847 1.47719e-17
5176.03121 1.47516e-17
5177.93396 1.47681e-17
5179.82659 1.48281e-17
5181.72934 1.48191e-17
5183.62196 1.46117e-17
5185.52471 1.46491e-17
5187.42746 1.50243e-17
5189.32009 1.49998e-17
5191.22284 1.47561e-17
5193.12558 1.48394e-17
5195.01821 1.51404e-17
5196.92096 1.53022e-17
5198.81359 1.54041e-17
5200.71633 1.55133e-17
5202.61908 1.52123e-17
5204.51171 1.51666e-17
5206.41446 1.51301e-17
5208.30708 1.50758e-17
5210.20983 1.51705e-17
5212.11258 1.54028e-17
5214.00521 1.52789e-17
5215.90796 1.52282e-17
5217.81070 1.54220e-17
5219.70333 1.53668e-17
5221.60608 1.53779e-17
5223.49870 1.51672e-17
5225.40145 1.49309e-17
5227.30420 1.50098e-17
5229.19683 1.54707e-17
5231.09958 1.55309e-17
5233.00232 1.52803e-17
5234.89495 1.51565e-17
5236.79770 1.51617e-17
5238.69033 1.51631e-17
5240.59307 1.52539e-17
5242.49582 1.52703e-17
5244.38845 1.49879e-17
5246.29120 1.48119e-17
5248.18382 1.49075e-17
5250.08657 1.51350e-17
5251.98932 1.54121e-17
5253.88195 1.54893e-17
5255.78469 1.53833e-17
5257.67732 1.52342e-17
5259.58007 1.51366e-17
5261.48282 1.51516e-17
5263.37544 1.51891e-17
5265.27819 1.51411e-17
5267.18094 1.51426e-17
5269.07357 1.54460e-17
5270.97632 1.55118e-17
5272.86894 1.52337e-17
5274.77169 1.50117e-17
5276.67444 1.52160e-17
5278.56707 1.53188e-17
5280.46981 1.54779e-17
5282.36244 1.56876e-17
5284.26519 1.55137e-17
5286.16794 1.52493e-17
5288.06056 1.54813e-17
5289.96331 1.54934e-17
5291.86606 1.54101e-17
5293.75869 1.52923e-17
5295.66143 1.53191e-17
5297.55406 1.54246e-17
5299.45681 1.54558e-17
5301.35956 1.54145e-17
5303.25219 1.54225e-17
5305.15493 1.55298e-17
5307.04756 1.55552e-17
5308.95031 1.57202e-17
5310.85306 1.59879e-17
5312.74568 1.59084e-17
5314.64843 1.57307e-17
5316.55118 1.57939e-17
5318.44381 1.58697e-17
5320.34655 1.53326e-17
5322.23918 1.50259e-17
5324.14193 1.55038e-17
5326.04468 1.55132e-17
5327.93730 1.54169e-17
5329.84005 1.57072e-17
5331.73268 1.59451e-17
5333.63543 1.58790e-17
5335.53817 1.59379e-17
5337.43080 1.59059e-17
5339.33355 1.57255e-17
5341.23630 1.57675e-17
5343.12892 1.56378e-17
5345.03167 1.57103e-17
5346.92430 1.58424e-17
5348.82705 1.58407e-17
5350.72980 1.59472e-17
5352.62242 1.61121e-17
5354.52517 1.62990e-17
5356.41780 1.63214e-17
5358.32055 1.59299e-17
5360.22329 1.56194e-17
5362.11592 1.59006e-17
5364.01867 1.61416e-17
5365.92142 1.58036e-17
5367.81404 1.55032e-17
5369.71679 1.56124e-17
5371.60942 1.57969e-17
5373.51217 1.59067e-17
5375.41491 1.60874e-17
5377.30754 1.62653e-17
5379.21029 1.60947e-17
5381.10292 1.58345e-17
5383.00566 1.55216e-17
5384.90841 1.55656e-17
5386.80104 1.58316e-17
5388.70379 1.56217e-17
5390.60654 1.54771e-17
5392.49916 1.54109e-17
5394.40191 1.52765e-17
5396.29454 1.53714e-17
5398.19729 1.55267e-17
5400.10003 1.55738e-17
5401.99266 1.55978e-17
5403.89541 1.55783e-17
5405.78804 1.55686e-17
5407.69078 1.54305e-17
5409.59353 1.51303e-17
5411.48616 1.51156e-17
5413.38891 1.55398e-17
5415.29165 1.56821e-17
5417.18428 1.55247e-17
5419.08703 1.56669e-17
5420.97966 1.58337e-17
5422.88241 1.56010e-17
5424.78515 1.52074e-17
5426.67778 1.49970e-17
5428.58053 1.49684e-17
5430.47316 1.51566e-17
5432.37590 1.53095e-17
5434.27865 1.51649e-17
5436.17128 1.47623e-17
5438.07403 1.47583e-17
5439.97677 1.49354e-17
5441.86940 1.49478e-17
5443.77215 1.52737e-17
5445.66478 1.58345e-17
5447.56752 1.57968e-17
5449.47027 1.54010e-17
5451.36290 1.48476e-17
5453.26565 1.46592e-17
5455.15827 1.47864e-17
5457.06102 1.50159e-17
5458.96377 1.49845e-17
5460.85640 1.50782e-17
5462.75914 1.50911e-17
5464.66189 1.50448e-17
5466.55452 1.49267e-17
5468.45727 1.48011e-17
5470.34989 1.48810e-17
5472.25264 1.49462e-17
5474.15539 1.48553e-17
5476.04802 1.47373e-17
5477.95077 1.48616e-17
5479.84339 1.49391e-17
5481.74614 1.46431e-17
5483.64889 1.44826e-17
5485.54152 1.44076e-17
5487.44426 1.45261e-17
5489.34701 1.47680e-17
5491.23964 1.49651e-17
5493.14239 1.47155e-17
5495.03501 1.46636e-17
5496.93776 1.46098e-17
5498.84051 1.45808e-17
5500.73314 1.43474e-17
5502.63589 1.42340e-17
5504.52851 1.44350e-17
5506.43126 1.47470e-17
5508.33401 1.46032e-17
5510.22663 1.45717e-17
5512.12938 1.46442e-17
5514.03213 1.46185e-17
5515.92476 1.43862e-17
5517.82751 1.42950e-17
5519.72013 1.43651e-17
5521.62288 1.42751e-17
5523.52563 1.42021e-17
5525.41826 1.41429e-17
5527.32100 1.41815e-17
5529.21363 1.43699e-17
5531.11638 1.42859e-17
5533.01913 1.40444e-17
5534.91175 1.41533e-17
5536.81450 1.44999e-17
5538.71725 1.44283e-17
5540.60988 1.40115e-17
5542.51263 1.39855e-17
5544.40525 1.38892e-17
5546.30800 1.36949e-17
5548.21075 1.36621e-17
5550.10337 1.34827e-17
5552.00612 1.35517e-17
5553.89875 1.38081e-17
5555.80150 1.38502e-17
5557.70425 1.35424e-17
5559.59687 1.33639e-17
5561.49962 1.37405e-17
5563.40237 1.38528e-17
5565.29500 1.36773e-17
5567.19774 1.35126e-17
5569.09037 1.32028e-17
5570.99312 1.32083e-17
5572.89587 1.32095e-17
5574.78849 1.34227e-17
5576.69124 1.41087e-17
5578.58387 1.41171e-17
5580.48662 1.32367e-17
5582.38936 1.28842e-17
5584.28199 1.32206e-17
5586.18474 1.34378e-17
5588.08749 1.33677e-17
5589.98011 1.32788e-17
5591.88286 1.34534e-17
5593.77549 1.35688e-17
5595.67824 1.33633e-17
5597.58099 1.33081e-17
5599.47361 1.36224e-17
5601.37636 1.36539e-17
5603.26899 1.34121e-17
5605.17174 1.35480e-17
5607.07448 1.33317e-17
5608.96711 1.30277e-17
5610.86986 1.31695e-17
5612.77261 1.31606e-17
5614.66523 1.33612e-17
5616.56798 1.34211e-17
5618.46061 1.31566e-17
5620.36336 1.31409e-17
5622.26611 1.31759e-17
5624.15873 1.30876e-17
5626.06148 1.31656e-17
5627.95411 1.34683e-17
5629.85685 1.33617e-17
5631.75960 1.32935e-17
5633.65223 1.32760e-17
5635.55498 1.31570e-17
5637.45773 1.32631e-17
5639.35035 1.33484e-17
5641.25310 1.32920e-17
5643.14573 1.33193e-17
5645.04848 1.34051e-17
5646.95122 1.33789e-17
5648.84385 1.32828e-17
5650.74660 1.34489e-17
5652.63923 1.34672e-17
5654.54197 1.31082e-17
5656.44472 1.33024e-17
5658.33735 1.36803e-17
5660.24010 1.34703e-17
5662.14284 1.33958e-17
5664.03547 1.35424e-17
5665.93822 1.33469e-17
5667.83085 1.31671e-17
5669.73359 1.31996e-17
5671.63634 1.32876e-17
5673.52897 1.33075e-17
5675.43172 1.33546e-17
5677.32434 1.34286e-17
5679.22709 1.32408e-17
5681.12984 1.33039e-17
5683.02247 1.34621e-17
5684.92522 1.35229e-17
5686.82796 1.35673e-17
5688.72059 1.36125e-17
5690.62334 1.34877e-17
5692.51597 1.35030e-17
5694.41871 1.35760e-17
5696.32146 1.35484e-17
5698.21409 1.35466e-17
5700.11684 1.34882e-17
5702.00946 1.34147e-17
5703.91221 1.34553e-17
5705.81496 1.34987e-17
5707.70759 1.34903e-17
5709.61034 1.38411e-17
5711.51308 1.40986e-17
5713.40571 1.37245e-17
5715.30846 1.36023e-17
5717.20109 1.39399e-17
5719.10383 1.39224e-17
5721.00658 1.38882e-17
5722.89921 1.41306e-17
5724.80196 1.42774e-17
5726.69458 1.42311e-17
5728.59733 1.42392e-17
5730.50008 1.40683e-17
5732.39271 1.40598e-17
5734.29545 1.43458e-17
5736.19820 1.43574e-17
5738.09083 1.39955e-17
5739.99358 1.39720e-17
5741.88620 1.40281e-17
5743.78895 1.40638e-17
5745.69170 1.40201e-17
5747.58433 1.40281e-17
5749.48708 1.41611e-17
5751.37970 1.40979e-17
5753.28245 1.38549e-17
5755.18520 1.38301e-17
5757.07783 1.40212e-17
5758.98057 1.40949e-17
5760.88332 1.40054e-17
5762.77595 1.39298e-17
5764.67870 1.38959e-17
5766.57132 1.37390e-17
5768.47407 1.37682e-17
5770.37682 1.39809e-17
5772.26945 1.37639e-17
5774.17219 1.34217e-17
5776.06482 1.35335e-17
5777.96757 1.38590e-17
5779.87032 1.40129e-17
5781.76294 1.39262e-17
5783.66569 1.39602e-17
5785.56844 1.41146e-17
5787.46107 1.40077e-17
5789.36381 1.38206e-17
5791.25644 1.38430e-17
5793.15919 1.38719e-17
5795.06194 1.40684e-17
5796.95457 1.41325e-17
5798.85731 1.41377e-17
5800.74994 1.44005e-17
5802.65269 1.45222e-17
5804.55544 1.42981e-17
5806.44806 1.39900e-17
5808.35081 1.39081e-17
5810.25356 1.41143e-17
5812.14619 1.42260e-17
5814.04893 1.40948e-17
5815.94156 1.39977e-17
5817.84431 1.39882e-17
5819.74706 1.40826e-17
5821.63968 1.43298e-17
5823.54243 1.44610e-17
5825.43506 1.43878e-17
5827.33781 1.42805e-17
5829.24056 1.42808e-17
5831.13318 1.42088e-17
5833.03593 1.40558e-17
5834.93868 1.40599e-17
5836.83131 1.40037e-17
5838.73405 1.41579e-17
5840.62668 1.43817e-17
5842.52943 1.40807e-17
5844.43218 1.37951e-17
5846.32480 1.38902e-17
5848.22755 1.35440e-17
5850.12018 1.29754e-17
5852.02293 1.29306e-17
5853.92567 1.34395e-17
5855.81830 1.38051e-17
5857.72105 1.39449e-17
5859.61368 1.40816e-17
5861.51642 1.42324e-17
5863.41917 1.42030e-17
5865.31180 1.41165e-17
5867.21455 1.39044e-17
5869.11730 1.37366e-17
5871.00992 1.39624e-17
5872.91267 1.40762e-17
5874.80530 1.40317e-17
5876.70804 1.41246e-17
5878.61079 1.42847e-17
5880.50342 1.41735e-17
5882.40617 1.40091e-17
5884.30892 1.40856e-17
5886.20154 1.37483e-17
5888.10429 1.33869e-17
5889.99692 1.30116e-17
5891.89967 1.27871e-17
5893.80241 1.29566e-17
5895.69504 1.31386e-17
5897.59779 1.31101e-17
5899.49042 1.33072e-17
5901.39316 1.36232e-17
5903.29591 1.36725e-17
5905.18854 1.36548e-17
5907.09129 1.37344e-17
5908.99404 1.37965e-17
5910.88666 1.36789e-17
5912.78941 1.35933e-17
5914.68204 1.37412e-17
5916.58479 1.37993e-17
5918.48753 1.36342e-17
5920.38016 1.36255e-17
5922.28291 1.37497e-17
5924.17554 1.37655e-17
5926.07828 1.37152e-17
5927.98103 1.39817e-17
5929.87366 1.41629e-17
5931.77641 1.38367e-17
5933.67915 1.38082e-17
5935.57178 1.40074e-17
5937.47453 1.39257e-17
5939.36716 1.35801e-17
5941.26990 1.33186e-17
5943.17265 1.34507e-17
5945.06528 1.36107e-17
5946.96803 1.35991e-17
5948.86065 1.36297e-17
5950.76340 1.38030e-17
5952.66615 1.38118e-17
5954.55878 1.36767e-17
5956.46152 1.34430e-17
5958.36427 1.30533e-17
5960.25690 1.24550e-17
5962.15965 1.21717e-17
5964.05228 1.24089e-17
5965.95502 1.23496e-17
5967.85777 1.19131e-17
5969.75040 1.20716e-17
5971.65315 1.27353e-17
5973.54577 1.29855e-17
5975.44852 1.28379e-17
5977.35127 1.28799e-17
5979.24390 1.29005e-17
5981.14664 1.29115e-17
5983.04939 1.29965e-17
5984.94202 1.30173e-17
5986.84477 1.27454e-17
5988.73739 1.26047e-17
5990.64014 1.26889e-17
5992.54289 1.27065e-17
5994.43552 1.26535e-17
5996.33826 1.25324e-17
5998.23089 1.25127e-17
6000.13364 1.25357e-17
6002.03639 1.23074e-17
6003.92901 1.22555e-17
6005.83176 1.22773e-17
6007.73451 1.23453e-17
6009.62714 1.24364e-17
6011.52989 1.22268e-17
6013.42251 1.20256e-17
6015.32526 1.19448e-17
6017.22801 1.18879e-17
6019.12064 1.18205e-17
6021.02338 1.17848e-17
6022.91601 1.16789e-17
6024.81876 1.16093e-17
6026.72151 1.17060e-17
6028.61413 1.16314e-17
6030.51688 1.16425e-17
6032.40951 1.17462e-17
6034.31226 1.16345e-17
6036.21501 1.14852e-17
6038.10763 1.14964e-17
6040.01038 1.14268e-17
6041.91313 1.13428e-17
6043.80576 1.13763e-17
6045.70850 1.14507e-17
6047.60113 1.14058e-17
6049.50388 1.13145e-17
6051.40663 1.13207e-17
6053.29925 1.13476e-17
6055.20200 1.14628e-17
6057.10475 1.15288e-17
6058.99738 1.14848e-17
6060.90012 1.14071e-17
6062.79275 1.14079e-17
6064.69550 1.14143e-17
6066.59825 1.13463e-17
6068.49087 1.11512e-17
6070.39362 1.10258e-17
6072.28625 1.12065e-17
6074.18900 1.13556e-17
6076.09174 1.13356e-17
6077.98437 1.13315e-17
6079.88712 1.12975e-17
6081.78987 1.11593e-17
6083.68250 1.10897e-17
6085.58524 1.11229e-17
6087.47787 1.11025e-17
6089.38062 1.12550e-17
6091.28337 1.13838e-17
6093.17599 1.13282e-17
6095.07874 1.12049e-17
6096.97137 1.11453e-17
6098.87412 1.12122e-17
6100.77686 1.12596e-17
6102.66949 1.12218e-17
6104.57224 1.12471e-17
6106.46487 1.13234e-17
6108.36761 1.14161e-17
6110.27036 1.13679e-17
6112.16299 1.12714e-17
6114.06574 1.12469e-17
6115.96849 1.13570e-17
6117.86111 1.14337e-17
6119.76386 1.14763e-17
6121.65649 1.14519e-17
6123.55924 1.13864e-17
6125.46198 1.14814e-17
6127.35461 1.15191e-17
6129.25736 1.14651e-17
6131.14999 1.15046e-17
6133.05273 1.15029e-17
6134.95548 1.14924e-17
6136.84811 1.16805e-17
6138.75086 1.18224e-17
6140.65360 1.17172e-17
6142.54623 1.15872e-17
6144.44898 1.16464e-17
6146.34161 1.17268e-17
6148.24435 1.17199e-17
6150.14710 1.17008e-17
6152.03973 1.16365e-17
6153.94248 1.16284e-17
6155.84523 1.17391e-17
6157.73785 1.17581e-17
6159.64060 1.17771e-17
6161.53323 1.17366e-17
6163.43598 1.17622e-17
6165.33872 1.19780e-17
6167.23135 1.20986e-17
6169.13410 1.20633e-17
6171.02672 1.20477e-17
6172.92947 1.20925e-17
6174.83222 1.21733e-17
6176.72485 1.20780e-17
6178.62760 1.19309e-17
6180.53034 1.19148e-17
6182.42297 1.20370e-17
6184.32572 1.21899e-17
6186.21835 1.22021e-17
6188.12109 1.21162e-17
6190.02384 1.21517e-17
6191.91647 1.21915e-17
6193.81922 1.21758e-17
6195.71184 1.21986e-17
6197.61459 1.22531e-17
6199.51734 1.22264e-17
6201.40997 1.21342e-17
6203.31272 1.22158e-17
6205.21546 1.23076e-17
6207.10809 1.22008e-17
6209.01084 1.22486e-17
6210.90346 1.22600e-17
6212.80621 1.20944e-17
6214.70896 1.21545e-17
6216.60159 1.23588e-17
6218.50434 1.24420e-17
6220.39696 1.24323e-17
6222.29971 1.21997e-17
6224.20246 1.20817e-17
6226.09509 1.20423e-17
6227.99783 1.21411e-17
6229.90058 1.21447e-17
6231.79321 1.20486e-17
6233.69596 1.21383e-17
6235.58858 1.20578e-17
6237.49133 1.19391e-17
6239.39408 1.19155e-17
6241.28671 1.17482e-17
6243.18946 1.16369e-17
6245.08208 1.17000e-17
6246.98483 1.16785e-17
6248.88758 1.15768e-17
6250.78021 1.16065e-17
6252.68295 1.15767e-17
6254.58570 1.16383e-17
6256.47833 1.17575e-17
6258.38108 1.16661e-17
6260.27370 1.16935e-17
6262.17645 1.19499e-17
6264.07920 1.19605e-17
6265.97183 1.17365e-17
6267.87457 1.16129e-17
6269.76720 1.16440e-17
6271.66995 1.17856e-17
6273.57270 1.16468e-17
6275.46532 1.12783e-17
6277.36807 1.10173e-17
6279.26070 1.08834e-17
6281.16345 1.10553e-17
6283.06619 1.13513e-17
6284.95882 1.14094e-17
6286.86157 1.13971e-17
6288.76432 1.14809e-17
6290.65694 1.15617e-17
6292.55969 1.14904e-17
6294.45232 1.12992e-17
6296.35507 1.13576e-17
6298.25782 1.17273e-17
6300.15044 1.21014e-17
6302.05319 1.19226e-17
6303.94582 1.16970e-17
6305.84857 1.18059e-17
6307.75131 1.18352e-17
6309.64394 1.18430e-17
6311.54669 1.19544e-17
6313.44944 1.19458e-17
6315.34206 1.18553e-17
6317.24481 1.18349e-17
6319.13744 1.17643e-17
6321.04019 1.17455e-17
6322.94294 1.18876e-17
6324.83556 1.19424e-17
6326.73831 1.19464e-17
6328.64106 1.18242e-17
6330.53369 1.18279e-17
6332.43643 1.19175e-17
6334.32906 1.17746e-17
6336.23181 1.17194e-17
6338.13456 1.18158e-17
6340.02718 1.18901e-17
6341.92993 1.17822e-17
6343.82256 1.17592e-17
6345.72531 1.17224e-17
6347.62805 1.16877e-17
6349.52068 1.18252e-17
6351.42343 1.17457e-17
6353.31606 1.16028e-17
6355.21880 1.12633e-17
6357.12155 1.08780e-17
6359.01418 1.06130e-17
6360.91693 1.05973e-17
6362.81967 1.09710e-17
6364.71230 1.12851e-17
6366.61505 1.13758e-17
6368.50768 1.15965e-17
6370.41043 1.18502e-17
6372.31317 1.18688e-17
6374.20580 1.17272e-17
6376.10855 1.17135e-17
6378.00118 1.18105e-17
6379.90392 1.18577e-17
6381.80667 1.18824e-17
6383.69930 1.18811e-17
6385.60205 1.18727e-17
6387.50479 1.19116e-17
6389.39742 1.19550e-17
6391.30017 1.18704e-17
6393.19280 1.17881e-17
6395.09554 1.17744e-17
6396.99829 1.18912e-17
6398.89092 1.19699e-17
6400.79367 1.20107e-17
6402.68629 1.20720e-17
6404.58904 1.21107e-17
6406.49179 1.20344e-17
6408.38442 1.20872e-17
6410.28716 1.20723e-17
6412.18991 1.20018e-17
6414.08254 1.20724e-17
6415.98529 1.21982e-17
6417.87792 1.21044e-17
6419.78066 1.20519e-17
6421.68341 1.21988e-17
6423.57604 1.21955e-17
6425.47879 1.20674e-17
6427.38153 1.19900e-17
6429.27416 1.19619e-17
6431.17691 1.20103e-17
6433.06954 1.21199e-17
6434.97228 1.21908e-17
6436.87503 1.21664e-17
6438.76766 1.21571e-17
6440.67041 1.21157e-17
6442.56303 1.21203e-17
6444.46578 1.20780e-17
6446.36853 1.21582e-17
6448.26116 1.22150e-17
6450.16391 1.23886e-17
6452.06665 1.22739e-17
6453.95928 1.16578e-17
6455.86203 1.16338e-17
6457.75465 1.16195e-17
6459.65740 1.16078e-17
6461.56015 1.17884e-17
6463.45278 1.18338e-17
6465.35553 1.17178e-17
6467.24815 1.17622e-17
6469.15090 1.19300e-17
6471.05365 1.19435e-17
6472.94628 1.17788e-17
6474.84902 1.16105e-17
6476.74165 1.17420e-17
6478.64440 1.17928e-17
6480.54715 1.17809e-17
6482.43977 1.17520e-17
6484.34252 1.17219e-17
6486.24527 1.17921e-17
6488.13790 1.19314e-17
6490.04065 1.18008e-17
6491.93327 1.17632e-17
6493.83602 1.20721e-17
6495.73877 1.22206e-17
6497.63139 1.21988e-17
6499.53414 1.22363e-17
6501.43689 1.22177e-17
6503.32952 1.20835e-17
6505.23227 1.20771e-17
6507.12489 1.22250e-17
6509.02764 1.22714e-17
6510.93039 1.23026e-17
6512.82302 1.23375e-17
6514.72576 1.20966e-17
6516.61839 1.17521e-17
6518.52114 1.17870e-17
6520.42389 1.20574e-17
6522.31651 1.20805e-17
6524.21926 1.18880e-17
6526.11189 1.19345e-17
6528.01464 1.21485e-17
6529.91739 1.22858e-17
6531.81001 1.21476e-17
6533.71276 1.20140e-17
6535.61551 1.21377e-17
6537.50814 1.22064e-17
6539.41088 1.21411e-17
6541.30351 1.20997e-17
6543.20626 1.20372e-17
6545.10901 1.21298e-17
6547.00163 1.23015e-17
6548.90438 1.22330e-17
6550.79701 1.22030e-17
6552.69976 1.23203e-17
6554.60250 1.23237e-17
6556.49513 1.23423e-17
6558.39788 1.23834e-17
6560.30063 1.24540e-17
6562.19325 1.24181e-17
6564.09600 1.22017e-17
6565.98863 1.22004e-17
6567.89138 1.22895e-17
6569.79413 1.21537e-17
6571.68675 1.20894e-17
6573.58950 1.21076e-17
6575.48213 1.21186e-17
6577.38487 1.22577e-17
6579.28762 1.23469e-17
6581.18025 1.22635e-17
6583.08300 1.22873e-17
6584.98575 1.23579e-17
6586.87837 1.24532e-17
6588.78112 1.23982e-17
6590.67375 1.24000e-17
6592.57650 1.24658e-17
6594.47924 1.24787e-17
6596.37187 1.23862e-17
6598.27462 1.22059e-17
6600.16725 1.20256e-17
6602.06999 1.21234e-17
6603.97274 1.22268e-17
6605.86537 1.22864e-17
6607.76812 1.21332e-17
6609.67087 1.19979e-17
6611.56349 1.20095e-17
6613.46624 1.20254e-17
6615.35887 1.20874e-17
6617.26161 1.21809e-17
6619.16436 1.21952e-17
6621.05699 1.21488e-17
6622.95974 1.21940e-17
6624.85236 1.22627e-17
6626.75511 1.22025e-17
6628.65786 1.22214e-17
6630.55049 1.23005e-17
6632.45324 1.23479e-17
6634.35598 1.25260e-17
6636.24861 1.25295e-17
6638.15136 1.21204e-17
6640.04399 1.18549e-17
6641.94673 1.19516e-17
6643.84948 1.22022e-17
6645.74211 1.24302e-17
6647.64486 1.24839e-17
6649.53748 1.24568e-17
6651.44023 1.24255e-17
6653.34298 1.23906e-17
6655.23561 1.23981e-17
6657.13836 1.23948e-17
6659.04110 1.23077e-17
6660.93373 1.22382e-17
6662.83648 1.22995e-17
6664.72911 1.23298e-17
6666.63185 1.23473e-17
6668.53460 1.21979e-17
6670.42723 1.20701e-17
6672.32998 1.20670e-17
6674.23272 1.22328e-17
6676.12535 1.22926e-17
6678.02810 1.22887e-17
6679.92073 1.23126e-17
6681.82347 1.22256e-17
6683.72622 1.22354e-17
6685.61885 1.23675e-17
6687.52160 1.22725e-17
6689.41422 1.20971e-17
6691.31697 1.21586e-17
6693.21972 1.21943e-17
6695.11235 1.20628e-17
6697.01509 1.22110e-17
6698.90772 1.23742e-17
6700.81047 1.23545e-17
6702.71322 1.23353e-17
6704.60585 1.22839e-17
6706.50859 1.23492e-17
6708.41134 1.24530e-17
6710.30397 1.23393e-17
6712.20672 1.22103e-17
6714.09934 1.22006e-17
6716.00209 1.22382e-17
6717.90484 1.20849e-17
6719.79747 1.20868e-17
6721.70021 1.24949e-17
6723.59284 1.26219e-17
6725.49559 1.24000e-17
6727.39834 1.20865e-17
6729.29096 1.21792e-17
6731.19371 1.22652e-17
6733.09646 1.21335e-17
6734.98909 1.21873e-17
6736.89184 1.23543e-17
6738.78446 1.23858e-17
6740.68721 1.23739e-17
6742.58996 1.23796e-17
6744.48259 1.24300e-17
6746.38533 1.23406e-17
6748.27796 1.21146e-17
6750.18071 1.20969e-17
6752.08346 1.22001e-17
6753.97608 1.22056e-17
6755.87883 1.22152e-17
6757.78158 1.23008e-17
6759.67421 1.21662e-17
6761.57695 1.20738e-17
6763.46958 1.20159e-17
6765.37233 1.20249e-17
6767.27508 1.20963e-17
6769.16770 1.21133e-17
6771.07045 1.20539e-17
6772.96308 1.21003e-17
6774.86583 1.21924e-17
6776.76858 1.21805e-17
6778.66120 1.21051e-17
6780.56395 1.21271e-17
6782.46670 1.21876e-17
6784.35933 1.21417e-17
6786.26207 1.21953e-17
6788.15470 1.22132e-17
6790.05745 1.22252e-17
6791.96020 1.23336e-17
6793.85282 1.21720e-17
6795.75557 1.20725e-17
6797.64820 1.22515e-17
6799.55095 1.22369e-17
6801.45369 1.20469e-17
6803.34632 1.21411e-17
6805.24907 1.21813e-17
6807.15182 1.20048e-17
6809.04444 1.19158e-17
6810.94719 1.19751e-17
6812.83982 1.20484e-17
6814.74257 1.21415e-17
6816.64531 1.21977e-17
6818.53794 1.22746e-17
6820.44069 1.22059e-17
6822.33332 1.20256e-17
6824.23607 1.20667e-17
6826.13881 1.21186e-17
6828.03144 1.20266e-17
6829.93419 1.19999e-17
6831.83694 1.21587e-17
6833.72956 1.23080e-17
6835.63231 1.22407e-17
6837.52494 1.22217e-17
6839.42769 1.23092e-17
6841.33043 1.23038e-17
6843.22306 1.23729e-17
6845.12581 1.23596e-17
6847.01844 1.23463e-17
6848.92118 1.23331e-17
6850.82393 1.23198e-17
6852.71656 1.23066e-17
6854.61931 1.22933e-17
6856.52206 1.22801e-17
6858.41468 1.22668e-17
6860.31743 1.22536e-17
6862.21006 1.22403e-17
6864.11280 1.22271e-17
6866.01555 1.22138e-17
6867.90818 1.22006e-17
6869.81093 1.21873e-17
6871.70356 1.21741e-17
6873.60630 1.21608e-17
6875.50905 1.21476e-17
6877.40168 1.21344e-17
6879.30443 1.21211e-17
6881.20717 1.21079e-17
6883.09980 1.20946e-17
6885.00255 1.20814e-17
6886.89518 1.20682e-17
6888.79792 1.20549e-17
6890.70067 1.20417e-17
6892.59330 1.20284e-17
6894.49605 1.20152e-17
6896.38867 1.20020e-17
6898.29142 1.19888e-17
6900.19417 1.19755e-17
6902.08680 1.19623e-17
6903.98954 1.19491e-17
6905.89229 1.19358e-17
6907.78492 1.19226e-17
6909.68767 1.19094e-17
6911.58029 1.18961e-17
6913.48304 1.18829e-17
6915.38579 1.18697e-17
6917.27842 1.18565e-17
6919.18117 1.18433e-17
6921.07379 1.18300e-17
6922.97654 1.18168e-17
6924.87929 1.18036e-17
6926.77192 1.17904e-17
6928.67466 1.17772e-17
6930.57741 1.17639e-17
6932.47004 1.17507e-17
6934.37279 1.17375e-17
6936.26541 1.17243e-17
6938.16816 1.14255e-17
6940.07091 1.13588e-17
6941.96354 1.12514e-17
6943.86629 1.12483e-17
6945.75891 1.13978e-17
6947.66166 1.14128e-17
6949.56441 1.14188e-17
6951.45704 1.15983e-17
6953.35978 1.16224e-17
6955.26253 1.14627e-17
6957.15516 1.15391e-17
6959.05791 1.16032e-17
6960.95053 1.14708e-17
6962.85328 1.16573e-17
6964.75603 1.19817e-17
6966.64866 1.21212e-17
6968.55140 1.19739e-17
6970.44403 1.19077e-17
6972.34678 1.20955e-17
6974.24953 1.21696e-17
6976.14215 1.21465e-17
6978.04490 1.19959e-17
6979.94765 1.18329e-17
6981.84028 1.18456e-17
6983.74302 1.16583e-17
6985.63565 1.14338e-17
6987.53840 1.15669e-17
6989.44115 1.15979e-17
6991.33378 1.14221e-17
6993.23652 1.14805e-17
6995.12915 1.14414e-17
6997.03190 1.15306e-17
6998.93465 1.16531e-17
7000.82727 1.15735e-17
7002.73002 1.13663e-17
7004.63277 1.13767e-17
7006.52540 1.14554e-17
7008.42814 1.16441e-17
7010.32077 1.17735e-17
7012.22352 1.15440e-17
7014.12627 1.12384e-17
7016.01889 1.10642e-17
7017.92164 1.10638e-17
7019.81427 1.10970e-17
7021.71702 1.13427e-17
7023.61976 1.14848e-17
7025.51239 1.13069e-17
7027.41514 1.11300e-17
7029.31789 1.10758e-17
7031.21051 1.13397e-17
7033.11326 1.16640e-17
7035.00589 1.14886e-17
7036.90864 1.15779e-17
7038.81139 1.15921e-17
7040.70401 1.14163e-17
7042.60676 1.16579e-17
7044.49939 1.19695e-17
7046.40214 1.18269e-17
7048.30488 1.15427e-17
7050.19751 1.16591e-17
7052.10026 1.16991e-17
7054.00301 1.14117e-17
7055.89563 1.13688e-17
7057.79838 1.15209e-17
7059.69101 1.15635e-17
7061.59376 1.16521e-17
7063.49651 1.18410e-17
7065.38913 1.19937e-17
7067.29188 1.20205e-17
7069.18451 1.20882e-17
7071.08726 1.21152e-17
7072.99000 1.17700e-17
7074.88263 1.15615e-17
7076.78538 1.15776e-17
7078.68813 1.14466e-17
7080.58075 1.16298e-17
7082.48350 1.17548e-17
7084.37613 1.18303e-17
7086.27888 1.19915e-17
7088.18162 1.19487e-17
7090.07425 1.18110e-17
7091.97700 1.17653e-17
7093.86963 1.19913e-17
7095.77237 1.19920e-17
7097.67512 1.17755e-17
7099.56775 1.18278e-17
7101.47050 1.19530e-17
7103.37324 1.20249e-17
7105.26587 1.19976e-17
7107.16862 1.19601e-17
7109.06125 1.20570e-17
7110.96400 1.20719e-17
7112.86674 1.19104e-17
7114.75937 1.19222e-17
7116.66212 1.18533e-17
7118.55474 1.18228e-17
7120.45749 1.19992e-17
7122.36024 1.20365e-17
7124.25287 1.18706e-17
7126.15562 1.17744e-17
7128.04824 1.18791e-17
7129.95099 1.19308e-17
7131.85374 1.18580e-17
7133.74637 1.20033e-17
7135.64911 1.20528e-17
7137.55186 1.18029e-17
7139.44449 1.16862e-17
7141.34724 1.16060e-17
7143.23986 1.16118e-17
7145.14261 1.16790e-17
7147.04536 1.16784e-17
7148.93799 1.16847e-17
7150.84074 1.15829e-17
7152.74348 1.15208e-17
7154.63611 1.14820e-17
7156.53886 1.14004e-17
7158.43149 1.13464e-17
7160.33423 1.13199e-17
7162.23698 1.14553e-17
7164.12961 1.13447e-17
7166.03236 1.09280e-17
7167.92498 1.04878e-17
7169.82773 1.01224e-17
7171.73048 9.91246e-18
7173.62311 9.79789e-18
7175.52585 9.85894e-18
7177.42860 9.98281e-18
7179.32123 1.01200e-17
7181.22398 1.03475e-17
7183.11660 9.80236e-18
7185.01935 9.12217e-18
7186.92210 9.15437e-18
7188.81473 9.59425e-18
7190.71748 9.73966e-18
7192.61010 9.47789e-18
7194.51285 9.55321e-18
7196.41560 9.82632e-18
7198.30822 9.71958e-18
7200.21097 9.42928e-18
7202.11372 9.42827e-18
7204.00635 9.59207e-18
7205.90910 9.75304e-18
7207.80172 1.01955e-17
7209.70447 1.05762e-17
7211.60722 1.08619e-17
7213.49985 1.10771e-17
7215.40259 1.10274e-17
7217.29522 1.10024e-17
7219.19797 1.10577e-17
7221.10072 1.10354e-17
7222.99334 1.09170e-17
7224.89609 1.07208e-17
7226.79884 1.07356e-17
7228.69147 1.06926e-17
7230.59422 1.03142e-17
7232.48684 9.68388e-18
7234.38959 9.22115e-18
7236.29234 9.50115e-18
7238.18496 9.78342e-18
7240.08771 9.55877e-18
7241.98034 9.40406e-18
7243.88309 9.50744e-18
7245.78584 9.60589e-18
7247.67846 9.79141e-18
7249.58121 9.83977e-18
7251.48396 9.46578e-18
7253.37659 9.35867e-18
7255.27933 9.72048e-18
7257.17196 9.92115e-18
7259.07471 9.90065e-18
7260.97746 9.80996e-18
7262.87008 9.44674e-18
7264.77283 9.33823e-18
7266.66546 9.70239e-18
7268.56821 9.92992e-18
7270.47095 9.86425e-18
7272.36358 9.55700e-18
7274.26633 9.15545e-18
7276.16908 8.77760e-18
7278.06171 8.92487e-18
7279.96445 9.59400e-18
7281.85708 1.00218e-17
7283.75983 1.01435e-17
7285.66258 9.99331e-18
7287.55520 9.60012e-18
7289.45795 9.13356e-18
7291.35058 8.83207e-18
7293.25333 9.11016e-18
7295.15607 9.47604e-18
7297.04870 9.55551e-18
7298.95145 9.60046e-18
7300.84408 9.31578e-18
7302.74682 8.98331e-18
7304.64957 9.17437e-18
7306.54220 9.45018e-18
7308.44495 9.33873e-18
7310.34769 9.08016e-18
7312.24032 9.09251e-18
7314.14307 9.17054e-18
7316.03570 9.04230e-18
7317.93844 8.85118e-18
7319.84119 9.09052e-18
7321.73382 9.36676e-18
7323.63657 9.52520e-18
7325.53932 9.51608e-18
7327.43194 9.53280e-18
7329.33469 9.48504e-18
7331.22732 9.38986e-18
7333.13007 9.28003e-18
7335.03281 9.25571e-18
7336.92544 9.58460e-18
7338.82819 9.76288e-18
7340.72082 9.40805e-18
7342.62356 9.19271e-18
7344.52631 9.24842e-18
7346.41894 9.31010e-18
7348.32169 9.19649e-18
7350.22444 9.12751e-18
7352.11706 9.29021e-18
7354.01981 9.39168e-18
7355.91244 9.41074e-18
7357.81519 9.18656e-18
7359.71793 9.01072e-18
7361.61056 8.91900e-18
7363.51331 8.94128e-18
7365.40594 8.85442e-18
7367.30868 8.75319e-18
7369.21143 8.77263e-18
7371.10406 8.77594e-18
7373.00681 8.77851e-18
7374.89943 8.83591e-18
7376.80218 8.81992e-18
7378.70493 8.69591e-18
7380.59756 8.63129e-18
7382.50030 8.72774e-18
7384.40305 8.82934e-18
7386.29568 8.85181e-18
7388.19843 8.80479e-18
7390.09105 8.73287e-18
7391.99380 8.65536e-18
7393.89655 8.63141e-18
7395.78918 8.59471e-18
7397.69193 8.56135e-18
7399.59467 8.44277e-18
7401.48730 8.40621e-18
7403.39005 8.57984e-18
7405.28268 8.70623e-18
7407.18542 8.61840e-18
7409.08817 8.43429e-18
7410.98080 8.46562e-18
7412.88355 8.54191e-18
7414.77617 8.34073e-18
7416.67892 8.30085e-18
7418.58167 8.39922e-18
7420.47430 8.37184e-18
7422.37704 8.37233e-18
7424.27979 8.25237e-18
7426.17242 8.14078e-18
7428.07517 8.24564e-18
7429.96779 8.37330e-18
7431.87054 8.33175e-18
7433.77329 8.24509e-18
7435.66592 8.30881e-18
7437.56866 8.43326e-18
7439.46129 8.33181e-18
7441.36404 8.13891e-18
7443.26679 8.13289e-18
7445.15942 8.17998e-18
7447.06216 8.13895e-18
7448.96491 8.12732e-18
7450.85754 8.10597e-18
7452.76029 8.05365e-18
7454.65291 8.10758e-18
7456.55566 7.94086e-18
7458.45841 7.87131e-18
7460.35104 8.01079e-18
7462.25378 7.94732e-18
7464.14641 7.83999e-18
7466.04916 7.88860e-18
7467.95191 7.90244e-18
7469.84453 7.91535e-18
7471.74728 7.87749e-18
7473.65003 7.91460e-18
7475.54266 7.84937e-18
7477.44541 7.78237e-18
7479.33803 7.85111e-18
7481.24078 7.88352e-18
7483.14353 7.81147e-18
7485.03615 7.84777e-18
7486.93890 7.88089e-18
7488.83153 7.83277e-18
7490.73428 7.73729e-18
7492.63703 7.66727e-18
7494.52965 7.59622e-18
7496.43240 7.64876e-18
7498.33515 7.71424e-18
7500.22778 7.66926e-18
7502.13052 7.66979e-18
7504.02315 7.59758e-18
7505.92590 7.63379e-18
7507.82865 7.73085e-18
7509.72127 7.67909e-18
7511.62402 7.64294e-18
7513.51665 7.65682e-18
7515.41940 7.62457e-18
7517.32215 7.55152e-18
7519.21477 7.48388e-18
7521.11752 7.68461e-18
7523.02027 7.69431e-18
7524.91289 7.53642e-18
7526.81564 7.51826e-18
7528.70827 7.59641e-18
7530.61102 7.65296e-18
7532.51377 7.69250e-18
7534.40639 7.69342e-18
7536.30914 7.66452e-18
7538.20177 7.62120e-18
7540.10452 7.55266e-18
7542.00726 7.46345e-18
7543.89989 7.52008e-18
7545.80264 7.60974e-18
7547.69527 7.52922e-18
7549.59801 7.44097e-18
7551.50076 7.44464e-18
7553.39339 7.44831e-18
7555.29614 7.45198e-18
7557.19889 7.45565e-18
7559.09151 7.45932e-18
7560.99426 7.46299e-18
7562.88689 7.46666e-18
7564.78964 7.47033e-18
7566.69238 7.47400e-18
7568.58501 7.47766e-18
7570.48776 7.48133e-18
7572.38039 7.48500e-18
7574.28313 7.48866e-18
7576.18588 7.49233e-18
7578.07851 7.49600e-18
7579.98126 7.49966e-18
7581.88400 7.50332e-18
7583.77663 7.50699e-18
7585.67938 7.51065e-18
7587.57201 7.51432e-18
7589.47475 7.51798e-18
7591.37750 7.52164e-18
7593.27013 7.52531e-18
7595.17288 7.52897e-18
7597.07563 7.53263e-18
7598.96825 7.53629e-18
7600.87100 7.53995e-18
7602.76363 7.54361e-18
7604.66637 7.54727e-18
7606.56912 7.55093e-18
7608.46175 7.55459e-18
7610.36450 7.55825e-18
7612.25713 7.56191e-18
7614.15987 7.56557e-18
7616.06262 7.56923e-18
7617.95525 7.57288e-18
7619.85800 7.57654e-18
7621.75062 7.58020e-18
7623.65337 7.58385e-18
7625.55612 7.58751e-18
7627.44875 7.59117e-18
7629.35149 7.59482e-18
7631.25424 7.59848e-18
7633.14687 7.60213e-18
7635.04962 7.60579e-18
7636.94224 7.60944e-18
7638.84499 7.61309e-18
7640.74774 7.61675e-18
7642.64037 7.62040e-18
7644.54311 7.62405e-18
7646.43574 7.62770e-18
7648.33849 7.63135e-18
7650.24124 7.63501e-18
7652.13386 7.63866e-18
7654.03661 7.64231e-18
7655.93936 7.64596e-18
7657.83199 7.64961e-18
7659.73474 7.65325e-18
7661.62736 7.65690e-18
7663.53011 7.66055e-18
7665.43286 7.66420e-18
7667.32549 7.66785e-18
7669.22823 7.67150e-18
7671.13098 7.67514e-18
7673.02361 7.67879e-18
7674.92636 7.68244e-18
7676.81898 7.68608e-18
7678.72173 7.68973e-18
7680.62448 7.69337e-18
7682.51711 7.67226e-18
7684.41986 7.63260e-18
7686.31248 7.63748e-18
7688.21523 7.54546e-18
7690.11798 7.61895e-18
7692.01061 7.80390e-18
7693.91335 7.83317e-18
7695.81610 7.79632e-18
7697.70873 7.84249e-18
7699.61148 7.85023e-18
7701.50410 7.82835e-18
7703.40685 7.79430e-18
7705.30960 7.70562e-18
7707.20223 7.49599e-18
7709.10497 7.59138e-18
7710.99760 7.71656e-18
7712.90035 7.86192e-18
7714.80310 8.13637e-18
7716.69572 7.97575e-18
7718.59847 7.76224e-18
7720.50122 7.71989e-18
7722.39385 7.75583e-18
7724.29659 7.69712e-18
7726.18922 7.88000e-18
7728.09197 8.25994e-18
7729.99472 8.10652e-18
7731.88735 7.87324e-18
7733.79009 7.83144e-18
7735.68272 7.87974e-18
7737.58547 7.92507e-18
7739.48822 7.82295e-18
7741.38084 7.71378e-18
7743.28359 7.69980e-18
7745.17622 7.94657e-18
7747.07897 8.20328e-18
7748.98171 7.94999e-18
7750.87434 7.83195e-18
7752.77709 7.73081e-18
7754.67984 7.69951e-18
7756.57246 7.57872e-18
7758.47521 7.45552e-18
7760.36784 7.83297e-18
7762.27059 7.90216e-18
7764.17334 7.80743e-18
7766.06596 7.77637e-18
7767.96871 7.80708e-18
7769.87146 7.85924e-18
7771.76409 7.80780e-18
7773.66683 7.86870e-18
7775.55946 8.08358e-18
7777.46221 8.07993e-18
7779.36496 8.12097e-18
7781.25758 8.04291e-18
7783.16033 8.04462e-18
7785.05296 7.96171e-18
7786.95571 7.92861e-18
7788.85845 7.82153e-18
7790.75108 7.91211e-18
7792.65383 8.19939e-18
7794.54646 8.09368e-18
7796.44920 7.98495e-18
7798.35195 8.01081e-18
7800.24458 7.90116e-18
7802.14733 7.94319e-18
7804.05008 7.99292e-18
7805.94270 8.09933e-18
7807.84545 8.29379e-18
7809.73808 8.27710e-18
7811.64083 8.14257e-18
7813.54357 8.10859e-18
7815.43620 8.17137e-18
7817.33895 8.05745e-18
7819.23157 8.06443e-18
7821.13432 8.18356e-18
7823.03707 8.18255e-18
7824.92970 8.24540e-18
7826.83245 8.36880e-18
7828.73519 8.36505e-18
7830.62782 8.52174e-18
7832.53057 8.51692e-18
7834.42320 8.30130e-18
7836.32594 8.16661e-18
7838.22869 8.09677e-18
7840.12132 8.25334e-18
7842.02407 8.18528e-18
7843.92681 8.16681e-18
7845.81944 8.12411e-18
7847.72219 7.88366e-18
7849.61482 7.77885e-18
7851.51756 8.09361e-18
7853.42031 8.36237e-18
7855.31294 8.18961e-18
7857.21569 8.12563e-18
7859.10831 8.16442e-18
7861.01106 8.33439e-18
7862.91381 8.50594e-18
7864.80644 8.44484e-18
7866.70919 8.43423e-18
7868.60181 8.44600e-18
7870.50456 8.29330e-18
7872.40731 8.21290e-18
7874.29994 8.54122e-18
7876.20268 8.65221e-18
7878.10543 8.48406e-18
7879.99806 8.26507e-18
7881.90081 8.28831e-18
7883.79343 8.32599e-18
7885.69618 8.28277e-18
7887.59893 8.44265e-18
7889.49156 8.43329e-18
7891.39430 8.25694e-18
7893.28693 8.02399e-18
7895.18968 8.10865e-18
7897.09243 8.43970e-18
7898.98506 8.27228e-18
7900.88780 8.15562e-18
7902.79055 8.44569e-18
7904.68318 8.52240e-18
7906.58593 8.36487e-18
7908.47855 8.34906e-18
7910.38130 8.49203e-18
7912.28405 8.73903e-18
7914.17668 8.43208e-18
7916.07942 8.19447e-18
7917.97205 8.31851e-18
7919.87480 8.56491e-18
7921.77755 8.44692e-18
7923.67017 8.39141e-18
7925.57292 8.49566e-18
7927.47567 8.46399e-18
7929.36830 8.58685e-18
7931.27104 8.56613e-18
7933.16367 8.56620e-18
7935.06642 8.67210e-18
7936.96917 8.60472e-18
7938.86179 8.45760e-18
7940.76454 8.40370e-18
7942.66729 8.42682e-18
7944.55992 8.54623e-18
7946.46267 8.65491e-18
7948.35529 8.50406e-18
7950.25804 8.33865e-18
7952.16079 8.22848e-18
7954.05342 8.22830e-18
7955.95616 8.17390e-18
7957.84879 8.06200e-18
7959.75154 8.35624e-18
7961.65429 8.27566e-18
7963.54691 8.13634e-18
7965.44966 8.06480e-18
7967.34229 8.04064e-18
7969.24504 8.05732e-18
7971.14779 8.10186e-18
7973.04041 8.21310e-18
7974.94316 8.28668e-18
7976.84591 8.20092e-18
7978.73854 8.29386e-18
7980.64128 8.30393e-18
7982.53391 8.14456e-18
7984.43666 8.09482e-18
7986.33941 8.07775e-18
7988.23203 7.99148e-18
7990.13478 7.79845e-18
7992.02741 7.86456e-18
7993.93016 8.08464e-18
7995.83290 8.05346e-18
7997.72553 7.76329e-18
7999.62828 7.48563e-18
8001.53103 7.41259e-18
8003.42365 7.69391e-18
8005.32640 7.78808e-18
8007.21903 7.65603e-18
8009.12178 7.54126e-18
8011.02452 7.51262e-18
8012.91715 7.69432e-18
8014.81990 7.71444e-18
8016.72265 7.70447e-18
8018.61528 7.66492e-18
8020.51802 7.55168e-18
8022.41065 7.52014e-18
8024.31340 7.47647e-18
8026.21615 7.55785e-18
8028.10877 7.50601e-18
8030.01152 7.48069e-18
8031.90415 7.56289e-18
8033.80690 7.63573e-18
8035.70964 7.72866e-18
8037.60227 7.69665e-18
8039.50502 7.56387e-18
8041.39765 7.67337e-18
8043.30039 7.88253e-18
8045.20314 7.76407e-18
8047.09577 7.74679e-18
8048.99852 8.02569e-18
8050.90126 7.93804e-18
8052.79389 7.82594e-18
8054.69664 7.92675e-18
8056.58927 8.08527e-18
8058.49201 8.24161e-18
8060.39476 8.25080e-18
8062.28739 8.08446e-18
8064.19014 7.95113e-18
8066.08276 8.04335e-18
8067.98551 8.04400e-18
8069.88826 7.96465e-18
8071.78089 8.00211e-18
8073.68364 8.00950e-18
8075.58638 7.95445e-18
8077.47901 7.96341e-18
8079.38176 7.91089e-18
8081.27439 7.84546e-18
8083.17713 7.92028e-18
8085.07988 7.95755e-18
8086.97251 7.92739e-18
8088.87526 7.95550e-18
8090.76788 8.05450e-18
8092.67063 8.08879e-18
8094.57338 8.16093e-18
8096.46601 8.09285e-18
8098.36876 7.95024e-18
8100.27150 7.98117e-18
8102.16413 8.00634e-18
8104.06688 7.90058e-18
8105.95950 7.72246e-18
8107.86225 7.75448e-18
8109.76500 7.85402e-18
8111.65763 7.81410e-18
8113.56038 7.76092e-18
8115.45300 7.78074e-18
8117.35575 7.84722e-18
8119.25850 7.91952e-18
8121.15113 8.06270e-18
8123.05387 8.12885e-18
8124.95662 7.86495e-18
8126.84925 7.66896e-18
8128.75200 7.61227e-18
8130.64462 7.46755e-18
8132.54737 7.06439e-18
8134.45012 6.91512e-18
8136.34275 7.17798e-18
8138.24550 7.46873e-18
8140.13812 7.44566e-18
8142.04087 7.20946e-18
8143.94362 7.28144e-18
8145.83624 7.34069e-18
8147.73899 7.11865e-18
8149.64174 6.92072e-18
8151.53437 7.01292e-18
8153.43712 6.94766e-18
8155.32974 6.88994e-18
8157.23249 7.11020e-18
8159.13524 7.06944e-18
8161.02787 6.58839e-18
8162.93061 6.15065e-18
8164.82324 6.36174e-18
8166.72599 6.79361e-18
8168.62874 6.88585e-18
8170.52136 6.96574e-18
8172.42411 7.42077e-18
8174.32686 7.78211e-18
8176.21949 7.36318e-18
8178.12224 6.62408e-18
8180.01486 6.61996e-18
8181.91761 7.06438e-18
8183.82036 7.45130e-18
8185.71299 7.67342e-18
8187.61573 7.51663e-18
8189.50836 7.36853e-18
8191.41111 7.58002e-18
8193.31386 7.71928e-18
8195.20648 7.67886e-18
8197.10923 7.48397e-18
8199.00186 7.19194e-18
8200.90461 7.42814e-18
8202.80735 7.93968e-18
8204.69998 8.24516e-18
8206.60273 8.50036e-18
8208.50548 8.42307e-18
8210.39810 8.05430e-18
8212.30085 8.08349e-18
8214.19348 8.20738e-18
8216.09623 8.20576e-18
8217.99898 8.08664e-18
8219.89160 7.88987e-18
8221.79435 7.87923e-18
8223.69710 7.69736e-18
8225.58972 7.05947e-18
8227.49247 6.15946e-18
8229.38510 5.71229e-18
8231.28785 6.12082e-18
8233.19060 6.97528e-18
8235.08322 7.64327e-18
8236.98597 8.00340e-18
8238.87860 8.23451e-18
8240.78135 8.17907e-18
8242.68409 8.03427e-18
8244.57672 8.26572e-18
8246.47947 8.69729e-18
8248.38222 8.92527e-18
8250.27484 8.92883e-18
8252.17759 8.77241e-18
8254.07022 8.53247e-18
8255.97297 8.31684e-18
8257.87572 8.30146e-18
8259.76834 8.43731e-18
8261.67109 8.62214e-18
8263.56372 8.76963e-18
8265.46646 8.85698e-18
8267.36921 8.94237e-18
8269.26184 8.96792e-18
8271.16459 8.67292e-18
8273.06734 8.18488e-18
8274.95996 8.11912e-18
8276.86271 8.41983e-18
8278.75534 8.47041e-18
8280.65809 8.32942e-18
8282.56083 8.50774e-18
8284.45346 8.64471e-18
8286.35621 8.57909e-18
8288.24884 8.45304e-18
8290.15158 8.49201e-18
8292.05433 8.56045e-18
8293.94696 8.45999e-18
8295.84971 8.63788e-18
8297.75245 8.93921e-18
8299.64508 9.02976e-18
8301.54783 8.84717e-18
8303.44046 8.37808e-18
8305.34320 8.46739e-18
8307.24595 9.04980e-18
8309.13858 9.51137e-18
8311.04133 9.42498e-18
8312.93395 9.15951e-18
8314.83670 9.06308e-18
8316.73945 8.82172e-18
8318.63208 8.61923e-18
8320.53483 8.49626e-18
8322.43757 8.77996e-18
8324.33020 9.48402e-18
8326.23295 9.97792e-18
8328.12558 1.00617e-17
8330.02832 9.76014e-18
8331.93107 9.41114e-18
8333.82370 9.41608e-18
8335.72645 9.46399e-18
8337.62920 9.37764e-18
8339.52182 9.21925e-18
8341.42457 9.32789e-18
8343.31720 9.80083e-18
8345.21995 1.04971e-17
8347.12269 1.03970e-17
8349.01532 9.96724e-18
8350.91807 1.00124e-17
8352.81070 1.01014e-17
8354.71344 1.01592e-17
8356.61619 1.01095e-17
8358.50882 1.02562e-17
8360.41157 1.06228e-17
8362.30419 1.05779e-17
8364.20694 1.04102e-17
8366.10969 1.05807e-17
8368.00232 1.06660e-17
8369.90506 1.07686e-17
8371.79769 1.08234e-17
8373.70044 1.07054e-17
8375.60319 1.05757e-17
8377.49581 1.07004e-17
8379.39856 1.07856e-17
8381.30131 1.07549e-17
8383.19394 1.07416e-17
8385.09669 1.07868e-17
8386.98931 1.08698e-17
8388.89206 1.09312e-17
8390.79481 1.10098e-17
8392.68743 1.10688e-17
8394.59018 1.11854e-17
8396.49293 1.13575e-17
8398.38556 1.14292e-17
8400.28831 1.13633e-17
8402.18093 1.12934e-17
8404.08368 1.13249e-17
8405.98643 1.12739e-17
8407.87906 1.10353e-17
8409.78180 1.10260e-17
8411.67443 1.11599e-17
8413.57718 1.12041e-17
8415.47993 1.09783e-17
8417.37255 1.07552e-17
8419.27530 1.10146e-17
8421.17805 1.14096e-17
8423.07068 1.13143e-17
8424.97343 1.11990e-17
8426.86605 1.11701e-17
8428.76880 1.13985e-17
8430.67155 1.14615e-17
8432.56417 1.17325e-17
8434.46692 1.16166e-17
8436.35955 1.14384e-17
8438.26230 1.14023e-17
8440.16505 1.13248e-17
8442.05767 1.11913e-17
8443.96042 1.13733e-17
8445.86317 1.15210e-17
8447.75580 1.15253e-17
8449.65854 1.15061e-17
8451.55117 1.17439e-17
8453.45392 1.19669e-17
8455.35667 1.16919e-17
8457.24929 1.15187e-17
8459.15204 1.16828e-17
8461.04467 1.16112e-17
8462.94742 1.14274e-17
8464.85016 1.14512e-17
8466.74279 1.16185e-17
8468.64554 1.17218e-17
8470.53817 1.17470e-17
8472.44091 1.18982e-17
8474.34366 1.19751e-17
8476.23629 1.21275e-17
8478.13904 1.20845e-17
8480.04179 1.19243e-17
8481.93441 1.20019e-17
8483.83716 1.21733e-17
8485.73991 1.21132e-17
8487.63254 1.20675e-17
8489.53528 1.20598e-17
8491.42791 1.19488e-17
8493.33066 1.19948e-17
8495.23341 1.21193e-17
8497.12603 1.22254e-17
8499.02878 1.21715e-17
8500.92141 1.20786e-17
8502.82416 1.22272e-17
8504.72690 1.23777e-17
8506.61953 1.22434e-17
8508.52228 1.20082e-17
8510.41491 1.20040e-17
8512.31765 1.20819e-17
8514.22040 1.22629e-17
8516.11303 1.24606e-17
8518.01578 1.23507e-17
8519.91853 1.22668e-17
8521.81115 1.22518e-17
8523.71390 1.22319e-17
8525.60653 1.22365e-17
8527.50928 1.23812e-17
8529.41202 1.25236e-17
8531.30465 1.26906e-17
8533.20740 1.25908e-17
8535.10003 1.24317e-17
8537.00277 1.24088e-17
8538.90552 1.22819e-17
8540.79815 1.20726e-17
8542.70090 1.20959e-17
8544.60365 1.21988e-17
8546.49627 1.24865e-17
8548.39902 1.26916e-17
8550.29165 1.26845e-17
8552.19440 1.25785e-17
8554.09714 1.25191e-17
8555.98977 1.24623e-17
8557.89252 1.25574e-17
8559.78514 1.25529e-17
8561.68789 1.23182e-17
8563.59064 1.23836e-17
8565.48327 1.24540e-17
8567.38602 1.24967e-17
8569.28876 1.25539e-17
8571.18139 1.25717e-17
8573.08414 1.24992e-17
8574.97677 1.24818e-17
8576.87951 1.25196e-17
8578.78226 1.25744e-17
8580.67489 1.25776e-17
8582.57764 1.27519e-17
8584.47026 1.27340e-17
8586.37301 1.25854e-17
8588.27576 1.26476e-17
8590.16839 1.26212e-17
8592.07114 1.27348e-17
8593.96376 1.27590e-17
8595.86651 1.27424e-17
8597.76926 1.25810e-17
8599.66188 1.25565e-17
8601.56463 1.26239e-17
8603.46738 1.24710e-17
8605.36001 1.24792e-17
8607.26276 1.26734e-17
8609.16550 1.25817e-17
8611.05813 1.25070e-17
8612.96088 1.25686e-17
8614.85351 1.26800e-17
8616.75625 1.26624e-17
8618.65900 1.25830e-17
8620.55163 1.25707e-17
8622.45438 1.25827e-17
8624.34700 1.24659e-17
8626.24975 1.24479e-17
8628.15250 1.26680e-17
8630.04513 1.25677e-17
8631.94787 1.22578e-17
8633.84050 1.21063e-17
8635.74325 1.21048e-17
8637.64600 1.21820e-17
8639.53862 1.24085e-17
8641.44137 1.24615e-17
8643.33400 1.23684e-17
8645.23675 1.24207e-17
8647.13950 1.24169e-17
8649.03212 1.23758e-17
8650.93487 1.23806e-17
8652.83762 1.24117e-17
8654.73025 1.22771e-17
8656.63299 1.20137e-17
8658.52562 1.19240e-17
8660.42837 1.21657e-17
8662.33112 1.22529e-17
8664.22374 1.22166e-17
8666.12649 1.21402e-17
8668.02924 1.21141e-17
8669.92187 1.19621e-17
8671.82461 1.18700e-17
8673.71724 1.20715e-17
8675.61999 1.23156e-17
8677.52274 1.23557e-17
8679.41536 1.23926e-17
8681.31811 1.25580e-17
8683.21074 1.24400e-17
8685.11349 1.24049e-17
8687.01624 1.23621e-17
8688.90886 1.21148e-17
8690.81161 1.21056e-17
8692.71436 1.21684e-17
8694.60699 1.20868e-17
8696.50973 1.21371e-17
8698.40236 1.20617e-17
8700.30511 1.20581e-17
8702.20786 1.21620e-17
8704.10048 1.21645e-17
8706.00323 1.20675e-17
8707.89586 1.20752e-17
8709.79861 1.21083e-17
8711.70135 1.23733e-17
8713.59398 1.25204e-17
8715.49673 1.23735e-17
8717.38936 1.23263e-17
8719.29210 1.25032e-17
8721.19485 1.23840e-17
8723.08748 1.19824e-17
8724.99023 1.18950e-17
8726.89298 1.17513e-17
8728.78560 1.16713e-17
8730.68835 1.17684e-17
8732.58098 1.18023e-17
8734.48373 1.17542e-17
8736.38647 1.16862e-17
8738.27910 1.16896e-17
8740.18185 1.19067e-17
8742.07448 1.21476e-17
8743.97722 1.20385e-17
8745.87997 1.17752e-17
8747.77260 1.18756e-17
8749.67535 1.17981e-17
8751.57810 1.18428e-17
8753.47072 1.19059e-17
8755.37347 1.18335e-17
8757.26610 1.17841e-17
8759.16885 1.16848e-17
8761.07159 1.16564e-17
8762.96422 1.18487e-17
8764.86697 1.17650e-17
8766.76972 1.18143e-17
8768.66234 1.17549e-17
8770.56509 1.15400e-17
8772.45772 1.14597e-17
8774.36047 1.16373e-17
8776.26321 1.21252e-17
8778.15584 1.26786e-17
8780.05859 1.27699e-17
8781.95122 1.21195e-17
8783.85396 1.15894e-17
8785.75671 1.15512e-17
8787.64934 1.15114e-17
8789.55209 1.14318e-17
8791.45484 1.16130e-17
8793.34746 1.18329e-17
8795.25021 1.18305e-17
8797.14284 1.17730e-17
8799.04558 1.17803e-17
8800.94833 1.19352e-17
8802.84096 1.17991e-17
8804.74371 1.16123e-17
8806.63634 1.17211e-17
8808.53908 1.18322e-17
8810.44183 1.16808e-17
8812.33446 1.16451e-17
8814.23721 1.14445e-17
8816.13995 1.14192e-17
8818.03258 1.14767e-17
8819.93533 1.12813e-17
8821.82796 1.10875e-17
8823.73070 1.14511e-17
8825.63345 1.20468e-17
8827.52608 1.18280e-17
8829.42883 1.16281e-17
8831.32145 1.17106e-17
8833.22420 1.16936e-17
8835.12695 1.16539e-17
8837.01958 1.15430e-17
8838.92232 1.15860e-17
8840.81495 1.13738e-17
8842.71770 1.12188e-17
8844.62045 1.14776e-17
8846.51308 1.17783e-17
8848.41582 1.16199e-17
8850.31857 1.12984e-17
8852.21120 1.10624e-17
8854.11395 1.09582e-17
8856.00657 1.10498e-17
8857.90932 1.11223e-17
8859.81207 1.13816e-17
8861.70470 1.14774e-17
8863.60744 1.12497e-17
8865.50007 1.11077e-17
8867.40282 1.10224e-17
8869.30557 1.09674e-17
8871.19819 1.10130e-17
8873.10094 1.10923e-17
8875.00369 1.12841e-17
8876.89632 1.14524e-17
8878.79906 1.12199e-17
8880.69169 1.12881e-17
8882.59444 1.15361e-17
8884.49719 1.13443e-17
8886.38982 1.08496e-17
8888.29256 1.04948e-17
8890.19531 1.07312e-17
8892.08794 1.08193e-17
8893.99069 1.08179e-17
8895.88331 1.14673e-17
8897.78606 1.13975e-17
8899.68881 1.11848e-17
8901.58144 1.13135e-17
8903.48418 1.11508e-17
8905.37681 1.09740e-17
8907.27956 1.11060e-17
8909.18231 1.12881e-17
8911.07493 1.12889e-17
8912.97768 1.14616e-17
8914.87031 1.17231e-17
8916.77306 1.15906e-17
8918.67580 1.14068e-17
8920.56843 1.14186e-17
8922.47118 1.14702e-17
8924.37393 1.12298e-17
8926.26656 1.11260e-17
8928.16930 1.09339e-17
8930.06193 1.13446e-17
8931.96468 1.15971e-17
8933.86743 1.12242e-17
8935.76005 1.10822e-17
8937.66280 1.08135e-17
8939.56555 1.05078e-17
8941.45818 1.01839e-17
8943.36092 1.02963e-17
8945.25355 1.09406e-17
8947.15630 1.08156e-17
8949.05905 1.04609e-17
8950.95167 1.04224e-17
8952.85442 1.01730e-17
8954.74705 9.83231e-18
8956.64980 9.96811e-18
8958.55255 1.01321e-17
8960.44517 9.79852e-18
8962.34792 9.38711e-18
8964.24055 9.09009e-18
8966.14329 9.11390e-18
8968.04604 9.43193e-18
8969.93867 9.37921e-18
8971.84142 8.56162e-18
8973.74417 8.31157e-18
8975.63679 9.04152e-18
8977.53954 9.77383e-18
8979.43217 9.76285e-18
8981.33492 9.57512e-18
8983.23766 9.86396e-18
8985.13029 9.32837e-18
8987.03304 7.55034e-18
8988.92567 6.32006e-18
8990.82841 6.49809e-18
8992.73116 7.69981e-18
8994.62379 9.47085e-18
8996.52654 1.04077e-17
8998.42929 9.80499e-18
9000.32191 8.85120e-18
9002.22466 8.71046e-18
9004.11729 8.59149e-18
9006.02003 8.15750e-18
9007.92278 8.09154e-18
9009.81541 8.47106e-18
9011.71816 9.00543e-18
9013.61079 9.13529e-18
9015.51353 9.06567e-18
9017.41628 8.75912e-18
9019.30891 9.12660e-18
9021.21166 9.48654e-18
9023.11440 9.17417e-18
9025.00703 8.32006e-18
