# wavelength flux
3322.03607 9.41418e-18
3323.97930 1.76581e-17
3325.93266 9.12847e-18
3327.87589 1.79871e-18
3329.81912 2.12358e-18
3331.77247 6.70759e-18
3333.71571 5.92890e-18
3335.66906 1.77560e-18
3337.61229 2.93130e-18
3339.55552 1.83961e-18
3341.50888 2.04568e-18
3343.45211 7.01055e-18
3345.40546 5.43272e-18
3347.34869 5.33392e-18
3349.29192 3.24718e-18
3351.24528 3.41989e-18
3353.18851 5.93126e-18
3355.14186 6.62900e-18
3357.08509 1.26945e-18
3359.02833 3.20337e-18
3360.98168 3.80615e-18
3362.92491 3.13613e-18
3364.87827 6.95351e-19
3366.82150 1.89231e-18
3368.76473 2.72904e-18
3370.71808 4.57460e-18
3372.66131 3.68976e-18
3374.61467 3.46101e-18
3376.55790 4.50356e-18
3378.50113 4.68106e-18
3380.45448 3.91806e-18
3382.39772 4.42528e-18
3384.35107 1.10060e-18
3386.29430 1.58551e-18
3388.23753 3.58522e-19
3390.19089 4.55035e-18
3392.13412 1.38273e-17
3394.08747 1.28911e-17
3396.03070 7.93135e-18
3397.97393 4.28574e-18
3399.92729 2.53912e-18
3401.87052 3.61074e-18
3403.81375 3.19038e-18
3405.76711 -6.92646e-19
3407.71034 1.84678e-18
3409.66369 3.17244e-18
3411.60692 2.38024e-18
3413.55015 3.96013e-18
3415.50351 2.57340e-18
3417.44674 2.39371e-18
3419.40009 3.89104e-18
3421.34332 3.53229e-18
3423.28656 3.36714e-18
3425.23991 2.51277e-18
3427.18314 4.02268e-18
3429.13649 4.91386e-18
3431.07973 3.07754e-18
3433.02296 2.18264e-18
3434.97631 3.53353e-18
3436.91954 6.26253e-18
3438.87290 3.08283e-18
3440.81613 2.51511e-18
3442.75936 2.82086e-18
3444.71271 4.20713e-18
3446.65594 4.48805e-18
3448.60930 4.02218e-18
3450.55253 3.26469e-18
3452.49576 3.48604e-18
3454.44911 3.71858e-18
3456.39235 1.93767e-18
3458.34570 3.53337e-18
3460.28893 2.79160e-18
3462.23216 1.63289e-18
3464.18552 3.66701e-18
3466.12875 4.52653e-18
3468.08210 4.21548e-18
3470.02533 5.76106e-18
3471.96857 2.99827e-18
3473.92192 3.15439e-18
3475.86515 2.69673e-18
3477.81850 3.18372e-18
3479.76174 1.54495e-18
3481.70497 4.77285e-18
3483.65832 4.48153e-18
3485.60155 5.68242e-18
3487.55491 3.37227e-18
3489.49814 4.74456e-18
3491.44137 3.59511e-18
3493.39472 4.57143e-18
3495.33795 2.89642e-18
3497.29131 4.09159e-18
3499.23454 4.45398e-18
3501.17777 3.75840e-18
3503.13112 3.89555e-18
3505.07436 4.17461e-18
3507.01759 3.50181e-18
3508.97094 4.13865e-18
3510.91417 4.20458e-18
3512.86753 5.24277e-18
3514.81076 4.32152e-18
3516.75399 3.25110e-18
3518.70734 3.01511e-18
3520.65058 1.93211e-18
3522.60393 2.28110e-18
3524.54716 2.92286e-18
3526.49039 2.59815e-18
3528.44375 3.14280e-18
3530.38698 4.03155e-18
3532.34033 4.02965e-18
3534.28356 3.76658e-18
3536.22680 4.22928e-18
3538.18015 3.55246e-18
3540.12338 3.27556e-18
3542.07673 3.13672e-18
3544.01996 4.53377e-18
3545.96320 5.43073e-18
3547.91655 5.17730e-18
3549.85978 3.75706e-18
3551.81313 3.55524e-18
3553.75637 4.04393e-18
3555.69960 3.06483e-18
3557.65295 5.10640e-18
3559.59618 5.18884e-18
3561.54954 5.25489e-18
3563.49277 6.21188e-18
3565.43600 4.97027e-18
3567.38935 4.37486e-18
3569.33259 3.50729e-18
3571.28594 3.95002e-18
3573.22917 4.06714e-18
3575.17240 2.90070e-18
3577.12576 4.02997e-18
3579.06899 3.98449e-18
3581.02234 3.23833e-18
3582.96557 4.31402e-18
3584.90881 4.07131e-18
3586.86216 3.98343e-18
3588.80539 4.08813e-18
3590.74862 4.44009e-18
3592.70197 4.28139e-18
3594.64521 4.85085e-18
3596.59856 5.61547e-18
3598.54179 5.80105e-18
3600.49514 4.45282e-18
3602.43838 4.01512e-18
3604.38161 4.41474e-18
3606.33496 3.30638e-18
3608.27819 3.28677e-18
3610.22143 4.06466e-18
3612.17478 4.23377e-18
3614.11801 3.94483e-18
3616.07136 5.10075e-18
3618.01460 5.08474e-18
3619.95783 4.98712e-18
3621.91118 4.74393e-18
3623.85441 5.45217e-18
3625.80777 5.53671e-18
3627.75100 4.33446e-18
3629.69423 2.72411e-18
3631.64758 3.70654e-18
3633.59082 5.46471e-18
3635.54417 5.35962e-18
3637.48740 5.75475e-18
3639.43063 4.61477e-18
3641.38398 5.61504e-18
3643.32722 5.67184e-18
3645.28057 5.21548e-18
3647.22380 4.98036e-18
3649.16703 4.62168e-18
3651.12039 5.84034e-18
3653.06362 4.95058e-18
3655.01697 4.84234e-18
3656.96020 3.89062e-18
3658.90344 5.06621e-18
3660.85679 4.40450e-18
3662.80002 3.96906e-18
3664.75337 4.49233e-18
3666.69661 5.01724e-18
3668.63984 4.71526e-18
3670.59319 4.87444e-18
3672.53642 5.28407e-18
3674.48978 5.22688e-18
3676.43301 5.14436e-18
3678.37624 4.59843e-18
3680.32959 3.96996e-18
3682.27283 5.35791e-18
3684.22618 4.95537e-18
3686.16941 4.31703e-18
3688.11264 5.26834e-18
3690.06599 4.17713e-18
3692.00923 4.39578e-18
3693.95246 3.79865e-18
3695.90581 4.58266e-18
3697.84904 5.29051e-18
3699.80240 4.84476e-18
3701.74563 3.52083e-18
3703.68886 4.32165e-18
3705.64221 4.68355e-18
3707.58545 3.58079e-18
3709.53880 3.89590e-18
3711.48203 4.09623e-18
3713.42526 4.24188e-18
3715.37862 4.31853e-18
3717.32185 4.40511e-18
3719.27520 4.10026e-18
3721.21843 4.15320e-18
3723.16167 4.39655e-18
3725.11502 4.85139e-18
3727.05825 5.37151e-18
3729.01160 4.04535e-18
3730.95484 4.17609e-18
3732.89807 4.42967e-18
3734.85142 3.67523e-18
3736.79465 4.95104e-18
3738.74801 4.09263e-18
3740.69124 3.53132e-18
3742.63447 4.24150e-18
3744.58782 4.15969e-18
3746.53105 4.71806e-18
3748.48441 4.25348e-18
3750.42764 4.61469e-18
3752.37087 5.59846e-18
3754.32422 5.57014e-18
3756.26746 5.51345e-18
3758.22081 5.45676e-18
3760.16404 5.40008e-18
3762.10727 5.34342e-18
3764.06063 5.28678e-18
3766.00386 5.23015e-18
3767.95721 5.17352e-18
3769.90044 5.11690e-18
3771.84368 5.06031e-18
3773.79703 5.00372e-18
3775.74026 4.94714e-18
3777.69361 4.89058e-18
3779.63684 4.83403e-18
3781.58008 4.77749e-18
3783.53343 4.72097e-18
3785.47666 4.66445e-18
3787.43001 4.60794e-18
3789.37325 4.55146e-18
3791.31648 4.49497e-18
3793.26983 4.43850e-18
3795.21306 4.09772e-18
3797.15630 4.62568e-18
3799.10965 4.84867e-18
3801.05288 4.47653e-18
3803.00623 5.11330e-18
3804.94947 5.59950e-18
3806.89270 4.55866e-18
3808.84605 4.87076e-18
3810.78928 5.84789e-18
3812.74264 5.90135e-18
3814.68587 5.17822e-18
3816.62910 5.60883e-18
3818.58245 6.39738e-18
3820.52569 5.68479e-18
3822.47904 6.00713e-18
3824.42227 5.96691e-18
3826.36550 4.71859e-18
3828.31885 4.54627e-18
3830.26209 5.86834e-18
3832.21544 6.65330e-18
3834.15867 5.74608e-18
3836.10190 6.25564e-18
3838.05526 6.12304e-18
3839.99849 6.33992e-18
3841.95184 6.42356e-18
3843.89507 6.00228e-18
3845.83831 6.78884e-18
3847.79166 6.69725e-18
3849.73489 6.04457e-18
3851.68824 5.33350e-18
3853.63148 5.49827e-18
3855.57471 6.92738e-18
3857.52806 6.41605e-18
3859.47129 6.33477e-18
3861.42465 6.41646e-18
3863.36788 5.42824e-18
3865.31111 5.58955e-18
3867.26446 5.93883e-18
3869.20769 5.77758e-18
3871.16105 6.17363e-18
3873.10428 6.22432e-18
3875.04751 7.62169e-18
3877.00086 7.61705e-18
3878.94410 7.41186e-18
3880.89745 6.72769e-18
3882.84068 6.97994e-18
3884.78391 6.89828e-18
3886.73727 7.11650e-18
3888.68050 8.40523e-18
3890.62373 7.98313e-18
3892.57708 7.53941e-18
3894.52032 7.70001e-18
3896.47367 8.09769e-18
3898.41690 7.82836e-18
3900.36013 7.73005e-18
3902.31349 8.13758e-18
3904.25672 7.70396e-18
3906.21007 7.56959e-18
3908.15330 7.81697e-18
3910.09654 8.34907e-18
3912.04989 8.98316e-18
3913.99312 8.72383e-18
3915.94647 7.95129e-18
3917.88971 7.86652e-18
3919.83294 7.89484e-18
3921.78629 7.02182e-18
3923.72952 7.83656e-18
3925.68287 7.17436e-18
3927.62611 7.35358e-18
3929.56934 6.70874e-18
3931.52269 7.33016e-18
3933.46592 7.26760e-18
3935.41928 7.76483e-18
3937.36251 8.13630e-18
3939.30574 8.62205e-18
3941.25909 7.73094e-18
3943.20233 7.99944e-18
3945.15568 8.28021e-18
3947.09891 8.40411e-18
3949.04214 7.76344e-18
3950.99550 7.18200e-18
3952.93873 7.43392e-18
3954.89208 8.08164e-18
3956.83531 7.69420e-18
3958.77854 7.33229e-18
3960.73190 8.29894e-18
3962.67513 7.67053e-18
3964.62848 7.69914e-18
3966.57172 7.83959e-18
3968.51495 8.06020e-18
3970.46830 8.16902e-18
3972.41153 9.01261e-18
3974.35476 8.74279e-18
3976.30812 8.30413e-18
3978.25135 7.03011e-18
3980.20470 7.23193e-18
3982.14793 7.97568e-18
3984.09117 8.45047e-18
3986.04452 8.84169e-18
3987.98775 7.18020e-18
3989.94110 8.26376e-18
3991.88434 8.40990e-18
3993.82757 9.26155e-18
3995.78092 9.43033e-18
3997.72415 8.31437e-18
3999.67751 8.21676e-18
4001.62074 8.79577e-18
4003.56397 8.72257e-18
4005.51732 8.29442e-18
4007.46056 8.95266e-18
4009.41391 9.32143e-18
4011.35714 9.03038e-18
4013.30037 8.34700e-18
4015.25373 8.25429e-18
4017.19696 8.00661e-18
4019.15031 7.18789e-18
4021.09354 8.65568e-18
4023.03677 8.80763e-18
4024.99013 8.15313e-18
4026.93336 8.94262e-18
4028.88671 8.62330e-18
4030.82994 8.46434e-18
4032.77318 9.37480e-18
4034.72653 8.69768e-18
4036.66976 8.54005e-18
4038.62311 8.32665e-18
4040.56635 7.73687e-18
4042.50958 9.15905e-18
4044.46293 9.10735e-18
4046.40616 8.56842e-18
4048.35952 7.98045e-18
4050.30275 8.16326e-18
4052.24598 8.01072e-18
4054.19933 7.62053e-18
4056.14257 7.79824e-18
4058.09592 7.73462e-18
4060.03915 8.14223e-18
4061.98238 8.05644e-18
4063.93574 8.18830e-18
4065.87897 8.78762e-18
4067.83232 8.11615e-18
4069.77555 8.14828e-18
4071.71878 7.92225e-18
4073.67214 8.05403e-18
4075.61537 7.86158e-18
4077.55860 7.47868e-18
4079.51195 7.81386e-18
4081.45519 7.52101e-18
4083.40854 7.07419e-18
4085.35177 8.12363e-18
4087.29500 7.84661e-18
4089.24836 7.76616e-18
4091.19159 8.17845e-18
4093.14494 8.16747e-18
4095.08817 7.45836e-18
4097.03141 7.32629e-18
4098.98476 6.58893e-18
4100.92799 7.81503e-18
4102.88134 8.15095e-18
4104.82457 7.19645e-18
4106.76781 7.81719e-18
4108.72116 7.89765e-18
4110.66439 7.20873e-18
4112.61774 7.82931e-18
4114.56098 7.81034e-18
4116.50421 7.77446e-18
4118.45756 7.96581e-18
4120.40079 8.07918e-18
4122.35415 7.47336e-18
4124.29738 7.51083e-18
4126.24061 8.75880e-18
4128.19396 8.10876e-18
4130.13720 7.48092e-18
4132.09055 7.73002e-18
4134.03378 8.19077e-18
4135.97701 7.49319e-18
4137.93037 7.39313e-18
4139.87360 7.36913e-18
4141.82695 7.98100e-18
4143.77018 7.81556e-18
4145.71341 7.84522e-18
4147.66677 7.75978e-18
4149.61000 8.11012e-18
4151.56335 7.67226e-18
4153.50659 7.54244e-18
4155.44982 8.30835e-18
4157.40317 8.22935e-18
4159.34640 8.44959e-18
4161.28963 8.21312e-18
4163.24299 8.02831e-18
4165.18622 7.81310e-18
4167.13957 7.81608e-18
4169.08280 8.31300e-18
4171.02604 8.80749e-18
4172.97939 7.55761e-18
4174.92262 7.35649e-18
4176.87597 8.22548e-18
4178.81921 8.27488e-18
4180.76244 7.73067e-18
4182.71579 8.22261e-18
4184.65902 7.69313e-18
4186.61238 7.60979e-18
4188.55561 7.58847e-18
4190.49884 7.05981e-18
4192.45219 7.36287e-18
4194.39542 8.04118e-18
4196.34878 7.68285e-18
4198.29201 7.60105e-18
4200.23524 7.79667e-18
4202.18859 7.48793e-18
4204.13183 7.36335e-18
4206.08518 7.87863e-18
4208.02841 8.21498e-18
4209.97164 7.53906e-18
4211.92500 7.93571e-18
4213.86823 7.61523e-18
4215.82158 7.78724e-18
4217.76481 7.60516e-18
4219.70805 7.07291e-18
4221.66140 7.57219e-18
4223.60463 8.18511e-18
4225.55798 8.05723e-18
4227.50122 7.93905e-18
4229.44445 7.40250e-18
4231.39780 7.77019e-18
4233.34103 8.19319e-18
4235.29439 7.79629e-18
4237.23762 7.62227e-18
4239.18085 6.99133e-18
4241.13420 7.31166e-18
4243.07744 7.41617e-18
4245.03079 7.42556e-18
4246.97402 7.37815e-18
4248.91725 7.20196e-18
4250.87061 8.06948e-18
4252.81384 8.10295e-18
4254.76719 8.30747e-18
4256.71042 8.27464e-18
4258.65365 7.68684e-18
4260.60701 7.49450e-18
4262.55024 7.86973e-18
4264.50359 8.31926e-18
4266.44682 7.71522e-18
4268.39006 7.37055e-18
4270.34341 7.27689e-18
4272.28664 7.62499e-18
4274.22987 8.19086e-18
4276.18323 7.75551e-18
4278.12646 7.88327e-18
4280.07981 8.00311e-18
4282.02304 7.77873e-18
4283.96627 8.02616e-18
4285.91963 7.94683e-18
4287.86286 7.54627e-18
4289.81621 7.73294e-18
4291.75944 7.32774e-18
4293.70268 7.18893e-18
4295.65603 7.85808e-18
4297.59926 7.79254e-18
4299.55261 7.91358e-18
4301.49585 7.30245e-18
4303.43908 6.90038e-18
4305.39243 7.13104e-18
4307.33566 7.46706e-18
4309.28902 7.55894e-18
4311.23225 7.71719e-18
4313.17548 8.00990e-18
4315.12883 7.93394e-18
4317.07207 7.70798e-18
4319.02542 7.71455e-18
4320.96865 7.45828e-18
4322.91188 7.52621e-18
4324.86524 6.92688e-18
4326.80847 7.07360e-18
4328.76182 7.63664e-18
4330.70505 7.76453e-18
4332.64829 7.58030e-18
4334.60164 7.28136e-18
4336.54487 7.51330e-18
4338.48810 7.69760e-18
4340.44146 7.46324e-18
4342.38469 7.67029e-18
4344.33804 7.95338e-18
4346.28127 7.95330e-18
4348.23463 7.66104e-18
4350.17786 7.62877e-18
4352.12109 7.81400e-18
4354.07444 8.00801e-18
4356.01767 7.61314e-18
4357.96091 7.67907e-18
4359.91426 7.80992e-18
4361.85749 8.28054e-18
4363.81084 7.67756e-18
4365.75408 8.07249e-18
4367.69731 7.68421e-18
4369.65066 6.57324e-18
4371.59389 8.15517e-18
4373.54725 8.20786e-18
4375.49048 8.47131e-18
4377.43371 8.00320e-18
4379.38706 7.85514e-18
4381.33029 8.52266e-18
4383.28365 8.52952e-18
4385.22688 7.82448e-18
4387.17011 7.73064e-18
4389.12346 7.85252e-18
4391.06670 8.61062e-18
4393.02005 8.29502e-18
4394.96328 7.80495e-18
4396.90651 8.28833e-18
4398.85987 8.32226e-18
4400.80310 8.35619e-18
4402.75645 8.39013e-18
4404.69968 8.42404e-18
4406.64292 8.45795e-18
4408.59627 8.49186e-18
4410.53950 8.52576e-18
4412.49285 8.55965e-18
4414.43609 8.59355e-18
4416.37932 8.62743e-18
4418.33267 8.66130e-18
4420.27590 8.69518e-18
4422.22926 8.72904e-18
4424.17249 8.76290e-18
4426.11572 8.79675e-18
4428.06907 8.83060e-18
4430.01231 8.86443e-18
4431.96566 8.89828e-18
4433.90889 8.93210e-18
4435.85212 8.96592e-18
4437.80548 9.02011e-18
4439.74871 9.19463e-18
4441.69194 9.32897e-18
4443.64529 9.21580e-18
4445.58852 9.04035e-18
4447.54188 9.08424e-18
4449.48511 9.41924e-18
4451.42834 9.71845e-18
4453.38169 9.05619e-18
4455.32493 9.44153e-18
4457.27828 1.01826e-17
4459.22151 9.78793e-18
4461.16474 9.49750e-18
4463.11810 9.50500e-18
4465.06133 9.62028e-18
4467.01468 1.00621e-17
4468.95791 9.41130e-18
4470.90114 9.62937e-18
4472.85450 1.03028e-17
4474.79773 9.52566e-18
4476.75108 9.27619e-18
4478.69431 9.46735e-18
4480.63755 9.42568e-18
4482.59090 9.69913e-18
4484.53413 9.61233e-18
4486.48749 9.76364e-18
4488.43072 1.05987e-17
4490.37395 1.08119e-17
4492.32730 1.10519e-17
4494.27053 1.08415e-17
4496.22389 1.08696e-17
4498.16712 1.09033e-17
4500.11035 1.03138e-17
4502.06370 1.08937e-17
4504.00694 1.15541e-17
4505.96029 1.12031e-17
4507.90352 1.07903e-17
4509.84675 1.10370e-17
4511.80011 1.10126e-17
4513.74334 1.13029e-17
4515.69669 1.12894e-17
4517.63992 1.10333e-17
4519.58316 1.12925e-17
4521.53651 1.15299e-17
4523.47974 1.12501e-17
4525.43309 1.13669e-17
4527.37633 1.13371e-17
4529.31956 1.11069e-17
4531.27291 1.17539e-17
4533.21614 1.18544e-17
4535.16950 1.19300e-17
4537.11273 1.21002e-17
4539.05596 1.15397e-17
4541.00931 1.14405e-17
4542.95254 1.16537e-17
4544.89578 1.15813e-17
4546.84913 1.19782e-17
4548.79236 1.15976e-17
4550.74571 1.13165e-17
4552.68895 1.10765e-17
4554.63218 1.11789e-17
4556.58553 1.11505e-17
4558.52876 1.12682e-17
4560.48212 1.15697e-17
4562.42535 1.17482e-17
4564.36858 1.11219e-17
4566.32193 1.10018e-17
4568.26516 1.13661e-17
4570.21852 1.14689e-17
4572.16175 1.07596e-17
4574.10498 1.12432e-17
4576.05834 1.13352e-17
4578.00157 1.09407e-17
4579.95492 1.03786e-17
4581.89815 1.08005e-17
4583.84138 1.07141e-17
4585.79474 1.11818e-17
4587.73797 1.09900e-17
4589.69132 1.07851e-17
4591.63455 1.14394e-17
4593.57779 1.07196e-17
4595.53114 1.07272e-17
4597.47437 1.06576e-17
4599.42772 9.95221e-18
4601.37096 1.07532e-17
4603.31419 1.11487e-17
4605.26754 1.04081e-17
4607.21077 1.05450e-17
4609.16413 1.05467e-17
4611.10736 1.10011e-17
4613.05059 1.07435e-17
4615.00394 1.06669e-17
4616.94718 1.10585e-17
4618.90053 1.07136e-17
4620.84376 1.03328e-17
4622.78699 1.06804e-17
4624.74035 1.06880e-17
4626.68358 1.10711e-17
4628.62681 1.11904e-17
4630.58016 1.00592e-17
4632.52339 1.10997e-17
4634.47675 1.06195e-17
4636.41998 1.02133e-17
4638.37333 9.90613e-18
4640.31656 1.02639e-17
4642.25980 1.04319e-17
4644.21315 9.87849e-18
4646.15638 1.08141e-17
4648.09961 1.03167e-17
4650.05297 1.00166e-17
4651.99620 1.05677e-17
4653.94955 1.01719e-17
4655.89278 9.85560e-18
4657.83601 1.01712e-17
4659.78937 1.00656e-17
4661.73260 1.04325e-17
4663.68595 1.01346e-17
4665.62919 9.73131e-18
4667.57242 9.66155e-18
4669.52577 9.43720e-18
4671.46900 1.00633e-17
4673.42236 9.95142e-18
4675.36559 9.93704e-18
4677.30882 9.51231e-18
4679.26217 1.02964e-17
4681.20540 1.04965e-17
4683.15876 1.04188e-17
4685.10199 1.00263e-17
4687.04522 1.02771e-17
4688.99857 1.02201e-17
4690.94181 1.09504e-17
4692.89516 1.06899e-17
4694.83839 1.04680e-17
4696.78162 1.03228e-17
4698.73498 9.96599e-18
4700.67821 9.84544e-18
4702.63156 1.01870e-17
4704.57479 1.03122e-17
4706.51803 1.03986e-17
4708.47138 1.04023e-17
4710.41461 1.06876e-17
4712.36796 1.04640e-17
4714.31120 9.90300e-18
4716.25443 9.97744e-18
4718.20778 1.03561e-17
4720.15101 1.06494e-17
4722.10436 1.07433e-17
4724.04760 1.00439e-17
4725.99083 1.00164e-17
4727.94418 1.02839e-17
4729.88741 1.01377e-17
4731.83065 1.04705e-17
4733.78400 1.02752e-17
4735.72723 9.98289e-18
4737.68058 1.01929e-17
4739.62382 1.02046e-17
4741.56705 9.75035e-18
4743.52040 9.89895e-18
4745.46363 1.01819e-17
4747.41699 1.00028e-17
4749.36022 9.93065e-18
4751.30345 9.98696e-18
4753.25680 1.02542e-17
4755.20004 9.52015e-18
4757.15339 9.37773e-18
4759.09662 9.96626e-18
4761.03985 9.66148e-18
4762.99320 9.72032e-18
4764.93644 1.02084e-17
4766.88979 1.01356e-17
4768.83302 1.01961e-17
4770.77625 9.89151e-18
4772.72961 9.98596e-18
4774.67284 9.46039e-18
4776.62619 9.49842e-18
4778.56942 1.01489e-17
4780.51266 1.01938e-17
4782.46601 1.00220e-17
4784.40924 9.59646e-18
4786.36259 9.68156e-18
4788.30583 1.03285e-17
4790.24906 1.04405e-17
4792.20241 1.01238e-17
4794.14564 1.01375e-17
4796.09900 9.78613e-18
4798.04223 9.81023e-18
4799.98546 9.77023e-18
4801.93881 1.02128e-17
4803.88204 1.02999e-17
4805.83540 1.02125e-17
4807.77863 1.02468e-17
4809.72186 1.02840e-17
4811.67521 1.00416e-17
4813.61845 1.02441e-17
4815.57180 1.08092e-17
4817.51503 1.08488e-17
4819.45826 1.10922e-17
4821.41162 1.13214e-17
4823.35485 1.12196e-17
4825.30820 1.09047e-17
4827.25143 1.06586e-17
4829.19467 1.08150e-17
4831.14802 1.08558e-17
4833.09125 1.11936e-17
4835.03448 1.13509e-17
4836.98784 1.13734e-17
4838.93107 1.12202e-17
4840.88442 1.08642e-17
4842.82765 1.12377e-17
4844.77089 1.14675e-17
4846.72424 1.14283e-17
4848.66747 1.10709e-17
4850.62082 1.08290e-17
4852.56405 1.10572e-17
4854.50729 1.13748e-17
4856.46064 1.17671e-17
4858.40387 1.13931e-17
4860.35722 1.12157e-17
4862.30046 1.10233e-17
4864.24369 1.14458e-17
4866.19704 1.15119e-17
4868.14027 1.12473e-17
4870.09363 1.09877e-17
4872.03686 1.14646e-17
4873.98009 1.12744e-17
4875.93344 1.12203e-17
4877.87668 1.15595e-17
4879.83003 1.13911e-17
4881.77326 1.10843e-17
4883.71649 1.10270e-17
4885.66985 1.03621e-17
4887.61308 1.06033e-17
4889.56643 1.05834e-17
4891.50966 1.03845e-17
4893.45289 1.02215e-17
4895.40625 1.06820e-17
4897.34948 1.08270e-17
4899.30283 1.02759e-17
4901.24606 1.06529e-17
4903.18930 1.06478e-17
4905.14265 1.06428e-17
4907.08588 1.06377e-17
4909.03924 1.06327e-17
4910.98247 1.06277e-17
4912.92570 1.06226e-17
4914.87905 1.06176e-17
4916.82228 1.06125e-17
4918.76552 1.06075e-17
4920.71887 1.06025e-17
4922.66210 1.05974e-17
4924.61545 1.05924e-17
4926.55869 1.05874e-17
4928.50192 1.05823e-17
4930.45527 1.05773e-17
4932.39850 1.05723e-17
4934.35186 1.05672e-17
4936.29509 1.05622e-17
4938.23832 1.05572e-17
4940.19167 1.05522e-17
4942.13490 1.08927e-17
4944.08826 1.07044e-17
4946.03149 1.14515e-17
4947.97472 1.12928e-17
4949.92807 1.10657e-17
4951.87131 1.14289e-17
4953.82466 1.15249e-17
4955.76789 1.10070e-17
4957.71112 1.06686e-17
4959.66448 1.09920e-17
4961.60771 1.11821e-17
4963.56106 1.16415e-17
4965.50429 1.23662e-17
4967.44753 1.22544e-17
4969.40088 1.14955e-17
4971.34411 1.20593e-17
4973.29746 1.18074e-17
4975.24070 1.14154e-17
4977.18393 1.18145e-17
4979.13728 1.13981e-17
4981.08051 1.16442e-17
4983.03387 1.17748e-17
4984.97710 1.18447e-17
4986.92033 1.17533e-17
4988.87368 1.19376e-17
4990.81691 1.18404e-17
4992.77027 1.22444e-17
4994.71350 1.17381e-17
4996.65673 1.16381e-17
4998.61009 1.14687e-17
5000.55332 1.11001e-17
5002.50667 1.10624e-17
5004.44990 1.10247e-17
5006.39313 1.09870e-17
5008.34649 1.09493e-17
5010.28972 1.09116e-17
5012.23295 1.08739e-17
5014.18630 1.08362e-17
5016.12954 1.07985e-17
5018.08289 1.07609e-17
5020.02612 1.07232e-17
5021.96935 1.06856e-17
5023.92271 1.06479e-17
5025.86594 1.06103e-17
5027.81929 1.05726e-17
5029.76252 1.05350e-17
5031.70575 1.04974e-17
5033.65911 1.04598e-17
5035.60234 1.04222e-17
5037.55569 1.03846e-17
5039.49892 1.09545e-17
5041.44216 1.09352e-17
5043.39551 1.05694e-17
5045.33874 1.08532e-17
5047.29209 1.12009e-17
5049.23533 1.12290e-17
5051.17856 1.12570e-17
5053.13191 1.12850e-17
5055.07514 1.13130e-17
5057.02850 1.13410e-17
5058.97173 1.13690e-17
5060.91496 1.13970e-17
5062.86831 1.14250e-17
5064.81155 1.14530e-17
5066.76490 1.14809e-17
5068.70813 1.15089e-17
5070.65136 1.15369e-17
5072.60472 1.15648e-17
5074.54795 1.15928e-17
5076.50130 1.16208e-17
5078.44453 1.16487e-17
5080.38776 1.16767e-17
5082.34112 1.17046e-17
5084.28435 1.17326e-17
5086.23770 1.17605e-17
5088.18094 1.19538e-17
5090.12417 1.19447e-17
5092.07752 1.19207e-17
5094.02075 1.19051e-17
5095.97411 1.18611e-17
5097.91734 1.20515e-17
5099.86057 1.23361e-17
5101.81392 1.22429e-17
5103.75715 1.22168e-17
5105.71051 1.23405e-17
5107.65374 1.28245e-17
5109.59697 1.24818e-17
5111.55032 1.24768e-17
5113.49356 1.29207e-17
5115.43679 1.25365e-17
5117.39014 1.22733e-17
5119.33337 1.23399e-17
5121.28673 1.25712e-17
5123.22996 1.30729e-17
5125.17319 1.28242e-17
5127.12654 1.29532e-17
5129.06977 1.28587e-17
5131.02313 1.28945e-17
5132.96636 1.27197e-17
5134.90959 1.32395e-17
5136.86294 1.28261e-17
5138.80618 1.27403e-17
5140.75953 1.34453e-17
5142.70276 1.33594e-17
5144.64599 1.31489e-17
5146.59935 1.32032e-17
5148.54258 1.37043e-17
5150.49593 1.34979e-17
5152.43916 1.32092e-17
5154.38240 1.40399e-17
5156.33575 1.38259e-17
5158.27898 1.35849e-17
5160.23233 1.34114e-17
5162.17557 1.36494e-17
5164.11880 1.37403e-17
5166.07215 1.36595e-17
5168.01538 1.33857e-17
5169.96874 1.32564e-17
5171.91197 1.36881e-17
5173.85520 1.38834e-17
5175.80855 1.37655e-17
5177.75179 1.36426e-17
5179.70514 1.42518e-17
5181.64837 1.43576e-17
5183.59160 1.37182e-17
5185.54496 1.39912e-17
5187.48819 1.41928e-17
5189.44154 1.40926e-17
5191.38477 1.41659e-17
5193.32800 1.44916e-17
5195.28136 1.44045e-17
5197.22459 1.43464e-17
5199.17794 1.45418e-17
5201.12117 1.46522e-17
5203.06441 1.42966e-17
5205.01776 1.42955e-17
5206.96099 1.47987e-17
5208.90422 1.46468e-17
5210.85758 1.45006e-17
5212.80081 1.48907e-17
5214.75416 1.46593e-17
5216.69739 1.44941e-17
5218.64062 1.44991e-17
5220.59398 1.47485e-17
5222.53721 1.47923e-17
5224.49056 1.52857e-17
5226.43379 1.52736e-17
5228.37703 1.53386e-17
5230.33038 1.53708e-17
5232.27361 1.53873e-17
5234.22696 1.49955e-17
5236.17020 1.47081e-17
5238.11343 1.47920e-17
5240.06678 1.48255e-17
5242.01001 1.47411e-17
5243.96337 1.53427e-17
5245.90660 1.53478e-17
5247.84983 1.55665e-17
5249.80318 1.52125e-17
5251.74642 1.51197e-17
5253.69977 1.48683e-17
5255.64300 1.47097e-17
5257.58623 1.52602e-17
5259.53959 1.54412e-17
5261.48282 1.58701e-17
5263.43617 1.52624e-17
5265.37940 1.54823e-17
5267.32264 1.64619e-17
5269.27599 1.60788e-17
5271.21922 1.55810e-17
5273.17257 1.59279e-17
5275.11581 1.54956e-17
5277.05904 1.54688e-17
5279.01239 1.61696e-17
5280.95562 1.54570e-17
5282.90898 1.55070e-17
5284.85221 1.55497e-17
5286.79544 1.62083e-17
5288.74879 1.64132e-17
5290.69202 1.60152e-17
5292.63526 1.61831e-17
5294.58861 1.59468e-17
5296.53184 1.60383e-17
5298.48519 1.63843e-17
5300.42843 1.60295e-17
5302.37166 1.56475e-17
5304.32501 1.59463e-17
5306.26824 1.63194e-17
5308.22160 1.62196e-17
5310.16483 1.64315e-17
5312.10806 1.67149e-17
5314.06141 1.69809e-17
5316.00464 1.71842e-17
5317.95800 1.68998e-17
5319.90123 1.70633e-17
5321.84446 1.68998e-17
5323.79781 1.66418e-17
5325.74105 1.74556e-17
5327.69440 1.68817e-17
5329.63763 1.67083e-17
5331.58086 1.71204e-17
5333.53422 1.74623e-17
5335.47745 1.79345e-17
5337.43080 1.73571e-17
5339.37403 1.77498e-17
5341.31727 1.79256e-17
5343.27062 1.77652e-17
5345.21385 1.85117e-17
5347.16720 1.84483e-17
5349.11044 1.79846e-17
5351.05367 1.80510e-17
5353.00702 1.82641e-17
5354.95025 1.85439e-17
5356.90361 1.86739e-17
5358.84684 1.84773e-17
5360.79007 1.79828e-17
5362.74342 1.92008e-17
5364.68666 1.90704e-17
5366.64001 1.88289e-17
5368.58324 1.90472e-17
5370.52647 1.86520e-17
5372.47983 1.91387e-17
5374.42306 1.90543e-17
5376.37641 1.90861e-17
5378.31964 1.94206e-17
5380.26287 1.89163e-17
5382.21623 1.94220e-17
5384.15946 1.99825e-17
5386.11281 1.95444e-17
5388.05604 1.95371e-17
5389.99928 1.93462e-17
5391.95263 1.87867e-17
5393.89586 1.93122e-17
5395.83909 1.90876e-17
5397.79245 1.95362e-17
5399.73568 1.91640e-17
5401.68903 1.93424e-17
5403.63226 1.95005e-17
5405.57550 1.97187e-17
5407.52885 1.89334e-17
5409.47208 1.94206e-17
5411.42543 1.94531e-17
5413.36866 1.93007e-17
5415.31190 1.97064e-17
5417.26525 1.93788e-17
5419.20848 1.90905e-17
5421.16184 1.89836e-17
5423.10507 1.93089e-17
5425.04830 1.90538e-17
5427.00165 1.91469e-17
5428.94488 1.89752e-17
5430.89824 1.87053e-17
5432.84147 1.91461e-17
5434.78470 1.93015e-17
5436.73805 1.87068e-17
5438.68129 1.85803e-17
5440.63464 1.89019e-17
5442.57787 1.87444e-17
5444.52110 1.95487e-17
5446.47446 1.86676e-17
5448.41769 1.84189e-17
5450.37104 1.82382e-17
5452.31427 1.88847e-17
5454.25751 1.94524e-17
5456.21086 1.89880e-17
5458.15409 1.84166e-17
5460.10744 1.82528e-17
5462.05068 1.83987e-17
5463.99391 1.85374e-17
5465.94726 1.81782e-17
5467.89049 1.86609e-17
5469.84384 1.85121e-17
5471.78708 1.82064e-17
5473.73031 1.79116e-17
5475.68366 1.76470e-17
5477.62689 1.72384e-17
5479.57013 1.76363e-17
5481.52348 1.81791e-17
5483.46671 1.79729e-17
5485.42006 1.76441e-17
5487.36330 1.77983e-17
5489.31665 1.76524e-17
5491.25988 1.76086e-17
5493.20311 1.76841e-17
5495.15647 1.72093e-17
5497.09970 1.73724e-17
5499.04293 1.78893e-17
5500.99628 1.82612e-17
5502.93952 1.78480e-17
5504.89287 1.76524e-17
5506.83610 1.75175e-17
5508.77933 1.77617e-17
5510.73268 1.75930e-17
5512.67592 1.76690e-17
5514.62927 1.80928e-17
5516.57250 1.75167e-17
5518.51573 1.73208e-17
5520.46909 1.74914e-17
5522.41232 1.73832e-17
5524.36567 1.74423e-17
5526.30890 1.75571e-17
5528.25214 1.75977e-17
5530.20549 1.73158e-17
5532.14872 1.74854e-17
5534.10207 1.80057e-17
5536.04531 1.74961e-17
5537.98854 1.71298e-17
5539.94189 1.68552e-17
5541.88512 1.70273e-17
5543.83848 1.79409e-17
5545.78171 1.76809e-17
5547.72494 1.74260e-17
5549.67829 1.73962e-17
5551.62152 1.64359e-17
5553.57488 1.66314e-17
5555.51811 1.75348e-17
5557.46134 1.73636e-17
5559.41469 1.71851e-17
5561.35793 1.71961e-17
5563.31128 1.65448e-17
5565.25451 1.63612e-17
5567.19774 1.62915e-17
5569.15110 1.67138e-17
5571.09433 1.68780e-17
5573.04768 1.49925e-17
5574.99091 1.54109e-17
5576.93415 1.68890e-17
5578.88750 1.68790e-17
5580.83073 1.66986e-17
5582.77396 1.58690e-17
5584.72732 1.57962e-17
5586.67055 1.59296e-17
5588.62390 1.57397e-17
5590.56713 1.58824e-17
5592.51036 1.58289e-17
5594.46372 1.56727e-17
5596.40695 1.57803e-17
5598.36030 1.54056e-17
5600.30354 1.52533e-17
5602.24677 1.55338e-17
5604.20012 1.52300e-17
5606.14335 1.52089e-17
5608.09670 1.52311e-17
5610.03994 1.51133e-17
5611.98317 1.54951e-17
5613.93652 1.54293e-17
5615.87975 1.54894e-17
5617.83311 1.55340e-17
5619.77634 1.52539e-17
5621.71957 1.51771e-17
5623.67292 1.52844e-17
5625.61616 1.48104e-17
5627.56951 1.45157e-17
5629.51274 1.45540e-17
5631.45597 1.48469e-17
5633.40933 1.48797e-17
5635.35256 1.46166e-17
5637.30591 1.47215e-17
5639.24914 1.43810e-17
5641.19237 1.46045e-17
5643.14573 1.52006e-17
5645.08896 1.45997e-17
5647.04231 1.46520e-17
5648.98554 1.45313e-17
5650.92878 1.45440e-17
5652.88213 1.43271e-17
5654.82536 1.45082e-17
5656.77871 1.50104e-17
5658.72195 1.51233e-17
5660.66518 1.49357e-17
5662.61853 1.45365e-17
5664.56176 1.46099e-17
5666.51512 1.50960e-17
5668.45835 1.52429e-17
5670.40158 1.47177e-17
5672.35493 1.47828e-17
5674.29817 1.52452e-17
5676.24140 1.50697e-17
5678.19475 1.49771e-17
5680.13798 1.49497e-17
5682.09134 1.53748e-17
5684.03457 1.50626e-17
5685.97780 1.57063e-17
5687.93115 1.51712e-17
5689.87439 1.49960e-17
5691.82774 1.57603e-17
5693.77097 1.56437e-17
5695.71420 1.53491e-17
5697.66755 1.53444e-17
5699.61079 1.57193e-17
5701.56414 1.56035e-17
5703.50737 1.60903e-17
5705.45060 1.59670e-17
5707.40396 1.60794e-17
5709.34719 1.59647e-17
5711.30054 1.61829e-17
5713.24377 1.60546e-17
5715.18701 1.56075e-17
5717.14036 1.61908e-17
5719.08359 1.63318e-17
5721.03694 1.59344e-17
5722.98018 1.61623e-17
5724.92341 1.67390e-17
5726.87676 1.68139e-17
5728.81999 1.65879e-17
5730.77335 1.71397e-17
5732.71658 1.66287e-17
5734.65981 1.56232e-17
5736.61316 1.66442e-17
5738.55639 1.75414e-17
5740.50975 1.67936e-17
5742.45298 1.68671e-17
5744.39621 1.71573e-17
5746.34956 1.68951e-17
5748.29280 1.69898e-17
5750.24615 1.68634e-17
5752.18938 1.75101e-17
5754.13261 1.76851e-17
5756.08597 1.76571e-17
5758.02920 1.69625e-17
5759.98255 1.70735e-17
5761.92578 1.74533e-17
5763.86902 1.73635e-17
5765.82237 1.72660e-17
5767.76560 1.74705e-17
5769.70883 1.74078e-17
5771.66219 1.72232e-17
5773.60542 1.71426e-17
5775.55877 1.74513e-17
5777.50200 1.79039e-17
5779.44524 1.76398e-17
5781.39859 1.75637e-17
5783.34182 1.71370e-17
5785.29517 1.74694e-17
5787.23841 1.78687e-17
5789.18164 1.77188e-17
5791.13499 1.76714e-17
5793.07822 1.79426e-17
5795.03157 1.71416e-17
5796.97481 1.69935e-17
5798.91804 1.77769e-17
5800.87139 1.79903e-17
5802.81462 1.80985e-17
5804.76798 1.80618e-17
5806.71121 1.82732e-17
5808.65444 1.78505e-17
5810.60779 1.79849e-17
5812.55103 1.78199e-17
5814.50438 1.78642e-17
5816.44761 1.83020e-17
5818.39084 1.81381e-17
5820.34420 1.84186e-17
5822.28743 1.90878e-17
5824.24078 1.88749e-17
5826.18401 1.86059e-17
5828.12724 1.81184e-17
5830.08060 1.80673e-17
5832.02383 1.77605e-17
5833.97718 1.75244e-17
5835.92041 1.86099e-17
5837.86365 1.88449e-17
5839.81700 1.89860e-17
5841.76023 1.82412e-17
5843.71359 1.86901e-17
5845.65682 1.82480e-17
5847.60005 1.76077e-17
5849.55340 1.65555e-17
5851.49663 1.67496e-17
5853.43987 1.73724e-17
5855.39322 1.74136e-17
5857.33645 1.79340e-17
5859.28980 1.80481e-17
5861.23304 1.83043e-17
5863.17627 1.85103e-17
5865.12962 1.80373e-17
5867.07285 1.73861e-17
5869.02621 1.76208e-17
5870.96944 1.82952e-17
5872.92279 1.80059e-17
5874.86602 1.85316e-17
5876.80926 1.72203e-17
5878.76261 1.69019e-17
5880.70584 1.75578e-17
5882.64907 1.73926e-17
5884.60243 1.79420e-17
5886.54566 1.72976e-17
5888.49901 1.65866e-17
5890.44224 1.78152e-17
5892.38547 1.72393e-17
5894.33883 1.70572e-17
5896.28206 1.74140e-17
5898.23541 1.74119e-17
5900.17864 1.71145e-17
5902.12188 1.75084e-17
5904.07523 1.77803e-17
5906.01846 1.79185e-17
5907.97181 1.78265e-17
5909.91505 1.74240e-17
5911.85828 1.81079e-17
5913.81163 1.79540e-17
5915.75486 1.75638e-17
5917.70822 1.78967e-17
5919.65145 1.72587e-17
5921.59468 1.74582e-17
5923.54803 1.72163e-17
5925.49126 1.73678e-17
5927.44462 1.75467e-17
5929.38785 1.78620e-17
5931.33108 1.80731e-17
5933.28444 1.68617e-17
5935.22767 1.77767e-17
5937.18102 1.73591e-17
5939.12425 1.72352e-17
5941.06748 1.71288e-17
5943.02084 1.68255e-17
5944.96407 1.66824e-17
5946.91742 1.72900e-17
5948.86065 1.73597e-17
5950.80389 1.73409e-17
5952.75724 1.69752e-17
5954.70047 1.69890e-17
5956.65382 1.67602e-17
5958.59706 1.64502e-17
5960.54029 1.51739e-17
5962.49364 1.56896e-17
5964.43687 1.59552e-17
5966.38011 1.56294e-17
5968.33346 1.61689e-17
5970.27669 1.61997e-17
5972.23004 1.68902e-17
5974.17328 1.66871e-17
5976.11651 1.71373e-17
5978.06986 1.73537e-17
5980.01309 1.71737e-17
5981.96645 1.69549e-17
5983.90968 1.71740e-17
5985.85291 1.65936e-17
5987.80626 1.64507e-17
5989.74949 1.66418e-17
5991.70285 1.67258e-17
5993.64608 1.61078e-17
5995.58931 1.71928e-17
5997.54266 1.72413e-17
5999.48590 1.67130e-17
6001.43925 1.67852e-17
6003.38248 1.72418e-17
6005.32571 1.70954e-17
6007.27907 1.66491e-17
6009.22230 1.65999e-17
6011.17565 1.66262e-17
6013.11888 1.67637e-17
6015.06211 1.68390e-17
6017.01547 1.63035e-17
6018.95870 1.63743e-17
6020.91205 1.66000e-17
6022.85529 1.70365e-17
6024.79852 1.68863e-17
6026.75187 1.67490e-17
6028.69510 1.68200e-17
6030.64846 1.68806e-17
6032.59169 1.67137e-17
6034.53492 1.64563e-17
6036.48827 1.62872e-17
6038.43150 1.67264e-17
6040.38486 1.68832e-17
6042.32809 1.73533e-17
6044.27132 1.64166e-17
6046.22467 1.62460e-17
6048.16791 1.66129e-17
6050.12126 1.65919e-17
6052.06449 1.63085e-17
6054.00772 1.64516e-17
6055.96108 1.62363e-17
6057.90431 1.64740e-17
6059.85766 1.68793e-17
6061.80089 1.62289e-17
6063.74413 1.59510e-17
6065.69748 1.58540e-17
6067.64071 1.62951e-17
6069.58394 1.65252e-17
6071.53730 1.68385e-17
6073.48053 1.63604e-17
6075.43388 1.59737e-17
6077.37711 1.53709e-17
6079.32034 1.52377e-17
6081.27370 1.59135e-17
6083.21693 1.54742e-17
6085.17028 1.55240e-17
6087.11351 1.56929e-17
6089.05675 1.52185e-17
6091.01010 1.52008e-17
6092.95333 1.51977e-17
6094.90668 1.52377e-17
6096.84992 1.43839e-17
6098.79315 1.46181e-17
6100.74650 1.42343e-17
6102.68973 1.46909e-17
6104.64309 1.43698e-17
6106.58632 1.43668e-17
6108.52955 1.45474e-17
6110.48290 1.52745e-17
6112.42614 1.45357e-17
6114.37949 1.41450e-17
6116.32272 1.42453e-17
6118.26595 1.43226e-17
6120.21931 1.48093e-17
6122.16254 1.43000e-17
6124.11589 1.41444e-17
6126.05912 1.40803e-17
6128.00235 1.34469e-17
6129.95571 1.38949e-17
6131.89894 1.35806e-17
6133.85229 1.36637e-17
6135.79552 1.45441e-17
6137.73876 1.40413e-17
6139.69211 1.37984e-17
6141.63534 1.35541e-17
6143.57857 1.49388e-17
6145.53193 1.43504e-17
6147.47516 1.32377e-17
6149.42851 1.38051e-17
6151.37174 1.39008e-17
6153.31498 1.35726e-17
6155.26833 1.36296e-17
6157.21156 1.34645e-17
6159.16491 1.30496e-17
6161.10815 1.38759e-17
6163.06150 1.36212e-17
6165.00473 1.34420e-17
6166.94796 1.33446e-17
6168.90132 1.34606e-17
6170.84455 1.29012e-17
6172.78778 1.34914e-17
6174.74113 1.39180e-17
6176.68436 1.34341e-17
6178.63772 1.34109e-17
6180.58095 1.36625e-17
6182.52418 1.38286e-17
6184.47753 1.44597e-17
6186.42077 1.38767e-17
6188.37412 1.30989e-17
6190.31735 1.38330e-17
6192.26058 1.35697e-17
6194.21394 1.27886e-17
6196.15717 1.34238e-17
6198.11052 1.32453e-17
6200.05375 1.38007e-17
6201.99699 1.36983e-17
6203.95034 1.36010e-17
6205.89357 1.37972e-17
6207.84692 1.36498e-17
6209.79016 1.38551e-17
6211.73339 1.35157e-17
6213.68674 1.36472e-17
6215.62997 1.37927e-17
6217.58332 1.36565e-17
6219.52656 1.34919e-17
6221.46979 1.36631e-17
6223.42314 1.34496e-17
6225.36637 1.33295e-17
6227.31973 1.33143e-17
6229.26296 1.43621e-17
6231.20619 1.37688e-17
6233.15954 1.34359e-17
6235.10278 1.30704e-17
6237.05613 1.28158e-17
6238.99936 1.29869e-17
6240.94259 1.32589e-17
6242.89595 1.35066e-17
6244.83918 1.28176e-17
6246.78241 1.34764e-17
6248.73576 1.36318e-17
6250.67900 1.34327e-17
6252.63235 1.36157e-17
6254.57558 1.35462e-17
6256.51881 1.39774e-17
6258.47216 1.34887e-17
6260.41540 1.39024e-17
6262.36875 1.36554e-17
6264.31198 1.40154e-17
6266.25521 1.38664e-17
6268.20857 1.33690e-17
6270.15180 1.40195e-17
6272.10515 1.40729e-17
6274.04838 1.38566e-17
6275.99162 1.32022e-17
6277.94497 1.28326e-17
6279.88820 1.31885e-17
6281.84155 1.33794e-17
6283.78479 1.38496e-17
6285.72802 1.43827e-17
6287.68137 1.38367e-17
6289.62460 1.40427e-17
6291.57796 1.45797e-17
6293.52119 1.43891e-17
6295.46442 1.39536e-17
6297.41777 1.20153e-17
6299.36100 1.44269e-17
6301.31436 1.52515e-17
6303.25759 1.50719e-17
6305.20082 1.39885e-17
6307.15417 1.41061e-17
6309.09741 1.41867e-17
6311.05076 1.42222e-17
6312.99399 1.46432e-17
6314.93722 1.45197e-17
6316.89058 1.46505e-17
6318.83381 1.48759e-17
6320.78716 1.49969e-17
6322.73039 1.46953e-17
6324.67363 1.44928e-17
6326.62698 1.44679e-17
6328.57021 1.45041e-17
6330.51344 1.44207e-17
6332.46680 1.49038e-17
6334.41003 1.46359e-17
6336.36338 1.50895e-17
6338.30661 1.52620e-17
6340.25997 1.54688e-17
6342.20320 1.50903e-17
6344.14643 1.44589e-17
6346.09978 1.46114e-17
6348.04301 1.50318e-17
6349.98625 1.41704e-17
6351.93960 1.43643e-17
6353.88283 1.37493e-17
6355.83619 1.37662e-17
6357.77942 1.28081e-17
6359.72265 1.27165e-17
6361.67600 1.33423e-17
6363.61923 1.42837e-17
6365.57259 1.51768e-17
6367.51582 1.50941e-17
6369.45905 1.47200e-17
6371.41240 1.48518e-17
6373.35564 1.50513e-17
6375.30899 1.46100e-17
6377.25222 1.41941e-17
6379.19545 1.46365e-17
6381.14881 1.45453e-17
6383.09204 1.45932e-17
6385.04539 1.45193e-17
6386.98862 1.46579e-17
6388.93185 1.52759e-17
6390.88521 1.49881e-17
6392.82844 1.50225e-17
6394.78179 1.53078e-17
6396.72502 1.48307e-17
6398.66826 1.44649e-17
6400.62161 1.54479e-17
6402.56484 1.52410e-17
6404.51819 1.47001e-17
6406.46143 1.49624e-17
6408.40466 1.52847e-17
6410.35801 1.54200e-17
6412.30124 1.53869e-17
6414.25460 1.57172e-17
6416.19783 1.56201e-17
6418.14106 1.52906e-17
6420.09441 1.55088e-17
6422.03765 1.52509e-17
6423.99100 1.50594e-17
6425.93423 1.56969e-17
6427.87746 1.55037e-17
6429.83082 1.54690e-17
6431.77405 1.52911e-17
6433.72740 1.60651e-17
6435.67063 1.60937e-17
6437.61386 1.59008e-17
6439.56722 1.57613e-17
6441.51045 1.59189e-17
6443.45368 1.52991e-17
6445.40704 1.66313e-17
6447.35027 1.56270e-17
6449.30362 1.53089e-17
6451.24685 1.50766e-17
6453.19008 1.50603e-17
6455.14344 1.54845e-17
6457.08667 1.58818e-17
6459.04002 1.55583e-17
6460.98325 1.56100e-17
6462.92649 1.65854e-17
6464.87984 1.65187e-17
6466.82307 1.63522e-17
6468.77642 1.64079e-17
6470.71966 1.63325e-17
6472.66289 1.57687e-17
6474.61624 1.52365e-17
6476.55947 1.53392e-17
6478.51283 1.52038e-17
6480.45606 1.51008e-17
6482.39929 1.57386e-17
6484.35264 1.60147e-17
6486.29587 1.59025e-17
6488.24923 1.56757e-17
6490.19246 1.59871e-17
6492.13569 1.60407e-17
6494.08904 1.60566e-17
6496.03228 1.58181e-17
6497.98563 1.55984e-17
6499.92886 1.55629e-17
6501.87209 1.52657e-17
6503.82545 1.57938e-17
6505.76868 1.58948e-17
6507.72203 1.56502e-17
6509.66526 1.54783e-17
6511.60850 1.58837e-17
6513.56185 1.65243e-17
6515.50508 1.62880e-17
6517.45843 1.59416e-17
6519.40167 1.54381e-17
6521.34490 1.59506e-17
6523.29825 1.60452e-17
6525.24148 1.54375e-17
6527.18471 1.56771e-17
6529.13807 1.54544e-17
6531.08130 1.52736e-17
6533.03465 1.50250e-17
6534.97789 1.50340e-17
6536.92112 1.58107e-17
6538.87447 1.57190e-17
6540.81770 1.59463e-17
6542.77106 1.61263e-17
6544.71429 1.59873e-17
6546.65752 1.59906e-17
6548.61087 1.59328e-17
6550.55410 1.53647e-17
6552.50746 1.59510e-17
6554.45069 1.61196e-17
6556.39392 1.60356e-17
6558.34727 1.58647e-17
6560.29051 1.51210e-17
6562.24386 1.52265e-17
6564.18709 1.59850e-17
6566.13032 1.53370e-17
6568.08368 1.55117e-17
6570.02691 1.57371e-17
6571.98026 1.54175e-17
6573.92349 1.64411e-17
6575.86672 1.57719e-17
6577.82008 1.56707e-17
6579.76331 1.65028e-17
6581.71666 1.61120e-17
6583.65989 1.58300e-17
6585.60313 1.56032e-17
6587.55648 1.57873e-17
6589.49971 1.55910e-17
6591.45306 1.59910e-17
6593.39630 1.62425e-17
6595.33953 1.55332e-17
6597.29288 1.56151e-17
6599.23611 1.58595e-17
6601.18947 1.63393e-17
6603.13270 1.64806e-17
6605.07593 1.64469e-17
6607.02928 1.59287e-17
6608.97252 1.57089e-17
6610.92587 1.63049e-17
6612.86910 1.62721e-17
6614.81233 1.62393e-17
6616.76569 1.62065e-17
6618.70892 1.61737e-17
6620.66227 1.61410e-17
6622.60550 1.61082e-17
6624.54874 1.60754e-17
6626.50209 1.60426e-17
6628.44532 1.60099e-17
6630.38855 1.59771e-17
6632.34191 1.59443e-17
6634.28514 1.59116e-17
6636.23849 1.58788e-17
6638.18172 1.58461e-17
6640.12495 1.58133e-17
6642.07831 1.57806e-17
6644.02154 1.57478e-17
6645.97489 1.57151e-17
6647.91812 1.56823e-17
6649.86136 1.56496e-17
6651.81471 1.56168e-17
6653.75794 1.55841e-17
6655.71129 1.55514e-17
6657.65453 1.55186e-17
6659.59776 1.54859e-17
6661.55111 1.54532e-17
6663.49434 1.54205e-17
6665.44770 1.53877e-17
6667.39093 1.53550e-17
6669.33416 1.53223e-17
6671.28751 1.52896e-17
6673.23074 1.52569e-17
6675.18410 1.59559e-17
6677.12733 1.60002e-17
6679.07056 1.58880e-17
6681.02391 1.57776e-17
6682.96715 1.57429e-17
6684.92050 1.54332e-17
6686.86373 1.52759e-17
6688.80696 1.52356e-17
6690.76032 1.46103e-17
6692.70355 1.45342e-17
6694.65690 1.48952e-17
6696.60013 1.52551e-17
6698.54337 1.53069e-17
6700.49672 1.55511e-17
6702.43995 1.55368e-17
6704.38318 1.54007e-17
6706.33654 1.55741e-17
6708.27977 1.54398e-17
6710.23312 1.49783e-17
6712.17635 1.50168e-17
6714.11959 1.49440e-17
6716.07294 1.52108e-17
6718.01617 1.51097e-17
6719.96952 1.46378e-17
6721.91276 1.48091e-17
6723.86611 1.47217e-17
6725.80934 1.42802e-17
6727.75257 1.44813e-17
6729.70593 1.49934e-17
6731.64916 1.45604e-17
6733.59239 1.43210e-17
6735.54574 1.44472e-17
6737.48897 1.43323e-17
6739.44233 1.44613e-17
6741.38556 1.49397e-17
6743.32879 1.49649e-17
6745.28214 1.47176e-17
6747.22538 1.48533e-17
6749.17873 1.50068e-17
6751.12196 1.46955e-17
6753.06519 1.42257e-17
6755.01855 1.44122e-17
6756.96178 1.48454e-17
6758.91513 1.45695e-17
6760.85836 1.42189e-17
6762.80159 1.43682e-17
6764.75495 1.40730e-17
6766.69818 1.42088e-17
6768.65153 1.40982e-17
6770.59476 1.38507e-17
6772.53800 1.38684e-17
6774.49135 1.35049e-17
6776.43458 1.37263e-17
6778.38794 1.37435e-17
6780.33117 1.34267e-17
6782.27440 1.34633e-17
6784.22775 1.37194e-17
6786.17098 1.40471e-17
6788.12434 1.42191e-17
6790.06757 1.39513e-17
6792.01080 1.38208e-17
6793.96415 1.38711e-17
6795.90739 1.41134e-17
6797.86074 1.39968e-17
6799.80397 1.43491e-17
6801.74720 1.47365e-17
6803.70056 1.39643e-17
6805.64379 1.37331e-17
6807.59714 1.43644e-17
6809.54037 1.41608e-17
6811.48361 1.41214e-17
6813.43696 1.43079e-17
6815.38019 1.40267e-17
6817.32342 1.40820e-17
6819.27678 1.37466e-17
6821.22001 1.34432e-17
6823.17336 1.37231e-17
6825.11659 1.36623e-17
6827.05982 1.36332e-17
6829.01318 1.38325e-17
6830.95641 1.37701e-17
6832.90976 1.40966e-17
6834.85299 1.38451e-17
6836.79623 1.37117e-17
6838.74958 1.42299e-17
6840.69281 1.42465e-17
6842.64616 1.41903e-17
6844.58940 1.38572e-17
6846.53263 1.38332e-17
6848.48598 1.38092e-17
6850.42921 1.37852e-17
6852.38257 1.37612e-17
6854.32580 1.37372e-17
6856.26903 1.37132e-17
6858.22238 1.36892e-17
6860.16561 1.36652e-17
6862.11897 1.36413e-17
6864.06220 1.36173e-17
6866.00543 1.35933e-17
6867.95879 1.35693e-17
6869.90202 1.35453e-17
6871.85537 1.35214e-17
6873.79860 1.34974e-17
6875.74183 1.34734e-17
6877.69519 1.34495e-17
6879.63842 1.34255e-17
6881.59177 1.34015e-17
6883.53500 1.33775e-17
6885.47824 1.33536e-17
6887.43159 1.33296e-17
6889.37482 1.33057e-17
6891.32817 1.32817e-17
6893.27141 1.32577e-17
6895.21464 1.32338e-17
6897.16799 1.32098e-17
6899.11122 1.31859e-17
6901.06458 1.31619e-17
6903.00781 1.31380e-17
6904.95104 1.31140e-17
6906.90439 1.30901e-17
6908.84763 1.30662e-17
6910.79086 1.30422e-17
6912.74421 1.30183e-17
6914.68744 1.29943e-17
6916.64080 1.29704e-17
6918.58403 1.29465e-17
6920.52726 1.29225e-17
6922.48061 1.28986e-17
6924.42384 1.28747e-17
6926.37720 1.28508e-17
6928.32043 1.28268e-17
6930.26366 1.28029e-17
6932.21701 1.27790e-17
6934.16025 1.27551e-17
6936.11360 1.27311e-17
6938.05683 1.24964e-17
6940.00006 1.15957e-17
6941.95342 1.21051e-17
6943.89665 1.24213e-17
6945.85000 1.18365e-17
6947.79323 1.21563e-17
6949.73646 1.25311e-17
6951.68982 1.21247e-17
6953.63305 1.17398e-17
6955.58640 1.22654e-17
6957.52964 1.17261e-17
6959.47287 1.15741e-17
6961.42622 1.17546e-17
6963.36945 1.16229e-17
6965.32280 1.18639e-17
6967.26604 1.18629e-17
6969.20927 1.23713e-17
6971.16262 1.24195e-17
6973.10585 1.22743e-17
6975.05921 1.25568e-17
6977.00244 1.21720e-17
6978.94567 1.18884e-17
6980.89902 1.22216e-17
6982.84226 1.18085e-17
6984.79561 1.18567e-17
6986.73884 1.24991e-17
6988.68207 1.23443e-17
6990.63543 1.24042e-17
6992.57866 1.21115e-17
6994.53201 1.24989e-17
6996.47524 1.22852e-17
6998.41848 1.23716e-17
7000.37183 1.29946e-17
7002.31506 1.28877e-17
7004.25829 1.28974e-17
7006.21164 1.27246e-17
7008.15488 1.25947e-17
7010.10823 1.31295e-17
7012.05146 1.25873e-17
7014.00481 1.26582e-17
7015.94805 1.26689e-17
7017.89128 1.21174e-17
7019.84463 1.27744e-17
7021.78786 1.25346e-17
7023.73110 1.24044e-17
7025.68445 1.25164e-17
7027.62768 1.27509e-17
7029.58103 1.28269e-17
7031.52427 1.25116e-17
7033.46750 1.25008e-17
7035.42085 1.20345e-17
7037.36408 1.22717e-17
7039.31744 1.24698e-17
7041.26067 1.20809e-17
7043.20390 1.22115e-17
7045.15725 1.24354e-17
7047.10048 1.24460e-17
7049.05384 1.23361e-17
7050.99707 1.22477e-17
7052.94030 1.26680e-17
7054.89365 1.28118e-17
7056.83689 1.23880e-17
7058.79024 1.30602e-17
7060.73347 1.31483e-17
7062.67670 1.23982e-17
7064.63006 1.24427e-17
7066.57329 1.24872e-17
7068.52664 1.25317e-17
7070.46987 1.25763e-17
7072.41311 1.26209e-17
7074.36646 1.22638e-17
7076.30969 1.26040e-17
7078.26304 1.17237e-17
7080.20628 1.15255e-17
7082.14951 1.21355e-17
7084.10286 1.19471e-17
7086.04609 1.28194e-17
7087.98932 1.26410e-17
7089.94268 1.26036e-17
7091.88591 1.25515e-17
7093.83926 1.22318e-17
7095.78249 1.33931e-17
7097.73585 1.32605e-17
7099.67908 1.28629e-17
7101.62231 1.26653e-17
7103.57566 1.27587e-17
7105.51890 1.31539e-17
7107.46213 1.30499e-17
7109.41548 1.26581e-17
7111.35871 1.26234e-17
7113.31207 1.24662e-17
7115.25530 1.20177e-17
7117.19853 1.25528e-17
7119.15188 1.23499e-17
7121.09512 1.20689e-17
7123.04847 1.22944e-17
7124.99170 1.23855e-17
7126.93493 1.19073e-17
7128.88829 1.21824e-17
7130.83152 1.21942e-17
7132.78487 1.20255e-17
7134.72810 1.23573e-17
7136.67133 1.20498e-17
7138.62469 1.22430e-17
7140.56792 1.27207e-17
7142.52127 1.26941e-17
7144.46450 1.24816e-17
7146.40774 1.24952e-17
7148.36109 1.24572e-17
7150.30432 1.22867e-17
7152.25767 1.25000e-17
7154.20091 1.25205e-17
7156.14414 1.24481e-17
7158.09749 1.22108e-17
7160.04072 1.21095e-17
7161.99408 1.21403e-17
7163.93731 1.15648e-17
7165.88054 1.11711e-17
7167.83389 1.14276e-17
7169.77713 1.14262e-17
7171.73048 1.11690e-17
7173.67371 1.09619e-17
7175.61694 1.10145e-17
7177.57030 1.10476e-17
7179.51353 1.12098e-17
7181.45676 1.11885e-17
7183.41011 1.08521e-17
7185.35334 1.14426e-17
7187.30670 1.16489e-17
7189.24993 1.14854e-17
7191.19316 1.11539e-17
7193.14651 1.13703e-17
7195.08975 1.17233e-17
7197.04310 1.13886e-17
7198.98633 1.18598e-17
7200.92956 1.17537e-17
7202.88292 1.15709e-17
7204.82615 1.17639e-17
7206.77950 1.17959e-17
7208.72273 1.19067e-17
7210.66597 1.22477e-17
7212.61932 1.21506e-17
7214.56255 1.22324e-17
7216.51590 1.23991e-17
7218.45914 1.25937e-17
7220.40237 1.27562e-17
7222.35572 1.23595e-17
7224.29895 1.19501e-17
7226.25231 1.26968e-17
7228.19554 1.27162e-17
7230.13877 1.23832e-17
7232.09212 1.22356e-17
7234.03535 1.25287e-17
7235.98871 1.25086e-17
7237.93194 1.18716e-17
7239.87517 1.22309e-17
7241.82852 1.27505e-17
7243.77176 1.22690e-17
7245.72511 1.22220e-17
7247.66834 1.25934e-17
7249.61157 1.20148e-17
7251.56493 1.16775e-17
7253.50816 1.21863e-17
7255.46151 1.21578e-17
7257.40474 1.19768e-17
7259.34798 1.25716e-17
7261.30133 1.23028e-17
7263.24456 1.16347e-17
7265.18779 1.20087e-17
7267.14115 1.28167e-17
7269.08438 1.21482e-17
7271.03773 1.27313e-17
7272.98096 1.32595e-17
7274.93432 1.25019e-17
7276.87755 1.32276e-17
7278.82078 1.26898e-17
7280.77413 1.28937e-17
7282.71736 1.34476e-17
7284.67072 1.33167e-17
7286.61395 1.21567e-17
7288.55718 1.22173e-17
7290.51054 1.24762e-17
7292.45377 1.20438e-17
7294.39700 1.27473e-17
7296.35035 1.24647e-17
7298.29358 1.27848e-17
7300.24694 1.34782e-17
7302.19017 1.40329e-17
7304.13340 1.26884e-17
7306.08675 1.27167e-17
7308.02999 1.21831e-17
7309.98334 1.16775e-17
7311.92657 1.15129e-17
7313.86980 1.18845e-17
7315.82316 1.17923e-17
7317.76639 1.25133e-17
7319.71974 1.22377e-17
7321.66297 1.24043e-17
7323.60621 1.29054e-17
7325.55956 1.31127e-17
7327.50279 1.29847e-17
7329.45614 1.29999e-17
7331.39937 1.31745e-17
7333.34261 1.25507e-17
7335.29596 1.23620e-17
7337.23919 1.25673e-17
7339.19254 1.24773e-17
7341.13578 1.18263e-17
7343.07901 1.17361e-17
7345.03236 1.09396e-17
7346.97559 1.13866e-17
7348.92895 1.16639e-17
7350.87218 1.17578e-17
7352.81541 1.16561e-17
7354.76876 1.22332e-17
7356.71200 1.24237e-17
7358.66535 1.17312e-17
7360.60858 1.23246e-17
7362.55181 1.27200e-17
7364.50517 1.23780e-17
7366.44840 1.25740e-17
7368.39163 1.17059e-17
7370.34498 1.19637e-17
7372.28821 1.19627e-17
7374.24157 1.17928e-17
7376.18480 1.14566e-17
7378.12803 1.17404e-17
7380.08139 1.14321e-17
7382.02462 1.19352e-17
7383.97797 1.13662e-17
7385.92120 1.14485e-17
7387.86443 1.09936e-17
7389.81779 1.09787e-17
7391.76102 1.08787e-17
7393.71437 1.12170e-17
7395.65760 1.17608e-17
7397.60084 1.16105e-17
7399.55419 1.14214e-17
7401.49742 1.12813e-17
7403.45077 1.15269e-17
7405.39401 1.12510e-17
7407.33724 1.13613e-17
7409.29059 1.17783e-17
7411.23382 1.15519e-17
7413.18718 1.15350e-17
7415.13041 1.16584e-17
7417.07364 1.14165e-17
7419.02699 1.16184e-17
7420.97023 1.08538e-17
7422.92358 1.04199e-17
7424.86681 1.09135e-17
7426.81004 1.10114e-17
7428.76339 1.13384e-17
7430.70663 1.12596e-17
7432.65998 1.07579e-17
7434.60321 1.08300e-17
7436.54644 1.14692e-17
7438.49980 1.18422e-17
7440.44303 1.14838e-17
7442.39638 1.13680e-17
7444.33961 1.15104e-17
7446.28285 1.16235e-17
7448.23620 1.19866e-17
7450.17943 1.21453e-17
7452.13278 1.16101e-17
7454.07602 1.17835e-17
7456.01925 1.19452e-17
7457.97260 1.12823e-17
7459.91583 1.15508e-17
7461.86919 1.15900e-17
7463.81242 1.14228e-17
7465.75565 1.10678e-17
7467.70900 1.06311e-17
7469.65224 1.05081e-17
7471.60559 1.04448e-17
7473.54882 1.05281e-17
7475.49205 1.02523e-17
7477.44541 1.10520e-17
7479.38864 1.13115e-17
7481.33187 1.12287e-17
7483.28522 1.11282e-17
7485.22845 1.10141e-17
7487.18181 1.04911e-17
7489.12504 1.11134e-17
7491.06827 1.13927e-17
7493.02162 1.16464e-17
7494.96486 1.20411e-17
7496.91821 1.12159e-17
7498.86144 1.12264e-17
7500.80467 1.18813e-17
7502.75803 1.18560e-17
7504.70126 1.19343e-17
7506.65461 1.16873e-17
7508.59784 1.14971e-17
7510.54108 1.09037e-17
7512.49443 1.10053e-17
7514.43766 1.09717e-17
7516.39101 1.07404e-17
7518.33425 1.09845e-17
7520.27748 1.07793e-17
7522.23083 1.02812e-17
7524.17406 1.02014e-17
7526.12741 1.02992e-17
7528.07065 1.01738e-17
7530.01388 1.04661e-17
7531.96723 1.04635e-17
7533.91046 1.05965e-17
7535.86382 1.09028e-17
7537.80705 1.15141e-17
7539.75028 1.11813e-17
7541.70363 1.11995e-17
7543.64687 1.16823e-17
7545.60022 1.17520e-17
7547.54345 1.11972e-17
7549.48668 1.12590e-17
7551.44004 1.12511e-17
7553.38327 1.12433e-17
7555.32650 1.12354e-17
7557.27985 1.12275e-17
7559.22309 1.12197e-17
7561.17644 1.12118e-17
7563.11967 1.12039e-17
7565.06290 1.11961e-17
7567.01626 1.11882e-17
7568.95949 1.11803e-17
7570.91284 1.11724e-17
7572.85607 1.11646e-17
7574.80943 1.11567e-17
7576.75266 1.11489e-17
7578.69589 1.11410e-17
7580.64924 1.11331e-17
7582.59247 1.11253e-17
7584.53571 1.11174e-17
7586.48906 1.11095e-17
7588.43229 1.11017e-17
7590.38564 1.10938e-17
7592.32888 1.10859e-17
7594.27211 1.10781e-17
7596.22546 1.10702e-17
7598.16869 1.10624e-17
7600.12205 1.10545e-17
7602.06528 1.10467e-17
7604.00851 1.10388e-17
7605.96186 1.10309e-17
7607.90510 1.10231e-17
7609.85845 1.10152e-17
7611.80168 1.10074e-17
7613.74491 1.09995e-17
7615.69826 1.09917e-17
7617.64150 1.09838e-17
7619.59485 1.09760e-17
7621.53808 1.09681e-17
7623.48131 1.09602e-17
7625.43467 1.09524e-17
7627.37790 1.09445e-17
7629.33125 1.09367e-17
7631.27448 1.09288e-17
7633.21772 1.09210e-17
7635.17107 1.09131e-17
7637.11430 1.09053e-17
7639.06765 1.08974e-17
7641.01089 1.08896e-17
7642.95412 1.08818e-17
7644.90747 1.08739e-17
7646.85070 1.08661e-17
7648.80406 1.08582e-17
7650.74729 1.08504e-17
7652.69052 1.08425e-17
7654.64387 1.08347e-17
7656.58711 1.08268e-17
7658.54046 1.08190e-17
7660.48369 1.08112e-17
7662.42692 1.08033e-17
7664.38028 1.07955e-17
7666.32351 1.07876e-17
7668.26674 1.07798e-17
7670.22009 1.07720e-17
7672.16332 1.07641e-17
7674.11668 1.07563e-17
7676.05991 1.07484e-17
7678.00314 1.07406e-17
7679.95649 1.07328e-17
7681.89973 1.07249e-17
7683.85308 1.13697e-17
7685.79631 1.12914e-17
7687.73954 1.13451e-17
7689.69290 1.14768e-17
7691.63613 1.09009e-17
7693.58948 1.07283e-17
7695.53271 1.07942e-17
7697.47595 1.08998e-17
7699.42930 1.03211e-17
7701.37253 1.03249e-17
7703.32588 1.08135e-17
7705.26912 1.06992e-17
7707.21235 1.07194e-17
7709.16570 1.10417e-17
7711.10893 1.06905e-17
7713.06228 1.06902e-17
7715.00552 1.12538e-17
7716.94875 1.10207e-17
7718.90210 1.06284e-17
7720.84533 1.11146e-17
7722.79869 1.10775e-17
7724.74192 1.13273e-17
7726.68515 1.14773e-17
7728.63850 1.19176e-17
7730.58174 1.08860e-17
7732.53509 1.10786e-17
7734.47832 1.15382e-17
7736.42155 1.09963e-17
7738.37491 1.12888e-17
7740.31814 1.11331e-17
7742.27149 1.04372e-17
7744.21472 1.06213e-17
7746.15796 1.07601e-17
7748.11131 1.09648e-17
7750.05454 1.02869e-17
7752.00789 9.80082e-18
7753.95112 9.52834e-18
7755.89436 1.03027e-17
7757.84771 1.07490e-17
7759.79094 1.06555e-17
7761.73417 1.08831e-17
7763.68753 1.05741e-17
7765.63076 1.11756e-17
7767.58411 1.06163e-17
7769.52734 1.11698e-17
7771.47058 1.14840e-17
7773.42393 1.08696e-17
7775.36716 1.12617e-17
7777.32051 1.09817e-17
7779.26375 1.08518e-17
7781.20698 1.14402e-17
7783.16033 1.08951e-17
7785.10356 1.07873e-17
7787.05692 1.17534e-17
7789.00015 1.07400e-17
7790.94338 1.02775e-17
7792.89673 1.10611e-17
7794.83996 1.03898e-17
7796.79332 1.02035e-17
7798.73655 9.80656e-18
7800.67978 1.01868e-17
7802.63314 1.00866e-17
7804.57637 1.08990e-17
7806.52972 1.08518e-17
7808.47295 1.06823e-17
7810.41618 1.07493e-17
7812.36954 1.05156e-17
7814.31277 1.09946e-17
7816.26612 1.05009e-17
7818.20935 1.06391e-17
7820.15259 1.08386e-17
7822.10594 1.20523e-17
7824.04917 1.12723e-17
7826.00252 1.12199e-17
7827.94576 1.13702e-17
7829.88899 1.15751e-17
7831.84234 1.11019e-17
7833.78557 1.05957e-17
7835.73893 1.09421e-17
7837.68216 1.09830e-17
7839.62539 1.09886e-17
7841.57874 1.05770e-17
7843.52197 1.03015e-17
7845.47533 9.61807e-18
7847.41856 1.01391e-17
7849.36179 1.16060e-17
7851.31514 1.03208e-17
7853.25838 1.03143e-17
7855.20161 1.10849e-17
7857.15496 1.05807e-17
7859.09819 1.00504e-17
7861.05155 1.07228e-17
7862.99478 1.12376e-17
7864.93801 1.05569e-17
7866.89136 1.11437e-17
7868.83460 1.20122e-17
7870.78795 1.14948e-17
7872.73118 1.11925e-17
7874.67441 1.14564e-17
7876.62777 1.12048e-17
7878.57100 1.18798e-17
7880.52435 1.17792e-17
7882.46758 1.07769e-17
7884.41081 1.11829e-17
7886.36417 1.14103e-17
7888.30740 1.18294e-17
7890.26075 1.15018e-17
7892.20399 1.09448e-17
7894.14722 1.03718e-17
7896.10057 1.03096e-17
7898.04380 1.05877e-17
7899.99716 1.06163e-17
7901.94039 1.08209e-17
7903.88362 1.06551e-17
7905.83697 1.07160e-17
7907.78020 1.10506e-17
7909.73356 1.14957e-17
7911.67679 1.12039e-17
7913.62002 1.12898e-17
7915.57337 1.04254e-17
7917.51661 1.10642e-17
7919.46996 1.09028e-17
7921.41319 1.09357e-17
7923.35642 1.15844e-17
7925.30978 1.09685e-17
7927.25301 1.01608e-17
7929.20636 1.12352e-17
7931.14959 1.13909e-17
7933.09282 1.12926e-17
7935.04618 1.09727e-17
7936.98941 1.08691e-17
7938.93264 1.08419e-17
7940.88599 1.08529e-17
7942.82923 1.07390e-17
7944.78258 1.10286e-17
7946.72581 1.11177e-17
7948.67916 1.08441e-17
7950.62240 1.02574e-17
7952.56563 9.95809e-18
7954.51898 9.91699e-18
7956.46221 1.03938e-17
7958.40545 1.00009e-17
7960.35880 9.42871e-18
7962.30203 1.06510e-17
7964.25538 1.00949e-17
7966.19862 1.03873e-17
7968.14185 9.63914e-18
7970.09520 9.71665e-18
7972.03843 9.89195e-18
7973.99179 1.04356e-17
7975.93502 1.00311e-17
7977.87825 1.02206e-17
7979.83160 9.56354e-18
7981.77484 9.92181e-18
7983.72819 9.24533e-18
7985.67142 9.24079e-18
7987.61465 1.01193e-17
7989.56801 8.96454e-18
7991.51124 8.87915e-18
7993.46459 9.38145e-18
7995.40782 9.42933e-18
7997.35105 8.32170e-18
7999.30441 8.46555e-18
8001.24764 8.46000e-18
8003.20099 8.09752e-18
8005.14422 8.12249e-18
8007.08746 8.36348e-18
8009.04081 8.14367e-18
8010.98404 8.04407e-18
8012.93739 7.96177e-18
8014.88063 8.34109e-18
8016.82386 7.89547e-18
8018.77721 7.98623e-18
8020.72044 8.84424e-18
8022.67380 8.83521e-18
8024.61703 7.92438e-18
8026.56026 8.53721e-18
8028.51361 8.36459e-18
8030.45684 7.86779e-18
8032.41020 8.21960e-18
8034.35343 7.84599e-18
8036.29666 8.04375e-18
8038.25001 8.15205e-18
8040.19325 7.31836e-18
8042.13648 7.75101e-18
8044.08983 8.18495e-18
8046.03306 7.53372e-18
8047.98642 7.18408e-18
8049.92965 7.01334e-18
8051.87288 6.96128e-18
8053.82623 7.26540e-18
8055.76947 7.64863e-18
8057.72282 7.25767e-18
8059.66605 7.13390e-18
8061.60928 7.20411e-18
8063.56264 7.02068e-18
8065.50587 6.96768e-18
8067.45922 6.86779e-18
8069.40245 7.25353e-18
8071.34569 7.22723e-18
8073.29904 7.37935e-18
8075.24227 7.46852e-18
8077.19562 6.99780e-18
8079.13886 7.23082e-18
8081.08209 7.63529e-18
8083.03544 7.63484e-18
8084.97867 7.34222e-18
8086.93203 7.02467e-18
8088.87526 7.56044e-18
8090.81849 7.49230e-18
8092.77184 7.73972e-18
8094.71507 7.23981e-18
8096.66843 7.36329e-18
8098.61166 6.62598e-18
8100.55489 6.63230e-18
8102.50824 7.25992e-18
8104.45148 7.01132e-18
8106.40483 6.79468e-18
8108.34806 6.86097e-18
8110.29129 6.77840e-18
8112.24465 6.59207e-18
8114.18788 6.09103e-18
8116.13111 6.53884e-18
8118.08446 6.84832e-18
8120.02769 6.98575e-18
8121.98105 6.88211e-18
8123.92428 6.63421e-18
8125.87763 6.81534e-18
8127.82086 7.00400e-18
8129.76410 6.96665e-18
8131.71745 6.77051e-18
8133.66068 5.96293e-18
8135.61404 6.25830e-18
8137.55727 6.72676e-18
8139.50050 6.79676e-18
8141.45385 6.58368e-18
8143.39708 6.26239e-18
8145.34032 6.04377e-18
8147.29367 6.37127e-18
8149.23690 6.45657e-18
8151.19025 5.65275e-18
8153.13349 5.18570e-18
8155.07672 5.68404e-18
8157.03007 6.32235e-18
8158.97330 6.65761e-18
8160.92666 6.07001e-18
8162.86989 5.48635e-18
8164.81312 5.53263e-18
8166.76647 5.81822e-18
8168.70971 5.88915e-18
8170.66306 5.40986e-18
8172.60629 6.05573e-18
8174.54952 6.36187e-18
8176.50288 5.90299e-18
8178.44611 6.05472e-18
8180.39946 6.30854e-18
8182.34269 6.85573e-18
8184.28592 6.54425e-18
8186.23928 6.28389e-18
8188.18251 6.33054e-18
8190.13586 6.22987e-18
8192.07909 6.12601e-18
8194.02233 6.01052e-18
8195.97568 6.07165e-18
8197.91891 5.45592e-18
8199.86214 5.84244e-18
8201.81550 6.19657e-18
8203.75873 6.24995e-18
8205.71208 6.50209e-18
8207.65531 6.39756e-18
8209.60867 6.87438e-18
8211.55190 6.96020e-18
8213.49513 6.89339e-18
8215.44848 6.30943e-18
8217.39171 6.31027e-18
8219.34507 6.17068e-18
8221.28830 5.78933e-18
8223.23153 6.09809e-18
8225.18489 6.18373e-18
8227.12812 5.44334e-18
8229.07135 5.25988e-18
8231.02470 5.92727e-18
8232.96793 6.30401e-18
8234.92129 6.57424e-18
8236.86452 6.19843e-18
8238.80775 6.28742e-18
8240.76110 6.65384e-18
8242.70434 6.59074e-18
8244.65769 6.40005e-18
8246.60092 6.19177e-18
8248.54415 6.42371e-18
8250.49751 6.15317e-18
8252.44074 6.44859e-18
8254.39409 6.79673e-18
8256.33732 5.71971e-18
8258.28055 5.89176e-18
8260.23391 6.58170e-18
8262.17714 6.32601e-18
8264.13049 5.87871e-18
8266.07373 6.01483e-18
8268.01696 6.06279e-18
8269.97031 7.04816e-18
8271.91354 7.37639e-18
8273.86689 6.64768e-18
8275.81013 6.71232e-18
8277.75336 7.66091e-18
8279.70671 6.72409e-18
8281.64994 6.31326e-18
8283.60330 6.41862e-18
8285.54653 6.33460e-18
8287.48976 6.18265e-18
8289.44311 6.70590e-18
8291.38635 6.24798e-18
8293.33970 5.92233e-18
8295.28293 6.53405e-18
8297.22616 7.60467e-18
8299.17952 7.07580e-18
8301.12275 6.65529e-18
8303.07610 6.58521e-18
8305.01933 6.61867e-18
8306.96256 7.21222e-18
8308.91592 7.49524e-18
8310.85915 6.93790e-18
8312.81250 7.79715e-18
8314.75574 7.32201e-18
8316.69897 6.88974e-18
8318.65232 7.11568e-18
8320.59555 7.42647e-18
8322.53878 7.76394e-18
8324.49214 7.10290e-18
8326.43537 7.68505e-18
8328.38872 7.08008e-18
8330.33195 6.75261e-18
8332.28531 7.39354e-18
8334.22854 7.32338e-18
8336.17177 7.95225e-18
8338.12512 8.50754e-18
8340.06836 8.49985e-18
8342.01159 8.47672e-18
8343.96494 8.27061e-18
8345.90817 7.95430e-18
8347.86153 8.10913e-18
8349.80476 8.37274e-18
8351.74799 8.37960e-18
8353.70134 8.03626e-18
8355.64458 8.00581e-18
8357.59793 8.09698e-18
8359.54116 7.67310e-18
8361.48439 8.20649e-18
8363.43775 8.21330e-18
8365.38098 7.95864e-18
8367.33433 7.59385e-18
8369.27756 8.16160e-18
8371.22079 9.55773e-18
8373.17415 9.30035e-18
8375.11738 8.99441e-18
8377.07073 8.48713e-18
8379.01396 9.42046e-18
8380.95720 8.72076e-18
8382.91055 8.88010e-18
8384.85378 9.13837e-18
8386.80713 8.25717e-18
8388.75037 8.73523e-18
8390.69360 9.12056e-18
8392.64695 9.57644e-18
8394.59018 9.90373e-18
8396.54354 9.78899e-18
8398.48677 1.04770e-17
8400.43000 8.77711e-18
8402.38335 8.87497e-18
8404.32659 9.14880e-18
8406.27994 9.69727e-18
8408.22317 9.63551e-18
8410.16640 9.54179e-18
8412.11975 1.10053e-17
8414.06299 1.16587e-17
8416.00622 1.18048e-17
8417.95957 1.04586e-17
8419.90280 1.01556e-17
8421.85616 1.07757e-17
8423.79939 1.00950e-17
8425.74262 9.77047e-18
8427.69597 1.05037e-17
8429.63921 1.03772e-17
8431.59256 9.19872e-18
8433.53579 9.21768e-18
8435.47902 1.00158e-17
8437.43238 1.11814e-17
8439.37561 1.16314e-17
8441.32896 1.14916e-17
8443.27219 1.08266e-17
8445.21543 1.01301e-17
8447.16878 1.06079e-17
8449.11201 1.08751e-17
8451.06536 1.04681e-17
8453.00860 1.11621e-17
8454.95183 1.01932e-17
8456.90518 9.95793e-18
8458.84841 1.01427e-17
8460.80177 9.90702e-18
8462.74500 1.09004e-17
8464.68823 1.01479e-17
8466.64158 1.05396e-17
8468.58481 9.93051e-18
8470.53817 9.01481e-18
8472.48140 1.02917e-17
8474.42463 1.17069e-17
8476.37798 1.18185e-17
8478.32122 1.05824e-17
8480.26445 1.04205e-17
8482.21780 1.06082e-17
8484.16103 1.06370e-17
8486.11439 1.10083e-17
8488.05762 1.07229e-17
8490.00085 1.14860e-17
8491.95420 1.19261e-17
8493.89744 1.05087e-17
8495.85079 1.02376e-17
8497.79402 1.06748e-17
8499.73725 1.08354e-17
8501.69060 1.04091e-17
8503.63384 1.03302e-17
8505.58719 1.14416e-17
8507.53042 1.11113e-17
8509.48378 1.08756e-17
8511.42701 1.09258e-17
8513.37024 1.16120e-17
8515.32359 1.10011e-17
8517.26682 1.17387e-17
8519.22018 1.13106e-17
8521.16341 1.09655e-17
8523.10664 1.20666e-17
8525.05999 1.09470e-17
8527.00323 1.05206e-17
8528.94646 1.14940e-17
8530.89981 1.18345e-17
8532.84304 1.20569e-17
8534.79640 1.19317e-17
8536.73963 1.14588e-17
8538.68286 1.12057e-17
8540.63621 1.16794e-17
8542.57945 1.14967e-17
8544.53280 1.17594e-17
