# wavelength flux
3719.85142 4.00775e-16
3721.32362 3.84249e-16
3722.79583 3.67722e-16
3724.25802 3.51196e-16
3725.73023 3.34673e-16
3727.20243 3.18151e-16
3728.67464 3.01631e-16
3730.13683 2.85113e-16
3731.60903 2.68597e-16
3733.08124 2.52085e-16
3734.55344 2.35572e-16
3736.02565 2.19061e-16
3737.48783 2.02551e-16
3738.96004 1.86044e-16
3740.43224 1.69538e-16
3741.90445 1.53034e-16
3743.36664 1.36531e-16
3744.83885 1.20033e-16
3746.31105 1.03534e-16
3747.78326 8.70367e-17
3749.25546 7.05410e-17
3750.71765 5.40470e-17
3752.18986 3.75547e-17
3753.66206 2.10640e-17
3755.13427 4.57501e-18
3756.59645 -3.56260e-18
3758.06866 2.17083e-17
3759.54086 2.82299e-17
3761.01307 1.62883e-17
3762.47526 8.66447e-18
3763.94747 1.34833e-17
3765.41967 3.26355e-17
3766.89188 2.10581e-17
3768.36408 1.47042e-18
3769.82627 1.06092e-17
3771.29848 -7.75307e-19
3772.77068 4.81747e-18
3774.24289 2.20178e-17
3775.70508 -1.28709e-18
3777.17728 -1.01732e-17
3778.64948 1.57260e-18
3780.12169 4.45247e-18
3781.59389 1.36655e-17
3783.05609 4.33957e-18
3784.52829 -9.39284e-18
3786.00050 8.78227e-19
3787.47270 5.49964e-18
3788.93489 -8.62908e-18
3790.40710 1.20877e-17
3791.87930 3.62833e-17
3793.35151 2.82954e-17
3794.82371 1.44177e-17
3796.28590 9.79569e-18
3797.75811 1.94582e-17
3799.23031 1.45501e-17
3800.70252 -4.24629e-18
3802.16471 -2.25334e-18
3803.63691 1.58936e-17
3805.10912 1.69064e-17
3806.58132 1.56422e-17
3808.04351 1.88813e-17
3809.51572 2.28335e-17
3810.98792 2.74888e-17
3812.46013 1.86661e-17
3813.93233 1.35022e-17
3815.39452 8.15008e-18
3816.86673 3.46619e-18
3818.33893 1.11356e-17
3819.81114 -2.58982e-18
3821.27333 5.51124e-18
3822.74553 1.25811e-17
3824.21774 1.34658e-17
3825.68994 1.73735e-17
3827.16215 8.70600e-18
3828.62433 1.40651e-17
3830.09654 1.62720e-17
3831.56875 4.35742e-18
3833.04095 1.15227e-17
3834.50314 1.12301e-17
3835.97535 1.60019e-18
3837.44755 -1.39652e-18
3838.91976 1.07450e-17
3840.39196 6.32044e-18
3841.85415 1.35125e-17
3843.32636 5.41839e-18
3844.79856 -1.27968e-17
3846.27077 7.92475e-20
3847.73295 1.03224e-17
3849.20516 1.07508e-17
3850.67737 1.72076e-17
3852.14957 2.14147e-17
3853.61176 1.78020e-17
3855.08397 1.07839e-17
3856.55617 1.38645e-17
3858.02838 1.45388e-17
3859.50058 1.84402e-17
3860.96277 2.57608e-17
3862.43498 3.27031e-17
3863.90718 1.86442e-17
3865.37939 1.58279e-17
3866.84158 1.30545e-17
3868.31378 1.50743e-18
3869.78598 1.25615e-17
3871.25819 2.42349e-17
3872.73040 1.60063e-17
3874.19259 1.59432e-17
3875.66479 1.14186e-17
3877.13700 7.61891e-18
3878.60920 1.68347e-17
3880.07139 1.17334e-17
3881.54360 2.49405e-17
3883.01580 2.24199e-17
3884.48801 1.05784e-17
3885.96021 2.89943e-17
3887.42240 3.04507e-17
3888.89461 2.04014e-17
3890.36681 1.38583e-17
3891.83902 -1.41143e-18
3893.30121 -9.75800e-19
3894.77341 3.32003e-18
3896.24562 9.33007e-18
3897.71782 6.86080e-18
3899.18001 7.21243e-18
3900.65222 2.45823e-17
3902.12442 1.89624e-17
3903.59663 1.05059e-17
3905.06883 1.47806e-17
3906.53102 1.83662e-17
3908.00323 2.53275e-17
3909.47543 1.02026e-17
3910.94764 1.37394e-17
3912.40983 2.60932e-17
3913.88203 2.39134e-17
3915.35423 2.07803e-17
3916.82644 2.62278e-17
3918.29864 1.32592e-17
3919.76084 1.39007e-18
3921.23304 2.44088e-17
3922.70525 1.76808e-17
3924.17745 1.04267e-17
3925.63964 1.03680e-17
3927.11185 1.82682e-17
3928.58405 2.17793e-17
3930.05626 2.64027e-17
3931.51845 1.52046e-17
3932.99065 1.18042e-17
3934.46286 8.26444e-18
3935.93506 1.72159e-17
3937.40727 1.60807e-17
3938.86946 1.52906e-17
3940.34166 3.02337e-17
3941.81387 1.94393e-17
3943.28607 2.29613e-17
3944.74826 2.98137e-17
3946.22047 1.51040e-17
3947.69267 1.40096e-18
3949.16488 1.09960e-17
3950.63708 2.76938e-17
3952.09927 2.37089e-17
3953.57148 2.18188e-17
3955.04368 2.59606e-17
3956.51589 1.10983e-17
3957.97808 1.14472e-17
3959.45028 2.05821e-17
3960.92249 1.00376e-17
3962.39469 5.63168e-18
3963.86690 1.47197e-17
3965.32909 1.60753e-17
3966.80129 1.78400e-17
3968.27350 9.62244e-18
3969.74570 4.30917e-19
3971.20789 -3.42261e-18
3972.68010 -1.20746e-17
3974.15230 -3.07018e-18
3975.62451 -1.58083e-18
3977.08670 1.86905e-17
3978.55890 2.39548e-17
3980.03111 1.72747e-17
3981.50331 1.48670e-17
3982.97552 2.67870e-17
3984.43770 2.33346e-17
3985.90991 1.57057e-17
3987.38211 1.52229e-17
3988.85432 6.67140e-18
3990.31651 2.90332e-17
3991.78872 1.94054e-17
3993.26092 2.36432e-17
3994.73313 2.58018e-17
3996.20533 -3.23197e-19
3997.66752 2.11083e-17
3999.13973 3.76425e-17
4000.61193 2.98685e-17
4002.08414 1.96562e-17
4003.54633 2.32430e-17
4005.01853 3.77187e-17
4006.49073 1.51352e-17
4007.96294 1.18456e-17
4009.43514 1.54684e-17
4010.89734 1.26532e-17
4012.36954 1.79771e-17
4013.84175 2.27269e-17
4015.31395 1.45376e-17
4016.77614 4.41659e-17
4018.24835 2.90407e-17
4019.72055 1.62937e-17
4021.19276 9.30438e-18
4022.65495 2.19209e-17
4024.12715 3.10263e-17
4025.59936 1.39324e-17
4027.07156 1.92880e-17
4028.54377 2.23636e-17
4030.00596 1.18647e-17
4031.47816 2.94327e-17
4032.95037 1.31964e-17
4034.42257 2.10355e-17
4035.88476 2.86007e-17
4037.35697 2.63956e-17
4038.82917 2.27429e-17
4040.30138 1.79227e-17
4041.77358 2.18317e-17
4043.23577 2.19217e-17
4044.70798 2.69829e-17
4046.18018 2.39190e-17
4047.65239 2.32483e-17
4049.11458 3.35285e-17
4050.58678 2.00094e-17
4052.05899 1.13334e-17
4053.53119 2.81979e-17
4054.99338 2.54599e-17
4056.46558 1.81418e-17
4057.93779 1.77625e-17
4059.40999 2.18016e-17
4060.88220 2.56154e-17
4062.34439 3.38067e-17
4063.81660 2.78019e-17
4065.28880 1.75018e-17
4066.76101 1.58463e-17
4068.22320 2.42692e-17
4069.69540 2.31335e-17
4071.16761 3.51893e-17
4072.63981 3.26553e-17
4074.11202 2.00184e-17
4075.57420 1.85188e-17
4077.04641 2.23237e-17
4078.51861 1.01319e-17
4079.99082 8.46130e-18
4081.45301 1.34536e-17
4082.92522 2.23424e-17
4084.39742 1.38932e-17
4085.86963 3.82865e-17
4087.34183 3.05779e-17
4088.80402 1.62235e-17
4090.27623 1.31835e-17
4091.74843 7.71955e-18
4093.22064 2.72670e-17
4094.68283 2.41663e-17
4096.15503 1.88117e-17
4097.62723 2.19382e-17
4099.09944 1.27973e-17
4100.56163 2.15132e-17
4102.03384 1.03503e-17
4103.50604 7.16930e-18
4104.97825 1.41570e-17
4106.45045 5.15124e-18
4107.91264 1.39733e-17
4109.38484 2.72275e-17
4110.85705 1.55696e-17
4112.32926 1.53127e-17
4113.79145 1.85957e-17
4115.26365 1.70918e-17
4116.73585 8.97018e-18
4118.20806 2.02605e-17
4119.68027 1.56274e-17
4121.14246 1.25812e-17
4122.61466 5.33630e-18
4124.08687 1.44699e-17
4125.55907 1.48939e-17
4127.02126 6.46039e-18
4128.49347 8.00286e-18
4129.96567 2.40945e-17
4131.43788 2.42787e-17
4132.90007 3.01401e-17
4134.37227 1.88344e-17
4135.84447 7.25053e-18
4137.31668 1.22065e-17
4138.78888 1.76074e-17
4140.25108 1.64474e-17
4141.72328 2.21931e-17
4143.19549 8.39464e-18
4144.66769 1.07789e-17
4146.12988 1.92220e-17
4147.60209 1.83989e-17
4149.07429 1.45942e-17
4150.54650 9.87804e-18
4152.01870 1.60299e-17
4153.48089 2.09751e-17
4154.95309 1.81956e-17
4156.42530 1.73195e-17
4157.89750 2.04867e-17
4159.35970 2.29074e-17
4160.83190 2.20203e-17
4162.30411 1.88625e-17
4163.77631 1.57873e-17
4165.24852 1.94958e-17
4166.71071 1.08765e-17
4168.18291 1.46241e-17
4169.65512 1.47352e-17
4171.12732 2.11262e-17
4172.58951 2.29766e-17
4174.06172 1.43292e-17
4175.53392 8.63424e-18
4177.00612 1.11361e-17
4178.47833 1.93193e-17
4179.94052 1.62935e-17
4181.41273 1.42716e-17
4182.88493 8.47455e-18
4184.35714 1.63459e-17
4185.81933 1.11965e-17
4187.29153 1.21400e-17
4188.76374 2.13938e-17
4190.23594 1.43191e-17
4191.69813 1.01891e-17
4193.17034 9.42992e-18
4194.64254 1.14226e-17
4196.11474 1.76127e-17
4197.58695 1.67997e-17
4199.04914 1.59867e-17
4200.52135 1.51738e-17
4201.99355 1.43609e-17
4203.46576 1.35481e-17
4204.92795 1.27354e-17
4206.40015 1.19227e-17
4207.87235 1.11101e-17
4209.34456 1.02976e-17
4210.81677 9.48508e-18
4212.27896 8.67265e-18
4213.75116 7.86028e-18
4215.22336 7.04798e-18
4216.69557 6.23573e-18
4218.15776 6.23550e-18
4219.62997 6.20127e-18
4221.10217 2.29711e-17
4222.57438 1.68546e-17
4224.03657 9.68353e-18
4225.50877 9.32975e-18
4226.98097 2.13885e-17
4228.45318 1.57717e-17
4229.92539 1.24019e-17
4231.38758 6.01924e-18
4232.85978 6.81110e-18
4234.33198 1.75000e-17
4235.80419 1.70720e-17
4237.26638 8.88110e-18
4238.73859 2.05876e-17
4240.21079 1.01749e-17
4241.68300 5.57824e-18
4243.15520 1.89223e-17
4244.61739 1.82953e-17
4246.08959 1.95780e-17
4247.56180 2.17308e-17
4249.03401 2.50164e-17
4250.49620 1.46790e-17
4251.96840 7.35751e-18
4253.44060 4.13963e-18
4254.91281 1.91078e-17
4256.37500 1.42211e-17
4257.84721 1.51800e-17
4259.31941 2.20912e-17
4260.79162 1.18130e-17
4262.26382 1.32771e-17
4263.72601 1.61279e-17
4265.19822 1.06895e-17
4266.67042 4.88641e-18
4268.14263 7.53846e-18
4269.60482 1.42250e-17
4271.07702 1.69096e-17
4272.54922 1.75170e-17
4274.02143 1.88107e-17
4275.49364 2.32373e-17
4276.95583 2.11980e-17
4278.42803 1.50880e-17
4279.90024 1.31433e-17
4281.37244 1.49529e-17
4282.83463 1.45153e-17
4284.30684 1.55961e-17
4285.77904 2.05030e-17
4287.25125 1.29976e-17
4288.72345 1.19662e-17
4290.18564 7.14744e-18
4291.65784 1.44422e-17
4293.13005 1.76062e-17
4294.60226 2.59754e-17
4296.06444 2.18857e-17
4297.53665 1.90824e-17
4299.00886 2.00549e-17
4300.48106 1.83622e-17
4301.95327 1.26306e-17
4303.41546 1.14765e-17
4304.88766 1.10718e-17
4306.35987 1.91988e-17
4307.83207 1.33776e-17
4309.29426 1.23283e-17
4310.76647 1.42228e-17
4312.23867 1.42252e-17
4313.71088 9.24037e-18
4315.17306 1.16740e-17
4316.64527 1.81723e-17
4318.11748 1.99499e-17
4319.58968 2.14437e-17
4321.06189 2.05288e-17
4322.52408 1.36725e-17
4323.99628 8.10132e-18
4325.46849 1.37079e-17
4326.94069 1.15150e-17
4328.40288 1.46618e-17
4329.87509 1.02523e-17
4331.34729 3.91198e-18
4332.81949 5.81580e-18
4334.29170 5.68487e-18
4335.75389 1.39137e-17
4337.22609 9.87097e-18
4338.69830 7.60658e-18
4340.17051 6.10315e-18
4341.63270 1.81967e-17
4343.10490 2.54896e-17
4344.57711 2.34855e-17
4346.04931 1.38220e-17
4347.51150 1.09205e-17
4348.98371 1.37366e-17
4350.45591 1.39863e-17
4351.92811 1.40042e-17
4353.40032 1.40221e-17
4354.86251 1.40400e-17
4356.33472 1.40579e-17
4357.80692 1.40758e-17
4359.27913 1.40937e-17
4360.74132 1.41116e-17
4362.21352 1.41295e-17
4363.68573 1.41474e-17
4365.15793 1.41653e-17
4366.63014 1.41832e-17
4368.09233 1.42011e-17
4369.56453 1.42190e-17
4371.03673 1.42368e-17
4372.50894 1.42547e-17
4373.97113 1.42726e-17
4375.44334 1.42905e-17
4376.91554 1.43083e-17
4378.38774 1.43262e-17
4379.84994 1.43441e-17
4381.32214 1.43619e-17
4382.79435 1.43798e-17
4384.26655 1.43977e-17
4385.73876 1.44155e-17
4387.20095 1.44334e-17
4388.67315 1.44512e-17
4390.14535 1.42998e-17
4391.61756 1.50909e-17
4393.07975 1.75556e-17
4394.55196 1.68033e-17
4396.02416 1.70989e-17
4397.49636 1.76252e-17
4398.96857 1.66387e-17
4400.43076 1.70184e-17
4401.90297 1.93420e-17
4403.37517 1.76436e-17
4404.84738 1.20657e-17
4406.30957 1.30921e-17
4407.78177 1.71055e-17
4409.25397 2.00175e-17
4410.72618 2.30969e-17
4412.19839 1.59397e-17
4413.66058 1.01822e-17
4415.13278 1.13128e-17
4416.60498 1.24490e-17
4418.07719 1.14954e-17
4419.53938 1.01325e-17
4421.01159 1.87790e-17
4422.48379 1.92302e-17
4423.95600 1.04626e-17
4425.42820 1.24401e-17
4426.89039 1.47513e-17
4428.36259 1.56351e-17
4429.83480 1.79805e-17
4431.30701 1.44222e-17
4432.76920 1.07944e-17
4434.24140 8.06552e-18
4435.71360 1.11227e-17
4437.18581 1.49973e-17
4438.64800 1.35596e-17
4440.12021 1.16790e-17
4441.59241 1.83852e-17
4443.06462 1.83906e-17
4444.53682 1.25350e-17
4445.99901 9.97331e-18
4447.47122 1.46128e-17
4448.94342 1.34341e-17
4450.41563 9.75277e-18
4451.87782 7.23671e-18
4453.35002 1.05631e-17
4454.82222 1.18855e-17
4456.29443 1.31626e-17
4457.76663 8.64399e-18
4459.22883 1.11035e-17
4460.70103 1.82765e-17
4462.17324 1.59790e-17
4463.64544 1.61363e-17
4465.10763 1.53367e-17
4466.57984 1.22834e-17
4468.05204 1.70618e-17
4469.52425 1.68337e-17
4470.98643 8.87027e-18
4472.45864 1.04470e-17
4473.93084 1.58060e-17
4475.40305 1.69991e-17
4476.87525 1.32563e-17
4478.33745 1.37358e-17
4479.80965 1.59801e-17
4481.28186 1.39638e-17
4482.75406 1.30771e-17
4484.21625 1.82040e-17
4485.68846 2.21639e-17
4487.16066 2.03414e-17
4488.63287 1.81291e-17
4490.10507 1.49473e-17
4491.56726 1.45751e-17
4493.03947 1.56330e-17
4494.51167 1.69456e-17
4495.98387 1.74731e-17
4497.44607 1.76504e-17
4498.91827 1.78771e-17
4500.39048 1.95544e-17
4501.86268 1.74028e-17
4503.33489 1.91944e-17
4504.79708 1.81136e-17
4506.26928 1.74078e-17
4507.74149 1.67905e-17
4509.21369 1.64572e-17
4510.67588 1.90607e-17
4512.14809 1.99403e-17
4513.62029 1.53018e-17
4515.09249 1.46096e-17
4516.56470 1.25896e-17
4518.02689 1.44651e-17
4519.49910 1.98353e-17
4520.97130 1.98708e-17
4522.44351 1.88734e-17
4523.90570 2.12028e-17
4525.37790 2.11420e-17
4526.85010 1.86924e-17
4528.32231 1.57655e-17
4529.78450 1.74668e-17
4531.25671 1.61945e-17
4532.72891 1.74283e-17
4534.20111 2.16731e-17
4535.67332 2.13106e-17
4537.13551 2.11457e-17
4538.60772 2.05105e-17
4540.07992 1.77539e-17
4541.55213 2.09641e-17
4543.01432 1.96163e-17
4544.48652 1.86793e-17
4545.95872 2.02111e-17
4547.43093 1.94960e-17
4548.90314 2.22495e-17
4550.36533 2.23614e-17
4551.83753 2.19082e-17
4553.30973 2.12082e-17
4554.78194 2.17344e-17
4556.24413 2.56781e-17
4557.71634 2.72942e-17
4559.18854 2.34335e-17
4560.66075 1.95197e-17
4562.12294 1.95922e-17
4563.59514 2.08490e-17
4565.06734 2.42915e-17
4566.53955 2.48074e-17
4568.01176 2.17780e-17
4569.47395 2.10655e-17
4570.94615 1.86595e-17
4572.41835 1.92780e-17
4573.89056 2.51006e-17
4575.35275 2.30210e-17
4576.82496 2.12858e-17
4578.29716 2.56320e-17
4579.76937 2.66435e-17
4581.24157 2.42915e-17
4582.70376 2.13959e-17
4584.17597 1.94761e-17
4585.64817 1.79530e-17
4587.12038 1.95904e-17
4588.58257 2.39350e-17
4590.05477 2.48068e-17
4591.52697 1.92525e-17
4592.99918 1.82849e-17
4594.47139 2.21056e-17
4595.93358 2.02874e-17
4597.40578 2.09119e-17
4598.87799 2.46306e-17
4600.35019 2.50586e-17
4601.81238 2.41121e-17
4603.28459 2.13512e-17
4604.75679 2.01473e-17
4606.22900 1.83843e-17
4607.69119 1.32367e-17
4609.16339 1.54734e-17
4610.63559 2.28854e-17
4612.10780 2.23028e-17
4613.58001 1.79643e-17
4615.04219 2.35573e-17
4616.51440 2.62984e-17
4617.98661 2.06300e-17
4619.45881 2.24025e-17
4620.92100 2.61925e-17
4622.39321 2.32279e-17
4623.86541 2.13616e-17
4625.33762 1.98036e-17
4626.80982 2.17506e-17
4628.27201 2.55256e-17
4629.74422 2.14423e-17
4631.21642 1.93302e-17
4632.68863 1.97153e-17
4634.15081 2.07073e-17
4635.62302 2.25764e-17
4637.09523 2.09168e-17
4638.56743 2.02832e-17
4640.03964 2.11273e-17
4641.50183 2.05505e-17
4642.97403 2.20027e-17
4644.44624 2.10148e-17
4645.91844 1.90680e-17
4647.38063 1.88997e-17
4648.85284 2.41922e-17
4650.32504 2.13277e-17
4651.79724 1.86058e-17
4653.25943 2.15002e-17
4654.73164 1.93958e-17
4656.20385 2.04361e-17
4657.67605 2.04622e-17
4659.14826 2.04685e-17
4660.61045 2.00087e-17
4662.08265 1.76984e-17
4663.55486 1.35716e-17
4665.02706 1.64847e-17
4666.48925 1.71600e-17
4667.96146 1.74880e-17
4669.43366 1.71639e-17
4670.90586 1.87285e-17
4672.37807 2.16185e-17
4673.84026 2.01904e-17
4675.31247 1.63986e-17
4676.78467 1.70639e-17
4678.25688 1.78109e-17
4679.71907 1.62011e-17
4681.19127 1.81372e-17
4682.66348 2.14611e-17
4684.13568 2.22130e-17
4685.60789 2.21111e-17
4687.07008 2.09237e-17
4688.54228 1.77874e-17
4690.01448 1.82255e-17
4691.48669 1.91279e-17
4692.94888 2.11730e-17
4694.42109 1.95580e-17
4695.89329 1.47813e-17
4697.36550 1.81478e-17
4698.82769 2.02031e-17
4700.29989 1.86483e-17
4701.77210 1.86598e-17
4703.24430 1.75085e-17
4704.71651 1.65197e-17
4706.17870 1.53092e-17
4707.65090 1.55266e-17
4709.12310 1.91103e-17
4710.59531 1.78211e-17
4712.05750 1.44071e-17
4713.52971 1.78783e-17
4715.00191 1.94311e-17
4716.47411 1.63421e-17
4717.94632 1.28027e-17
4719.40851 1.42671e-17
4720.88072 1.66059e-17
4722.35292 1.51298e-17
4723.82513 1.52578e-17
4725.28732 1.67643e-17
4726.75952 1.71115e-17
4728.23172 1.64419e-17
4729.70393 1.53118e-17
4731.16612 1.32139e-17
4732.63833 1.34912e-17
4734.11053 1.29635e-17
4735.58273 1.55882e-17
4737.05494 2.10663e-17
4738.51713 2.15004e-17
4739.98934 1.70381e-17
4741.46154 1.59179e-17
4742.93375 1.93081e-17
4744.39594 1.64780e-17
4745.86814 1.49658e-17
4747.34034 1.40736e-17
4748.81255 1.40166e-17
4750.28476 1.62841e-17
4751.74695 1.33922e-17
4753.21915 1.03109e-17
4754.69135 1.33624e-17
4756.16356 1.24772e-17
4757.62575 1.41126e-17
4759.09796 1.84279e-17
4760.57016 1.37484e-17
4762.04237 8.88234e-18
4763.51457 1.45974e-17
4764.97676 1.21675e-17
4766.44897 1.08508e-17
4767.92117 1.82260e-17
4769.39338 1.66627e-17
4770.85557 1.03493e-17
4772.32777 9.07022e-18
4773.79997 1.21069e-17
4775.27218 1.20637e-17
4776.74438 1.09331e-17
4778.20658 1.43310e-17
4779.67878 1.63250e-17
4781.15099 1.12248e-17
4782.62319 1.11002e-17
4784.08538 1.31198e-17
4785.55759 1.51289e-17
4787.02979 1.34000e-17
4788.50200 1.20168e-17
4789.96418 1.37814e-17
4791.43639 1.19329e-17
4792.90859 1.20062e-17
4794.38080 1.13547e-17
4795.85300 1.54268e-17
4797.31520 1.50493e-17
4798.78740 1.17821e-17
4800.25961 1.16649e-17
4801.73181 1.21007e-17
4803.19400 1.09752e-17
4804.66621 1.06381e-17
4806.13841 1.08624e-17
4807.61062 8.44084e-18
4809.08282 9.89505e-18
4810.54501 1.36931e-17
4812.01722 1.81116e-17
4813.48942 1.17507e-17
4814.96162 1.32167e-17
4816.42382 1.62715e-17
4817.89602 1.64030e-17
4819.36823 1.17209e-17
4820.84043 1.10997e-17
4822.30262 1.40113e-17
4823.77483 1.51627e-17
4825.24703 1.22250e-17
4826.71924 9.16961e-18
4828.19144 1.15714e-17
4829.65363 1.21332e-17
4831.12584 1.25341e-17
4832.59804 1.36367e-17
4834.07024 1.06287e-17
4835.53244 1.22039e-17
4837.00464 1.67402e-17
4838.47685 1.23454e-17
4839.94905 1.02101e-17
4841.42126 1.46741e-17
4842.88345 1.65888e-17
4844.35565 1.61701e-17
4845.82785 1.58599e-17
4847.30006 2.00120e-17
4848.76225 1.77112e-17
4850.23446 1.67966e-17
4851.70666 1.66913e-17
4853.17886 1.65859e-17
4854.65107 1.64806e-17
4856.11326 1.63752e-17
4857.58547 1.62699e-17
4859.05767 1.61645e-17
4860.52988 1.60592e-17
4861.99207 1.59539e-17
4863.46427 1.58485e-17
4864.93647 1.57433e-17
4866.40868 1.56380e-17
4867.87087 1.55327e-17
4869.34308 1.54275e-17
4870.81528 1.53222e-17
4872.28748 1.52169e-17
4873.75969 1.51117e-17
4875.22188 1.50065e-17
4876.69409 1.49013e-17
4878.16629 1.47961e-17
4879.63850 1.46909e-17
4881.10069 1.45857e-17
4882.57289 1.44805e-17
4884.04509 1.43753e-17
4885.51730 1.42702e-17
4886.98951 1.41651e-17
4888.45170 1.28256e-17
4889.92390 1.21942e-17
4891.39610 1.37450e-17
4892.86831 1.31341e-17
4894.33050 1.06977e-17
4895.80271 1.10477e-17
4897.27491 1.20700e-17
4898.74712 1.37742e-17
4900.21932 1.32941e-17
4901.68151 1.36421e-17
4903.15372 1.47670e-17
4904.62592 8.20088e-18
4906.09813 8.69688e-18
4907.56032 1.10929e-17
4909.03252 8.57178e-18
4910.50472 1.10172e-17
4911.97693 1.34892e-17
4913.43912 1.23381e-17
4914.91133 1.13583e-17
4916.38353 1.41783e-17
4917.85574 1.37263e-17
4919.32794 1.32152e-17
4920.79013 1.22958e-17
4922.26234 1.40247e-17
4923.73454 1.76344e-17
4925.20675 2.05502e-17
4926.66894 1.64602e-17
4928.14114 1.18858e-17
4929.61334 1.52999e-17
4931.08555 1.88861e-17
4932.55776 1.71488e-17
4934.01995 1.68039e-17
4935.49215 1.52667e-17
4936.96436 1.47989e-17
4938.43656 1.50423e-17
4939.89875 1.35261e-17
4941.37096 1.36819e-17
4942.84316 1.45886e-17
4944.31537 1.38746e-17
4945.78757 1.18940e-17
4947.24976 1.46079e-17
4948.72197 1.46252e-17
4950.19417 1.46425e-17
4951.66638 1.46599e-17
4953.12856 1.46772e-17
4954.60077 1.46945e-17
4956.07298 1.47118e-17
4957.54518 1.47291e-17
4959.00737 1.47464e-17
4960.47958 1.47637e-17
4961.95178 1.47810e-17
4963.42399 1.47983e-17
4964.89619 1.48156e-17
4966.35838 1.48330e-17
4967.83059 1.48503e-17
4969.30279 1.48676e-17
4970.77499 1.48849e-17
4972.23718 1.49022e-17
4973.70939 1.49194e-17
4975.18160 1.49367e-17
4976.65380 1.49540e-17
4978.12601 1.49713e-17
4979.58820 1.49886e-17
4981.06040 1.50059e-17
4982.53261 1.50232e-17
4984.00481 1.50405e-17
4985.46700 1.50578e-17
4986.93921 1.59539e-17
4988.41141 1.56146e-17
4989.88361 1.18599e-17
4991.35582 1.18538e-17
4992.81801 1.21195e-17
4994.29022 1.28165e-17
4995.76242 1.41675e-17
4997.23463 1.40464e-17
4998.69682 1.39253e-17
5000.16902 1.38043e-17
5001.64123 1.36833e-17
5003.11343 1.35623e-17
5004.57562 1.34413e-17
5006.04783 1.33203e-17
5007.52003 1.31993e-17
5008.99223 1.30784e-17
5010.46444 1.29574e-17
5011.92663 1.28365e-17
5013.39884 1.27155e-17
5014.87104 1.25946e-17
5016.34325 1.24737e-17
5017.80544 1.23528e-17
5019.27764 1.22319e-17
5020.74985 1.21110e-17
5022.22205 1.19901e-17
5023.69426 1.18693e-17
5025.15645 1.17485e-17
5026.62865 1.16276e-17
5028.10085 1.15068e-17
5029.57306 1.13860e-17
5031.03525 1.12652e-17
5032.50746 1.11444e-17
5033.97966 9.66598e-18
5035.45186 1.19414e-17
5036.92407 1.14446e-17
5038.38626 8.15586e-18
5039.85847 9.53631e-18
5041.33067 1.00628e-17
5042.80288 1.20176e-17
5044.26507 1.44920e-17
5045.73727 1.24318e-17
5047.20947 1.09879e-17
5048.68168 1.15751e-17
5050.14387 1.40337e-17
5051.61608 1.18949e-17
5053.08828 1.11442e-17
5054.56048 1.13611e-17
5056.03269 1.01490e-17
5057.49488 1.14050e-17
5058.96709 1.17015e-17
5060.43929 1.18987e-17
5061.91150 1.28731e-17
5063.37369 1.04243e-17
5064.84589 7.28780e-18
5066.31809 9.75879e-18
5067.79030 1.11468e-17
5069.26251 1.19725e-17
5070.72470 1.33498e-17
5072.19690 1.36446e-17
5073.66910 1.22074e-17
5075.14131 1.17991e-17
5076.60350 1.27646e-17
5078.07571 1.16716e-17
5079.54791 1.14471e-17
5081.02012 9.84004e-18
5082.49232 1.07149e-17
5083.95451 1.03423e-17
5085.42672 1.15802e-17
5086.89892 1.24934e-17
5088.37113 1.38575e-17
5089.83332 1.18765e-17
5091.30552 1.35365e-17
5092.77772 1.42852e-17
5094.24993 1.11061e-17
5095.71212 1.39674e-17
5097.18433 1.30359e-17
5098.65653 1.00106e-17
5100.12874 1.06533e-17
5101.60094 1.27206e-17
5103.06313 1.44822e-17
5104.53534 1.42735e-17
5106.00754 1.38507e-17
5107.47975 1.34791e-17
5108.94193 1.35328e-17
5110.41414 1.36795e-17
5111.88634 1.37947e-17
5113.35855 1.35418e-17
5114.83075 1.24971e-17
5116.29295 1.27729e-17
5117.76515 1.54817e-17
5119.23736 1.50216e-17
5120.70956 1.28776e-17
5122.17175 1.32409e-17
5123.64396 1.38977e-17
5125.11616 1.34813e-17
5126.58837 1.32545e-17
5128.05055 1.57574e-17
5129.52276 1.64124e-17
5130.99497 1.45309e-17
5132.46717 1.30644e-17
5133.93937 1.26655e-17
5135.40157 1.25326e-17
5136.87377 1.43235e-17
5138.34598 1.36339e-17
5139.81818 1.35855e-17
5141.28037 1.52801e-17
5142.75258 1.43412e-17
5144.22478 1.43484e-17
5145.69699 1.43565e-17
5147.16919 1.50546e-17
5148.63138 1.46315e-17
5150.10359 1.58642e-17
5151.57579 1.52069e-17
5153.04799 1.51870e-17
5154.51019 1.49997e-17
5155.98239 1.41430e-17
5157.45460 1.46692e-17
5158.92680 1.50531e-17
5160.39901 1.62422e-17
5161.86120 1.60886e-17
5163.33340 1.42004e-17
5164.80560 1.63617e-17
5166.27781 1.56752e-17
5167.74000 1.34499e-17
5169.21221 1.41260e-17
5170.68441 1.43861e-17
5172.15661 1.39270e-17
5173.62882 1.49954e-17
5175.09101 1.41572e-17
5176.56322 1.64527e-17
5178.03542 1.45119e-17
5179.50763 1.38890e-17
5180.96982 1.49716e-17
5182.44202 1.58897e-17
5183.91422 1.45786e-17
5185.38643 1.23889e-17
5186.84862 1.14365e-17
5188.32083 1.34241e-17
5189.79303 1.56624e-17
5191.26523 1.65191e-17
5192.73744 1.50991e-17
5194.19963 1.63880e-17
5195.67184 1.58951e-17
5197.14404 1.46827e-17
5198.61625 1.36638e-17
5200.07844 1.47768e-17
5201.55064 1.63740e-17
5203.02284 1.51479e-17
5204.49505 1.57077e-17
5205.96726 1.77706e-17
5207.42945 1.67135e-17
5208.90165 1.58714e-17
5210.37385 1.65059e-17
5211.84606 1.56248e-17
5213.30825 1.57287e-17
5214.78046 1.68034e-17
5216.25266 1.72907e-17
5217.72487 1.55626e-17
5219.18706 1.45597e-17
5220.65926 1.62224e-17
5222.13147 1.49559e-17
5223.60367 1.40993e-17
5225.07588 1.68232e-17
5226.53807 1.64383e-17
5228.01027 1.53087e-17
5229.48247 1.44236e-17
5230.95468 1.56470e-17
5232.41687 1.77759e-17
5233.88908 1.74099e-17
5235.36128 1.61103e-17
5236.83349 1.59273e-17
5238.30569 1.65777e-17
5239.76788 1.61464e-17
5241.24009 1.53341e-17
5242.71229 1.57929e-17
5244.18450 1.59848e-17
5245.64669 1.78986e-17
5247.11889 1.55923e-17
5248.59109 1.45197e-17
5250.06330 1.38603e-17
5251.53551 1.34125e-17
5252.99770 1.25021e-17
5254.46990 1.07339e-17
5255.94211 1.55259e-17
5257.41431 1.84045e-17
5258.87650 1.80865e-17
5260.34871 1.56131e-17
5261.82091 1.58880e-17
5263.29312 1.80212e-17
5264.76532 1.86829e-17
5266.22751 1.57837e-17
5267.69972 1.42280e-17
5269.17192 1.68823e-17
5270.64413 1.81301e-17
5272.10631 1.77864e-17
5273.57852 1.56527e-17
5275.05073 1.54888e-17
5276.52293 1.71250e-17
5277.98512 1.89965e-17
5279.45733 1.96299e-17
5280.92953 1.80254e-17
5282.40174 1.47637e-17
5283.87394 1.60369e-17
5285.33613 2.03888e-17
5286.80834 1.86313e-17
5288.28054 1.51471e-17
5289.75274 1.62781e-17
5291.21493 1.55449e-17
5292.68714 1.56160e-17
5294.15935 1.62279e-17
5295.63155 1.81524e-17
5297.10376 1.72058e-17
5298.56595 1.68440e-17
5300.03815 1.65372e-17
5301.51036 1.71570e-17
5302.98256 1.76008e-17
5304.44475 1.78582e-17
5305.91696 1.69232e-17
5307.38916 1.55928e-17
5308.86136 1.51732e-17
5310.32355 1.80137e-17
5311.79576 1.78717e-17
5313.26797 1.59728e-17
5314.74017 1.60280e-17
5316.21238 1.63289e-17
5317.67457 1.53515e-17
5319.14677 1.58224e-17
5320.61898 1.70010e-17
5322.09118 1.71793e-17
5323.55337 1.82709e-17
5325.02558 1.86949e-17
5326.49778 1.89620e-17
5327.96998 1.80642e-17
5329.44219 1.76941e-17
5330.90438 1.52755e-17
5332.37659 1.47283e-17
5333.84879 1.67803e-17
5335.32100 1.54165e-17
5336.78319 1.51295e-17
5338.25539 1.42042e-17
5339.72760 1.60030e-17
5341.19980 1.86405e-17
5342.66199 1.93651e-17
5344.13420 1.90971e-17
5345.60640 1.62655e-17
5347.07860 1.52957e-17
5348.55081 1.62812e-17
5350.01300 1.50350e-17
5351.48521 1.64583e-17
5352.95741 1.80078e-17
5354.42962 1.64058e-17
5355.89181 1.55724e-17
5357.36401 1.60060e-17
5358.83622 1.74042e-17
5360.30842 1.68248e-17
5361.78063 1.60952e-17
5363.24282 1.61808e-17
5364.71502 1.55651e-17
5366.18722 1.68036e-17
5367.65943 1.73730e-17
5369.12162 1.68547e-17
5370.59383 1.52585e-17
5372.06603 1.60701e-17
5373.53823 1.91092e-17
5375.01044 1.81798e-17
5376.47263 1.72471e-17
5377.94484 1.83047e-17
5379.41704 1.76444e-17
5380.88925 1.55051e-17
5382.35144 1.61333e-17
5383.82364 1.65113e-17
5385.29584 1.57825e-17
5386.76805 1.54448e-17
5388.24026 1.51298e-17
5389.70245 1.53978e-17
5391.17465 1.62687e-17
5392.64685 1.66469e-17
5394.11906 1.47853e-17
5395.58125 1.41375e-17
5397.05346 1.64408e-17
5398.52566 1.65618e-17
5399.99787 1.43556e-17
5401.46006 1.28386e-17
5402.93226 1.29962e-17
5404.40447 1.41891e-17
5405.87667 1.47833e-17
5407.34888 1.38249e-17
5408.81107 1.27492e-17
5410.28327 1.22212e-17
5411.75547 1.37814e-17
5413.22768 1.53443e-17
5414.68987 1.37013e-17
5416.16208 1.42428e-17
5417.63428 1.62316e-17
5419.10649 1.62265e-17
5420.57869 1.49894e-17
5422.04088 1.42103e-17
5423.51309 1.46247e-17
5424.98529 1.51375e-17
5426.45750 1.33697e-17
5427.91968 1.43397e-17
5429.39189 1.55382e-17
5430.86409 1.38982e-17
5432.33630 1.48802e-17
5433.79849 1.74555e-17
5435.27070 1.60971e-17
5436.74290 1.38051e-17
5438.21511 1.28747e-17
5439.68731 1.27603e-17
5441.14950 1.43590e-17
5442.62171 1.44425e-17
5444.09391 1.33445e-17
5445.56612 1.38158e-17
5447.02830 1.26809e-17
5448.50051 1.20272e-17
5449.97272 1.37540e-17
5451.44492 1.54159e-17
5452.91712 1.41734e-17
5454.37932 1.49998e-17
5455.85152 1.60577e-17
5457.32373 1.44261e-17
5458.79593 1.60322e-17
5460.25812 1.65661e-17
5461.73033 1.39162e-17
5463.20253 1.21448e-17
5464.67474 1.36199e-17
5466.14694 1.61729e-17
5467.60913 1.53541e-17
5469.08134 1.40905e-17
5470.55354 1.58964e-17
5472.02574 1.61405e-17
5473.48794 1.52511e-17
5474.96014 1.57240e-17
5476.43235 1.70611e-17
5477.90455 1.81516e-17
5479.36674 1.72198e-17
5480.83895 1.73524e-17
5482.31115 1.60049e-17
5483.78335 1.36913e-17
5485.25556 1.46050e-17
5486.71775 1.63801e-17
5488.18996 1.75305e-17
5489.66216 1.66874e-17
5491.13436 1.43994e-17
5492.59656 1.24835e-17
5494.06876 1.47163e-17
5495.54097 1.60522e-17
5497.01317 1.45402e-17
5498.48538 1.41299e-17
5499.94757 1.37749e-17
5501.41977 1.32433e-17
5502.89197 1.34803e-17
5504.36418 1.47965e-17
5505.82637 1.48455e-17
5507.29858 1.35955e-17
5508.77078 1.44229e-17
5510.24298 1.57803e-17
5511.71519 1.48075e-17
5513.17738 1.47053e-17
5514.64959 1.54641e-17
5516.12179 1.40202e-17
5517.59400 1.17398e-17
5519.05619 1.12436e-17
5520.52839 1.12494e-17
5522.00059 1.22806e-17
5523.47280 1.46512e-17
5524.93499 1.43603e-17
5526.40720 1.33017e-17
5527.87940 1.28896e-17
5529.35160 1.34666e-17
5530.82381 1.39142e-17
5532.28600 1.27278e-17
5533.75821 1.14842e-17
5535.23041 9.91709e-18
5536.70262 9.44843e-18
5538.16481 9.59454e-18
5539.63701 1.05917e-17
5541.10922 1.21327e-17
5542.58142 1.08850e-17
5544.05363 1.04964e-17
5545.51582 1.16360e-17
5546.98802 1.10137e-17
5548.46022 1.10299e-17
5549.93243 1.19127e-17
5551.39462 1.08854e-17
5552.86683 8.11519e-18
5554.33903 7.86582e-18
5555.81124 9.51851e-18
5557.28344 9.15270e-18
5558.74563 8.39994e-18
5560.21784 8.70211e-18
5561.69004 8.75139e-18
5563.16225 8.56297e-18
5564.62444 9.06658e-18
5566.09664 9.24948e-18
5567.56884 8.70666e-18
5569.04105 8.72902e-18
5570.50324 8.30193e-18
5571.97545 7.77421e-18
5573.44765 6.06961e-18
5574.91986 5.43334e-18
5576.39206 9.03073e-18
5577.85425 9.21986e-18
5579.32646 7.80275e-18
5580.79866 8.32068e-18
5582.27087 8.10684e-18
5583.73306 9.27948e-18
5585.20526 9.20569e-18
5586.67747 7.08944e-18
5588.14967 7.50424e-18
5589.62188 7.80129e-18
5591.08407 6.62446e-18
5592.55627 6.56261e-18
5594.02848 7.22056e-18
5595.50068 7.53436e-18
5596.96287 7.76258e-18
5598.43508 6.95150e-18
5599.90728 5.02584e-18
5601.37949 4.76749e-18
5602.84168 5.34019e-18
5604.31388 4.42508e-18
5605.78609 5.26005e-18
5607.25829 6.96795e-18
5608.73049 6.87531e-18
5610.19268 6.92571e-18
5611.66489 6.14329e-18
5613.13710 6.51716e-18
5614.60930 6.84926e-18
5616.07149 7.24412e-18
5617.54370 6.09288e-18
5619.01590 5.46380e-18
5620.48811 5.75479e-18
5621.96031 5.56901e-18
5623.42250 6.01109e-18
5624.89471 4.78097e-18
5626.36691 3.38649e-18
5627.83911 3.76117e-18
5629.30130 5.07844e-18
5630.77351 4.62624e-18
5632.24572 3.72631e-18
5633.71792 5.28581e-18
5635.19013 5.50318e-18
5636.65232 3.64215e-18
5638.12452 2.99914e-18
5639.59673 4.92092e-18
5641.06893 4.75538e-18
5642.53112 3.14378e-18
5644.00333 3.41786e-18
5645.47553 4.10760e-18
5646.94773 3.58342e-18
5648.41994 4.84490e-18
5649.88213 5.25455e-18
5651.35434 4.27652e-18
5652.82654 3.71682e-18
5654.29875 4.82595e-18
5655.76094 4.23172e-18
5657.23314 2.91011e-18
5658.70535 3.27190e-18
5660.17755 4.47896e-18
5661.63974 5.68966e-18
5663.11195 4.89372e-18
5664.58415 3.01545e-18
5666.05635 3.70683e-18
5667.52856 3.34713e-18
5668.99075 4.21934e-18
5670.46296 4.42715e-18
5671.93516 4.91331e-18
5673.40737 4.31816e-18
5674.86956 2.60957e-18
5676.34176 3.63133e-18
5677.81397 3.11336e-18
5679.28617 2.49310e-18
5680.75838 4.26855e-18
5682.22057 5.17928e-18
5683.69277 5.67730e-18
5685.16497 3.84819e-18
5686.63718 4.13998e-18
5688.09937 3.38679e-18
5689.57158 4.99072e-18
5691.04378 4.29461e-18
5692.51599 1.74974e-18
5693.97818 3.66936e-18
5695.45038 3.22836e-18
5696.92259 3.17213e-18
5698.39479 2.98579e-18
5699.86700 4.75902e-18
5701.32919 5.72795e-18
5702.80139 4.04990e-18
5704.27359 3.94783e-18
5705.74580 3.82371e-18
5707.20799 3.99045e-18
5708.68020 2.94337e-18
5710.15240 4.63744e-18
5711.62460 5.05604e-18
5713.09681 4.73201e-18
5714.55900 6.04677e-18
5716.03121 5.91156e-18
5717.50341 3.82237e-18
5718.97562 4.24250e-18
5720.43781 3.98470e-18
5721.91001 4.97836e-18
5723.38222 3.64811e-18
5724.85442 3.98312e-18
5726.31661 4.23804e-18
5727.78882 4.12365e-18
5729.26102 3.82187e-18
5730.73322 5.00989e-18
5732.20543 5.61005e-18
5733.66762 5.01409e-18
5735.13983 5.85769e-18
5736.61203 4.85668e-18
5738.08424 3.70301e-18
5739.54643 4.67090e-18
5741.01863 4.71833e-18
5742.49084 5.14908e-18
5743.96304 6.05195e-18
5745.43525 6.48989e-18
5746.89743 6.56649e-18
5748.36964 5.91369e-18
5749.84184 6.15501e-18
5751.31405 7.81125e-18
5752.77624 6.74600e-18
5754.24845 6.15271e-18
5755.72065 6.47803e-18
5757.19286 6.53454e-18
5758.66506 6.06513e-18
5760.12725 7.56667e-18
5761.59946 6.11950e-18
5763.07166 5.32887e-18
5764.54387 6.78569e-18
5766.00605 6.67201e-18
5767.47826 7.09076e-18
5768.95047 7.63853e-18
5770.42267 7.07319e-18
5771.89487 7.70511e-18
5773.35707 7.85189e-18
5774.82927 9.25386e-18
5776.30148 9.91932e-18
5777.77368 8.50256e-18
5779.23587 5.82593e-18
5780.70808 7.38142e-18
5782.18028 9.21824e-18
5783.65249 9.31985e-18
5785.11467 7.23041e-18
5786.58688 7.43392e-18
5788.05909 8.52428e-18
5789.53129 1.06955e-17
5791.00349 1.10479e-17
5792.46569 9.08791e-18
5793.93789 8.29084e-18
5795.41010 7.84829e-18
5796.88230 8.82699e-18
5798.34449 8.59237e-18
5799.81670 8.36293e-18
5801.28890 8.69519e-18
5802.76110 9.57884e-18
5804.23331 9.73190e-18
5805.69550 9.80760e-18
5807.16771 1.03947e-17
5808.63991 1.11662e-17
5810.11211 9.56671e-18
5811.57431 7.26474e-18
5813.04651 8.96755e-18
5814.51872 9.60850e-18
5815.99092 9.78274e-18
5817.45311 1.13780e-17
5818.92532 1.26743e-17
5820.39752 1.31279e-17
5821.86972 1.30801e-17
5823.34193 1.11929e-17
5824.80412 1.18336e-17
5826.27633 1.23582e-17
5827.74853 1.25755e-17
5829.22073 1.32812e-17
5830.68293 1.06463e-17
5832.15513 1.10956e-17
5833.62734 1.18255e-17
5835.09954 1.05274e-17
5836.57175 1.09779e-17
5838.03394 1.24734e-17
5839.50614 1.18301e-17
5840.97834 1.23029e-17
5842.45055 1.28215e-17
5843.91274 1.20081e-17
5845.38495 1.20438e-17
5846.85715 1.20201e-17
5848.32935 1.19901e-17
5849.79155 1.14703e-17
5851.26375 1.23636e-17
5852.73596 1.28619e-17
5854.20816 1.27741e-17
5855.68037 1.27152e-17
5857.14256 1.36269e-17
5858.61476 1.19280e-17
5860.08697 1.25239e-17
5861.55917 1.39050e-17
5863.02136 1.01371e-17
5864.49357 1.13780e-17
5865.96577 1.29912e-17
5867.43797 1.27030e-17
5868.91018 1.28760e-17
5870.37237 1.23794e-17
5871.84458 1.26101e-17
5873.31678 1.13318e-17
5874.78899 1.33448e-17
5876.25118 1.40934e-17
5877.72338 1.21649e-17
5879.19559 1.37328e-17
5880.66779 1.46311e-17
5882.14000 1.19070e-17
5883.60219 1.29641e-17
5885.07439 1.53733e-17
5886.54659 1.31350e-17
5888.01880 1.22680e-17
5889.48099 1.40448e-17
5890.95320 1.44422e-17
5892.42540 1.38572e-17
5893.89761 1.09500e-17
5895.36981 6.04850e-18
5896.83200 6.73351e-18
5898.30421 8.63146e-18
5899.77641 9.51733e-18
5901.24862 7.65074e-18
5902.71081 9.20877e-18
5904.18301 1.03157e-17
5905.65522 1.19588e-17
5907.12742 1.26999e-17
5908.58961 1.21798e-17
5910.06182 1.26904e-17
5911.53402 1.17723e-17
5913.00623 1.35125e-17
5914.47843 1.18725e-17
5915.94062 1.17492e-17
5917.41283 1.31041e-17
5918.88503 1.23310e-17
5920.35724 1.30545e-17
5921.81943 1.32372e-17
5923.29163 1.38619e-17
5924.76384 1.16351e-17
5926.23604 1.25400e-17
5927.70825 1.41271e-17
5929.17043 1.32293e-17
5930.64264 1.24923e-17
5932.11485 1.23296e-17
5933.58705 1.29557e-17
5935.04924 1.30729e-17
5936.52145 1.41579e-17
5937.99365 1.26299e-17
5939.46586 1.23009e-17
5940.92804 1.47752e-17
5942.40025 1.56551e-17
5943.87246 1.47392e-17
5945.34466 1.38775e-17
5946.81686 1.30237e-17
5948.27905 1.36392e-17
5949.75126 1.15132e-17
5951.22347 1.24869e-17
5952.69567 1.40223e-17
5954.15786 1.25879e-17
5955.63007 1.31465e-17
5957.10227 1.32847e-17
5958.57448 1.27042e-17
5960.04668 1.11986e-17
5961.50887 1.29218e-17
5962.98108 1.31314e-17
5964.45328 1.31206e-17
5965.92548 1.37539e-17
5967.38767 1.24100e-17
5968.85988 1.26149e-17
5970.33209 1.12140e-17
5971.80429 1.13147e-17
5973.27650 1.24782e-17
5974.73869 1.20614e-17
5976.21089 1.40175e-17
5977.68310 1.22857e-17
5979.15530 1.26526e-17
5980.61749 1.37930e-17
5982.08970 1.24621e-17
5983.56190 1.09096e-17
5985.03410 1.18677e-17
5986.50631 1.38002e-17
5987.96850 1.39308e-17
5989.44071 1.34684e-17
5990.91291 1.36033e-17
5992.38512 1.29853e-17
5993.84731 1.14625e-17
5995.31951 1.25876e-17
5996.79172 1.23391e-17
5998.26392 1.27158e-17
5999.72611 1.13998e-17
6001.19832 1.09138e-17
6002.67052 1.10197e-17
6004.14272 1.19741e-17
6005.61493 9.93839e-18
6007.07712 9.20300e-18
6008.54933 1.18369e-17
6010.02153 1.30866e-17
6011.49374 1.19316e-17
6012.95593 1.11750e-17
6014.42813 1.07859e-17
6015.90034 1.21597e-17
6017.37254 1.18947e-17
6018.84475 1.12834e-17
6020.30694 1.19657e-17
6021.77914 1.20028e-17
6023.25134 1.06239e-17
6024.72355 9.72632e-18
6026.18574 9.68349e-18
6027.65795 1.01057e-17
6029.13015 1.18196e-17
6030.60235 1.12884e-17
6032.07456 9.67625e-18
6033.53675 9.79833e-18
6035.00896 1.02122e-17
6036.48116 1.05814e-17
6037.95337 1.05668e-17
6039.41556 1.14598e-17
6040.88776 1.10007e-17
6042.35997 9.02921e-18
6043.83217 9.04955e-18
6045.29436 7.97610e-18
6046.76657 9.05044e-18
6048.23877 1.11507e-17
6049.71097 9.81797e-18
6051.18318 1.04379e-17
6052.64537 1.11659e-17
6054.11758 1.10007e-17
6055.58978 1.09040e-17
6057.06199 1.00639e-17
6058.52418 9.91231e-18
6059.99638 1.10489e-17
6061.46859 1.23840e-17
6062.94079 1.18993e-17
6064.41300 1.04505e-17
6065.87518 8.80367e-18
6067.34739 9.41084e-18
6068.81959 1.00063e-17
6070.29180 9.74438e-18
6071.75399 9.97593e-18
6073.22620 9.55831e-18
6074.69840 8.61958e-18
6076.17061 9.02864e-18
6077.63280 1.07307e-17
6079.10500 1.02087e-17
6080.57721 9.05774e-18
6082.04941 9.10118e-18
6083.52162 9.67026e-18
6084.98380 1.15462e-17
6086.45601 1.11928e-17
6087.92822 1.10426e-17
6089.40042 1.01213e-17
6090.86261 9.82271e-18
6092.33482 9.82698e-18
6093.80702 1.03824e-17
6095.27923 1.16961e-17
6096.75143 9.53245e-18
6098.21362 9.20235e-18
6099.68583 9.75044e-18
6101.15803 9.60389e-18
6102.63024 9.27080e-18
6104.09242 7.42736e-18
6105.56463 7.96192e-18
6107.03684 9.74599e-18
6108.50904 9.53159e-18
6109.98124 8.69457e-18
6111.44344 1.01686e-17
6112.91564 8.83973e-18
6114.38785 8.63943e-18
6115.86005 7.94723e-18
6117.32224 8.98777e-18
6118.79445 9.74582e-18
6120.26665 9.75081e-18
6121.73885 9.89558e-18
6123.21106 9.56212e-18
6124.67325 8.35983e-18
6126.14546 9.61914e-18
6127.61766 8.61968e-18
6129.08986 7.24971e-18
6130.55206 8.18811e-18
6132.02426 9.11574e-18
6133.49647 8.22992e-18
6134.96867 7.66209e-18
6136.43086 1.11361e-17
6137.90307 1.05834e-17
6139.37527 9.12054e-18
6140.84747 9.81524e-18
6142.31968 1.03189e-17
6143.78187 9.95378e-18
6145.25408 9.86899e-18
6146.72628 1.02120e-17
6148.19848 8.35399e-18
6149.66068 9.81527e-18
6151.13288 9.59965e-18
6152.60509 9.34243e-18
6154.07729 8.57830e-18
6155.54950 1.04029e-17
6157.01169 1.08204e-17
6158.48389 8.27340e-18
6159.95609 9.77376e-18
6161.42830 9.92309e-18
6162.89049 9.87198e-18
6164.36270 9.33051e-18
6165.83490 8.49678e-18
6167.30710 1.02048e-17
6168.76930 1.16814e-17
6170.24150 1.07649e-17
6171.71371 9.74125e-18
6173.18591 9.56787e-18
6174.65812 9.28325e-18
6176.12031 1.03418e-17
6177.59251 1.02541e-17
6179.06472 1.00451e-17
6180.53692 1.10873e-17
6181.99911 1.12459e-17
6183.47132 1.04042e-17
6184.94352 9.99659e-18
6186.41572 1.19596e-17
6187.88793 1.20004e-17
6189.35012 1.11315e-17
6190.82233 1.21575e-17
6192.29453 1.12437e-17
6193.76674 1.02490e-17
6195.22893 1.06225e-17
6196.70113 1.33050e-17
6198.17334 1.25409e-17
6199.64554 1.13378e-17
6201.10773 1.25533e-17
6202.57994 1.27618e-17
6204.05214 1.14319e-17
6205.52434 1.10332e-17
6206.99655 1.19699e-17
6208.45874 1.30442e-17
6209.93095 1.30814e-17
6211.40315 1.23979e-17
6212.87536 1.24880e-17
6214.33755 1.21642e-17
6215.80975 1.13418e-17
6217.28196 1.13461e-17
6218.75416 1.25654e-17
6220.22637 1.42692e-17
6221.68856 1.37285e-17
6223.16076 1.33993e-17
6224.63297 1.35665e-17
6226.10517 1.34089e-17
6227.56736 1.26849e-17
6229.03957 1.24448e-17
6230.51177 1.19526e-17
6231.98398 1.13241e-17
6233.45618 1.28491e-17
6234.91837 1.36278e-17
6236.39058 1.16787e-17
6237.86278 1.02322e-17
6239.33499 1.20624e-17
6240.79718 1.32876e-17
6242.26938 1.21106e-17
6243.74159 1.28561e-17
6245.21379 1.31624e-17
6246.68600 1.16287e-17
6248.14819 1.18622e-17
6249.62039 1.27723e-17
6251.09260 1.31672e-17
6252.56480 1.20019e-17
6254.02699 1.18086e-17
6255.49920 1.34446e-17
6256.97140 1.29963e-17
6258.44361 1.28378e-17
6259.90579 1.33775e-17
6261.37800 1.28020e-17
6262.85021 1.24199e-17
6264.32241 1.19048e-17
6265.79461 1.15420e-17
6267.25680 1.20885e-17
6268.72901 1.34175e-17
6270.20122 1.39302e-17
6271.67342 1.34298e-17
6273.13561 1.48071e-17
6274.60782 1.48827e-17
6276.08002 1.25538e-17
6277.55223 1.28743e-17
6279.02443 1.43316e-17
6280.48662 1.26400e-17
6281.95883 1.13223e-17
6283.43103 1.24532e-17
6284.90323 1.26157e-17
6286.36542 1.24752e-17
6287.83763 1.25106e-17
6289.30984 1.22196e-17
6290.78204 1.18231e-17
6292.24423 1.03975e-17
6293.71644 1.19017e-17
6295.18864 1.27545e-17
6296.66085 1.22157e-17
6298.13305 1.18186e-17
6299.59524 1.18832e-17
6301.06745 1.16594e-17
6302.53965 1.27500e-17
6304.01185 1.35908e-17
6305.47404 1.11400e-17
6306.94625 1.01940e-17
6308.41846 1.18291e-17
6309.89066 1.17364e-17
6311.36287 1.18702e-17
6312.82506 1.29937e-17
6314.29726 1.23576e-17
6315.76947 1.11131e-17
6317.24167 1.09618e-17
6318.70386 1.06972e-17
6320.17607 9.98295e-18
6321.64827 1.08540e-17
6323.12047 1.17465e-17
6324.58266 1.23474e-17
6326.05487 1.22287e-17
6327.52708 1.09448e-17
6328.99928 1.12308e-17
6330.47149 1.24003e-17
6331.93368 1.20190e-17
6333.40588 1.09541e-17
6334.87809 1.11973e-17
6336.35029 1.21021e-17
6337.81248 1.14671e-17
6339.28469 1.12620e-17
6340.75689 9.96797e-18
6342.22909 8.65085e-18
6343.70130 1.04810e-17
6345.16349 1.13408e-17
6346.63570 1.14449e-17
6348.10790 1.04121e-17
6349.58011 9.11918e-18
6351.04230 1.06072e-17
6352.51450 1.22171e-17
6353.98671 1.15653e-17
6355.45891 9.95383e-18
6356.93112 9.56952e-18
6358.39331 1.11728e-17
6359.86551 1.19204e-17
6361.33772 1.13702e-17
6362.80992 1.15477e-17
6364.27211 1.14947e-17
6365.74432 1.10237e-17
6367.21652 1.16921e-17
6368.68872 1.23998e-17
6370.16093 1.09635e-17
6371.62312 1.03058e-17
6373.09533 1.07248e-17
6374.56753 1.19409e-17
6376.03974 1.22525e-17
6377.50193 1.08406e-17
6378.97413 1.08970e-17
6380.44634 1.14674e-17
6381.91854 9.82508e-18
6383.38073 9.60383e-18
6384.85293 1.00609e-17
6386.32514 8.41448e-18
6387.79734 9.56696e-18
6389.26955 1.23348e-17
6390.73174 1.26848e-17
6392.20395 1.13118e-17
6393.67615 1.10199e-17
6395.14836 1.08218e-17
6396.61055 9.90750e-18
6398.08275 1.01924e-17
6399.55496 1.09250e-17
6401.02716 9.43841e-18
6402.49937 9.69026e-18
6403.96155 1.10311e-17
6405.43376 1.07993e-17
6406.90597 9.60911e-18
6408.37817 9.18751e-18
6409.84036 1.02261e-17
6411.31257 1.02234e-17
6412.78477 9.50086e-18
6414.25698 9.60772e-18
6415.71917 9.93596e-18
6417.19137 1.03073e-17
6418.66358 1.07576e-17
6420.13578 1.03079e-17
6421.60799 8.93796e-18
6423.07017 8.99197e-18
6424.54238 1.10530e-17
6426.01459 1.11092e-17
6427.48679 1.02067e-17
6428.94898 9.91258e-18
6430.42119 9.46590e-18
6431.89339 9.37164e-18
6433.36560 9.77135e-18
6434.83780 1.05320e-17
6436.29999 9.99045e-18
6437.77220 8.78051e-18
6439.24440 8.79932e-18
6440.71661 9.86887e-18
6442.17879 1.03737e-17
6443.65100 1.06603e-17
6445.12321 1.05710e-17
6446.59541 1.10033e-17
6448.06761 1.17823e-17
6449.52981 1.04877e-17
6451.00201 9.14177e-18
6452.47422 8.86106e-18
6453.94642 1.00902e-17
6455.40861 1.11155e-17
6456.88082 1.11380e-17
6458.35302 1.02486e-17
6459.82522 1.05950e-17
6461.28741 1.18309e-17
6462.75962 9.84306e-18
6464.23183 9.69162e-18
6465.70403 9.90418e-18
6467.17623 9.77851e-18
6468.63843 1.05466e-17
6470.11063 1.00310e-17
6471.58284 9.23899e-18
6473.05504 9.78447e-18
6474.51723 9.70719e-18
6475.98944 1.01951e-17
6477.46164 8.96385e-18
6478.93384 8.36728e-18
6480.40605 1.07622e-17
6481.86824 1.12643e-17
6483.34045 1.01427e-17
6484.81265 1.05677e-17
6486.28485 1.09445e-17
6487.74705 9.91135e-18
6489.21925 9.95550e-18
6490.69146 1.03366e-17
6492.16366 1.02807e-17
6493.63587 1.03206e-17
6495.09806 9.81962e-18
6496.57026 9.25196e-18
6498.04247 9.60640e-18
6499.51467 1.09119e-17
6500.97686 1.07642e-17
6502.44907 1.07622e-17
6503.92127 1.03514e-17
6505.39347 1.04408e-17
6506.85567 8.72899e-18
6508.32787 8.46700e-18
6509.80008 9.88730e-18
6511.27228 8.84861e-18
6512.74449 9.84396e-18
6514.20668 9.44062e-18
6515.67888 9.03793e-18
6517.15109 9.33100e-18
6518.62329 9.85327e-18
6520.08548 9.90199e-18
6521.55769 9.23874e-18
6523.02989 8.91137e-18
6524.50209 9.75859e-18
6525.97430 8.58600e-18
6527.43649 8.34207e-18
6528.90870 1.02241e-17
6530.38090 9.17474e-18
6531.85311 9.76750e-18
6533.31530 9.68578e-18
6534.78750 1.06395e-17
6536.25971 1.08580e-17
6537.73191 9.11142e-18
6539.20412 8.35910e-18
6540.66631 8.81829e-18
6542.13851 9.33069e-18
6543.61072 9.31110e-18
6545.08292 9.29153e-18
6546.54511 9.27195e-18
6548.01732 9.25237e-18
6549.48952 9.23279e-18
6550.96173 9.21322e-18
6552.42392 9.19364e-18
6553.89612 9.17407e-18
6555.36833 9.15449e-18
6556.84053 9.13492e-18
6558.31274 9.11535e-18
6559.77493 9.09578e-18
6561.24713 9.07621e-18
6562.71934 9.05664e-18
6564.19154 9.03706e-18
6565.65373 9.01750e-18
6567.12594 8.99793e-18
6568.59814 8.97837e-18
6570.07035 8.95880e-18
6571.54255 8.93924e-18
6573.00474 8.91967e-18
6574.47695 8.90011e-18
6575.94915 8.88054e-18
6577.42136 8.86098e-18
6578.88354 8.84142e-18
6580.35575 8.82186e-18
6581.82796 8.80231e-18
6583.30016 8.78274e-18
6584.76235 8.76319e-18
6586.23456 8.74364e-18
6587.70676 8.72407e-18
6589.17897 8.70452e-18
6590.65117 8.68497e-18
6592.11336 8.66541e-18
6593.58557 8.64586e-18
6595.05777 8.62631e-18
6596.52998 8.60676e-18
6597.99216 8.58721e-18
6599.46437 8.56766e-18
6600.93658 8.54811e-18
6602.40878 8.52857e-18
6603.88098 8.50901e-18
6605.34317 6.76464e-18
6606.81538 8.00819e-18
6608.28759 9.02008e-18
6609.75979 9.29627e-18
6611.22198 8.03969e-18
6612.69419 6.68347e-18
6614.16639 7.90997e-18
6615.63860 7.89284e-18
6617.11080 8.36565e-18
6618.57299 9.00737e-18
6620.04520 8.78054e-18
6621.51740 8.10155e-18
6622.98960 8.08604e-18
6624.45179 9.05337e-18
6625.92400 8.93463e-18
6627.39621 7.85789e-18
6628.86841 8.50186e-18
6630.34062 9.16153e-18
6631.80281 6.80050e-18
6633.27501 7.23536e-18
6634.74722 9.17834e-18
6636.21942 8.80055e-18
6637.68161 7.53143e-18
6639.15382 7.41620e-18
6640.62602 8.35591e-18
6642.09822 8.10329e-18
6643.56041 8.39593e-18
6645.03262 8.59400e-18
6646.50483 7.88254e-18
6647.97703 7.48070e-18
6649.44924 8.05658e-18
6650.91143 6.56290e-18
6652.38363 6.35618e-18
6653.85584 7.42470e-18
6655.32804 7.97379e-18
6656.79023 7.86845e-18
6658.26244 6.30939e-18
6659.73464 6.42223e-18
6661.20684 7.70295e-18
6662.67905 5.30284e-18
6664.14124 5.12884e-18
6665.61345 7.41504e-18
6667.08565 6.79379e-18
6668.55786 7.04535e-18
6670.02005 7.20648e-18
6671.49225 6.17112e-18
6672.96446 8.45100e-18
6674.43666 8.91363e-18
6675.89885 8.84459e-18
6677.37106 7.83756e-18
6678.84326 7.09657e-18
6680.31547 6.55419e-18
6681.78767 7.09517e-18
6683.24986 8.17401e-18
6684.72207 6.73310e-18
6686.19427 6.55784e-18
6687.66647 8.44287e-18
6689.12867 7.44231e-18
6690.60087 5.88338e-18
6692.07308 5.99878e-18
6693.54528 6.66504e-18
6695.01749 6.57578e-18
6696.47968 6.39238e-18
6697.95188 6.91802e-18
6699.42409 7.18818e-18
6700.89629 7.24193e-18
6702.35848 7.10913e-18
6703.83068 5.71007e-18
6705.30289 5.59502e-18
6706.77509 6.90646e-18
6708.23729 6.48274e-18
6709.70949 6.29974e-18
6711.18170 5.91218e-18
6712.65390 6.90419e-18
6714.12611 5.65224e-18
6715.58830 5.80687e-18
6717.06050 6.04668e-18
6718.53271 4.61781e-18
6720.00491 5.13108e-18
6721.47712 6.00210e-18
6722.93930 7.94014e-18
6724.41151 5.53393e-18
6725.88372 6.35794e-18
6727.35592 6.59422e-18
6728.81811 7.11548e-18
6730.29032 5.29887e-18
6731.76252 4.88667e-18
6733.23473 6.29890e-18
6734.69692 5.27827e-18
6736.16912 4.75693e-18
6737.64133 5.24709e-18
6739.11353 5.85854e-18
6740.58574 6.24290e-18
6742.04792 6.78746e-18
6743.52013 7.13218e-18
6744.99234 7.17461e-18
6746.46454 6.90956e-18
6747.92673 6.01914e-18
6749.39894 6.57016e-18
6750.87114 7.12973e-18
6752.34335 5.26666e-18
6753.81555 5.95828e-18
6755.27774 5.94244e-18
6756.74995 5.03715e-18
6758.22215 6.13882e-18
6759.69436 4.43278e-18
6761.15654 4.44491e-18
6762.62875 5.29462e-18
6764.10096 5.30639e-18
6765.57316 6.29878e-18
6767.03535 4.85384e-18
6768.50756 4.49062e-18
6769.97976 5.82683e-18
6771.45197 6.18923e-18
6772.92417 7.05374e-18
6774.38636 6.37616e-18
6775.85857 5.34877e-18
6777.33077 5.28525e-18
6778.80297 4.66609e-18
6780.26516 5.65310e-18
6781.73737 6.15772e-18
6783.20958 4.85452e-18
6784.68178 4.03173e-18
6786.15398 6.57307e-18
6787.61618 5.41889e-18
6789.08838 4.28772e-18
6790.56059 4.02364e-18
6792.03279 4.88158e-18
6793.49498 5.18541e-18
6794.96719 5.24618e-18
6796.43939 4.33545e-18
6797.91159 4.44723e-18
6799.37378 4.83178e-18
6800.84599 5.13264e-18
6802.31820 5.60844e-18
6803.79040 5.74511e-18
6805.26260 5.08840e-18
6806.72480 4.68914e-18
6808.19700 4.85246e-18
6809.66921 4.03053e-18
6811.14141 5.50816e-18
6812.60360 5.64328e-18
6814.07581 3.90000e-18
6815.54801 4.08701e-18
6817.02022 4.02343e-18
6818.49242 4.36635e-18
6819.95461 5.01732e-18
6821.42682 4.80537e-18
6822.89902 4.16409e-18
6824.37122 4.57719e-18
6825.83342 5.35021e-18
6827.30562 5.19026e-18
6828.77783 5.11113e-18
6830.25003 4.89036e-18
6831.72224 4.92093e-18
6833.18443 4.71289e-18
6834.65663 4.46435e-18
6836.12884 4.47428e-18
6837.60104 5.01553e-18
6839.06323 4.86252e-18
6840.53544 3.52780e-18
6842.00764 3.66284e-18
6843.47984 3.95436e-18
6844.95205 5.02655e-18
6846.41424 5.33822e-18
6847.88645 4.16928e-18
6849.35865 3.44771e-18
6850.83086 2.82850e-18
6852.29305 3.69238e-18
6853.76525 3.89821e-18
6855.23746 4.96042e-18
6856.70966 5.40379e-18
6858.17185 3.03926e-18
6859.64406 3.95668e-18
6861.11626 5.42926e-18
6862.58847 4.24355e-18
6864.06067 5.10788e-18
6865.52286 5.22506e-18
6866.99507 4.70138e-18
6868.46727 3.91600e-18
6869.93948 4.53219e-18
6871.40167 4.72170e-18
6872.87387 3.49090e-18
6874.34608 3.91456e-18
6875.81828 4.54709e-18
6877.29049 4.10022e-18
6878.75268 4.39991e-18
6880.22488 4.82100e-18
6881.69709 5.01363e-18
6883.16929 4.05545e-18
6884.63148 3.87205e-18
6886.10369 4.71765e-18
6887.57589 4.70643e-18
6889.04810 3.92025e-18
6890.51029 4.65334e-18
6891.98249 4.21427e-18
6893.45470 4.71894e-18
6894.92690 4.46185e-18
6896.39911 3.80347e-18
6897.86129 2.72048e-18
6899.33350 4.33204e-18
6900.80571 4.76061e-18
6902.27791 2.48033e-18
6903.74010 4.59521e-18
6905.21231 4.51117e-18
6906.68451 5.02050e-18
6908.15672 5.20103e-18
6909.62892 4.36436e-18
6911.09111 4.75114e-18
6912.56332 3.84025e-18
6914.03552 5.56773e-18
6915.50773 5.18822e-18
6916.96991 3.92098e-18
6918.44212 4.61406e-18
6919.91433 4.52632e-18
6921.38653 4.54125e-18
6922.84872 6.09494e-18
6924.32092 6.36024e-18
6925.79313 5.93813e-18
6927.26534 5.41860e-18
6928.73754 5.40623e-18
6930.19973 5.15566e-18
6931.67194 4.99702e-18
6933.14414 4.83839e-18
6934.61635 4.67977e-18
6936.07853 4.52115e-18
6937.55074 4.36254e-18
6939.02295 4.36245e-18
6940.49515 5.46970e-18
6941.96735 4.42463e-18
6943.42954 5.31701e-18
6944.90175 5.97507e-18
6946.37396 5.92410e-18
6947.84616 3.93635e-18
6949.30835 3.46492e-18
6950.78056 5.14498e-18
6952.25276 5.02570e-18
6953.72497 6.31077e-18
6955.19717 5.86345e-18
6956.65936 5.67482e-18
6958.13157 6.03109e-18
6959.60377 5.24467e-18
6961.07597 5.00662e-18
6962.53816 5.45487e-18
6964.01037 7.06569e-18
6965.48258 7.37831e-18
6966.95478 5.67058e-18
6968.42699 6.08827e-18
6969.88918 5.20503e-18
6971.36138 6.40847e-18
6972.83359 6.23527e-18
6974.30579 5.52327e-18
6975.76798 5.71066e-18
6977.24019 4.89468e-18
6978.71239 4.94191e-18
6980.18459 6.11300e-18
6981.64678 5.46224e-18
6983.11899 5.54307e-18
6984.59120 5.69972e-18
6986.06340 4.41078e-18
6987.53561 5.15743e-18
6988.99780 5.69263e-18
6990.47000 5.09077e-18
6991.94221 4.19976e-18
6993.41441 5.49466e-18
6994.87660 6.42792e-18
6996.34881 4.34595e-18
6997.82101 4.41715e-18
6999.29322 5.04198e-18
7000.76542 5.95494e-18
7002.22761 4.92291e-18
7003.69982 5.10586e-18
7005.17202 4.64054e-18
7006.64423 4.59391e-18
7008.10642 5.11841e-18
7009.57862 5.19531e-18
7011.05083 5.64604e-18
7012.52303 6.10495e-18
7013.98522 6.03653e-18
7015.45743 6.37719e-18
7016.92963 5.99267e-18
7018.40184 5.97721e-18
7019.87404 5.13743e-18
7021.33623 5.12547e-18
7022.80843 4.77354e-18
7024.28064 5.25474e-18
7025.75284 6.20157e-18
7027.21504 5.39024e-18
7028.68724 5.57256e-18
7030.15945 5.94798e-18
7031.63165 5.62276e-18
7033.10386 4.84736e-18
7034.56605 4.76656e-18
7036.03825 4.82546e-18
7037.51046 5.46572e-18
7038.98266 6.10561e-18
7040.44485 4.57402e-18
7041.91705 4.13814e-18
7043.38926 4.73438e-18
7044.86147 5.28269e-18
7046.33367 5.99872e-18
7047.79586 6.62223e-18
7049.26807 5.35190e-18
7050.74027 4.94566e-18
7052.21248 5.86480e-18
7053.67467 5.82738e-18
7055.14687 5.51015e-18
7056.61908 4.92679e-18
7058.09128 4.87573e-18
7059.55347 4.70954e-18
7061.02567 5.11621e-18
7062.49788 5.27476e-18
7063.97009 4.93816e-18
7065.44229 5.14226e-18
7066.90448 5.72785e-18
7068.37669 5.98543e-18
7069.84889 5.87320e-18
7071.32110 6.18894e-18
7072.78329 6.09951e-18
7074.25549 6.31361e-18
7075.72770 6.53050e-18
7077.19990 6.23423e-18
7078.67211 6.21422e-18
7080.13429 5.66182e-18
7081.60650 4.73898e-18
7083.07871 4.84580e-18
7084.55091 5.19995e-18
7086.01310 5.28931e-18
7087.48531 5.37652e-18
7088.95751 5.19361e-18
7090.42972 4.84509e-18
7091.90192 4.99041e-18
7093.36411 5.76789e-18
7094.83632 7.05996e-18
7096.30852 6.89082e-18
7097.78072 6.74471e-18
7099.24291 6.99231e-18
7100.71512 6.33096e-18
7102.18733 5.38749e-18
7103.65953 5.86473e-18
7105.12172 7.07941e-18
7106.59393 6.76330e-18
7108.06613 4.52790e-18
7109.53834 4.37912e-18
7111.01054 6.14596e-18
7112.47273 6.40458e-18
7113.94494 5.32540e-18
7115.41714 5.10381e-18
7116.88934 6.01510e-18
7118.35153 6.34799e-18
7119.82374 6.26036e-18
7121.29595 5.79280e-18
7122.76815 5.11515e-18
7124.24035 6.16594e-18
7125.70255 6.26885e-18
7127.17475 6.97172e-18
7128.64696 7.10800e-18
7130.11916 5.93562e-18
7131.58135 6.52104e-18
7133.05356 7.32637e-18
7134.52576 6.16653e-18
7135.99797 5.48479e-18
7137.47017 6.64795e-18
7138.93236 7.14440e-18
7140.40457 7.16434e-18
7141.87677 7.38469e-18
7143.34897 7.45228e-18
7144.81117 7.34797e-18
7146.28337 7.49562e-18
7147.75558 6.18686e-18
7149.22778 6.45393e-18
7150.68997 7.19507e-18
7152.16218 7.80798e-18
7153.63438 8.15115e-18
7155.10659 6.96511e-18
7156.57879 7.89055e-18
7158.04098 8.40526e-18
7159.51319 7.59720e-18
7160.98539 8.38772e-18
7162.45759 8.54619e-18
7163.91979 7.86450e-18
7165.39199 7.67781e-18
7166.86420 7.11416e-18
7168.33640 7.44300e-18
7169.80861 8.03028e-18
7171.27080 7.17867e-18
7172.74300 7.17324e-18
7174.21521 7.32598e-18
7175.68741 7.43904e-18
7177.14960 7.92057e-18
7178.62181 8.21096e-18
7180.09401 8.24888e-18
7181.56622 8.47961e-18
7183.02841 7.53717e-18
7184.50061 7.76268e-18
7185.97282 8.06221e-18
7187.44502 8.06140e-18
7188.91723 7.82902e-18
7190.37942 7.47581e-18
7191.85162 8.31805e-18
7193.32383 9.49583e-18
7194.79603 8.94219e-18
7196.25822 8.15170e-18
7197.73043 8.43604e-18
7199.20263 8.14666e-18
7200.67484 7.99773e-18
7202.14704 8.40149e-18
7203.60923 7.74077e-18
7205.08144 7.12313e-18
7206.55364 8.10143e-18
7208.02585 9.06538e-18
7209.48804 9.63366e-18
7210.96024 1.01574e-17
7212.43245 9.93502e-18
7213.90465 1.05357e-17
7215.37686 1.10303e-17
7216.83904 1.00603e-17
7218.31125 9.12392e-18
7219.78346 9.57959e-18
7221.25566 1.06859e-17
7222.71785 1.05595e-17
7224.19006 9.90854e-18
7225.66226 1.10012e-17
7227.13447 1.12287e-17
7228.60667 1.05890e-17
7230.06886 1.02094e-17
7231.54107 9.26879e-18
7233.01327 9.52870e-18
7234.48548 1.07263e-17
7235.94766 1.17400e-17
7237.41987 1.09247e-17
7238.89208 1.00289e-17
7240.36428 9.56637e-18
7241.82647 9.97292e-18
7243.29868 1.08916e-17
7244.77088 1.15489e-17
7246.24309 1.16906e-17
7247.71529 1.04402e-17
7249.17748 9.43509e-18
7250.64969 9.31269e-18
7252.12189 9.63923e-18
7253.59410 1.04834e-17
7255.05628 1.15191e-17
7256.52849 1.12825e-17
7258.00070 1.01220e-17
7259.47290 8.86321e-18
7260.94510 9.00988e-18
7262.40729 8.97926e-18
7263.87950 9.09828e-18
7265.35171 9.89023e-18
7266.82391 1.08984e-17
7268.28610 1.16229e-17
7269.75831 1.07340e-17
7271.23051 1.01202e-17
7272.70272 9.24022e-18
7274.16491 8.74465e-18
7275.63711 9.41695e-18
7277.10932 8.94760e-18
7278.58152 9.82733e-18
7280.05372 9.91902e-18
7281.51591 9.19459e-18
7282.98812 1.10141e-17
7284.46033 1.03788e-17
7285.93253 8.39395e-18
7287.39472 9.00798e-18
7288.86693 7.95830e-18
7290.33913 6.94245e-18
7291.81134 8.39919e-18
7293.28354 9.25238e-18
7294.74573 1.03446e-17
7296.21794 1.08923e-17
7297.69014 9.79286e-18
7299.16234 9.50954e-18
7300.62453 9.91648e-18
7302.09674 1.01454e-17
7303.56895 1.07399e-17
7305.04115 1.08547e-17
7306.50334 9.61298e-18
7307.97555 9.83274e-18
7309.44775 1.02101e-17
7310.91996 9.34177e-18
7312.39216 9.01154e-18
7313.85435 8.05672e-18
7315.32656 7.05427e-18
7316.79876 7.57761e-18
7318.27097 8.68594e-18
7319.73316 9.58328e-18
7321.20536 8.39327e-18
7322.67757 7.76365e-18
7324.14977 9.75654e-18
7325.62198 9.24474e-18
7327.08417 8.64787e-18
7328.55637 9.14668e-18
7330.02858 7.44812e-18
7331.50078 6.45981e-18
7332.96297 7.72775e-18
7334.43518 8.09286e-18
7335.90738 7.89894e-18
7337.37959 7.80618e-18
7338.85179 7.57756e-18
7340.31398 8.27192e-18
7341.78618 9.01882e-18
7343.25839 8.95290e-18
7344.73059 8.40599e-18
7346.19279 7.60960e-18
7347.66499 7.50140e-18
7349.13720 8.14190e-18
7350.60940 8.52514e-18
7352.08161 7.66803e-18
7353.54380 6.52500e-18
7355.01600 7.58499e-18
7356.48821 7.80308e-18
7357.96041 7.39102e-18
7359.42260 8.51509e-18
7360.89480 8.12835e-18
7362.36701 7.19454e-18
7363.83922 7.01701e-18
7365.30141 7.80257e-18
7366.77361 7.64165e-18
7368.24582 6.76736e-18
7369.71802 7.22945e-18
7371.19023 7.13095e-18
7372.65242 7.74743e-18
7374.12462 8.16438e-18
7375.59683 7.25466e-18
7377.06903 7.21924e-18
7378.53122 8.17657e-18
7380.00342 8.04666e-18
7381.47563 7.28554e-18
7382.94784 6.90569e-18
7384.42004 7.33439e-18
7385.88223 8.65681e-18
7387.35444 8.90718e-18
7388.82664 8.50518e-18
7390.29885 7.59791e-18
7391.76104 6.66354e-18
7393.23324 6.54119e-18
7394.70545 7.93745e-18
7396.17765 8.50441e-18
7397.63984 7.46388e-18
7399.11204 6.87948e-18
7400.58425 6.33414e-18
7402.05646 7.33501e-18
7403.52866 7.97352e-18
7404.99085 6.94264e-18
7406.46306 7.05002e-18
7407.93526 6.60614e-18
7409.40747 5.99821e-18
7410.86966 6.86900e-18
7412.34186 8.49652e-18
7413.81407 7.93313e-18
7415.28627 6.10751e-18
7416.75847 7.61520e-18
7418.22066 7.44862e-18
7419.69287 7.48525e-18
7421.16508 8.47179e-18
7422.63728 7.27500e-18
7424.09947 6.21286e-18
7425.57168 7.28804e-18
7427.04388 7.10748e-18
7428.51609 6.11902e-18
7429.97828 6.88238e-18
7431.45048 7.37002e-18
7432.92269 7.92160e-18
7434.39489 7.70710e-18
7435.86709 7.37443e-18
7437.32928 7.38910e-18
7438.80149 6.34004e-18
7440.27370 5.53300e-18
7441.74590 5.85547e-18
7443.20809 6.00470e-18
7444.68030 6.54192e-18
7446.15250 6.03994e-18
7447.62471 6.01573e-18
7449.09691 7.56358e-18
7450.55910 7.86505e-18
7452.03131 7.56498e-18
7453.50351 6.16046e-18
7454.97572 5.75204e-18
7456.43791 5.15720e-18
7457.91011 5.76679e-18
7459.38232 5.33440e-18
7460.85452 6.93996e-18
7462.32672 7.10190e-18
7463.78892 5.82543e-18
7465.26112 5.45643e-18
7466.73333 6.11172e-18
7468.20553 6.35448e-18
7469.66772 5.48054e-18
7471.13993 4.67562e-18
7472.61213 6.17287e-18
7474.08434 6.01433e-18
7475.55654 5.21178e-18
7477.01873 5.44329e-18
7478.49094 5.50003e-18
7479.96314 5.04834e-18
7481.43534 4.50456e-18
7482.89754 5.10152e-18
7484.36974 4.26620e-18
7485.84195 3.98771e-18
7487.31415 4.94901e-18
7488.77634 5.01757e-18
7490.24855 5.04073e-18
7491.72075 4.76644e-18
7493.19296 4.18016e-18
7494.66516 4.81053e-18
7496.12735 4.07288e-18
7497.59956 3.77803e-18
7499.07176 4.34335e-18
7500.54397 4.59594e-18
7502.00616 5.62513e-18
7503.47836 5.16500e-18
7504.95057 4.74111e-18
7506.42277 4.68958e-18
7507.89498 3.79954e-18
7509.35717 5.30384e-18
7510.82937 5.66416e-18
7512.30158 5.31687e-18
7513.77378 4.98242e-18
7515.23597 5.75971e-18
7516.70818 5.66985e-18
7518.18038 3.82868e-18
7519.65259 2.70124e-18
7521.11478 3.54137e-18
7522.58698 4.29951e-18
7524.05919 4.51906e-18
7525.53139 4.73522e-18
7527.00360 5.12632e-18
7528.46579 4.42249e-18
7529.93799 3.73333e-18
7531.41020 3.53739e-18
7532.88240 5.04829e-18
7534.34459 4.39598e-18
7535.81679 4.29498e-18
7537.28900 3.98591e-18
7538.76121 4.73252e-18
7540.23341 4.23500e-18
7541.69560 3.53480e-18
7543.16781 2.92057e-18
7544.64001 3.96744e-18
7546.11222 3.02938e-18
7547.57441 4.78481e-18
7549.04661 4.51815e-18
7550.51882 3.39181e-18
7551.99102 4.68698e-18
7553.46323 4.33879e-18
7554.92541 3.98886e-18
7556.39762 4.58075e-18
7557.86983 4.06618e-18
7559.34203 3.20917e-18
7560.80422 5.19435e-18
7562.27643 4.97240e-18
7563.74863 4.44040e-18
7565.22084 4.05996e-18
7566.69304 4.58443e-18
7568.15523 5.17122e-18
7569.62744 3.27648e-18
7571.09964 4.54012e-18
7572.57185 3.63593e-18
7574.03403 2.39166e-18
7575.50624 2.66403e-18
7576.97845 3.86128e-18
7578.45065 4.26089e-18
7579.91284 4.42915e-18
7581.38504 3.18004e-18
7582.85725 3.70694e-18
7584.32946 3.65367e-18
7585.80166 3.60041e-18
7587.26385 3.54714e-18
7588.73606 3.49388e-18
7590.20826 3.44062e-18
7591.68047 3.38737e-18
7593.14266 3.33411e-18
7594.61486 3.28086e-18
7596.08707 3.22761e-18
7597.55927 3.17436e-18
7599.03147 3.12112e-18
7600.49366 3.06788e-18
7601.96587 3.01464e-18
7603.43808 2.96140e-18
7604.91028 2.90816e-18
7606.37247 2.85493e-18
7607.84468 2.80170e-18
7609.31688 2.74847e-18
7610.78909 2.69525e-18
7612.25128 2.64202e-18
7613.72348 2.58880e-18
7615.19569 2.53558e-18
7616.66789 2.48237e-18
7618.14009 2.42915e-18
7619.60228 2.37594e-18
7621.07449 2.32273e-18
7622.54670 2.26952e-18
7624.01890 2.26947e-18
7625.48109 4.65768e-18
7626.95330 3.77063e-18
7628.42550 4.43246e-18
7629.89771 3.92763e-18
7631.36991 4.38298e-18
7632.83210 3.34067e-18
7634.30431 2.96863e-18
7635.77651 3.34872e-18
7637.24872 4.22261e-18
7638.71091 2.34240e-18
7640.18311 2.44242e-18
7641.65532 4.31232e-18
7643.12752 5.31928e-18
