4360.00 2.6626e+08
4362.00 2.6892e+08
4364.00 2.6242e+08
4366.00 2.6485e+08
4368.00 2.7314e+08
4370.00 2.7149e+08
4372.00 2.691e+08
4374.00 2.6575e+08
4376.00 2.6755e+08
4378.00 2.6577e+08
4380.00 2.6512e+08
4382.00 2.6814e+08
4384.00 2.7046e+08
4386.00 2.764e+08
4388.00 2.692e+08
4390.00 2.6684e+08
4392.00 2.692e+08
4394.00 2.6782e+08
4396.00 2.748e+08
4398.00 2.742e+08
4400.00 2.6557e+08
4402.00 2.7136e+08
4404.00 2.6655e+08
4406.00 2.6866e+08
4408.00 2.7179e+08
4410.00 2.7189e+08
4412.00 2.6833e+08
4414.00 2.7298e+08
4416.00 2.6503e+08
4418.00 2.7199e+08
4420.00 2.6821e+08
4422.00 2.6773e+08
4424.00 2.6493e+08
4426.00 2.6949e+08
4428.00 2.6433e+08
4430.00 2.6809e+08
4432.00 2.6445e+08
4434.00 2.6385e+08
4436.00 2.6559e+08
4438.00 2.7196e+08
4440.00 2.6953e+08
4442.00 2.6938e+08
4444.00 2.6314e+08
4446.00 2.6837e+08
4448.00 2.7012e+08
4450.00 2.6501e+08
4452.00 2.7494e+08
4454.00 2.7181e+08
4456.00 2.706e+08
4458.00 2.7005e+08
4460.00 2.7029e+08
4462.00 2.6546e+08
4464.00 2.7403e+08
4466.00 2.6655e+08
4468.00 2.7216e+08
4470.00 2.691e+08
4472.00 2.7096e+08
4474.00 2.668e+08
4476.00 2.6263e+08
4478.00 2.6987e+08
4480.00 2.696e+08
4482.00 2.6646e+08
4484.00 2.7569e+08
4486.00 2.7142e+08
4488.00 2.6753e+08
4490.00 2.6987e+08
4492.00 2.6998e+08
4494.00 2.6874e+08
4496.00 2.6771e+08
4498.00 2.689e+08
4500.00 2.6196e+08
4502.00 2.6909e+08
4504.00 2.6893e+08
4506.00 2.7079e+08
4508.00 2.687e+08
4510.00 2.6688e+08
4512.00 2.6876e+08
4514.00 2.6889e+08
4516.00 2.6649e+08
4518.00 2.6533e+08
4520.00 2.7053e+08
4522.00 2.6989e+08
4524.00 2.6493e+08
4526.00 2.6879e+08
4528.00 2.6742e+08
4530.00 2.6818e+08
4532.00 2.6664e+08
4534.00 2.6887e+08
4536.00 2.7164e+08
4538.00 2.7202e+08
4540.00 2.6986e+08
4542.00 2.6684e+08
4544.00 2.669e+08
4546.00 2.6682e+08
4548.00 2.7146e+08
4550.00 2.6979e+08
4552.00 2.7036e+08
4554.00 2.688e+08
4556.00 2.7243e+08
4558.00 2.7074e+08
4560.00 2.7128e+08
4562.00 2.7148e+08
4564.00 2.7444e+08
4566.00 2.6894e+08
4568.00 2.6969e+08
4570.00 2.6644e+08
4572.00 2.6837e+08
4574.00 2.7375e+08
4576.00 2.647e+08
4578.00 2.6968e+08
4580.00 2.7185e+08
4582.00 2.7405e+08
4584.00 2.6916e+08
4586.00 2.6235e+08
4588.00 2.6802e+08
4590.00 2.7082e+08
4592.00 2.6845e+08
4594.00 2.7163e+08
4596.00 2.7642e+08
4598.00 2.7035e+08
4600.00 2.6818e+08
4602.00 2.6595e+08
4604.00 2.6894e+08
4606.00 2.7176e+08
4608.00 2.6854e+08
4610.00 2.6702e+08
4612.00 2.7111e+08
4614.00 2.6968e+08
4616.00 2.7128e+08
4618.00 2.6832e+08
4620.00 2.7099e+08
4622.00 2.6978e+08
4624.00 2.6394e+08
4626.00 2.6904e+08
4628.00 2.719e+08
4630.00 2.6788e+08
4632.00 2.7335e+08
4634.00 2.6781e+08
4636.00 2.7294e+08
4638.00 2.7252e+08
4640.00 2.7252e+08
4642.00 2.7163e+08
4644.00 2.6873e+08
4646.00 2.7159e+08
4648.00 2.7029e+08
4650.00 2.7217e+08
4652.00 2.7164e+08
4654.00 2.7248e+08
4656.00 2.6782e+08
4658.00 2.7149e+08
4660.00 2.7348e+08
4662.00 2.6895e+08
4664.00 2.7022e+08
4666.00 2.6713e+08
4668.00 2.7219e+08
4670.00 2.725e+08
4672.00 2.7543e+08
4674.00 2.7291e+08
4676.00 2.6668e+08
4678.00 2.7541e+08
4680.00 2.672e+08
4682.00 2.6989e+08
4684.00 2.7026e+08
4686.00 2.7451e+08
4688.00 2.7351e+08
4690.00 2.7303e+08
4692.00 2.7085e+08
4694.00 2.7496e+08
4696.00 2.6658e+08
4698.00 2.679e+08
4700.00 2.6815e+08
4702.00 2.6894e+08
4704.00 2.6841e+08
4706.00 2.7431e+08
4708.00 2.6946e+08
4710.00 2.7262e+08
4712.00 2.684e+08
4714.00 2.6897e+08
4716.00 2.6351e+08
4718.00 2.7409e+08
4720.00 2.773e+08
4722.00 2.7039e+08
4724.00 2.7371e+08
4726.00 2.7816e+08
4728.00 2.7126e+08
4730.00 2.6739e+08
4732.00 2.7319e+08
4734.00 2.7094e+08
4736.00 2.7562e+08
4738.00 2.7139e+08
4740.00 2.7183e+08
4742.00 2.7024e+08
4744.00 2.687e+08
4746.00 2.7526e+08
4748.00 2.7258e+08
4750.00 2.6818e+08
4752.00 2.7088e+08
4754.00 2.712e+08
4756.00 2.712e+08
4758.00 2.7475e+08
4760.00 2.6863e+08
4762.00 2.746e+08
4764.00 2.7152e+08
4766.00 2.7411e+08
4768.00 2.7419e+08
4770.00 2.7073e+08
4772.00 2.7187e+08
4774.00 2.7519e+08
4776.00 2.7157e+08
4778.00 2.7281e+08
4780.00 2.6686e+08
4782.00 2.6739e+08
4784.00 2.7053e+08
4786.00 2.679e+08
4788.00 2.6742e+08
4790.00 2.6921e+08
4792.00 2.6085e+08
4794.00 2.5888e+08
4796.00 2.6134e+08
4798.00 2.5382e+08
4800.00 2.5937e+08
4802.00 2.5711e+08
4804.00 2.5349e+08
4806.00 2.6111e+08
4808.00 2.576e+08
4810.00 2.6547e+08
4812.00 2.6091e+08
4814.00 2.6144e+08
4816.00 2.6921e+08
4818.00 2.6983e+08
4820.00 2.663e+08
4822.00 2.7052e+08
4824.00 2.6617e+08
4826.00 2.7019e+08
4828.00 2.6835e+08
4830.00 2.6781e+08
4832.00 2.6609e+08
4834.00 2.6897e+08
4836.00 2.729e+08
4838.00 2.6766e+08
4840.00 2.6789e+08
4842.00 2.7076e+08
4844.00 2.637e+08
4846.00 2.6837e+08
4848.00 2.7153e+08
4850.00 2.6933e+08
4852.00 2.6771e+08
4854.00 2.6624e+08
4856.00 2.6847e+08
4858.00 2.6497e+08
4860.00 2.6196e+08
4862.00 2.6472e+08
4864.00 2.6728e+08
4866.00 2.6035e+08
4868.00 2.663e+08
4870.00 2.6536e+08
4872.00 2.6777e+08
4874.00 2.7373e+08
4876.00 2.6837e+08
4878.00 2.7154e+08
4880.00 2.6767e+08
4882.00 2.6719e+08
4884.00 2.6601e+08
4886.00 2.7154e+08
4888.00 2.6918e+08
4890.00 2.6927e+08
4892.00 2.6736e+08
4894.00 2.6901e+08
4896.00 2.6736e+08
4898.00 2.7401e+08
4900.00 2.6569e+08
4902.00 2.6981e+08
4904.00 2.689e+08
4906.00 2.6796e+08
4908.00 2.729e+08
4910.00 2.692e+08
4912.00 2.7103e+08
4914.00 2.7085e+08
4916.00 2.6985e+08
4918.00 2.6802e+08
4920.00 2.6769e+08
4922.00 2.707e+08
4924.00 2.7406e+08
4926.00 2.656e+08
4928.00 2.6464e+08
4930.00 2.6868e+08
4932.00 2.6896e+08
4934.00 2.6899e+08
4936.00 2.686e+08
4938.00 2.6488e+08
4940.00 2.6625e+08
4942.00 2.6863e+08
4944.00 2.7086e+08
4946.00 2.6756e+08
4948.00 2.6526e+08
4950.00 2.6773e+08
4952.00 2.6623e+08
4954.00 2.6511e+08
4956.00 2.6762e+08
4958.00 2.6988e+08
4960.00 2.6742e+08
4962.00 2.6791e+08
4964.00 2.6742e+08
4966.00 2.6955e+08
4968.00 2.7215e+08
4970.00 2.66e+08
4972.00 2.5815e+08
4974.00 2.5795e+08
4976.00 2.6827e+08
4978.00 2.6571e+08
4980.00 2.6929e+08
4982.00 2.6686e+08
4984.00 2.6763e+08
4986.00 2.7048e+08
4988.00 2.665e+08
4990.00 2.675e+08
4992.00 2.7415e+08
4994.00 2.6604e+08
4996.00 2.6775e+08
4998.00 2.6895e+08
5000.00 2.6973e+08
5002.00 2.6935e+08
5004.00 2.7024e+08
5006.00 2.6969e+08
5008.00 2.6787e+08
5010.00 2.6942e+08
5012.00 2.6824e+08
5014.00 2.6991e+08
5016.00 2.7502e+08
5018.00 2.5799e+08
5020.00 2.4048e+08
5022.00 2.453e+08
5024.00 2.6138e+08
5026.00 2.7021e+08
5028.00 2.6764e+08
5030.00 2.7027e+08
5032.00 2.7584e+08
5034.00 2.6887e+08
5036.00 2.7021e+08
5038.00 2.7173e+08
5040.00 2.72e+08
5042.00 2.7182e+08
5044.00 2.6319e+08
5046.00 2.7355e+08
5048.00 2.7026e+08
5050.00 2.6851e+08
5052.00 2.6843e+08
5054.00 2.7046e+08
5056.00 2.716e+08
5058.00 2.6623e+08
5060.00 2.7306e+08
5062.00 2.7596e+08
5064.00 2.7321e+08
5066.00 2.6918e+08
5068.00 2.7017e+08
5070.00 2.7445e+08
5072.00 2.7601e+08
5074.00 2.6936e+08
5076.00 2.7064e+08
5078.00 2.7131e+08
5080.00 2.7189e+08
5082.00 2.6602e+08
5084.00 2.6675e+08
5086.00 2.6813e+08
5088.00 2.6865e+08
5090.00 2.6868e+08
5092.00 2.7141e+08
5094.00 2.7117e+08
5096.00 2.6761e+08
5098.00 2.6641e+08
5100.00 2.6765e+08
5102.00 2.6658e+08
5104.00 2.6817e+08
5106.00 2.674e+08
5108.00 2.6602e+08
5110.00 2.6875e+08
5112.00 2.7379e+08
5114.00 2.6906e+08
5116.00 2.6736e+08
5118.00 2.6782e+08
5120.00 2.6551e+08
5122.00 2.6596e+08
5124.00 2.64e+08
5126.00 2.6849e+08
5128.00 2.7375e+08
5130.00 2.6906e+08
5132.00 2.6737e+08
5134.00 2.7005e+08
5136.00 2.7226e+08
5138.00 2.6995e+08
5140.00 2.7059e+08
5142.00 2.6722e+08
5144.00 2.7203e+08
5146.00 2.6515e+08
5148.00 2.7193e+08
5150.00 2.7059e+08
5152.00 2.7128e+08
5154.00 2.7029e+08
5156.00 2.7177e+08
5158.00 2.7022e+08
5160.00 2.6956e+08
5162.00 2.7084e+08
5164.00 2.6806e+08
5166.00 2.6674e+08
5168.00 2.6854e+08
5170.00 2.682e+08
5172.00 2.6811e+08
5174.00 2.6656e+08
5176.00 2.6859e+08
5178.00 2.6921e+08
5180.00 2.7076e+08
5182.00 2.6914e+08
5184.00 2.6926e+08
5186.00 2.7178e+08
5188.00 2.6569e+08
5190.00 2.6552e+08
5192.00 2.6838e+08
5194.00 2.6869e+08
5196.00 2.6872e+08
5198.00 2.6733e+08
5200.00 2.7015e+08
5202.00 2.7052e+08
5204.00 2.6735e+08
5206.00 2.6859e+08
5208.00 2.7031e+08
5210.00 2.6738e+08
5212.00 2.6987e+08
5214.00 2.6614e+08
5216.00 2.7078e+08
5218.00 2.694e+08
5220.00 2.6812e+08
5222.00 2.6466e+08
5224.00 2.7419e+08
5226.00 2.7201e+08
5228.00 2.6495e+08
5230.00 2.6299e+08
5232.00 2.695e+08
5234.00 2.6839e+08
5236.00 2.7326e+08
5238.00 2.6533e+08
5240.00 2.6628e+08
5242.00 2.662e+08
5244.00 2.6733e+08
5246.00 2.6888e+08
5248.00 2.7379e+08
5250.00 2.6629e+08
5252.00 2.639e+08
5254.00 2.6362e+08
5256.00 2.6287e+08
5258.00 2.642e+08
5260.00 2.6567e+08
5262.00 2.6872e+08
5264.00 2.6846e+08
5266.00 2.6602e+08
5268.00 2.6773e+08
5270.00 2.6926e+08
5272.00 2.6725e+08
5274.00 2.72e+08
5276.00 2.6261e+08
5278.00 2.6764e+08
5280.00 2.6667e+08
5282.00 2.7519e+08
5284.00 2.7201e+08
5286.00 2.7132e+08
5288.00 2.706e+08
5290.00 2.6621e+08
5292.00 2.6555e+08
5294.00 2.7165e+08
5296.00 2.7065e+08
5298.00 2.6701e+08
5300.00 2.7053e+08
5302.00 2.6936e+08
5304.00 2.7302e+08
5306.00 2.7447e+08
5308.00 2.7437e+08
5310.00 2.7037e+08
5312.00 2.7229e+08
5314.00 2.6984e+08
5316.00 2.6914e+08
5318.00 2.6738e+08
5320.00 2.7393e+08
5322.00 2.6572e+08
5324.00 2.6678e+08
5326.00 2.7406e+08
5328.00 2.6979e+08
5330.00 2.6709e+08
5332.00 2.6901e+08
5334.00 2.7417e+08
5336.00 2.698e+08
5338.00 2.704e+08
5340.00 2.6868e+08
5342.00 2.6867e+08
5344.00 2.6959e+08
5346.00 2.6766e+08
5348.00 2.7021e+08
5350.00 2.6669e+08
5352.00 2.7136e+08
5354.00 2.6924e+08
5356.00 2.728e+08
5358.00 2.7165e+08
5360.00 2.7178e+08
5362.00 2.7322e+08
5364.00 2.7444e+08
5366.00 2.7041e+08
5368.00 2.7316e+08
5370.00 2.7044e+08
5372.00 2.7105e+08
5374.00 2.7463e+08
5376.00 2.7295e+08
5378.00 2.68e+08
5380.00 2.7143e+08
5382.00 2.7019e+08
5384.00 2.7354e+08
5386.00 2.6825e+08
5388.00 2.7127e+08
5390.00 2.7142e+08
5392.00 2.7172e+08
5394.00 2.7596e+08
5396.00 2.6739e+08
5398.00 2.7057e+08
5400.00 2.6895e+08
5402.00 2.6778e+08
5404.00 2.7072e+08
5406.00 2.6764e+08
5408.00 2.7129e+08
5410.00 2.7532e+08
5412.00 2.7061e+08
5414.00 2.713e+08
5416.00 2.7268e+08
5418.00 2.7238e+08
5420.00 2.7417e+08
5422.00 2.7043e+08
5424.00 2.7404e+08
5426.00 2.7119e+08
5428.00 2.7058e+08
5430.00 2.7247e+08
5432.00 2.7309e+08
5434.00 2.7225e+08
5436.00 2.6735e+08
5438.00 2.7135e+08
5440.00 2.7408e+08
5442.00 2.7344e+08
5444.00 2.7554e+08
5446.00 2.7211e+08
5448.00 2.7671e+08
5450.00 2.68e+08
5452.00 2.7177e+08
5454.00 2.6746e+08
5456.00 2.7232e+08
5458.00 2.7493e+08
5460.00 2.7209e+08
5462.00 2.7154e+08
5464.00 2.688e+08
5466.00 2.7189e+08
5468.00 2.7069e+08
5470.00 2.7423e+08
5472.00 2.7251e+08
5474.00 2.7112e+08
5476.00 2.7248e+08
5478.00 2.7334e+08
5480.00 2.7161e+08
5482.00 2.7327e+08
5484.00 2.6899e+08
5486.00 2.7355e+08
5488.00 2.674e+08
5490.00 2.6904e+08
5492.00 2.7549e+08
5494.00 2.7187e+08
5496.00 2.7274e+08
5498.00 2.7141e+08
5500.00 2.7445e+08
5502.00 2.7386e+08
5504.00 2.6675e+08
5506.00 2.6857e+08
5508.00 2.7638e+08
5510.00 2.7205e+08
5512.00 2.717e+08
5514.00 2.718e+08
5516.00 2.6916e+08
5518.00 2.7441e+08
5520.00 2.698e+08
5522.00 2.7315e+08
5524.00 2.7181e+08
5526.00 2.6975e+08
5528.00 2.7379e+08
5530.00 2.6761e+08
5532.00 2.7266e+08
5534.00 2.7402e+08
5536.00 2.753e+08
5538.00 2.7377e+08
5540.00 2.7518e+08
5542.00 2.7314e+08
5544.00 2.6926e+08
5546.00 2.7538e+08
5548.00 2.7354e+08
5550.00 2.7164e+08
5552.00 2.6971e+08
5554.00 2.7293e+08
5556.00 2.6948e+08
5558.00 2.711e+08
5560.00 2.7465e+08
5562.00 2.7249e+08
5564.00 2.6927e+08
5566.00 2.7138e+08
5568.00 2.7398e+08
5570.00 2.7087e+08
5572.00 2.7271e+08
5574.00 2.7246e+08
5576.00 2.7808e+08
5578.00 2.7037e+08
5580.00 2.7644e+08
5582.00 2.7215e+08
5584.00 2.7226e+08
5586.00 2.6819e+08
5588.00 2.7427e+08
5590.00 2.7247e+08
5592.00 2.716e+08
5594.00 2.7336e+08
5596.00 2.7131e+08
5598.00 2.6852e+08
5600.00 2.7276e+08
5602.00 2.7295e+08
5604.00 2.7611e+08
5606.00 2.7488e+08
5608.00 2.7047e+08
5610.00 2.7135e+08
5612.00 2.7313e+08
5614.00 2.7062e+08
5616.00 2.7725e+08
5618.00 2.6579e+08
5620.00 2.7106e+08
5622.00 2.7243e+08
5624.00 2.7135e+08
5626.00 2.7518e+08
5628.00 2.7084e+08
5630.00 2.72e+08
5632.00 2.7446e+08
5634.00 2.7239e+08
5636.00 2.6935e+08
5638.00 2.7249e+08
5640.00 2.7536e+08
5642.00 2.746e+08
5644.00 2.7145e+08
5646.00 2.6828e+08
5648.00 2.7658e+08
5650.00 2.7606e+08
5652.00 2.7075e+08
5654.00 2.6908e+08
5656.00 2.7469e+08
5658.00 2.6878e+08
5660.00 2.7122e+08
5662.00 2.7327e+08
5664.00 2.6903e+08
5666.00 2.733e+08
5668.00 2.7153e+08
5670.00 2.7569e+08
5672.00 2.7447e+08
5674.00 2.7053e+08
5676.00 2.672e+08
5678.00 2.7254e+08
5680.00 2.774e+08
5682.00 2.7481e+08
5684.00 2.7294e+08
5686.00 2.6789e+08
5688.00 2.7246e+08
5690.00 2.6751e+08
5692.00 2.7135e+08
5694.00 2.6974e+08
5696.00 2.6898e+08
5698.00 2.7409e+08
5700.00 2.7145e+08
5702.00 2.7412e+08
5704.00 2.7074e+08
5706.00 2.7445e+08
5708.00 2.7111e+08
5710.00 2.6926e+08
5712.00 2.7365e+08
5714.00 2.7094e+08
5716.00 2.711e+08
5718.00 2.7005e+08
5720.00 2.761e+08
5722.00 2.7552e+08
5724.00 2.7031e+08
5726.00 2.6724e+08
5728.00 2.701e+08
5730.00 2.6863e+08
5732.00 2.7242e+08
5734.00 2.722e+08
5736.00 2.756e+08
5738.00 2.7082e+08
5740.00 2.7227e+08
5742.00 2.7524e+08
5744.00 2.7116e+08
5746.00 2.7032e+08
5748.00 2.6901e+08
5750.00 2.716e+08
5752.00 2.693e+08
5754.00 2.7122e+08
5756.00 2.7057e+08
5758.00 2.7065e+08
5760.00 2.7432e+08
5762.00 2.7072e+08
5764.00 2.7642e+08
5766.00 2.7356e+08
5768.00 2.741e+08
5770.00 2.6933e+08
5772.00 2.7108e+08
5774.00 2.7196e+08
5776.00 2.7637e+08
5778.00 2.74e+08
5780.00 2.7154e+08
5782.00 2.7233e+08
5784.00 2.7285e+08
5786.00 2.6867e+08
5788.00 2.6935e+08
5790.00 2.7123e+08
5792.00 2.6867e+08
5794.00 2.7431e+08
5796.00 2.6811e+08
5798.00 2.7216e+08
5800.00 2.7089e+08
5802.00 2.7156e+08
5804.00 2.7047e+08
5806.00 2.6663e+08
5808.00 2.6317e+08
5810.00 2.6413e+08
5812.00 2.6182e+08
5814.00 2.7019e+08
5816.00 2.6771e+08
5818.00 2.6896e+08
5820.00 2.6702e+08
5822.00 2.7311e+08
5824.00 2.6851e+08
5826.00 2.6611e+08
5828.00 2.6716e+08
5830.00 2.6709e+08
5832.00 2.7169e+08
5834.00 2.6966e+08
5836.00 2.7169e+08
5838.00 2.7502e+08
5840.00 2.6988e+08
5842.00 2.6968e+08
5844.00 2.7094e+08
5846.00 2.6874e+08
5848.00 2.711e+08
5850.00 2.7242e+08
5852.00 2.7143e+08
5854.00 2.6654e+08
5856.00 2.6922e+08
5858.00 2.6945e+08
5860.00 2.7206e+08
5862.00 2.6999e+08
5864.00 2.7621e+08
5866.00 2.7271e+08
5868.00 2.6995e+08
5870.00 2.663e+08
5872.00 2.7055e+08
5874.00 2.6901e+08
5876.00 2.7228e+08
5878.00 2.7016e+08
5880.00 2.7036e+08
5882.00 2.6818e+08
5884.00 2.6989e+08
5886.00 2.6816e+08
5888.00 2.7024e+08
5890.00 2.6882e+08
5892.00 2.7119e+08
5894.00 2.6818e+08
5896.00 2.7075e+08
5898.00 2.7319e+08
5900.00 2.7188e+08
5902.00 2.7451e+08
5904.00 2.6995e+08
5906.00 2.7221e+08
5908.00 2.7001e+08
5910.00 2.7693e+08
5912.00 2.7307e+08
5914.00 2.6782e+08
5916.00 2.6663e+08
5918.00 2.7542e+08
5920.00 2.6706e+08
5922.00 2.7046e+08
5924.00 2.6991e+08
5926.00 2.7219e+08
5928.00 2.6961e+08
5930.00 2.7184e+08
5932.00 2.722e+08
5934.00 2.7439e+08
5936.00 2.649e+08
5938.00 2.6647e+08
5940.00 2.695e+08
5942.00 2.72e+08
5944.00 2.7011e+08
5946.00 2.7255e+08
5948.00 2.6823e+08
5950.00 2.7313e+08
5952.00 2.6687e+08
5954.00 2.7122e+08
5956.00 2.7214e+08
5958.00 2.7043e+08
5960.00 2.7312e+08
5962.00 2.75e+08
5964.00 2.6977e+08
5966.00 2.7134e+08
5968.00 2.6912e+08
5970.00 2.745e+08
5972.00 2.7046e+08
5974.00 2.7368e+08
5976.00 2.6685e+08
5978.00 2.6838e+08
5980.00 2.6974e+08
5982.00 2.6566e+08
5984.00 2.7324e+08
5986.00 2.6842e+08
5988.00 2.6962e+08
5990.00 2.7588e+08
5992.00 2.7142e+08
5994.00 2.7497e+08
5996.00 2.7146e+08
5998.00 2.7353e+08
6000.00 2.739e+08
6002.00 2.7345e+08
6004.00 2.7197e+08
6006.00 2.7176e+08
6008.00 2.7591e+08
6010.00 2.7339e+08
6012.00 2.7235e+08
6014.00 2.7255e+08
6016.00 2.7151e+08
6018.00 2.715e+08
6020.00 2.7217e+08
6022.00 2.705e+08
6024.00 2.7256e+08
6026.00 2.7419e+08
6028.00 2.7261e+08
6030.00 2.7635e+08
6032.00 2.7108e+08
6034.00 2.7275e+08
6036.00 2.7442e+08
6038.00 2.7117e+08
6040.00 2.7201e+08
6042.00 2.7082e+08
6044.00 2.7048e+08
6046.00 2.727e+08
6048.00 2.7411e+08
6050.00 2.7797e+08
6052.00 2.7634e+08
6054.00 2.7772e+08
6056.00 2.7185e+08
6058.00 2.7472e+08
6060.00 2.7045e+08
6062.00 2.7211e+08
6064.00 2.7452e+08
6066.00 2.7522e+08
6068.00 2.736e+08
6070.00 2.7504e+08
6072.00 2.7959e+08
6074.00 2.7191e+08
6076.00 2.7689e+08
6078.00 2.7208e+08
6080.00 2.6908e+08
6082.00 2.715e+08
6084.00 2.7694e+08
6086.00 2.759e+08
6088.00 2.7151e+08
6090.00 2.6781e+08
6092.00 2.7419e+08
6094.00 2.7473e+08
6096.00 2.7895e+08
6098.00 2.7356e+08
6100.00 2.7144e+08
6102.00 2.7128e+08
6104.00 2.7616e+08
6106.00 2.7046e+08
6108.00 2.7323e+08
6110.00 2.7352e+08
6112.00 2.7208e+08
6114.00 2.7201e+08
6116.00 2.7119e+08
6118.00 2.7357e+08
6120.00 2.7864e+08
6122.00 2.7304e+08
6124.00 2.7299e+08
6126.00 2.7421e+08
6128.00 2.7472e+08
6130.00 2.7283e+08
6132.00 2.7532e+08
6134.00 2.7329e+08
6136.00 2.7354e+08
6138.00 2.7639e+08
6140.00 2.7299e+08
6142.00 2.7262e+08
6144.00 2.6986e+08
6146.00 2.7429e+08
6148.00 2.7308e+08
6150.00 2.727e+08
6152.00 2.7294e+08
6154.00 2.712e+08
6156.00 2.7239e+08
6158.00 2.7312e+08
6160.00 2.7323e+08
6162.00 2.7537e+08
6164.00 2.7054e+08
6166.00 2.7013e+08
6168.00 2.7462e+08
6170.00 2.7167e+08
6172.00 2.7094e+08
6174.00 2.7131e+08
6176.00 2.7097e+08
6178.00 2.7283e+08
6180.00 2.6957e+08
6182.00 2.685e+08
6184.00 2.7141e+08
6186.00 2.731e+08
6188.00 2.6878e+08
6190.00 2.6978e+08
6192.00 2.7326e+08
6194.00 2.7404e+08
6196.00 2.7121e+08
6198.00 2.7125e+08
6200.00 2.7775e+08
6202.00 2.717e+08
6204.00 2.7176e+08
6206.00 2.6958e+08
6208.00 2.7161e+08
6210.00 2.7183e+08
6212.00 2.6831e+08
6214.00 2.7251e+08
6216.00 2.7071e+08
6218.00 2.7353e+08
6220.00 2.7403e+08
6222.00 2.6865e+08
6224.00 2.7067e+08
6226.00 2.699e+08
6228.00 2.7461e+08
6230.00 2.7334e+08
6232.00 2.6784e+08
6234.00 2.7335e+08
6236.00 2.6977e+08
6238.00 2.7209e+08
6240.00 2.7064e+08
6242.00 2.6881e+08
6244.00 2.6957e+08
6246.00 2.7235e+08
6248.00 2.7407e+08
6250.00 2.703e+08
6252.00 2.6926e+08
6254.00 2.728e+08
6256.00 2.6972e+08
6258.00 2.7033e+08
6260.00 2.6737e+08
6262.00 2.7373e+08
6264.00 2.7021e+08
6266.00 2.6943e+08
6268.00 2.6578e+08
6270.00 2.684e+08
6272.00 2.6901e+08
6274.00 2.7091e+08
6276.00 2.7176e+08
6278.00 2.6918e+08
6280.00 2.7058e+08
6282.00 2.687e+08
6284.00 2.6484e+08
6286.00 2.7034e+08
6288.00 2.6586e+08
6290.00 2.6937e+08
6292.00 2.7145e+08
6294.00 2.6936e+08
6296.00 2.6888e+08
6298.00 2.7201e+08
6300.00 2.6785e+08
6302.00 2.7051e+08
6304.00 2.7381e+08
6306.00 2.6635e+08
6308.00 2.6824e+08
6310.00 2.6628e+08
6312.00 2.681e+08
6314.00 2.6848e+08
6316.00 2.6916e+08
6318.00 2.728e+08
6320.00 2.7015e+08
6322.00 2.688e+08
6324.00 2.6834e+08
6326.00 2.7013e+08
6328.00 2.7288e+08
6330.00 2.6764e+08
6332.00 2.6999e+08
6334.00 2.692e+08
6336.00 2.6999e+08
6338.00 2.7023e+08
6340.00 2.7115e+08
6342.00 2.7271e+08
6344.00 2.7086e+08
6346.00 2.7e+08
6348.00 2.6926e+08
6350.00 2.7107e+08
6352.00 2.6835e+08
6354.00 2.7066e+08
6356.00 2.7221e+08
6358.00 2.7383e+08
6360.00 2.6941e+08
6362.00 2.6716e+08
6364.00 2.7021e+08
6366.00 2.7286e+08
6368.00 2.7094e+08
6370.00 2.6993e+08
6372.00 2.6774e+08
6374.00 2.7284e+08
6376.00 2.7024e+08
6378.00 2.6895e+08
6380.00 2.6931e+08
6382.00 2.6988e+08
6384.00 2.69e+08
6386.00 2.7367e+08
6388.00 2.7201e+08
6390.00 2.7303e+08
6392.00 2.7082e+08
6394.00 2.7194e+08
6396.00 2.7048e+08
6398.00 2.7315e+08
6400.00 2.7508e+08
6402.00 2.6682e+08
6404.00 2.731e+08
6406.00 2.7e+08
6408.00 2.7312e+08
6410.00 2.7148e+08
6412.00 2.7539e+08
6414.00 2.7361e+08
6416.00 2.6872e+08
6418.00 2.6865e+08
6420.00 2.6929e+08
6422.00 2.7103e+08
6424.00 2.7127e+08
6426.00 2.7136e+08
6428.00 2.6892e+08
6430.00 2.7137e+08
6432.00 2.6839e+08
6434.00 2.6725e+08
6436.00 2.6509e+08
6438.00 2.7114e+08
6440.00 2.6715e+08
6442.00 2.655e+08
6444.00 2.6744e+08
6446.00 2.651e+08
6448.00 2.6081e+08
6450.00 2.6103e+08
6452.00 2.583e+08
6454.00 2.5806e+08
6456.00 2.5091e+08
6458.00 2.4636e+08
6460.00 2.4034e+08
6462.00 2.3331e+08
6464.00 2.3034e+08
6466.00 2.1573e+08
6468.00 2.086e+08
6470.00 1.9333e+08
6472.00 1.8368e+08
6474.00 1.7338e+08
6476.00 1.662e+08
6478.00 1.5864e+08
6480.00 1.5352e+08
6482.00 1.5082e+08
6484.00 1.4651e+08
6486.00 1.5046e+08
6488.00 1.5075e+08
6490.00 1.5755e+08
6492.00 1.6497e+08
6494.00 1.7203e+08
6496.00 1.7479e+08
6498.00 1.8467e+08
6500.00 1.9306e+08
6502.00 1.966e+08
6504.00 2.0468e+08
6506.00 2.1055e+08
6508.00 2.1464e+08
6510.00 2.1791e+08
6512.00 2.2466e+08
6514.00 2.2605e+08
6516.00 2.2516e+08
6518.00 2.2928e+08
6520.00 2.304e+08
6522.00 2.2865e+08
6524.00 2.3095e+08
6526.00 2.3105e+08
6528.00 2.3303e+08
6530.00 2.3116e+08
6532.00 2.3177e+08
6534.00 2.3244e+08
6536.00 2.3049e+08
6538.00 2.317e+08
6540.00 2.3026e+08
6542.00 2.3242e+08
6544.00 2.2995e+08
6546.00 2.3151e+08
6548.00 2.2838e+08
6550.00 2.2857e+08
6552.00 2.3025e+08
6554.00 2.2868e+08
6556.00 2.277e+08
6558.00 2.2313e+08
6560.00 2.2371e+08
6562.00 2.2227e+08
6564.00 2.2476e+08
6566.00 2.2277e+08
6568.00 2.2175e+08
6570.00 2.1873e+08
6572.00 2.1756e+08
6574.00 2.1995e+08
6576.00 2.2686e+08
6578.00 2.3496e+08
6580.00 2.3858e+08
6582.00 2.3671e+08
6584.00 2.3543e+08
6586.00 2.3407e+08
6588.00 2.3038e+08
6590.00 2.3313e+08
6592.00 2.3317e+08
6594.00 2.3424e+08
6596.00 2.3547e+08
6598.00 2.3572e+08
6600.00 2.4055e+08
6602.00 2.3655e+08
6604.00 2.3894e+08
6606.00 2.3797e+08
6608.00 2.3917e+08
6610.00 2.446e+08
6612.00 2.4284e+08
6614.00 2.4049e+08
6616.00 2.3969e+08
6618.00 2.4291e+08
6620.00 2.4156e+08
6622.00 2.4138e+08
6624.00 2.4152e+08
6626.00 2.4198e+08
6628.00 2.4305e+08
6630.00 2.403e+08
6632.00 2.4028e+08
6634.00 2.3797e+08
6636.00 2.3518e+08
6638.00 2.3721e+08
6640.00 2.3565e+08
6642.00 2.323e+08
6644.00 2.3335e+08
6646.00 2.2971e+08
6648.00 2.2844e+08
6650.00 2.3021e+08
6652.00 2.2642e+08
6654.00 2.2669e+08
6656.00 2.2783e+08
6658.00 2.2438e+08
6660.00 2.2493e+08
6662.00 2.2545e+08
6664.00 2.2586e+08
6666.00 2.2686e+08
6668.00 2.2262e+08
6670.00 2.2642e+08
6672.00 2.2538e+08
6674.00 2.3023e+08
6676.00 2.3006e+08
6678.00 2.3459e+08
6680.00 2.3815e+08
6682.00 2.4227e+08
6684.00 2.4459e+08
6686.00 2.4843e+08
6688.00 2.4762e+08
6690.00 2.5025e+08
6692.00 2.5357e+08
6694.00 2.5642e+08
6696.00 2.5785e+08
6698.00 2.5725e+08
6700.00 2.5955e+08
6702.00 2.6073e+08
6704.00 2.6117e+08
6706.00 2.6063e+08
6708.00 2.6533e+08
6710.00 2.6704e+08
6712.00 2.661e+08
6714.00 2.6697e+08
6716.00 2.6765e+08
6718.00 2.6846e+08
6720.00 2.7065e+08
6722.00 2.6732e+08
6724.00 2.7052e+08
6726.00 2.7031e+08
6728.00 2.6947e+08
6730.00 2.6984e+08
6732.00 2.6955e+08
6734.00 2.7252e+08
6736.00 2.7507e+08
6738.00 2.7326e+08
6740.00 2.7142e+08
6742.00 2.7234e+08
6744.00 2.715e+08
6746.00 2.7132e+08
6748.00 2.7339e+08
6750.00 2.7132e+08
6752.00 2.7222e+08
6754.00 2.759e+08
6756.00 2.7422e+08
6758.00 2.7351e+08
6760.00 2.72e+08
6762.00 2.7436e+08
6764.00 2.7396e+08
6766.00 2.7256e+08
6768.00 2.7257e+08
6770.00 2.6719e+08
6772.00 2.7395e+08
6774.00 2.7442e+08
6776.00 2.7004e+08
6778.00 2.7114e+08
6780.00 2.7241e+08
6782.00 2.7242e+08
6784.00 2.734e+08
6786.00 2.7137e+08
6788.00 2.7034e+08
6790.00 2.7484e+08
6792.00 2.726e+08
6794.00 2.7379e+08
6796.00 2.7382e+08
6798.00 2.707e+08
6800.00 2.7562e+08
6802.00 2.742e+08
6804.00 2.7175e+08
6806.00 2.6958e+08
6808.00 2.7322e+08
6810.00 2.7248e+08
6812.00 2.7342e+08
6814.00 2.7496e+08
6816.00 2.7871e+08
6818.00 2.7164e+08
6820.00 2.7175e+08
6822.00 2.7475e+08
6824.00 2.7017e+08
6826.00 2.7069e+08
6828.00 2.712e+08
6830.00 2.7511e+08
6832.00 2.7114e+08
6834.00 2.7214e+08
6836.00 2.7552e+08
6838.00 2.7411e+08
6840.00 2.7528e+08
6842.00 2.7218e+08
6844.00 2.7192e+08
6846.00 2.7186e+08
6848.00 2.6902e+08
6850.00 2.7201e+08
6852.00 2.7489e+08
6854.00 2.7555e+08
6856.00 2.7519e+08
6858.00 2.722e+08
6860.00 2.6979e+08
