3300.0 1.522909148888113e-09
3301.0 1.5229091443348679e-09
3302.0 1.5229091397816226e-09
3303.0 1.5229091352283774e-09
3304.0 1.5229091306751321e-09
3305.0 1.522909126121887e-09
3306.0 1.522909121568642e-09
3307.0 1.522909117015397e-09
3308.0 1.522909112462152e-09
3309.0 1.5229091079089069e-09
3310.0 1.5229091033556616e-09
3311.0 1.5229090988024166e-09
3312.0 1.5229090942491717e-09
3313.0 1.522909089695927e-09
3314.0 1.5229090851426817e-09
3315.0 1.5229090805894366e-09
3316.0 1.5229090760361918e-09
3317.0 1.5229090714829467e-09
3318.0 1.5229090669297019e-09
3319.0 1.5229090623764568e-09
3320.0 1.522909057823212e-09
3321.0 1.5229090532699672e-09
3322.0 1.5229090487167221e-09
3323.0 1.5229090441634773e-09
3324.0 1.5229090396102324e-09
3325.0 1.5229090350569876e-09
3326.0 1.5229090305037427e-09
3327.0 1.5229090259504977e-09
3328.0 1.5229090213972529e-09
3329.0 1.5229090168440082e-09
3330.0 1.5229090122907634e-09
3331.0 1.5229090077375188e-09
3332.0 1.522909003184274e-09
3333.0 1.5229089986310293e-09
3334.0 1.5229089940777844e-09
3335.0 1.5229089895245398e-09
3336.0 1.5229089849712952e-09
3337.0 1.5229089804180503e-09
3338.0 1.5229089758648057e-09
3339.0 1.522908971311561e-09
3340.0 1.5229089667583164e-09
3341.0 1.5229089622050718e-09
3342.0 1.5229089576518272e-09
3343.0 1.5229089530985825e-09
3344.0 1.522908948545338e-09
3345.0 1.5229089439920933e-09
3346.0 1.5229089394388486e-09
3347.0 1.5229089348856042e-09
3348.0 1.5229089303323596e-09
3349.0 1.5229089257791151e-09
3350.0 1.5229089212258707e-09
3351.0 1.522908916672626e-09
3352.0 1.5229089121193817e-09
3353.0 1.5229089075661372e-09
3354.0 1.5229089030128928e-09
3355.0 1.5229088984596482e-09
3356.0 1.522908893906404e-09
3357.0 1.5229088893531595e-09
3358.0 1.5229088847999151e-09
3359.0 1.5229088802466707e-09
3360.0 1.5229088756934263e-09
3361.0 1.522908871140182e-09
3362.0 1.5229088665869376e-09
3363.0 1.5229088620336932e-09
3364.0 1.5229088574804488e-09
3365.0 1.5229088529272047e-09
3366.0 1.5229088483739603e-09
3367.0 1.5229088438207159e-09
3368.0 1.5229088392674719e-09
3369.0 1.5229088347142274e-09
3370.0 1.5229088301609832e-09
3371.0 1.522908825607739e-09
3372.0 1.5229088210544948e-09
3373.0 1.5229088165012508e-09
3374.0 1.5229088119480064e-09
3375.0 1.5229088073947621e-09
3376.0 1.5229088028415181e-09
3377.0 1.522908798288274e-09
3378.0 1.5229087937350299e-09
3379.0 1.5229087891817857e-09
3380.0 1.5229087846285414e-09
3381.0 1.5229087800752974e-09
3382.0 1.5229087755220534e-09
3383.0 1.5229087709688094e-09
3384.0 1.5229087664155652e-09
3385.0 1.5229087618623214e-09
3386.0 1.5229087573090772e-09
3387.0 1.5229087527558332e-09
3388.0 1.5229087482025893e-09
3389.0 1.5229087436493453e-09
3390.0 1.5229087390961013e-09
3391.0 1.5229087345428573e-09
3392.0 1.5229087299896135e-09
3393.0 1.5229087254363697e-09
3394.0 1.5229087208831255e-09
3395.0 1.5229087163298817e-09
3396.0 1.5229087117766377e-09
3397.0 1.5229087072233939e-09
3398.0 1.52290870267015e-09
3399.0 1.5229086981169062e-09
3400.0 1.5229086935636624e-09
3401.0 1.5229086890104186e-09
3402.0 1.5229086844571746e-09
3403.0 1.5229086799039308e-09
3404.0 1.5229086753506872e-09
3405.0 1.5229086707974436e-09
3406.0 1.5229086662441996e-09
3407.0 1.522908661690956e-09
3408.0 1.5229086571377122e-09
3409.0 1.5229086525844686e-09
3410.0 1.5229086480312246e-09
3411.0 1.522908643477981e-09
3412.0 1.5229086389247374e-09
3413.0 1.5229086343714938e-09
3414.0 1.5229086298182502e-09
3415.0 1.5229086252650066e-09
3416.0 1.5229086207117628e-09
3417.0 1.5229086161585192e-09
3418.0 1.5229086116052756e-09
3419.0 1.5229086070520322e-09
3420.0 1.5229086024987886e-09
3421.0 1.522908597945545e-09
3422.0 1.5229085933923016e-09
3423.0 1.522908588839058e-09
3424.0 1.5229085842858146e-09
3425.0 1.522908579732571e-09
3426.0 1.5229085751793276e-09
3427.0 1.522908570626084e-09
3428.0 1.5229085660728406e-09
3429.0 1.5229085615195972e-09
3430.0 1.5229085569663538e-09
3431.0 1.5229085524131104e-09
3432.0 1.5229085478598668e-09
3433.0 1.5229085433066235e-09
3434.0 1.5229085387533803e-09
3435.0 1.5229085342001369e-09
3436.0 1.5229085296468935e-09
3437.0 1.52290852509365e-09
3438.0 1.5229085205404067e-09
3439.0 1.5229085159871633e-09
3440.0 1.5229085114339203e-09
3441.0 1.522908506880677e-09
3442.0 1.5229085023274338e-09
3443.0 1.5229084977741904e-09
3444.0 1.5229084932209472e-09
3445.0 1.522908488667704e-09
3446.0 1.522908484114461e-09
3447.0 1.5229084795612176e-09
3448.0 1.5229084750079744e-09
3449.0 1.5229084704547312e-09
3450.0 1.5229084659014883e-09
3451.0 1.522908461348245e-09
3452.0 1.5229084567950019e-09
3453.0 1.5229084522417587e-09
3454.0 1.5229084476885157e-09
3455.0 1.5229084431352725e-09
3456.0 1.5229084385820294e-09
3457.0 1.5229084340287866e-09
3458.0 1.5229084294755434e-09
3459.0 1.5229084249223002e-09
3460.0 1.5229084203690574e-09
3461.0 1.5229084158158143e-09
3462.0 1.5229084112625713e-09
3463.0 1.5229084067093285e-09
3464.0 1.5229084021560853e-09
3465.0 1.5229083976028426e-09
3466.0 1.5229083930495996e-09
3467.0 1.5229083884963566e-09
3468.0 1.5229083839431136e-09
3469.0 1.5229083793898708e-09
3470.0 1.522908374836628e-09
3471.0 1.522908370283385e-09
3472.0 1.5229083657301423e-09
3473.0 1.5229083611768993e-09
3474.0 1.5229083566236566e-09
3475.0 1.5229083520704138e-09
3476.0 1.522908347517171e-09
3477.0 1.522908342963928e-09
3478.0 1.5229083384106855e-09
3479.0 1.5229083338574427e-09
3480.0 1.5229083293042e-09
3481.0 1.5229083247509572e-09
3482.0 1.5229083201977144e-09
3483.0 1.5229083156444718e-09
3484.0 1.5229083110912289e-09
3485.0 1.5229083065379863e-09
3486.0 1.5229083019847437e-09
3487.0 1.5229082974315012e-09
3488.0 1.5229082928782584e-09
3489.0 1.5229082883250158e-09
3490.0 1.5229082837717733e-09
3491.0 1.5229082792185305e-09
3492.0 1.5229082746652881e-09
3493.0 1.5229082701120456e-09
3494.0 1.5229082655588028e-09
3495.0 1.5229082610055604e-09
3496.0 1.5229082564523179e-09
3497.0 1.5229082518990753e-09
3498.0 1.522908247345833e-09
3499.0 1.5229082427925904e-09
3500.0 1.5229082382393478e-09
3501.0 1.5229082336861054e-09
3502.0 1.522908229132863e-09
3503.0 1.5229082245796207e-09
3504.0 1.5229082200263784e-09
3505.0 2.5175e-09
3510.0 2.2027e-09
3515.0 2.7287e-09
3520.0 2.3418e-09
3525.0 2.5636e-09
3530.0 2.6129e-09
3535.0 2.3349e-09
3540.0 2.2304e-09
3545.0 1.9016e-09
3550.0 3.1444e-09
3555.0 1.9643e-09
3560.0 1.918e-09
3565.0 2.7665e-09
3570.0 2.6095e-09
3575.0 2.122e-09
3580.0 2.3956e-09
3585.0 1.8556e-09
3590.0 2.1394e-09
3595.0 2.3355e-09
3600.0 2.4517e-09
3605.0 2.5492e-09
3610.0 2.7439e-09
3615.0 2.1435e-09
3620.0 2.2028e-09
3625.0 2.056e-09
3630.0 2.3303e-09
3635.0 3.1132e-09
3640.0 2.1225e-09
3645.0 1.7222e-09
3650.0 1.429e-09
3655.0 1.9055e-09
3660.0 2.1643e-09
3665.0 2.4954e-09
3670.0 2.2861e-09
3675.0 2.1808e-09
3680.0 2.5699e-09
3685.0 2.254e-09
3690.0 2.6521e-09
3695.0 2.1132e-09
3700.0 2.2751e-09
3705.0 2.0681e-09
3710.0 2.1016e-09
3715.0 1.9993e-09
3720.0 2.5436e-09
3725.0 2.158e-09
3730.0 2.7808e-09
3735.0 2.4092e-09
3740.0 2.3082e-09
3745.0 1.9086e-09
3750.0 2.3242e-09
3755.0 2.2573e-09
3760.0 2.2207e-09
3765.0 2.3424e-09
3770.0 2.2065e-09
3775.0 2.457e-09
3780.0 2.1313e-09
3785.0 2.3569e-09
3790.0 2.1166e-09
3795.0 2.4808e-09
3800.0 1.7576e-09
3805.0 1.9101e-09
3810.0 1.6616e-09
3815.0 1.7883e-09
3820.0 2.3544e-09
3825.0 1.9297e-09
3830.0 2.0325e-09
3835.0 1.5578e-09
3840.0 1.9424e-09
3845.0 1.9697e-09
3850.0 1.6951e-09
3855.0 2.0814e-09
3860.0 1.6944e-09
3865.0 1.969e-09
3870.0 2.2727e-09
3875.0 2.1775e-09
3880.0 2.1126e-09
3885.0 1.8506e-09
3890.0 2.1118e-09
3895.0 1.6898e-09
3900.0 1.8588e-09
3905.0 1.9459e-09
3910.0 2.1344e-09
3915.0 2.1057e-09
3920.0 1.6301e-09
3925.0 1.9109e-09
3930.0 1.6717e-09
3935.0 1.9551e-09
3940.0 1.8571e-09
3945.0 1.8048e-09
3950.0 1.7792e-09
3955.0 1.7857e-09
3960.0 2.1411e-09
3965.0 2.0361e-09
3970.0 2.1039e-09
3975.0 2.1457e-09
3980.0 1.7627e-09
3985.0 1.7547e-09
3990.0 1.6599e-09
3995.0 1.4854e-09
4000.0 1.7964e-09
4005.0 1.6748e-09
4010.0 1.6594e-09
4015.0 1.6523e-09
4020.0 1.9442e-09
4025.0 1.8733e-09
4030.0 1.7726e-09
4035.0 1.5527e-09
4040.0 1.564e-09
4045.0 2.4755e-09
4050.0 2.1722e-09
4055.0 1.9222e-09
4060.0 1.6203e-09
4065.0 1.4727e-09
4070.0 1.3742e-09
4075.0 1.5605e-09
4080.0 1.463e-09
4085.0 1.3833e-09
4090.0 1.5881e-09
4095.0 1.186e-09
4100.0 1.3855e-09
4105.0 1.421e-09
4110.0 1.2801e-09
4115.0 1.4157e-09
4120.0 1.778e-09
4125.0 1.6191e-09
4130.0 1.7197e-09
4135.0 1.583e-09
4140.0 1.4412e-09
4145.0 1.7333e-09
4150.0 2.3342e-09
4155.0 1.9008e-09
4160.0 1.9302e-09
4165.0 1.7061e-09
4170.0 1.5563e-09
4175.0 1.644e-09
4180.0 1.6358e-09
4185.0 1.6587e-09
4190.0 1.4673e-09
4195.0 1.3792e-09
4200.0 1.4953e-09
4205.0 1.45e-09
4210.0 1.6094e-09
4215.0 1.4875e-09
4220.0 1.2972e-09
4225.0 1.5926e-09
4230.0 1.4213e-09
4235.0 1.6371e-09
4240.0 1.4237e-09
4245.0 1.2828e-09
4250.0 1.4575e-09
4255.0 1.3489e-09
4260.0 1.4599e-09
4265.0 1.4853e-09
4270.0 1.4315e-09
4275.0 1.706e-09
4280.0 1.4265e-09
4285.0 1.6255e-09
4290.0 1.4533e-09
4295.0 1.6692e-09
4300.0 1.4842e-09
4305.0 1.3414e-09
4310.0 1.3477e-09
4315.0 1.5983e-09
4320.0 1.2384e-09
4325.0 1.3846e-09
4330.0 1.2141e-09
4335.0 1.2807e-09
4340.0 1.6269e-09
4345.0 1.5867e-09
4350.0 1.8978e-09
4355.0 1.564e-09
4360.0 1.9292e-09
4365.0 1.6274e-09
4370.0 1.6685e-09
4375.0 1.5705e-09
4380.0 1.5075e-09
4385.0 1.9515e-09
4390.0 1.3848e-09
4395.0 1.7042e-09
4400.0 1.5111e-09
4405.0 1.4132e-09
4410.0 1.3353e-09
4415.0 1.6373e-09
4420.0 1.2718e-09
4425.0 1.3176e-09
4430.0 1.2405e-09
4435.0 1.4648e-09
4440.0 1.4714e-09
4445.0 1.8667e-09
4450.0 1.4107e-09
4455.0 1.3129e-09
4460.0 1.5555e-09
4465.0 1.4311e-09
4470.0 1.3684e-09
4475.0 1.3919e-09
4480.0 1.3796e-09
4485.0 1.3626e-09
4490.0 1.3275e-09
4495.0 1.4304e-09
4500.0 1.4363e-09
4505.0 1.6604e-09
4510.0 1.0946e-09
4515.0 1.3019e-09
4520.0 1.2445e-09
4525.0 1.5693e-09
4530.0 1.1584e-09
4535.0 1.5492e-09
4540.0 1.4802e-09
4545.0 1.3553e-09
4550.0 1.3042e-09
4555.0 1.1918e-09
4560.0 1.1606e-09
4565.0 1.1638e-09
4570.0 1.2986e-09
4575.0 1.3953e-09
4580.0 1.3004e-09
4585.0 1.7706e-09
4590.0 1.3218e-09
4595.0 1.8087e-09
4600.0 1.342e-09
4605.0 1.3836e-09
4610.0 1.6218e-09
4615.0 1.4487e-09
4620.0 1.2581e-09
4625.0 1.4777e-09
4630.0 1.3442e-09
4635.0 1.5416e-09
4640.0 1.305e-09
4645.0 1.3196e-09
4650.0 1.3063e-09
4655.0 1.4084e-09
4660.0 1.0573e-09
4665.0 1.3469e-09
4670.0 1.3101e-09
4675.0 1.1098e-09
4680.0 1.2189e-09
4685.0 1.0986e-09
4690.0 1.3803e-09
4695.0 1.0657e-09
4700.0 1.1411e-09
4705.0 1.0906e-09
4710.0 1.1473e-09
4715.0 1.0306e-09
4720.0 1.1441e-09
4725.0 1.0763e-09
4730.0 9.7585e-10
4735.0 1.0717e-09
4740.0 1.0552e-09
4745.0 1.1144e-09
4750.0 1.1233e-09
4755.0 9.8571e-10
4760.0 1.1017e-09
4765.0 1.1406e-09
4770.0 9.9895e-10
4775.0 1.0108e-09
4780.0 1.1389e-09
4785.0 1.0284e-09
4790.0 1.0973e-09
4795.0 1.0218e-09
4800.0 1.4139e-09
4805.0 1.155e-09
4810.0 9.7901e-10
4815.0 1.065e-09
4820.0 1.1742e-09
4825.0 1.2974e-09
4830.0 1.2296e-09
4835.0 1.0613e-09
4840.0 1.0681e-09
4845.0 1.1648e-09
4850.0 1.2717e-09
4855.0 1.3759e-09
4860.0 1.2358e-09
4865.0 1.3135e-09
4870.0 1.3672e-09
4875.0 1.1798e-09
4880.0 1.1389e-09
4885.0 1.1082e-09
4890.0 1.2068e-09
4895.0 1.1347e-09
4900.0 1.1086e-09
4905.0 1.1485e-09
4910.0 1.2849e-09
4915.0 1.115e-09
4920.0 1.0494e-09
4925.0 9.0463e-10
4930.0 8.673e-10
4935.0 6.0448e-10
4940.0 7.0696e-10
4945.0 7.0427e-10
4950.0 5.6237e-10
4955.0 5.3411e-10
4960.0 5.8859e-10
4965.0 3.8027e-10
4970.0 8.4266e-10
4975.0 5.7764e-10
4980.0 7.0149e-10
4985.0 7.6752e-10
4990.0 9.313e-10
4995.0 7.9596e-10
5000.0 8.8389e-10
5005.0 1.093e-09
5010.0 9.7563e-10
5015.0 1.0728e-09
5020.0 1.1575e-09
5025.0 7.8544e-10
5030.0 9.166e-10
5035.0 9.5849e-10
5040.0 8.6062e-10
5045.0 1.0297e-09
5050.0 9.3666e-10
5055.0 8.302e-10
5060.0 1.0474e-09
5065.0 1.1669e-09
5070.0 1.0546e-09
5075.0 9.8514e-10
5080.0 1.0951e-09
5085.0 1.2223e-09
5090.0 1.2633e-09
5095.0 1.6062e-09
5100.0 1.3359e-09
5105.0 1.1808e-09
5110.0 1.2479e-09
5115.0 9.2612e-10
5120.0 1.054e-09
5125.0 9.6921e-10
5130.0 8.8855e-10
5135.0 9.1641e-10
5140.0 8.662e-10
5145.0 8.7878e-10
5150.0 8.3693e-10
5155.0 8.9306e-10
5160.0 9.591e-10
5165.0 9.6885e-10
5170.0 9.5675e-10
5175.0 1.0844e-09
5180.0 1.1101e-09
5185.0 1.2728e-09
5190.0 1.2026e-09
5195.0 1.2221e-09
5200.0 1.2694e-09
5205.0 1.0503e-09
5210.0 1.3124e-09
5215.0 1.1479e-09
5220.0 1.0839e-09
5225.0 1.2675e-09
5230.0 1.1808e-09
5235.0 1.7128e-09
5240.0 1.3449e-09
5245.0 1.332e-09
5250.0 1.164e-09
5255.0 1.3259e-09
5260.0 1.3979e-09
5265.0 1.3391e-09
5270.0 1.2394e-09
5275.0 1.1747e-09
5280.0 1.2806e-09
5285.0 1.1299e-09
5290.0 1.0542e-09
5295.0 1.1935e-09
5300.0 1.1487e-09
5305.0 1.3883e-09
5310.0 1.5618e-09
5315.0 1.3253e-09
5320.0 1.3887e-09
5325.0 1.1168e-09
5330.0 1.0188e-09
5335.0 1.0481e-09
5340.0 1.2707e-09
5345.0 1.3186e-09
5350.0 9.1235e-10
5355.0 1.0712e-09
5360.0 1.1565e-09
5365.0 1.0716e-09
5370.0 1.2007e-09
5375.0 1.3298e-09
5380.0 1.0422e-09
5385.0 1.1703e-09
5390.0 8.6809e-10
5395.0 1.5038e-09
5400.0 8.1597e-10
5405.0 8.9811e-10
5410.0 9.6769e-10
5415.0 1.0033e-09
5420.0 9.256e-10
5425.0 1.0325e-09
5430.0 1.1104e-09
5435.0 1.0924e-09
5440.0 1.1232e-09
5445.0 1.2839e-09
5450.0 1.2188e-09
5455.0 1.1739e-09
5460.0 1.1742e-09
5465.0 1.3829e-09
5470.0 1.063e-09
5475.0 1.1967e-09
5480.0 1.1493e-09
5485.0 1.4746e-09
5490.0 1.2011e-09
5495.0 1.0956e-09
5500.0 1.0192e-09
5505.0 1.103e-09
5510.0 8.8799e-10
5515.0 1.0879e-09
5520.0 1.2569e-09
5525.0 1.2642e-09
5530.0 1.0373e-09
5535.0 1.0722e-09
5540.0 1.1008e-09
5545.0 1.2016e-09
5550.0 1.3471e-09
5555.0 1.0715e-09
5560.0 1.0741e-09
5565.0 1.1724e-09
5570.0 1.3626e-09
5575.0 1.1329e-09
5580.0 1.1417e-09
5585.0 9.6767e-10
5590.0 1.3245e-09
5595.0 1.2572e-09
5600.0 1.2801e-09
5605.0 1.3601e-09
5610.0 1.1563e-09
5615.0 1.135e-09
5620.0 9.5581e-10
5625.0 1.0475e-09
5630.0 1.1907e-09
5635.0 1.3509e-09
5640.0 1.1954e-09
5645.0 1.2933e-09
5650.0 1.4347e-09
5655.0 1.1817e-09
5660.0 1.208e-09
5665.0 1.252e-09
5670.0 1.2808e-09
5675.0 1.3166e-09
5680.0 1.3787e-09
5685.0 1.4292e-09
5690.0 1.4138e-09
5695.0 1.3986e-09
5700.0 1.4155e-09
5705.0 1.3831e-09
5710.0 1.355e-09
5715.0 1.3024e-09
5720.0 1.3054e-09
5725.0 1.2878e-09
5730.0 1.2973e-09
5735.0 1.2841e-09
5740.0 1.2806e-09
5745.0 1.2951e-09
5750.0 1.3196e-09
5755.0 1.3409e-09
5760.0 1.3738e-09
5765.0 1.3889e-09
5770.0 1.4066e-09
5775.0 1.4157e-09
5780.0 1.4611e-09
5785.0 1.4634e-09
5790.0 1.435e-09
5795.0 1.4268e-09
5800.0 1.3421e-09
5805.0 1.3476e-09
5810.0 1.3326e-09
5815.0 1.3002e-09
5820.0 1.3216e-09
5825.0 1.3591e-09
5830.0 1.4113e-09
5835.0 1.4194e-09
5840.0 1.4369e-09
5845.0 1.4347e-09
5850.0 1.443e-09
5855.0 1.4765e-09
5860.0 1.5155e-09
5865.0 1.494e-09
5870.0 1.4777e-09
5875.0 1.6812e-09
5880.0 1.9442e-09
5885.0 2.2433e-09
5890.0 2.7026e-09
5895.0 2.4979e-09
5900.0 2.147e-09
5905.0 1.9302e-09
5910.0 1.7011e-09
5915.0 1.5878e-09
5920.0 1.506e-09
5925.0 1.4993e-09
5930.0 1.5275e-09
5935.0 1.5478e-09
5940.0 1.5492e-09
5945.0 1.5132e-09
5950.0 1.5114e-09
5955.0 1.5217e-09
5960.0 1.4788e-09
5965.0 1.4426e-09
5970.0 1.419e-09
5975.0 1.4507e-09
5980.0 1.4181e-09
5985.0 1.4881e-09
5990.0 1.4883e-09
5995.0 1.3922e-09
6000.0 1.3687e-09
6005.0 1.3441e-09
6010.0 1.3554e-09
6015.0 1.382e-09
6020.0 1.3782e-09
6025.0 1.3602e-09
6030.0 1.3399e-09
6035.0 1.3033e-09
6040.0 1.3022e-09
6045.0 1.2749e-09
6050.0 1.2668e-09
6055.0 1.3046e-09
6060.0 1.2711e-09
6065.0 1.2711e-09
6070.0 1.2999e-09
6075.0 1.2744e-09
6080.0 1.2596e-09
6085.0 1.2938e-09
6090.0 1.3346e-09
6095.0 1.3228e-09
6100.0 1.3112e-09
6105.0 1.3124e-09
6110.0 1.3402e-09
6115.0 1.4128e-09
6120.0 1.3766e-09
6125.0 1.3345e-09
6130.0 1.3287e-09
6135.0 1.3508e-09
6140.0 1.3746e-09
6145.0 1.4051e-09
6150.0 1.3997e-09
6155.0 1.36e-09
6160.0 1.3487e-09
6165.0 1.333e-09
6170.0 1.3338e-09
6175.0 1.2926e-09
6180.0 1.2996e-09
6185.0 1.3197e-09
6190.0 1.331e-09
6195.0 1.3077e-09
6200.0 1.3146e-09
6205.0 1.2795e-09
6210.0 1.2945e-09
6215.0 1.3095e-09
6220.0 1.309e-09
6225.0 1.3076e-09
6230.0 1.341e-09
6235.0 1.3329e-09
6240.0 1.3115e-09
6245.0 1.3107e-09
6250.0 1.3149e-09
6255.0 1.3492e-09
6260.0 1.3385e-09
6265.0 1.3172e-09
6270.0 1.324e-09
6275.0 1.3037e-09
6280.0 1.3018e-09
6285.0 1.3319e-09
6290.0 1.4322e-09
6295.0 1.5309e-09
6300.0 1.5421e-09
6305.0 1.4607e-09
6310.0 1.3705e-09
6315.0 1.3582e-09
6320.0 1.3343e-09
6325.0 1.3097e-09
6330.0 1.2978e-09
6335.0 1.2825e-09
6340.0 1.2792e-09
6345.0 1.2904e-09
6350.0 1.3111e-09
6355.0 1.3574e-09
6360.0 1.3828e-09
6365.0 1.3591e-09
6370.0 1.3536e-09
6375.0 1.3531e-09
6380.0 1.3463e-09
6385.0 1.3452e-09
6390.0 1.3583e-09
6395.0 1.3707e-09
6400.0 1.3481e-09
6405.0 1.3393e-09
6410.0 1.3019e-09
6415.0 1.2982e-09
6420.0 1.3279e-09
6425.0 1.3228e-09
6430.0 1.2846e-09
6435.0 1.2724e-09
6440.0 1.2662e-09
6445.0 1.2578e-09
6450.0 1.2641e-09
6455.0 1.2999e-09
6460.0 1.3145e-09
6465.0 1.2975e-09
6470.0 1.2984e-09
6475.0 1.3004e-09
6480.0 1.2967e-09
6485.0 1.2941e-09
6490.0 1.2987e-09
6495.0 1.31e-09
6500.0 1.2967e-09
6505.0 1.301e-09
6510.0 1.309e-09
6515.0 1.2831e-09
6520.0 1.2729e-09
6525.0 1.2638e-09
6530.0 1.2547e-09
6535.0 1.2694e-09
6540.0 1.2716e-09
6545.0 1.2649e-09
6550.0 1.2384e-09
6555.0 1.2661e-09
6560.0 1.267e-09
6565.0 1.2364e-09
6570.0 1.2519e-09
6575.0 1.2367e-09
6580.0 1.2406e-09
6585.0 1.2393e-09
6590.0 1.2151e-09
6595.0 1.2222e-09
6600.0 1.2223e-09
6605.0 1.181e-09
6610.0 1.1418e-09
6615.0 1.1287e-09
6620.0 1.1515e-09
6625.0 1.1737e-09
6630.0 1.1679e-09
6635.0 1.1874e-09
6640.0 1.1914e-09
6645.0 1.1534e-09
6650.0 1.1552e-09
6655.0 1.155e-09
6660.0 1.1333e-09
6665.0 1.1163e-09
6670.0 1.0958e-09
6675.0 1.1049e-09
6680.0 1.1006e-09
6685.0 9.8052e-10
6690.0 9.3149e-10
6695.0 7.9038e-10
6700.0 4.8014e-10
6705.0 4.1495e-10
6710.0 5.1342e-10
6715.0 6.4565e-10
6720.0 7.1373e-10
6725.0 6.9194e-10
6730.0 7.3303e-10
6735.0 8.1667e-10
6740.0 9.7845e-10
6745.0 1.1128e-09
6750.0 1.1045e-09
6755.0 1.0854e-09
6760.0 1.1084e-09
6765.0 1.1001e-09
6770.0 1.1155e-09
6775.0 1.136e-09
6780.0 1.1505e-09
6785.0 1.1717e-09
6790.0 1.1399e-09
6795.0 1.1561e-09
6800.0 1.1824e-09
6805.0 1.1792e-09
6810.0 1.1484e-09
6815.0 1.1469e-09
6820.0 1.2016e-09
6825.0 1.2345e-09
6830.0 1.2306e-09
6835.0 1.2305e-09
6840.0 1.2338e-09
6845.0 1.2258e-09
6850.0 1.2172e-09
6855.0 1.1163e-09
6860.0 1.0487e-09
6865.0 1.034e-09
6870.0 9.875e-10
6875.0 9.9887e-10
6880.0 1.0923e-09
6885.0 1.1587e-09
6890.0 1.2448e-09
6895.0 1.3175e-09
6900.0 1.3112e-09
6905.0 1.3147e-09
6910.0 1.3249e-09
6915.0 1.3292e-09
6920.0 1.3414e-09
6925.0 1.3431e-09
6930.0 1.3485e-09
6935.0 1.3429e-09
6940.0 1.3584e-09
6945.0 1.384e-09
6950.0 1.3855e-09
6955.0 1.375e-09
6960.0 1.366e-09
6965.0 1.3723e-09
6970.0 1.3646e-09
6975.0 1.3468e-09
6980.0 1.3797e-09
6985.0 1.4033e-09
6990.0 1.3715e-09
6995.0 1.3564e-09
7000.0 1.358e-09
7005.0 1.3571e-09
7010.0 1.371e-09
7015.0 1.3751e-09
7020.0 1.3823e-09
7025.0 1.3935e-09
7030.0 1.3886e-09
7035.0 1.3779e-09
7040.0 1.3578e-09
7045.0 1.3504e-09
7050.0 1.3796e-09
7055.0 1.4023e-09
7060.0 1.373e-09
7065.0 1.3586e-09
7070.0 1.3846e-09
7075.0 1.3852e-09
7080.0 1.3868e-09
7085.0 1.3828e-09
7090.0 1.3827e-09
7095.0 1.4032e-09
7100.0 1.4081e-09
7105.0 1.4051e-09
7110.0 1.3833e-09
7115.0 1.3693e-09
7120.0 1.3818e-09
7125.0 1.389e-09
7130.0 1.3945e-09
7135.0 1.3845e-09
7140.0 1.3971e-09
7145.0 1.3868e-09
7150.0 1.373e-09
7155.0 1.3719e-09
7160.0 1.3907e-09
7165.0 1.3994e-09
7170.0 1.3855e-09
7175.0 1.3882e-09
7180.0 1.3465e-09
7185.0 1.3306e-09
7190.0 1.3454e-09
7195.0 1.353e-09
7200.0 1.3605e-09
7205.0 1.3749e-09
7210.0 1.3883e-09
7215.0 1.3879e-09
7220.0 1.3973e-09
7225.0 1.3902e-09
7230.0 1.4021e-09
7235.0 1.4455e-09
7240.0 1.5129e-09
7245.0 1.5766e-09
7250.0 1.5473e-09
7255.0 1.4915e-09
7260.0 1.4842e-09
7265.0 1.5014e-09
7270.0 1.56e-09
7275.0 1.5822e-09
7280.0 1.6083e-09
7285.0 1.5731e-09
7290.0 1.5237e-09
7295.0 1.5468e-09
7300.0 1.5417e-09
7305.0 1.5466e-09
7310.0 1.6095e-09
7315.0 1.6331e-09
7320.0 1.6323e-09
7325.0 1.5747e-09
7330.0 1.5594e-09
7335.0 1.6122e-09
7340.0 1.6332e-09
7345.0 1.6317e-09
7350.0 1.58e-09
7355.0 1.5374e-09
7360.0 1.55e-09
7365.0 1.5398e-09
7370.0 1.559e-09
7375.0 1.6126e-09
7380.0 1.5193e-09
7385.0 1.4935e-09
7390.0 1.5039e-09
7395.0 1.5044e-09
7400.0 1.5185e-09
7405.0 1.5199e-09
7410.0 1.4815e-09
7415.0 1.4664e-09
7420.0 1.4732e-09
7425.0 1.4615e-09
7430.0 1.4531e-09
7435.0 1.4875e-09
7440.0 1.5264e-09
7445.0 1.5096e-09
7450.0 1.468e-09
7455.0 1.4574e-09
7460.0 1.4631e-09
7465.0 1.4697e-09
7470.0 1.4998e-09
7475.0 1.5296e-09
7480.0 1.5019e-09
7485.0 1.4815e-09
7490.0 1.4734e-09
7495.0 1.4551e-09
7500.0 1.4898e-09
7505.0 1.5334e-09
7510.0 1.5038e-09
7515.0 1.5089e-09
7520.0 1.5404e-09
7525.0 1.5666e-09
7530.0 1.5767e-09
7535.0 1.5176e-09
7540.0 1.4623e-09
7545.0 1.4655e-09
7550.0 1.5123e-09
7555.0 1.5256e-09
7560.0 1.517e-09
7565.0 1.5499e-09
7570.0 1.5553e-09
7575.0 1.5498e-09
7580.0 1.5484e-09
7585.0 1.4668e-09
7590.0 1.4469e-09
7595.0 1.4045e-09
7600.0 1.2107e-09
7605.0 1.2459e-09
7610.0 1.3589e-09
7615.0 1.4166e-09
7620.0 1.4522e-09
7625.0 1.4184e-09
7630.0 1.3798e-09
7635.0 1.3784e-09
7640.0 1.3717e-09
7645.0 1.3947e-09
7650.0 1.4154e-09
7655.0 1.4052e-09
7660.0 1.4227e-09
7665.0 1.471e-09
7670.0 1.482e-09
7675.0 1.4699e-09
7680.0 1.4514e-09
7685.0 1.4422e-09
7690.0 1.4458e-09
7695.0 1.417e-09
7700.0 1.4055e-09
7705.0 1.4798e-09
7710.0 1.5606e-09
7715.0 1.6063e-09
7720.0 1.6137e-09
7725.0 1.5313e-09
7730.0 1.4677e-09
7735.0 1.4125e-09
7740.0 1.4384e-09
7745.0 1.5401e-09
7750.0 1.6071e-09
7755.0 1.7068e-09
7760.0 1.6349e-09
7765.0 1.5568e-09
7770.0 1.5852e-09
7775.0 1.5438e-09
7780.0 1.5344e-09
7785.0 1.5684e-09
7790.0 1.6156e-09
7795.0 1.611e-09
7800.0 1.6363e-09
7805.0 1.6173e-09
7810.0 1.5825e-09
7815.0 1.7081e-09
7820.0 1.7233e-09
7825.0 1.6533e-09
7830.0 1.5858e-09
7835.0 1.5456e-09
7840.0 1.566e-09
7845.0 1.601e-09
7850.0 1.6616e-09
7855.0 1.7118e-09
7860.0 1.7222e-09
7865.0 1.6848e-09
7870.0 1.6407e-09
7875.0 1.6328e-09
7880.0 1.6191e-09
7885.0 1.6005e-09
7890.0 1.5844e-09
7895.0 1.5864e-09
7900.0 1.5706e-09
7905.0 1.5565e-09
7910.0 1.7039e-09
7915.0 1.8792e-09
7920.0 1.8063e-09
7925.0 1.651e-09
7930.0 1.5853e-09
7935.0 1.5085e-09
7940.0 1.5238e-09
7945.0 1.5714e-09
7950.0 1.5403e-09
7955.0 1.5614e-09
7960.0 1.636e-09
7965.0 1.6159e-09
7970.0 1.6548e-09
7975.0 1.6646e-09
7980.0 1.5215e-09
7985.0 1.5632e-09
7990.0 1.6625e-09
7995.0 1.6609e-09
8000.0 1.6375e-09
8005.0 1.5446e-09
8010.0 1.5344e-09
8015.0 1.5259e-09
8020.0 1.6239e-09
8025.0 1.6763e-09
8030.0 1.6617e-09
8035.0 1.6333e-09
8040.0 1.524e-09
8045.0 1.5192e-09
8050.0 1.5254e-09
8055.0 1.5238e-09
8060.0 1.5577e-09
8065.0 1.5782e-09
8070.0 1.568e-09
8075.0 1.538e-09
8080.0 1.5431e-09
8085.0 1.5894e-09
8090.0 1.6185e-09
8095.0 1.6144e-09
8100.0 1.6178e-09
8105.0 1.6209e-09
8110.0 1.5803e-09
8115.0 1.5442e-09
8120.0 1.5479e-09
8125.0 1.5382e-09
8130.0 1.5251e-09
8135.0 1.5368e-09
8140.0 1.5334e-09
8145.0 1.5311e-09
8150.0 1.5444e-09
8155.0 1.5327e-09
8160.0 1.5441e-09
8165.0 1.5551e-09
8170.0 1.5503e-09
8175.0 1.618e-09
8180.0 1.7083e-09
8185.0 1.7856e-09
8190.0 1.9058e-09
8195.0 1.9092e-09
8200.0 1.8782e-09
8205.0 1.8327e-09
8210.0 1.6963e-09
8215.0 1.623e-09
8220.0 1.5774e-09
8225.0 1.5942e-09
8230.0 1.5703e-09
8235.0 1.5806e-09
8240.0 1.6275e-09
8245.0 1.6242e-09
8250.0 1.5981e-09
8255.0 1.5907e-09
8260.0 1.5747e-09
8265.0 1.5934e-09
8270.0 1.633e-09
8275.0 1.7028e-09
8280.0 1.828e-09
8285.0 1.8605e-09
8290.0 1.8647e-09
8295.0 1.9415e-09
8300.0 1.8812e-09
8305.0 1.8129e-09
8310.0 1.7046e-09
8315.0 1.6116e-09
8320.0 1.6206e-09
8325.0 1.5823e-09
8330.0 1.5994e-09
8335.0 1.7299e-09
8340.0 1.9469e-09
8345.0 2.146e-09
8350.0 2.2167e-09
8355.0 1.8591e-09
8360.0 1.7193e-09
8365.0 1.6489e-09
8370.0 1.6524e-09
8375.0 1.6656e-09
8380.0 1.6867e-09
8385.0 1.7016e-09
8390.0 1.7405e-09
8395.0 1.9392e-09
8400.0 1.8902e-09
8405.0 1.837e-09
8410.0 1.7262e-09
8415.0 1.6921e-09
8420.0 1.7183e-09
8425.0 1.9435e-09
8430.0 1.8844e-09
8435.0 1.886e-09
8440.0 1.8743e-09
8445.0 1.6964e-09
8450.0 1.8041e-09
8455.0 1.8501e-09
8460.0 1.9846e-09
8465.0 1.9606e-09
8470.0 1.8892e-09
8475.0 1.7933e-09
8480.0 1.6471e-09
8485.0 1.6363e-09
8490.0 1.7331e-09
8495.0 1.759e-09
8500.0 1.826e-09
8505.0 1.823e-09
8510.0 1.7731e-09
8515.0 1.7568e-09
8520.0 1.7405e-09
8525.0 1.7439e-09
8530.0 1.6994e-09
8535.0 1.6512e-09
8540.0 1.6351e-09
8545.0 1.6718e-09
8550.0 1.7186e-09
8555.0 1.7596e-09
8560.0 1.7612e-09
8565.0 1.729e-09
8570.0 1.7634e-09
8575.0 1.7674e-09
8580.0 1.7079e-09
8585.0 1.6777e-09
8590.0 1.6959e-09
8595.0 1.675e-09
8600.0 1.6579e-09
8605.0 1.6814e-09
8610.0 1.6841e-09
8615.0 1.705e-09
8620.0 1.7339e-09
8625.0 1.8236e-09
8630.0 1.8422e-09
8635.0 1.8156e-09
8640.0 1.7695e-09
8645.0 1.7232e-09
8650.0 1.7381e-09
8655.0 1.7064e-09
8660.0 1.7006e-09
8665.0 1.6528e-09
8670.0 1.6339e-09
8675.0 1.6822e-09
8680.0 1.713e-09
8685.0 1.746e-09
8690.0 1.7341e-09
8695.0 1.6352e-09
8700.0 1.566e-09
8705.0 1.5878e-09
8710.0 1.5869e-09
8715.0 1.5687e-09
8720.0 1.6402e-09
8725.0 1.6648e-09
8730.0 1.6817e-09
8735.0 1.7387e-09
8740.0 1.657e-09
8745.0 1.5543e-09
8750.0 1.5556e-09
8755.0 1.6073e-09
8760.0 1.8259e-09
8765.0 1.9892e-09
8770.0 2.0259e-09
8775.0 2.0936e-09
8780.0 2.0112e-09
8785.0 1.9551e-09
8790.0 1.8396e-09
8795.0 1.7257e-09
8800.0 1.7168e-09
8805.0 1.7011e-09
8810.0 1.7111e-09
8815.0 1.68e-09
8820.0 2.1088e-09
8825.0 2.3155e-09
8830.0 2.2186e-09
8835.0 2.0741e-09
8840.0 1.9135e-09
8845.0 1.8107e-09
8850.0 1.7858e-09
8855.0 1.7703e-09
8860.0 1.7207e-09
8865.0 1.731e-09
8870.0 1.6358e-09
8875.0 1.6579e-09
8880.0 1.9049e-09
8885.0 1.9005e-09
8890.0 1.9051e-09
8895.0 1.8159e-09
8900.0 1.7084e-09
8905.0 1.7251e-09
8910.0 1.8106e-09
8915.0 1.9597e-09
8920.0 2.0806e-09
8925.0 2.1509e-09
8930.0 1.908e-09
8935.0 1.6718e-09
8940.0 1.7725e-09
8945.0 1.8179e-09
8950.0 1.8215e-09
8955.0 1.9534e-09
8960.0 2.0476e-09
8965.0 1.9556e-09
8970.0 1.7551e-09
8975.0 1.7034e-09
8980.0 1.771e-09
8985.0 1.8129e-09
8990.0 1.763e-09
8995.0 1.8343e-09
9000.0 1.9242e-09
9005.0 1.8173e-09
9010.0 1.7225e-09
9015.0 1.5946e-09
9020.0 1.5914e-09
9025.0 1.697e-09
9030.0 1.6867e-09
9035.0 1.6863e-09
9040.0 1.7354e-09
9045.0 1.7925e-09
9050.0 1.7975e-09
9055.0 1.823e-09
9060.0 1.8084e-09
9065.0 1.7437e-09
9070.0 1.72e-09
9075.0 1.7416e-09
9080.0 1.6991e-09
9085.0 1.6614e-09
9090.0 1.7265e-09
9095.0 1.7116e-09
9100.0 1.6869e-09
9105.0 1.6783e-09
9110.0 1.6902e-09
9115.0 1.6953e-09
9120.0 1.7359e-09
9125.0 1.7373e-09
9130.0 1.657e-09
9135.0 1.6795e-09
9140.0 1.7237e-09
9145.0 1.7103e-09
9150.0 1.6906e-09
9155.0 1.6961e-09
9160.0 1.7387e-09
9165.0 1.7151e-09
9170.0 1.6288e-09
9175.0 1.5875e-09
9180.0 1.6089e-09
9185.0 1.6096e-09
9190.0 1.594e-09
9195.0 1.6153e-09
9200.0 1.6782e-09
9205.0 1.7372e-09
9210.0 1.718e-09
9215.0 1.6889e-09
9220.0 1.7133e-09
9225.0 1.6843e-09
9230.0 1.5749e-09
9235.0 1.5424e-09
9240.0 1.5653e-09
9245.0 1.4998e-09
9250.0 1.4786e-09
9255.0 1.5679e-09
9260.0 1.5695e-09
9265.0 1.4923e-09
9270.0 1.5114e-09
9275.0 1.5644e-09
9280.0 1.6415e-09
9285.0 1.7041e-09
9290.0 1.7315e-09
9295.0 1.856e-09
9300.0 2.0497e-09
9305.0 2.6157e-09
9310.0 3.3682e-09
9315.0 3.4394e-09
9320.0 2.9367e-09
9325.0 2.3913e-09
9330.0 2.0811e-09
9335.0 1.8092e-09
9340.0 1.4571e-09
9345.0 1.3829e-09
9350.0 1.4617e-09
9355.0 1.4992e-09
9360.0 1.4123e-09
9365.0 1.2063e-09
9370.0 1.3506e-09
9375.0 1.9243e-09
9380.0 2.8386e-09
9385.0 3.0655e-09
9390.0 2.1162e-09
9395.0 1.8903e-09
9400.0 1.889e-09
9405.0 1.6835e-09
9410.0 1.8439e-09
9415.0 2.0915e-09
9420.0 2.0429e-09
9425.0 1.8346e-09
9430.0 1.3593e-09
9435.0 1.3849e-09
9440.0 1.8983e-09
9445.0 2.5271e-09
9450.0 2.1954e-09
9455.0 1.8118e-09
9460.0 1.9727e-09
9465.0 2.1754e-09
9470.0 2.5637e-09
9475.0 2.6237e-09
9480.0 2.123e-09
9485.0 1.665e-09
9490.0 1.6635e-09
9495.0 1.7989e-09
9500.0 2.0635e-09
9505.0 1.9465e-09
9510.0 1.8007e-09
9515.0 1.6317e-09
9520.0 1.6987e-09
9525.0 1.9742e-09
9530.0 2.0019e-09
9535.0 1.9272e-09
9540.0 1.9486e-09
9545.0 2.158e-09
9550.0 2.3427e-09
9555.0 2.4418e-09
9560.0 2.9201e-09
9565.0 3.1757e-09
9570.0 2.4823e-09
9575.0 1.7618e-09
9580.0 1.4043e-09
9585.0 1.3279e-09
9590.0 1.3786e-09
9595.0 1.3764e-09
9600.0 1.3623e-09
9605.0 1.4654e-09
9610.0 1.6161e-09
9615.0 1.7913e-09
9620.0 1.9833e-09
9625.0 2.2039e-09
9630.0 2.023e-09
9635.0 1.8473e-09
9640.0 1.7719e-09
9645.0 1.7264e-09
9650.0 1.6838e-09
9655.0 1.7013e-09
9660.0 1.5777e-09
9665.0 1.5119e-09
9670.0 1.5957e-09
9675.0 1.5142e-09
9680.0 1.5966e-09
9685.0 1.7009e-09
9690.0 1.6334e-09
9695.0 1.5242e-09
9700.0 1.757e-09
