      3585.76  2.73121e-18
      3587.23  1.98704e-18
      3588.69  2.50512e-19
      3590.15  1.14357e-18
      3591.62 -1.25613e-18
      3593.08  3.75604e-18
      3594.54  1.30626e-17
      3596.01  6.20849e-18
      3597.47  1.47427e-18
      3598.93  2.53512e-18
      3600.40  2.70157e-18
      3601.86 -9.72387e-19
      3603.33 -4.00655e-18
      3604.79 -2.99263e-18
      3606.25  6.57362e-19
      3607.72  1.15040e-17
      3609.18  8.06289e-18
      3610.64  3.46395e-19
      3612.11  1.19097e-17
      3613.57  1.25695e-17
      3615.03  3.00129e-18
      3616.50  2.04815e-18
      3617.96  3.00766e-18
      3619.43  1.60970e-18
      3620.89 -1.06388e-18
      3622.35 -1.60537e-18
      3623.82 -4.27827e-19
      3625.28  5.46596e-18
      3626.74  9.66043e-18
      3628.21  1.25827e-17
      3629.67  1.96516e-17
      3631.13  2.31844e-17
      3632.60  9.14441e-18
      3634.06 -3.54023e-18
      3635.53 -3.84294e-18
      3636.99  8.04028e-20
      3638.45  6.36739e-18
      3639.92  4.24780e-18
      3641.38  1.44768e-18
      3642.84  3.19317e-18
      3644.31  4.45364e-19
      3645.77  2.68468e-19
      3647.23  2.78484e-18
      3648.70  1.30705e-18
      3650.16  4.15252e-18
      3651.63  4.39635e-18
      3653.09  2.25610e-18
      3654.55  3.23352e-18
      3656.02  8.80573e-19
      3657.48  1.06709e-18
      3658.94  5.42604e-18
      3660.41  4.26781e-18
      3661.87  1.79032e-18
      3663.33  5.96992e-18
      3664.80  6.98095e-18
      3666.26  1.96889e-18
      3667.73  1.47401e-18
      3669.19  6.28350e-18
      3670.65  1.00715e-17
      3672.12  6.43188e-18
      3673.58 -9.98584e-20
      3675.04 -1.55768e-19
      3676.51  2.63170e-18
      3677.97  3.67078e-18
      3679.43  1.14540e-18
      3680.90  5.47752e-18
      3682.36  9.93652e-18
      3683.83  3.95226e-18
      3685.29 -1.56705e-18
      3686.75 -3.88136e-18
      3688.22  8.12092e-21
      3689.68 -5.51136e-19
      3691.14 -4.48187e-18
      3692.61 -5.28458e-19
      3694.07  2.93107e-18
      3695.53  3.66542e-18
      3697.00  2.35888e-18
      3698.46 -2.20329e-18
      3699.93  1.33010e-18
      3701.39  1.32646e-17
      3702.85  1.18341e-17
      3704.32  3.61542e-18
      3705.78  1.68440e-18
      3707.24  1.40917e-18
      3708.71  2.58867e-18
      3710.17  7.46385e-18
      3711.63  7.84738e-18
      3713.10  5.58276e-18
      3714.56  3.98522e-18
      3716.03  3.71971e-18
      3717.49  7.12560e-18
      3718.95  4.53142e-18
      3720.42  2.34693e-18
      3721.88  7.24797e-19
      3723.34 -6.45462e-19
      3724.81  1.01041e-17
      3726.27  1.20801e-17
      3727.73  1.16329e-17
      3729.20  8.58269e-18
      3730.66  4.14434e-19
      3732.13  1.57775e-18
      3733.59  3.34032e-18
      3735.05  4.68674e-18
      3736.52  4.15902e-18
      3737.98  3.10422e-18
      3739.44  2.92079e-18
      3740.91  4.33809e-18
      3742.37  4.98642e-18
      3743.83  3.32904e-18
      3745.30  2.10445e-18
      3746.76  2.18244e-18
      3748.23  2.12783e-18
      3749.69  3.08006e-18
      3751.15  7.15310e-18
      3752.62  8.80472e-18
      3754.08  5.87367e-18
      3755.54  3.38459e-18
      3757.01  1.27872e-18
      3758.47  1.34541e-18
      3759.93  3.34785e-18
      3761.40  5.06221e-18
      3762.86  5.79464e-18
      3764.33  5.20077e-18
      3765.79  8.18971e-18
      3767.25  8.08976e-18
      3768.72  1.06664e-18
      3770.18  7.60064e-19
      3771.64  4.99764e-18
      3773.11  4.43328e-18
      3774.57  4.91499e-18
      3776.03  4.26428e-18
      3777.50  1.53054e-18
      3778.96  2.50326e-18
      3780.43  8.17492e-18
      3781.89  1.02850e-17
      3783.35  5.04911e-18
      3784.82  3.47957e-18
      3786.28  9.29774e-18
      3787.74  9.40128e-18
      3789.21  4.33659e-18
      3790.67  4.31809e-18
      3792.13  3.58385e-18
      3793.60  1.24872e-18
      3795.06  8.63356e-19
      3796.53  2.24106e-18
      3797.99  3.77221e-18
      3799.45  4.72075e-18
      3800.92  1.76661e-18
      3802.38  1.61213e-18
      3803.84  3.19314e-18
      3805.31  1.96298e-18
      3806.77  1.51494e-18
      3808.23  2.65420e-18
      3809.70  5.14723e-18
      3811.16  5.51485e-18
      3812.63  3.07759e-18
      3814.09  3.97087e-18
      3815.55  7.12918e-18
      3817.02  5.52313e-18
      3818.48  3.20341e-18
      3819.94  2.54356e-18
      3821.41  4.59736e-18
      3822.87  3.94009e-18
      3824.33  3.79896e-18
      3825.80  3.64171e-18
      3827.26  1.27921e-18
      3828.73  2.68123e-18
      3830.19  2.91487e-18
      3831.65  1.87141e-18
      3833.12  1.24136e-18
      3834.58  3.20935e-18
      3836.04  4.34497e-18
      3837.51  5.08337e-18
      3838.97  2.16699e-18
      3840.43  1.94701e-18
      3841.90  5.28783e-18
      3843.36  4.00356e-18
      3844.83  2.24694e-18
      3846.29  4.59180e-18
      3847.75  5.99685e-18
      3849.22  3.09690e-18
      3850.68  3.55785e-18
      3852.14  6.28989e-18
      3853.61  7.39122e-18
      3855.07  6.93027e-18
      3856.53  5.06731e-18
      3858.00  5.19626e-18
      3859.46  5.45516e-18
      3860.93  5.27206e-18
      3862.39  4.33092e-18
      3863.85  4.75598e-18
      3865.32  6.51837e-18
      3866.78  6.61310e-18
      3868.24  7.10785e-18
      3869.71  5.52683e-18
      3871.17  4.28593e-18
      3872.63  3.84316e-18
      3874.10  5.36304e-18
      3875.56  1.08091e-17
      3877.03  6.50864e-18
      3878.49  5.32207e-18
      3879.95  9.89823e-18
      3881.42  6.30396e-18
      3882.88  4.12923e-18
      3884.34  5.39047e-18
      3885.81  6.42048e-18
      3887.27  7.86343e-18
      3888.73  8.83745e-18
      3890.20  6.86255e-18
      3891.66  3.97577e-18
      3893.13  4.61953e-18
      3894.59  6.17791e-18
      3896.05  4.87463e-18
      3897.52  6.20888e-18
      3898.98  9.12806e-18
      3900.44  8.30247e-18
      3901.91  6.25439e-18
      3903.37  6.80725e-18
      3904.83  9.12563e-18
      3906.30  9.52600e-18
      3907.76  9.46791e-18
      3909.23  7.69223e-18
      3910.69  7.16951e-18
      3912.15  8.64816e-18
      3913.62  8.05686e-18
      3915.08  8.18798e-18
      3916.54  9.51412e-18
      3918.01  1.12168e-17
      3919.47  8.78295e-18
      3920.93  6.83015e-18
      3922.40  7.60579e-18
      3923.86  8.53784e-18
      3925.32  1.01385e-17
      3926.79  9.61974e-18
      3928.25  8.51184e-18
      3929.72  1.02673e-17
      3931.18  9.70381e-18
      3932.64  9.05455e-18
      3934.11  1.01034e-17
      3935.57  8.86482e-18
      3937.03  7.93021e-18
      3938.50  5.82982e-18
      3939.96  7.83226e-18
      3941.43  9.60055e-18
      3942.89  8.52037e-18
      3944.35  1.01707e-17
      3945.82  8.77807e-18
      3947.28  5.44121e-18
      3948.74  6.33719e-18
      3950.21  8.37826e-18
      3951.67  8.67208e-18
      3953.13  9.36838e-18
      3954.60  9.25336e-18
      3956.06  8.91346e-18
      3957.52  1.02892e-17
      3958.99  1.10553e-17
      3960.45  8.68605e-18
      3961.92  7.92291e-18
      3963.38  9.38097e-18
      3964.84  8.89548e-18
      3966.31  8.41672e-18
      3967.77  9.67885e-18
      3969.23  1.06472e-17
      3970.70  9.79602e-18
      3972.16  7.87348e-18
      3973.62  4.72051e-18
      3975.09  6.24135e-18
      3976.55  1.11110e-17
      3978.02  1.13162e-17
      3979.48  6.16988e-18
      3980.94  6.21523e-18
      3982.41  7.70965e-18
      3983.87  1.28299e-17
      3985.33  1.42004e-17
      3986.80  9.62964e-18
      3988.26  9.63381e-18
      3989.73  1.16751e-17
      3991.19  9.13541e-18
      3992.65  8.14179e-18
      3994.12  1.05924e-17
      3995.58  1.18001e-17
      3997.04  8.69982e-18
      3998.51  9.55387e-18
      3999.97  1.21575e-17
      4001.43  1.14259e-17
      4002.90  9.83261e-18
      4004.36  9.14966e-18
      4005.82  9.73159e-18
      4007.29  9.02799e-18
      4008.75  8.38399e-18
      4010.22  9.90128e-18
      4011.68  1.02334e-17
      4013.14  9.53144e-18
      4014.61  1.05897e-17
      4016.07  1.06355e-17
      4017.53  9.01588e-18
      4019.00  9.15596e-18
      4020.46  8.20802e-18
      4021.92  6.92622e-18
      4023.39  8.73703e-18
      4024.85  1.03042e-17
      4026.32  9.20072e-18
      4027.78  8.23777e-18
      4029.24  8.54245e-18
      4030.71  1.18712e-17
      4032.17  1.03782e-17
      4033.63  6.79845e-18
      4035.10  8.18388e-18
      4036.56  1.00272e-17
      4038.02  8.71944e-18
      4039.49  8.12444e-18
      4040.95  9.94023e-18
      4042.42  8.83413e-18
      4043.88  7.37582e-18
      4045.34  8.02945e-18
      4046.81  9.03723e-18
      4048.27  7.00697e-18
      4049.73  5.37757e-18
      4051.20  7.17668e-18
      4052.66  9.68380e-18
      4054.12  8.14014e-18
      4055.59  5.31596e-18
      4057.05  6.63151e-18
      4058.52  7.45703e-18
      4059.98  4.83519e-18
      4061.44  7.08504e-18
      4062.91  9.40718e-18
      4064.37  8.35664e-18
      4065.83  8.08314e-18
      4067.30  7.32722e-18
      4068.76  5.73731e-18
      4070.22  6.86366e-18
      4071.69  7.75036e-18
      4073.15  6.39711e-18
      4074.62  7.33110e-18
      4076.08  6.61212e-18
      4077.54  7.11364e-18
      4079.01  7.95312e-18
      4080.47  7.39515e-18
      4081.93  6.90350e-18
      4083.40  6.73396e-18
      4084.86  7.06595e-18
      4086.32  5.68509e-18
      4087.79  6.24356e-18
      4089.25  6.45178e-18
      4090.72  6.51939e-18
      4092.18  6.25187e-18
      4093.64  6.85122e-18
      4095.11  7.39794e-18
      4096.57  5.60499e-18
      4098.03  5.88274e-18
      4099.50  6.77289e-18
      4100.96  4.85082e-18
      4102.42  4.58726e-18
      4103.89  5.38347e-18
      4105.35  5.45035e-18
      4106.82  6.28893e-18
      4108.28  5.79403e-18
      4109.74  7.13820e-18
      4111.21  7.71125e-18
      4112.67  6.20703e-18
      4114.13  5.89175e-18
      4115.60  6.04701e-18
      4117.06  5.23875e-18
      4118.52  5.27914e-18
      4119.99  6.23743e-18
      4121.45  6.15313e-18
      4122.92  5.32731e-18
      4124.38  6.11682e-18
      4125.84  6.77849e-18
      4127.31  5.53322e-18
      4128.77  5.33808e-18
      4130.23  6.27846e-18
      4131.70  6.90839e-18
      4133.16  5.97473e-18
      4134.62  5.71575e-18
      4136.09  4.41452e-18
      4137.55  3.98608e-18
      4139.02  3.96539e-18
      4140.48  4.37684e-18
      4141.94  5.41090e-18
      4143.41  4.91988e-18
      4144.87  4.53680e-18
      4146.33  4.59829e-18
      4147.80  4.01419e-18
      4149.26  4.01841e-18
      4150.72  5.36676e-18
      4152.19  4.94278e-18
      4153.65  4.35572e-18
      4155.12  5.35358e-18
      4156.58  5.12610e-18
      4158.04  4.20576e-18
      4159.51  4.18466e-18
      4160.97  3.43927e-18
      4162.43  3.96876e-18
      4163.90  5.54682e-18
      4165.36  6.05260e-18
      4166.82  4.30854e-18
      4168.29  3.94721e-18
      4169.75  5.97740e-18
      4171.22  5.21812e-18
      4172.68  3.98732e-18
      4174.14  4.43399e-18
      4175.61  4.60475e-18
      4177.07  4.63521e-18
      4178.53  4.81222e-18
      4180.00  4.98550e-18
      4181.46  3.04844e-18
      4182.92  2.82720e-18
      4184.39  4.78362e-18
      4185.85  4.34990e-18
      4187.32  4.51477e-18
      4188.78  4.71276e-18
      4190.24  4.25541e-18
      4191.71  3.78485e-18
      4193.17  4.01246e-18
      4194.63  4.97812e-18
      4196.10  4.64799e-18
      4197.56  4.29144e-18
      4199.02  4.81059e-18
      4200.49  4.46675e-18
      4201.95  4.25221e-18
      4203.42  4.91293e-18
      4204.88  4.56937e-18
      4206.34  4.52374e-18
      4207.81  5.31479e-18
      4209.27  5.39487e-18
      4210.73  4.30012e-18
      4212.20  4.57269e-18
      4213.66  4.92279e-18
      4215.12  4.95528e-18
      4216.59  5.10591e-18
      4218.05  4.76449e-18
      4219.52  5.16128e-18
      4220.98  4.72429e-18
      4222.44  4.85070e-18
      4223.91  5.27463e-18
      4225.37  5.35761e-18
      4226.83  6.12136e-18
      4228.30  4.93701e-18
      4229.76  4.72493e-18
      4231.22  5.25756e-18
      4232.69  3.75514e-18
      4234.15  4.08830e-18
      4235.62  5.32574e-18
      4237.08  4.81260e-18
      4238.54  4.40002e-18
      4240.01  4.36956e-18
      4241.47  4.66074e-18
      4242.93  5.24427e-18
      4244.40  4.90546e-18
      4245.86  4.87356e-18
      4247.32  5.50000e-18
      4248.79  5.72382e-18
      4250.25  5.14451e-18
      4251.72  4.98954e-18
      4253.18  4.15144e-18
      4254.64  4.50752e-18
      4256.11  4.74747e-18
      4257.57  4.18337e-18
      4259.03  4.90330e-18
      4260.50  5.34771e-18
      4261.96  5.44997e-18
      4263.42  6.07767e-18
      4264.89  5.02357e-18
      4266.35  4.35461e-18
      4267.81  5.46537e-18
      4269.28  5.30620e-18
      4270.74  6.45969e-18
      4272.21  6.64849e-18
      4273.67  5.18935e-18
      4275.13  5.64005e-18
      4276.60  5.32842e-18
      4278.06  5.62911e-18
      4279.52  5.20603e-18
      4280.99  4.61543e-18
      4282.45  5.14229e-18
      4283.92  4.67884e-18
      4285.38  5.17184e-18
      4286.84  6.02619e-18
      4288.31  5.47277e-18
      4289.77  5.21656e-18
      4291.23  6.21526e-18
      4292.70  5.56883e-18
      4294.16  5.10301e-18
      4295.62  4.66917e-18
      4297.09  4.90781e-18
      4298.55  4.26667e-18
      4300.02  4.63293e-18
      4301.48  4.71516e-18
      4302.94  5.29105e-18
      4304.41  5.25061e-18
      4305.87  4.60907e-18
      4307.33  4.44913e-18
      4308.80  5.44529e-18
      4310.26  5.50513e-18
      4311.72  6.06359e-18
      4313.19  4.96127e-18
      4314.65  4.86536e-18
      4316.12  5.43379e-18
      4317.58  5.52845e-18
      4319.04  5.63038e-18
      4320.51  5.12385e-18
      4321.97  5.35394e-18
      4323.43  5.10422e-18
      4324.90  4.11658e-18
      4326.36  5.00819e-18
      4327.82  5.29868e-18
      4329.29  5.67037e-18
      4330.75  5.56319e-18
      4332.22  5.04033e-18
      4333.68  5.37731e-18
      4335.14  5.83410e-18
      4336.61  6.52303e-18
      4338.07  5.12705e-18
      4339.53  5.09719e-18
      4341.00  5.77256e-18
      4342.46  5.44320e-18
      4343.92  5.51197e-18
      4345.39  6.28004e-18
      4346.85  5.63887e-18
      4348.31  4.33739e-18
      4349.78  5.32933e-18
      4351.24  6.05285e-18
      4352.71  5.27638e-18
      4354.17  5.58489e-18
      4355.63  6.32967e-18
      4357.10  5.75724e-18
      4358.56  5.53306e-18
      4360.02  5.60564e-18
      4361.49  6.01762e-18
      4362.95  5.86793e-18
      4364.42  5.24865e-18
      4365.88  4.86752e-18
      4367.34  5.27002e-18
      4368.81  5.88390e-18
      4370.27  5.62046e-18
      4371.73  5.93792e-18
      4373.20  5.78543e-18
      4374.66  5.31580e-18
      4376.12  5.70261e-18
      4377.59  5.69461e-18
      4379.05  5.31440e-18
      4380.51  4.96585e-18
      4381.98  5.08269e-18
      4383.44  5.21440e-18
      4384.91  4.33291e-18
      4386.37  4.36233e-18
      4387.83  6.10439e-18
      4389.30  5.82702e-18
      4390.76  4.45515e-18
      4392.22  4.76566e-18
      4393.69  4.95907e-18
      4395.15  5.08096e-18
      4396.62  5.97515e-18
      4398.08  6.02477e-18
      4399.54  4.90386e-18
      4401.01  4.99867e-18
      4402.47  5.07384e-18
      4403.93  5.13403e-18
      4405.40  4.57067e-18
      4406.86  4.00180e-18
      4408.32  4.87307e-18
      4409.79  4.64834e-18
      4411.25  5.00391e-18
      4412.71  5.19360e-18
      4414.18  5.83810e-18
      4415.64  5.97009e-18
      4417.11  4.67328e-18
      4418.57  4.98838e-18
      4420.03  5.64704e-18
      4421.50  5.32370e-18
      4422.96  4.90809e-18
      4424.42  5.64716e-18
      4425.89  5.70247e-18
      4427.35  5.02572e-18
      4428.81  5.25802e-18
      4430.28  5.67763e-18
      4431.74  5.72561e-18
      4433.21  5.90656e-18
      4434.67  5.51579e-18
      4436.13  4.31646e-18
      4437.60  4.75432e-18
      4439.06  5.63173e-18
      4440.52  5.58851e-18
      4441.99  5.41876e-18
      4443.45  4.77970e-18
      4444.92  5.60522e-18
      4446.38  6.58859e-18
      4447.84  5.73403e-18
      4449.31  5.13735e-18
      4450.77  5.16586e-18
      4452.23  5.05204e-18
      4453.70  4.48955e-18
      4455.16  5.78437e-18
      4456.62  5.95175e-18
      4458.09  5.40067e-18
      4459.55  6.12435e-18
      4461.01  6.56615e-18
      4462.48  5.99675e-18
      4463.94  6.37052e-18
      4465.41  7.93920e-18
      4466.87  7.13875e-18
      4468.33  5.88579e-18
      4469.80  6.56895e-18
      4471.26  6.94701e-18
      4472.72  6.81438e-18
      4474.19  7.30268e-18
      4475.65  6.78121e-18
      4477.11  7.07692e-18
      4478.58  7.30732e-18
      4480.04  6.71212e-18
      4481.51  7.21618e-18
      4482.97  7.32943e-18
      4484.43  7.72457e-18
      4485.90  8.23380e-18
      4487.36  8.18183e-18
      4488.82  7.74855e-18
      4490.29  7.45422e-18
      4491.75  8.35562e-18
      4493.21  7.52157e-18
      4494.68  8.39162e-18
      4496.14  8.10929e-18
      4497.61  8.91157e-18
      4499.07  8.83806e-18
      4500.53  8.01758e-18
      4502.00  8.68934e-18
      4503.46  8.71928e-18
      4504.92  8.18701e-18
      4506.39  8.28791e-18
      4507.85  8.56965e-18
      4509.31  8.66001e-18
      4510.78  8.94125e-18
      4512.24  9.27385e-18
      4513.71  1.04428e-17
      4515.17  9.80364e-18
      4516.63  9.10685e-18
      4518.10  9.39767e-18
      4519.56  1.00924e-17
      4521.02  9.59921e-18
      4522.49  9.97484e-18
      4523.95  1.05589e-17
      4525.41  9.36835e-18
      4526.88  1.02401e-17
      4528.34  1.13174e-17
      4529.81  1.08923e-17
      4531.27  9.55507e-18
      4532.73  1.07117e-17
      4534.20  1.11113e-17
      4535.66  1.10873e-17
      4537.12  1.14614e-17
      4538.59  1.06687e-17
      4540.05  1.09066e-17
      4541.51  1.14777e-17
      4542.98  1.09898e-17
      4544.44  1.14807e-17
      4545.91  1.20325e-17
      4547.37  1.27527e-17
      4548.83  1.16511e-17
      4550.30  1.08946e-17
      4551.76  1.07170e-17
      4553.22  1.09894e-17
      4554.69  1.18051e-17
      4556.15  1.19292e-17
      4557.61  1.15365e-17
      4559.08  1.20705e-17
      4560.54  1.17373e-17
      4562.01  1.22311e-17
      4563.47  1.29442e-17
      4564.93  1.28658e-17
      4566.40  1.33813e-17
      4567.86  1.23685e-17
      4569.32  1.28507e-17
      4570.79  1.41973e-17
      4572.25  1.27889e-17
      4573.71  1.33131e-17
      4575.18  1.46202e-17
      4576.64  1.50817e-17
      4578.11  1.37349e-17
      4579.57  1.35217e-17
      4581.03  1.33133e-17
      4582.50  1.34971e-17
      4583.96  1.22914e-17
      4585.42  1.33783e-17
      4586.89  1.33914e-17
      4588.35  1.29160e-17
      4589.81  1.36330e-17
      4591.28  1.29985e-17
      4592.74  1.37763e-17
      4594.21  1.37467e-17
      4595.67  1.35140e-17
      4597.13  1.35095e-17
      4598.60  1.34464e-17
      4600.06  1.37642e-17
      4601.52  1.28018e-17
      4602.99  1.33891e-17
      4604.45  1.43727e-17
      4605.91  1.40428e-17
      4607.38  1.38491e-17
      4608.84  1.40318e-17
      4610.31  1.46231e-17
      4611.77  1.46903e-17
      4613.23  1.50053e-17
      4614.70  1.45205e-17
      4616.16  1.31535e-17
      4617.62  1.34358e-17
      4619.09  1.48250e-17
      4620.55  1.51167e-17
      4622.01  1.47985e-17
      4623.48  1.46364e-17
      4624.94  1.43233e-17
      4626.41  1.37596e-17
      4627.87  1.37628e-17
      4629.33  1.31397e-17
      4630.80  1.42396e-17
      4632.26  1.37903e-17
      4633.72  1.36400e-17
      4635.19  1.45373e-17
      4636.65  1.37309e-17
      4638.11  1.31567e-17
      4639.58  1.18578e-17
      4641.04  1.33764e-17
      4642.51  1.44357e-17
      4643.97  1.42251e-17
      4645.43  1.28959e-17
      4646.90  1.15176e-17
      4648.36  1.43957e-17
      4649.82  1.38407e-17
      4651.29  1.25331e-17
      4652.75  1.24841e-17
      4654.21  1.21648e-17
      4655.68  1.14589e-17
      4657.14  1.17768e-17
      4658.61  1.14226e-17
      4660.07  1.23947e-17
      4661.53  1.29161e-17
      4663.00  1.20928e-17
      4664.46  1.10607e-17
      4665.92  1.10920e-17
      4667.39  1.21083e-17
      4668.85  1.18722e-17
      4670.31  1.21441e-17
      4671.78  1.10102e-17
      4673.24  1.14001e-17
      4674.71  1.19638e-17
      4676.17  1.14702e-17
      4677.63  1.12343e-17
      4679.10  1.12695e-17
      4680.56  1.07469e-17
      4682.02  1.07417e-17
      4683.49  1.06664e-17
      4684.95  1.05852e-17
      4686.41  1.02898e-17
      4687.88  1.06085e-17
      4689.34  1.06529e-17
      4690.81  1.11085e-17
      4692.27  1.06767e-17
      4693.73  9.43147e-18
      4695.20  9.67116e-18
      4696.66  9.72612e-18
      4698.12  1.08196e-17
      4699.59  1.04588e-17
      4701.05  9.92107e-18
      4702.51  9.51520e-18
      4703.98  9.40659e-18
      4705.44  9.75935e-18
      4706.91  9.18019e-18
      4708.37  9.62515e-18
      4709.83  9.41330e-18
      4711.30  9.13119e-18
      4712.76  8.99632e-18
      4714.22  9.27661e-18
      4715.69  8.95853e-18
      4717.15  9.07540e-18
      4718.61  8.87269e-18
      4720.08  8.42972e-18
      4721.54  9.26879e-18
      4723.00  9.90314e-18
      4724.47  9.58551e-18
      4725.93  9.63373e-18
      4727.40  9.90779e-18
      4728.86  8.93217e-18
      4730.32  9.09352e-18
      4731.79  9.45438e-18
      4733.25  9.12447e-18
      4734.71  9.66136e-18
      4736.18  8.58351e-18
      4737.64  8.16827e-18
      4739.11  8.85286e-18
      4740.57  9.36193e-18
      4742.03  9.37270e-18
      4743.50  8.32154e-18
      4744.96  8.95675e-18
      4746.42  7.77656e-18
      4747.89  8.36593e-18
      4749.35  8.12685e-18
      4750.81  8.22583e-18
      4752.28  8.39465e-18
      4753.74  8.28209e-18
      4755.21  8.07914e-18
      4756.67  8.37272e-18
      4758.13  8.54907e-18
      4759.60  8.83408e-18
      4761.06  8.79086e-18
      4762.52  8.81902e-18
      4763.99  8.77145e-18
      4765.45  7.58073e-18
      4766.91  7.45545e-18
      4768.38  8.11882e-18
      4769.84  8.05906e-18
      4771.31  7.81255e-18
      4772.77  8.11502e-18
      4774.23  7.23614e-18
      4775.70  7.13969e-18
      4777.16  7.00796e-18
      4778.62  7.66359e-18
      4780.09  7.79045e-18
      4781.55  7.41099e-18
      4783.01  7.97692e-18
      4784.48  7.07667e-18
      4785.94  7.11578e-18
      4787.40  6.74920e-18
      4788.87  6.78978e-18
      4790.33  6.53599e-18
      4791.80  7.15709e-18
      4793.26  6.70003e-18
      4794.72  5.87208e-18
      4796.19  6.75945e-18
      4797.65  7.97910e-18
      4799.11  7.86841e-18
      4800.58  7.22768e-18
      4802.04  7.74392e-18
      4803.50  7.73914e-18
      4804.97  7.33651e-18
      4806.43  6.98911e-18
      4807.90  7.73738e-18
      4809.36  7.84147e-18
      4810.82  7.17170e-18
      4812.29  7.73633e-18
      4813.75  8.31671e-18
      4815.21  8.15867e-18
      4816.68  7.74192e-18
      4818.14  7.98646e-18
      4819.60  8.03312e-18
      4821.07  7.91671e-18
      4822.53  7.58786e-18
      4824.00  6.84742e-18
      4825.46  7.36420e-18
      4826.92  8.02090e-18
      4828.39  7.39497e-18
      4829.85  6.98620e-18
      4831.31  7.62107e-18
      4832.78  8.28032e-18
      4834.24  8.87201e-18
      4835.71  9.16964e-18
      4837.17  8.90607e-18
      4838.63  9.03998e-18
      4840.10  8.02279e-18
      4841.56  8.29829e-18
      4843.02  8.39070e-18
      4844.49  8.48585e-18
      4845.95  8.79237e-18
      4847.41  8.41580e-18
      4848.88  8.36074e-18
      4850.34  8.10611e-18
      4851.81  8.15762e-18
      4853.27  7.95764e-18
      4854.73  7.89999e-18
      4856.20  7.78948e-18
      4857.66  7.53639e-18
      4859.12  8.40070e-18
      4860.59  8.91145e-18
      4862.05  7.91258e-18
      4863.51  7.93229e-18
      4864.98  7.55468e-18
      4866.44  7.87500e-18
      4867.90  8.12032e-18
      4869.37  7.25732e-18
      4870.83  7.31522e-18
      4872.30  7.79815e-18
      4873.76  8.44953e-18
      4875.22  8.00231e-18
      4876.69  7.97627e-18
      4878.15  7.98376e-18
      4879.61  8.70683e-18
      4881.08  7.82257e-18
      4882.54  7.57232e-18
      4884.00  8.49826e-18
      4885.47  8.20877e-18
      4886.93  8.12668e-18
      4888.40  8.31442e-18
      4889.86  8.51792e-18
      4891.32  7.63581e-18
      4892.79  7.72933e-18
      4894.25  7.65306e-18
      4895.71  8.99104e-18
      4897.18  8.20787e-18
      4898.64  8.03016e-18
      4900.10  8.80648e-18
      4901.57  8.43111e-18
      4903.03  8.23103e-18
      4904.50  8.54008e-18
      4905.96  7.90039e-18
      4907.42  8.64374e-18
      4908.89  9.05721e-18
      4910.35  1.00860e-17
      4911.81  8.47264e-18
      4913.28  9.28774e-18
      4914.74  9.47048e-18
      4916.20  1.00291e-17
      4917.67  9.22530e-18
      4919.13  8.48304e-18
      4920.60  9.07681e-18
      4922.06  1.00225e-17
      4923.52  9.62932e-18
      4924.99  9.39205e-18
      4926.45  9.73136e-18
      4927.91  9.52149e-18
      4929.38  9.99689e-18
      4930.84  1.00509e-17
      4932.30  1.04960e-17
      4933.77  1.04505e-17
      4935.23  1.02111e-17
      4936.70  1.05488e-17
      4938.16  1.01550e-17
      4939.62  1.07348e-17
      4941.09  1.18736e-17
      4942.55  1.16957e-17
      4944.01  1.15039e-17
      4945.48  1.20909e-17
      4946.94  1.21234e-17
      4948.40  1.12081e-17
      4949.87  1.14452e-17
      4951.33  1.24385e-17
      4952.80  1.15213e-17
      4954.26  1.18358e-17
      4955.72  1.23792e-17
      4957.19  1.14809e-17
      4958.65  1.25343e-17
      4960.11  1.35546e-17
      4961.58  1.31268e-17
      4963.04  1.20632e-17
      4964.50  1.20241e-17
      4965.97  1.14819e-17
      4967.43  1.10696e-17
      4968.90  1.18601e-17
      4970.36  1.21586e-17
      4971.82  1.18651e-17
      4973.29  1.11813e-17
      4974.75  1.15031e-17
      4976.21  1.09371e-17
      4977.68  1.05006e-17
      4979.14  1.10508e-17
      4980.60  1.09166e-17
      4982.07  9.83337e-18
      4983.53  9.53055e-18
      4985.00  1.01808e-17
      4986.46  1.06200e-17
      4987.92  9.46049e-18
      4989.39  9.82440e-18
      4990.85  9.64078e-18
      4992.31  9.32674e-18
      4993.78  9.37590e-18
      4995.24  9.10930e-18
      4996.70  9.55833e-18
      4998.17  8.94487e-18
      4999.63  8.62967e-18
      5001.10  9.57185e-18
      5002.56  8.45032e-18
      5004.02  8.95874e-18
      5005.49  8.79283e-18
      5006.95  9.09518e-18
      5008.41  9.56019e-18
      5009.88  9.37660e-18
      5011.34  8.14327e-18
      5012.80  7.39386e-18
      5014.27  7.27605e-18
      5015.73  7.57012e-18
      5017.20  7.47450e-18
      5018.66  6.78113e-18
      5020.12  6.63043e-18
      5021.59  7.54137e-18
      5023.05  7.90322e-18
      5024.51  7.07919e-18
      5025.98  7.19566e-18
      5027.44  6.97861e-18
      5028.90  6.23439e-18
      5030.37  7.01588e-18
      5031.83  6.77353e-18
      5033.30  6.75975e-18
      5034.76  6.92490e-18
      5036.22  6.44700e-18
      5037.69  6.07417e-18
      5039.15  6.60416e-18
      5040.61  7.05838e-18
      5042.08  6.85596e-18
      5043.54  7.24887e-18
      5045.00  6.48131e-18
      5046.47  6.41244e-18
      5047.93  6.54680e-18
      5049.40  6.80353e-18
      5050.86  7.07491e-18
      5052.32  7.08248e-18
      5053.79  7.36597e-18
      5055.25  6.15948e-18
      5056.71  6.32210e-18
      5058.18  6.98902e-18
      5059.64  6.54790e-18
      5061.10  6.36070e-18
      5062.57  5.88432e-18
      5064.03  7.04578e-18
      5065.50  6.63165e-18
      5066.96  7.33961e-18
      5068.42  7.06721e-18
      5069.89  6.75852e-18
      5071.35  6.65208e-18
      5072.81  6.97186e-18
      5074.28  6.64294e-18
      5075.74  7.02069e-18
      5077.20  7.45821e-18
      5078.67  7.44159e-18
      5080.13  7.53038e-18
      5081.60  8.23497e-18
      5083.06  7.24967e-18
      5084.52  7.91699e-18
      5085.99  7.42466e-18
      5087.45  7.36125e-18
      5088.91  7.69866e-18
      5090.38  8.09909e-18
      5091.84  7.68123e-18
      5093.30  7.89350e-18
      5094.77  7.49376e-18
      5096.23  7.68772e-18
      5097.70  7.69570e-18
      5099.16  8.29849e-18
      5100.62  8.80911e-18
      5102.09  8.80863e-18
      5103.55  8.44224e-18
      5105.01  8.40007e-18
      5106.48  8.65268e-18
      5107.94  8.26972e-18
      5109.40  8.91070e-18
      5110.87  8.33897e-18
      5112.33  8.83645e-18
      5113.80  9.03369e-18
      5115.26  9.03237e-18
      5116.72  9.34098e-18
      5118.19  9.38600e-18
      5119.65  9.16414e-18
      5121.11  9.53818e-18
      5122.58  8.66403e-18
      5124.04  8.56132e-18
      5125.50  9.08809e-18
      5126.97  9.53998e-18
      5128.43  9.62434e-18
      5129.90  9.46742e-18
      5131.36  8.73259e-18
      5132.82  8.46459e-18
      5134.29  9.49099e-18
      5135.75  9.94416e-18
      5137.21  9.21987e-18
      5138.68  9.04147e-18
      5140.14  9.36005e-18
      5141.60  9.68203e-18
      5143.07  9.45283e-18
      5144.53  9.18761e-18
      5146.00  9.90274e-18
      5147.46  1.02413e-17
      5148.92  9.68771e-18
      5150.39  9.42890e-18
      5151.85  1.03202e-17
      5153.31  9.94646e-18
      5154.78  9.86370e-18
      5156.24  9.92019e-18
      5157.70  9.71411e-18
      5159.17  9.89348e-18
      5160.63  1.01964e-17
      5162.09  9.88114e-18
      5163.56  1.00531e-17
      5165.02  1.00295e-17
      5166.49  1.01580e-17
      5167.95  1.01175e-17
      5169.41  9.58168e-18
      5170.88  9.17937e-18
      5172.34  9.31212e-18
      5173.80  9.45932e-18
      5175.27  9.29730e-18
      5176.73  1.01375e-17
      5178.20  9.29144e-18
      5179.66  9.79977e-18
      5181.12  1.04033e-17
      5182.59  1.01458e-17
      5184.05  9.93277e-18
      5185.51  9.73835e-18
      5186.98  1.03205e-17
      5188.44  1.03726e-17
      5189.90  9.65589e-18
      5191.37  9.68700e-18
      5192.83  1.05083e-17
      5194.30  1.07528e-17
      5195.76  1.08856e-17
      5197.22  1.07195e-17
      5198.69  1.07602e-17
      5200.15  1.09216e-17
      5201.61  1.10737e-17
      5203.08  1.08391e-17
      5204.54  1.09009e-17
      5206.00  1.05557e-17
      5207.47  1.03652e-17
      5208.93  1.13174e-17
      5210.40  1.12155e-17
      5211.86  1.08994e-17
      5213.32  1.13606e-17
      5214.79  1.11320e-17
      5216.25  1.08888e-17
      5217.71  1.14398e-17
      5219.18  1.13463e-17
      5220.64  1.12649e-17
      5222.10  1.14331e-17
      5223.57  1.14246e-17
      5225.03  1.15373e-17
      5226.50  1.14209e-17
      5227.96  1.22385e-17
      5229.42  1.19525e-17
      5230.89  1.17672e-17
      5232.35  1.21358e-17
      5233.81  1.19406e-17
      5235.28  1.19531e-17
      5236.74  1.28170e-17
      5238.20  1.27092e-17
      5239.67  1.27546e-17
      5241.13  1.23348e-17
      5242.59  1.24165e-17
      5244.06  1.28793e-17
      5245.52  1.23040e-17
      5246.99  1.18087e-17
      5248.45  1.18606e-17
      5249.91  1.27617e-17
      5251.38  1.30520e-17
      5252.84  1.22497e-17
      5254.30  1.24286e-17
      5255.77  1.28127e-17
      5257.23  1.26862e-17
      5258.69  1.28527e-17
      5260.16  1.33131e-17
      5261.62  1.30830e-17
      5263.09  1.26532e-17
      5264.55  1.23442e-17
      5266.01  1.23752e-17
      5267.48  1.30346e-17
      5268.94  1.31467e-17
      5270.40  1.28969e-17
      5271.87  1.34910e-17
      5273.33  1.36767e-17
      5274.79  1.35825e-17
      5276.26  1.30381e-17
      5277.72  1.32381e-17
      5279.19  1.35910e-17
      5280.65  1.36494e-17
      5282.11  1.37229e-17
      5283.58  1.38976e-17
      5285.04  1.37981e-17
      5286.50  1.37212e-17
      5287.97  1.39033e-17
      5289.43  1.40498e-17
      5290.90  1.37308e-17
      5292.36  1.33568e-17
      5293.82  1.38523e-17
      5295.29  1.37278e-17
      5296.75  1.34849e-17
      5298.21  1.39876e-17
      5299.68  1.35190e-17
      5301.14  1.32639e-17
      5302.60  1.37445e-17
      5304.07  1.35962e-17
      5305.53  1.34459e-17
      5307.00  1.45465e-17
      5308.46  1.48962e-17
      5309.92  1.48874e-17
      5311.39  1.47568e-17
      5312.85  1.41753e-17
      5314.31  1.42288e-17
      5315.78  1.44380e-17
      5317.24  1.44486e-17
      5318.70  1.47121e-17
      5320.17  1.50554e-17
      5321.63  1.48970e-17
      5323.09  1.43100e-17
      5324.56  1.39520e-17
      5326.02  1.44751e-17
      5327.49  1.54491e-17
      5328.95  1.54256e-17
      5330.41  1.47659e-17
      5331.88  1.46008e-17
      5333.34  1.48288e-17
      5334.80  1.48771e-17
      5336.27  1.48484e-17
      5337.73  1.52868e-17
      5339.19  1.51779e-17
      5340.66  1.47548e-17
      5342.12  1.50180e-17
      5343.59  1.49164e-17
      5345.05  1.45328e-17
      5346.51  1.44932e-17
      5347.98  1.48135e-17
      5349.44  1.49547e-17
      5350.90  1.46969e-17
      5352.37  1.47381e-17
      5353.83  1.48113e-17
      5355.29  1.53701e-17
      5356.76  1.55215e-17
      5358.22  1.51792e-17
      5359.69  1.51684e-17
      5361.15  1.50153e-17
      5362.61  1.50884e-17
      5364.08  1.49350e-17
      5365.54  1.44616e-17
      5367.00  1.38143e-17
      5368.47  1.35715e-17
      5369.93  1.38667e-17
      5371.39  1.48515e-17
      5372.86  1.51098e-17
      5374.32  1.48040e-17
      5375.79  1.38481e-17
      5377.25  1.39304e-17
      5378.71  1.52238e-17
      5380.18  1.46379e-17
      5381.64  1.42489e-17
      5383.10  1.51519e-17
      5384.57  1.49995e-17
      5386.03  1.43756e-17
      5387.49  1.44838e-17
      5388.96  1.36613e-17
      5390.42  1.33777e-17
      5391.89  1.42269e-17
      5393.35  1.45214e-17
      5394.81  1.35933e-17
      5396.28  1.29196e-17
      5397.74  1.35677e-17
      5399.20  1.36011e-17
      5400.67  1.37771e-17
      5402.13  1.32774e-17
      5403.59  1.22892e-17
      5405.06  1.24604e-17
      5406.52  1.28026e-17
      5407.99  1.28441e-17
      5409.45  1.31181e-17
      5410.91  1.28661e-17
      5412.38  1.21241e-17
      5413.84  1.22149e-17
      5415.30  1.25535e-17
      5416.77  1.25482e-17
      5418.23  1.21332e-17
      5419.69  1.18786e-17
      5421.16  1.23488e-17
      5422.62  1.22941e-17
      5424.09  1.24780e-17
      5425.55  1.25264e-17
      5427.01  1.22451e-17
      5428.48  1.16366e-17
      5429.94  1.14453e-17
      5431.40  1.16599e-17
      5432.87  1.24606e-17
      5434.33  1.31048e-17
      5435.79  1.24885e-17
      5437.26  1.19687e-17
      5438.72  1.21330e-17
      5440.19  1.21297e-17
      5441.65  1.26283e-17
      5443.11  1.28143e-17
      5444.58  1.29583e-17
      5446.04  1.26690e-17
      5447.50  1.25333e-17
      5448.97  1.29242e-17
      5450.43  1.31633e-17
      5451.89  1.33611e-17
      5453.36  1.34889e-17
      5454.82  1.40429e-17
      5456.29  1.43660e-17
      5457.75  1.51962e-17
      5459.21  1.57736e-17
      5460.68  1.50926e-17
      5462.14  1.53272e-17
      5463.60  1.56283e-17
      5465.07  1.57874e-17
      5466.53  1.54779e-17
      5467.99  1.52730e-17
      5469.46  1.62577e-17
      5470.92  1.69512e-17
      5472.39  1.68520e-17
      5473.85  1.71020e-17
      5475.31  1.73459e-17
      5476.78  1.80410e-17
      5478.24  1.85225e-17
      5479.70  1.85106e-17
      5481.17  1.87363e-17
      5482.63  1.87442e-17
      5484.09  1.88949e-17
      5485.56  1.95863e-17
      5487.02  1.92946e-17
      5488.49  1.91791e-17
      5489.95  2.01932e-17
      5491.41  2.01408e-17
      5492.88  2.01672e-17
      5494.34  2.04425e-17
      5495.80  2.07517e-17
      5497.27  2.24504e-17
      5498.73  2.18432e-17
      5500.19  2.05849e-17
      5501.66  2.16555e-17
      5503.12  2.21268e-17
      5504.58  2.13397e-17
      5506.05  2.04242e-17
      5507.51  2.09722e-17
      5508.98  2.16361e-17
      5510.44  2.08682e-17
      5511.90  2.10227e-17
      5513.37  2.12144e-17
      5514.83  2.13744e-17
      5516.29  2.14311e-17
      5517.76  2.05626e-17
      5519.22  2.03804e-17
      5520.69  2.03819e-17
      5522.15  2.03259e-17
      5523.61  2.01467e-17
      5525.08  1.97823e-17
      5526.54  1.89437e-17
      5528.00  1.88975e-17
      5529.47  1.96643e-17
      5530.93  1.90672e-17
      5532.39  1.82521e-17
      5533.86  1.85248e-17
      5535.32  1.82305e-17
      5536.79  1.73107e-17
      5538.25  1.78635e-17
      5539.71  1.78137e-17
      5541.18  1.72486e-17
      5542.64  1.64626e-17
      5544.10  1.63158e-17
      5545.57  1.70579e-17
      5547.03  1.64653e-17
      5548.49  1.59703e-17
      5549.96  1.57061e-17
      5551.42  1.45508e-17
      5552.89  1.49104e-17
      5554.35  1.63863e-17
      5555.81  1.58945e-17
      5557.28  1.48829e-17
      5558.74  1.40524e-17
      5560.20  1.33799e-17
      5561.67  1.33853e-17
      5563.13  1.35737e-17
      5564.59  1.35291e-17
      5566.06  1.33222e-17
      5567.52  1.30683e-17
      5568.99  1.26567e-17
      5570.45  1.29417e-17
      5571.91  1.32993e-17
      5573.38  1.29912e-17
      5574.84  1.27410e-17
      5576.30  1.24505e-17
      5577.77  1.28728e-17
      5579.23  1.31869e-17
      5580.69  1.27413e-17
      5582.16  1.30038e-17
      5583.62  1.27828e-17
      5585.08  1.28705e-17
      5586.55  1.34358e-17
      5588.01  1.36797e-17
      5589.48  1.34916e-17
      5590.94  1.31698e-17
      5592.40  1.39586e-17
      5593.87  1.44946e-17
      5595.33  1.39490e-17
      5596.79  1.39270e-17
      5598.26  1.47076e-17
      5599.72  1.42087e-17
      5601.19  1.42684e-17
      5602.65  1.50130e-17
      5604.11  1.50036e-17
      5605.58  1.46479e-17
      5607.04  1.43110e-17
      5608.50  1.48312e-17
      5609.97  1.53931e-17
      5611.43  1.55393e-17
      5612.89  1.54536e-17
      5614.36  1.55194e-17
      5615.82  1.57426e-17
      5617.29  1.53897e-17
      5618.75  1.53219e-17
      5620.21  1.54086e-17
      5621.68  1.50734e-17
      5623.14  1.54103e-17
      5624.60  1.57096e-17
      5626.07  1.53928e-17
      5627.53  1.54121e-17
      5628.99  1.59282e-17
      5630.46  1.59349e-17
      5631.92  1.56507e-17
      5633.39  1.53443e-17
      5634.85  1.46988e-17
      5636.31  1.45173e-17
      5637.78  1.46552e-17
      5639.24  1.44277e-17
      5640.70  1.34050e-17
      5642.17  1.26202e-17
      5643.63  1.28604e-17
      5645.09  1.28438e-17
      5646.56  1.21009e-17
      5648.02  1.16174e-17
      5649.48  1.15039e-17
      5650.95  1.15310e-17
      5652.41  1.11056e-17
      5653.88  1.02161e-17
      5655.34  1.03736e-17
      5656.80  1.06248e-17
      5658.27  1.03332e-17
      5659.73  1.02631e-17
      5661.19  9.87828e-18
      5662.66  9.37709e-18
      5664.12  9.16403e-18
      5665.58  9.29601e-18
      5667.05  9.48307e-18
      5668.51  9.73942e-18
      5669.98  9.64266e-18
      5671.44  8.89477e-18
      5672.90  8.88048e-18
      5674.37  8.99353e-18
      5675.83  8.51176e-18
      5677.29  8.44983e-18
      5678.76  8.06317e-18
      5680.22  7.48257e-18
      5681.69  7.92214e-18
      5683.15  8.54298e-18
      5684.61  8.43549e-18
      5686.08  7.87721e-18
      5687.54  7.64945e-18
      5689.00  7.78404e-18
      5690.47  8.08532e-18
      5691.93  7.93561e-18
      5693.39  7.78932e-18
      5694.86  7.86588e-18
      5696.32  7.62462e-18
      5697.78  7.42073e-18
      5699.25  7.34143e-18
      5700.71  7.63874e-18
      5702.18  8.34043e-18
      5703.64  8.15062e-18
      5705.10  7.70696e-18
      5706.57  7.90101e-18
      5708.03  7.82686e-18
      5709.49  7.66276e-18
      5710.96  8.02682e-18
      5712.42  8.60717e-18
      5713.89  8.15043e-18
      5715.35  7.76510e-18
      5716.81  7.65385e-18
      5718.28  7.46649e-18
      5719.74  7.68518e-18
      5721.20  7.57782e-18
      5722.67  7.43752e-18
      5724.13  6.99757e-18
      5725.59  7.15027e-18
      5727.06  7.66599e-18
      5728.52  7.46665e-18
      5729.98  6.98548e-18
      5731.45  7.09034e-18
      5732.91  7.34833e-18
      5734.38  7.09870e-18
      5735.84  7.00763e-18
      5737.30  7.45876e-18
      5738.77  7.45334e-18
      5740.23  6.77603e-18
      5741.69  7.31803e-18
      5743.16  7.74710e-18
      5744.62  7.05171e-18
      5746.08  7.15677e-18
      5747.55  6.89060e-18
      5749.01  6.45516e-18
      5750.48  7.15985e-18
      5751.94  7.20401e-18
      5753.40  6.73478e-18
      5754.87  7.27959e-18
      5756.33  6.76180e-18
      5757.79  6.14075e-18
      5759.26  6.59039e-18
      5760.72  6.79152e-18
      5762.18  6.36867e-18
      5763.65  6.54432e-18
      5765.11  6.94929e-18
      5766.58  7.62573e-18
      5768.04  6.88394e-18
      5769.50  6.98206e-18
      5770.97  7.52748e-18
      5772.43  7.18337e-18
      5773.89  7.13892e-18
      5775.36  7.65025e-18
      5776.82  7.89974e-18
      5778.28  7.74797e-18
      5779.75  7.68624e-18
      5781.21  7.40532e-18
      5782.68  7.14652e-18
      5784.14  7.51328e-18
      5785.60  7.76147e-18
      5787.07  7.81015e-18
      5788.53  7.55605e-18
      5789.99  7.65152e-18
      5791.46  7.24299e-18
      5792.92  7.94954e-18
      5794.38  8.84235e-18
      5795.85  8.43986e-18
      5797.31  8.35107e-18
      5798.78  9.10881e-18
      5800.24  9.04702e-18
      5801.70  8.92023e-18
      5803.17  9.27002e-18
      5804.63  1.00153e-17
      5806.09  1.00809e-17
      5807.56  1.00408e-17
      5809.02  1.03937e-17
      5810.48  1.01868e-17
      5811.95  1.06443e-17
      5813.41  1.12768e-17
      5814.88  1.09027e-17
      5816.34  1.09521e-17
      5817.80  1.15893e-17
      5819.27  1.16994e-17
      5820.73  1.19510e-17
      5822.19  1.22305e-17
      5823.66  1.23122e-17
      5825.12  1.26688e-17
      5826.58  1.32989e-17
      5828.05  1.26078e-17
      5829.51  1.23691e-17
      5830.98  1.33340e-17
      5832.44  1.43542e-17
      5833.90  1.35293e-17
      5835.37  1.33197e-17
      5836.83  1.36342e-17
      5838.29  1.39497e-17
      5839.76  1.48826e-17
      5841.22  1.37074e-17
      5842.68  1.34316e-17
      5844.15  1.45847e-17
      5845.61  1.48752e-17
      5847.08  1.49426e-17
      5848.54  1.48297e-17
      5850.00  1.51933e-17
      5851.47  1.59329e-17
      5852.93  1.60845e-17
      5854.39  1.62184e-17
      5855.86  1.67199e-17
      5857.32  1.61501e-17
      5858.78  1.58002e-17
      5860.25  1.59757e-17
      5861.71  1.52167e-17
      5863.18  1.50111e-17
      5864.64  1.52312e-17
      5866.10  1.54944e-17
      5867.57  1.59640e-17
      5869.03  1.61485e-17
      5870.49  1.65007e-17
      5871.96  1.69901e-17
      5873.42  1.66296e-17
      5874.88  1.57764e-17
      5876.35  1.59629e-17
      5877.81  1.65853e-17
      5879.28  1.67738e-17
      5880.74  1.69477e-17
      5882.20  1.64231e-17
      5883.67  1.66803e-17
      5885.13  1.74810e-17
      5886.59  1.74741e-17
      5888.06  1.70588e-17
      5889.52  1.63951e-17
      5890.98  1.60296e-17
      5892.45  1.66142e-17
      5893.91  1.74508e-17
      5895.38  1.66484e-17
      5896.84  1.62503e-17
      5898.30  1.72548e-17
      5899.77  1.75074e-17
      5901.23  1.67742e-17
      5902.69  1.62102e-17
      5904.16  1.68107e-17
      5905.62  1.76896e-17
      5907.08  1.80170e-17
      5908.55  1.75733e-17
      5910.01  1.69387e-17
      5911.48  1.68201e-17
      5912.94  1.69003e-17
      5914.40  1.68689e-17
      5915.87  1.69624e-17
      5917.33  1.67889e-17
      5918.79  1.64335e-17
      5920.26  1.65145e-17
      5921.72  1.62295e-17
      5923.18  1.56125e-17
      5924.65  1.53297e-17
      5926.11  1.58625e-17
      5927.58  1.69857e-17
      5929.04  1.71823e-17
      5930.50  1.59936e-17
      5931.97  1.62989e-17
      5933.43  1.72571e-17
      5934.89  1.72905e-17
      5936.36  1.61477e-17
      5937.82  1.59510e-17
      5939.28  1.62920e-17
      5940.75  1.66398e-17
      5942.21  1.60874e-17
      5943.68  1.54435e-17
      5945.14  1.54373e-17
      5946.60  1.57616e-17
      5948.07  1.60825e-17
      5949.53  1.61279e-17
      5950.99  1.63099e-17
      5952.46  1.57129e-17
      5953.92  1.53589e-17
      5955.38  1.60772e-17
      5956.85  1.55225e-17
      5958.31  1.53001e-17
      5959.78  1.54270e-17
      5961.24  1.46183e-17
      5962.70  1.45645e-17
      5964.17  1.51283e-17
      5965.63  1.52465e-17
      5967.09  1.55786e-17
      5968.56  1.58814e-17
      5970.02  1.48139e-17
      5971.48  1.53020e-17
      5972.95  1.54614e-17
      5974.41  1.50320e-17
      5975.88  1.50601e-17
      5977.34  1.53653e-17
      5978.80  1.51406e-17
      5980.27  1.43781e-17
      5981.73  1.41383e-17
      5983.19  1.44821e-17
      5984.66  1.43548e-17
      5986.12  1.42862e-17
      5987.58  1.51170e-17
      5989.05  1.42576e-17
      5990.51  1.44258e-17
      5991.98  1.43871e-17
      5993.44  1.41076e-17
      5994.90  1.41262e-17
      5996.37  1.40414e-17
      5997.83  1.44734e-17
      5999.29  1.38374e-17
      6000.76  1.42207e-17
      6002.22  1.36303e-17
      6003.68  1.39362e-17
      6005.15  1.42652e-17
      6006.61  1.39449e-17
      6008.08  1.35105e-17
      6009.54  1.38659e-17
      6011.00  1.37107e-17
      6012.47  1.31174e-17
      6013.93  1.34990e-17
      6015.39  1.32118e-17
      6016.86  1.26716e-17
      6018.32  1.25550e-17
      6019.78  1.29589e-17
      6021.25  1.34953e-17
      6022.71  1.29086e-17
      6024.17  1.28435e-17
      6025.64  1.25475e-17
      6027.10  1.26199e-17
      6028.57  1.25209e-17
      6030.03  1.23513e-17
      6031.49  1.26450e-17
      6032.96  1.31112e-17
      6034.42  1.24756e-17
      6035.88  1.23857e-17
      6037.35  1.17656e-17
      6038.81  1.11132e-17
      6040.27  1.12266e-17
      6041.74  1.15843e-17
      6043.20  1.17635e-17
      6044.67  1.13089e-17
      6046.13  1.10589e-17
      6047.59  1.22400e-17
      6049.06  1.20648e-17
      6050.52  1.18470e-17
      6051.98  1.10631e-17
      6053.45  1.05714e-17
      6054.91  1.13032e-17
      6056.38  1.14948e-17
      6057.84  1.11365e-17
      6059.30  1.10297e-17
      6060.77  1.05719e-17
      6062.23  1.08055e-17
      6063.69  1.03617e-17
      6065.16  9.84884e-18
      6066.62  1.03842e-17
      6068.08  1.06612e-17
      6069.55  1.12929e-17
      6071.01  1.13596e-17
      6072.48  1.11605e-17
      6073.94  1.07516e-17
      6075.40  1.14339e-17
      6076.87  1.17106e-17
      6078.33  1.11490e-17
      6079.79  1.11235e-17
      6081.26  1.18395e-17
      6082.72  1.18596e-17
      6084.18  1.20464e-17
      6085.65  1.10396e-17
      6087.11  1.12731e-17
      6088.58  1.23092e-17
      6090.04  1.26081e-17
      6091.50  1.13645e-17
      6092.97  1.12532e-17
      6094.43  1.15636e-17
      6095.89  1.17885e-17
      6097.36  1.21006e-17
      6098.82  1.26003e-17
      6100.28  1.26146e-17
      6101.75  1.20899e-17
      6103.21  1.21099e-17
      6104.67  1.27270e-17
      6106.14  1.24203e-17
      6107.60  1.22101e-17
      6109.07  1.31289e-17
      6110.53  1.22951e-17
      6111.99  1.18354e-17
      6113.46  1.19080e-17
      6114.92  1.14773e-17
      6116.38  1.26513e-17
      6117.85  1.23066e-17
      6119.31  1.14722e-17
      6120.77  1.23564e-17
      6122.24  1.23323e-17
      6123.70  1.21778e-17
      6125.17  1.23595e-17
      6126.63  1.24757e-17
      6128.09  1.23316e-17
      6129.56  1.20595e-17
      6131.02  1.19785e-17
      6132.48  1.18634e-17
      6133.95  1.22031e-17
      6135.41  1.27278e-17
      6136.87  1.25458e-17
      6138.34  1.20838e-17
      6139.80  1.21675e-17
      6141.27  1.22432e-17
      6142.73  1.24185e-17
      6144.19  1.18076e-17
      6145.66  1.16179e-17
      6147.12  1.20262e-17
      6148.58  1.22891e-17
      6150.05  1.23254e-17
      6151.51  1.25107e-17
      6152.98  1.24523e-17
      6154.44  1.20926e-17
      6155.90  1.25315e-17
      6157.37  1.29000e-17
      6158.83  1.28585e-17
      6160.29  1.26485e-17
      6161.76  1.30265e-17
      6163.22  1.37066e-17
      6164.68  1.43015e-17
      6166.15  1.40777e-17
      6167.61  1.30518e-17
      6169.08  1.38872e-17
      6170.54  1.42846e-17
      6172.00  1.42074e-17
      6173.47  1.47144e-17
      6174.93  1.44813e-17
      6176.39  1.42905e-17
      6177.86  1.48468e-17
      6179.32  1.49210e-17
      6180.78  1.62037e-17
      6182.25  1.67972e-17
      6183.71  1.56460e-17
      6185.17  1.67902e-17
      6186.64  1.58338e-17
      6188.10  1.63116e-17
      6189.57  1.71050e-17
      6191.03  1.63202e-17
      6192.49  1.71828e-17
      6193.96  1.76545e-17
      6195.42  1.73047e-17
      6196.88  1.73477e-17
      6198.35  1.81480e-17
      6199.81  1.81475e-17
      6201.27  1.88861e-17
      6202.74  1.88616e-17
      6204.20  1.80856e-17
      6205.67  1.81392e-17
      6207.13  1.85116e-17
      6208.59  1.91772e-17
      6210.06  1.89757e-17
      6211.52  1.89481e-17
      6212.98  1.90237e-17
      6214.45  2.02042e-17
      6215.91  2.03996e-17
      6217.37  1.91664e-17
      6218.84  1.95066e-17
      6220.30  1.95902e-17
      6221.77  1.99495e-17
      6223.23  2.01249e-17
      6224.69  1.89994e-17
      6226.16  1.92694e-17
      6227.62  1.89033e-17
      6229.08  1.93196e-17
      6230.55  1.94808e-17
      6232.01  2.04912e-17
      6233.47  1.99883e-17
      6234.94  1.97009e-17
      6236.40  2.03063e-17
      6237.87  1.93786e-17
      6239.33  1.84803e-17
      6240.79  1.92100e-17
      6242.26  1.98645e-17
      6243.72  2.00274e-17
      6245.18  1.91642e-17
      6246.65  1.96573e-17
      6248.11  1.88164e-17
      6249.57  1.88775e-17
      6251.04  1.93333e-17
      6252.50  1.89378e-17
      6253.97  2.00077e-17
      6255.43  2.08280e-17
      6256.89  1.90197e-17
      6258.36  1.90786e-17
      6259.82  1.93786e-17
      6261.28  1.97310e-17
      6262.75  1.93341e-17
      6264.21  2.01139e-17
      6265.67  1.92322e-17
      6267.14  1.95409e-17
      6268.60  2.05002e-17
      6270.07  2.02467e-17
      6271.53  1.97063e-17
      6272.99  1.94927e-17
      6274.46  2.07560e-17
      6275.92  1.98351e-17
      6277.38  1.91902e-17
      6278.85  1.90120e-17
      6280.31  1.90159e-17
      6281.77  1.82995e-17
      6283.24  1.77635e-17
      6284.70  1.82743e-17
      6286.17  1.80975e-17
      6287.63  1.88071e-17
      6289.09  1.88255e-17
      6290.56  1.87989e-17
      6292.02  1.91838e-17
      6293.48  1.85842e-17
      6294.95  1.86125e-17
      6296.41  1.91214e-17
      6297.87  1.98911e-17
      6299.34  1.87112e-17
      6300.80  1.78471e-17
      6302.27  1.84040e-17
      6303.73  1.91806e-17
      6305.19  1.87602e-17
      6306.66  1.79768e-17
      6308.12  1.81038e-17
      6309.58  1.76369e-17
      6311.05  1.80856e-17
      6312.51  1.80760e-17
      6313.97  1.75446e-17
      6315.44  1.75710e-17
      6316.90  1.71496e-17
      6318.37  1.74759e-17
      6319.83  1.80664e-17
      6321.29  1.76980e-17
      6322.76  1.69539e-17
      6324.22  1.69789e-17
      6325.68  1.74013e-17
      6327.15  1.71979e-17
      6328.61  1.74718e-17
      6330.07  1.75947e-17
      6331.54  1.68429e-17
      6333.00  1.77048e-17
      6334.47  1.71092e-17
      6335.93  1.56320e-17
      6337.39  1.77072e-17
      6338.86  1.76214e-17
      6340.32  1.58692e-17
      6341.78  1.54556e-17
      6343.25  1.61558e-17
      6344.71  1.77156e-17
      6346.17  1.67920e-17
      6347.64  1.54470e-17
      6349.10  1.64320e-17
      6350.57  1.69642e-17
      6352.03  1.68860e-17
      6353.49  1.66847e-17
      6354.96  1.61083e-17
      6356.42  1.65852e-17
      6357.88  1.57004e-17
      6359.35  1.53676e-17
      6360.81  1.57593e-17
      6362.27  1.57208e-17
      6363.74  1.49924e-17
      6365.20  1.44228e-17
      6366.67  1.50330e-17
      6368.13  1.53710e-17
      6369.59  1.58203e-17
      6371.06  1.57537e-17
      6372.52  1.50284e-17
      6373.98  1.45709e-17
      6375.45  1.49858e-17
      6376.91  1.50404e-17
      6378.37  1.49651e-17
      6379.84  1.48235e-17
      6381.30  1.47558e-17
      6382.77  1.59607e-17
      6384.23  1.63686e-17
      6385.69  1.48893e-17
      6387.16  1.49847e-17
      6388.62  1.38721e-17
      6390.08  1.45481e-17
      6391.55  1.51948e-17
      6393.01  1.48973e-17
      6394.47  1.45673e-17
      6395.94  1.47229e-17
      6397.40  1.35354e-17
      6398.87  1.41221e-17
      6400.33  1.53003e-17
      6401.79  1.45096e-17
      6403.26  1.42045e-17
      6404.72  1.41065e-17
      6406.18  1.51562e-17
      6407.65  1.54536e-17
      6409.11  1.40906e-17
      6410.57  1.54975e-17
      6412.04  1.43701e-17
      6413.50  1.47534e-17
      6414.97  1.48484e-17
      6416.43  1.42331e-17
      6417.89  1.56573e-17
      6419.36  1.53893e-17
      6420.82  1.56776e-17
      6422.28  1.52907e-17
      6423.75  1.51982e-17
      6425.21  1.52251e-17
      6426.67  1.44457e-17
      6428.14  1.49549e-17
      6429.60  1.50601e-17
      6431.07  1.61918e-17
      6432.53  1.59058e-17
      6433.99  1.57646e-17
      6435.46  1.46656e-17
      6436.92  1.52776e-17
      6438.38  1.62914e-17
      6439.85  1.63262e-17
      6441.31  1.57010e-17
      6442.77  1.65575e-17
      6444.24  1.58002e-17
      6445.70  1.54918e-17
      6447.17  1.59714e-17
      6448.63  1.64249e-17
      6450.09  1.60484e-17
      6451.56  1.48902e-17
      6453.02  1.48848e-17
      6454.48  1.52430e-17
      6455.95  1.58083e-17
      6457.41  1.53687e-17
      6458.87  1.49518e-17
      6460.34  1.48437e-17
      6461.80  1.59872e-17
      6463.27  1.57050e-17
      6464.73  1.53606e-17
      6466.19  1.61228e-17
      6467.66  1.56670e-17
      6469.12  1.46194e-17
      6470.58  1.47819e-17
      6472.05  1.56871e-17
      6473.51  1.52084e-17
      6474.97  1.56093e-17
      6476.44  1.54224e-17
      6477.90  1.54294e-17
      6479.36  1.54160e-17
      6480.83  1.52231e-17
      6482.29  1.52176e-17
      6483.76  1.45325e-17
      6485.22  1.45497e-17
      6486.68  1.50654e-17
      6488.15  1.53636e-17
      6489.61  1.50091e-17
      6491.07  1.60521e-17
      6492.54  1.49424e-17
      6494.00  1.52009e-17
      6495.47  1.49236e-17
      6496.93  1.51521e-17
      6498.39  1.44232e-17
      6499.86  1.42805e-17
      6501.32  1.42746e-17
      6502.78  1.36462e-17
      6504.25  1.44025e-17
      6505.71  1.46030e-17
      6507.17  1.45729e-17
      6508.64  1.47420e-17
      6510.10  1.46814e-17
      6511.56  1.39829e-17
      6513.03  1.40203e-17
      6514.49  1.49788e-17
      6515.96  1.49747e-17
      6517.42  1.43551e-17
      6518.88  1.49033e-17
      6520.35  1.41884e-17
      6521.81  1.43746e-17
      6523.27  1.44471e-17
      6524.74  1.51812e-17
      6526.20  1.48259e-17
      6527.67  1.49203e-17
      6529.13  1.44366e-17
      6530.59  1.44159e-17
      6532.06  1.42163e-17
      6533.52  1.43872e-17
      6534.98  1.55789e-17
      6536.45  1.49508e-17
      6537.91  1.42631e-17
      6539.37  1.53526e-17
      6540.84  1.42973e-17
      6542.30  1.34998e-17
      6543.77  1.44112e-17
      6545.23  1.47042e-17
      6546.69  1.47729e-17
      6548.16  1.46962e-17
      6549.62  1.48128e-17
      6551.08  1.47289e-17
      6552.55  1.53211e-17
      6554.01  1.52161e-17
      6555.47  1.47098e-17
      6556.94  1.52088e-17
      6558.40  1.55073e-17
      6559.86  1.53020e-17
      6561.33  1.58488e-17
      6562.79  1.70647e-17
      6564.26  1.75372e-17
      6565.72  1.82885e-17
      6567.18  1.78640e-17
      6568.65  1.56811e-17
      6570.11  1.41712e-17
      6571.57  1.38614e-17
      6573.04  1.45085e-17
      6574.50  1.45140e-17
      6575.96  1.36498e-17
      6577.43  1.36667e-17
      6578.89  1.37007e-17
      6580.36  1.39116e-17
      6581.82  1.48591e-17
      6583.28  1.56065e-17
      6584.75  1.53185e-17
      6586.21  1.46029e-17
      6587.67  1.49534e-17
      6589.14  1.39742e-17
      6590.60  1.39023e-17
      6592.06  1.47493e-17
      6593.53  1.46839e-17
      6594.99  1.41656e-17
      6596.46  1.38902e-17
      6597.92  1.39705e-17
      6599.38  1.41795e-17
      6600.85  1.40159e-17
      6602.31  1.37146e-17
      6603.77  1.34995e-17
      6605.24  1.30113e-17
      6606.70  1.32226e-17
      6608.17  1.44604e-17
      6609.63  1.44872e-17
      6611.09  1.35124e-17
      6612.56  1.37523e-17
      6614.02  1.36926e-17
      6615.48  1.31477e-17
      6616.95  1.25080e-17
      6618.41  1.25033e-17
      6619.87  1.26175e-17
      6621.34  1.34096e-17
      6622.80  1.30472e-17
      6624.26  1.32151e-17
      6625.73  1.26010e-17
      6627.19  1.22708e-17
      6628.66  1.24104e-17
      6630.12  1.30215e-17
      6631.58  1.26575e-17
      6633.05  1.22525e-17
      6634.51  1.28461e-17
      6635.97  1.19685e-17
      6637.44  1.18432e-17
      6638.90  1.25151e-17
      6640.36  1.28192e-17
      6641.83  1.31087e-17
      6643.29  1.24611e-17
      6644.76  1.30780e-17
      6646.22  1.37304e-17
      6647.68  1.33111e-17
      6649.15  1.20179e-17
      6650.61  1.32857e-17
      6652.07  1.27664e-17
      6653.54  1.22153e-17
      6655.00  1.19192e-17
      6656.46  1.22864e-17
      6657.93  1.23290e-17
      6659.39  1.17709e-17
      6660.86  1.17001e-17
      6662.32  1.27875e-17
      6663.78  1.22322e-17
      6665.25  1.22764e-17
      6666.71  1.27196e-17
      6668.17  1.28023e-17
      6669.64  1.22550e-17
      6671.10  1.27865e-17
      6672.56  1.17751e-17
      6674.03  1.12879e-17
      6675.49  1.14637e-17
      6676.96  1.21142e-17
      6678.42  1.18623e-17
      6679.88  1.17118e-17
      6681.35  1.13962e-17
      6682.81  1.12644e-17
      6684.27  1.16893e-17
      6685.74  1.15249e-17
      6687.20  1.10212e-17
      6688.66  1.18131e-17
      6690.13  1.21332e-17
      6691.59  1.18190e-17
      6693.06  1.10280e-17
      6694.52  1.02556e-17
      6695.98  1.05286e-17
      6697.45  1.13736e-17
      6698.91  1.09512e-17
      6700.37  1.06859e-17
      6701.84  1.04669e-17
      6703.30  1.05086e-17
      6704.76  1.17622e-17
      6706.23  1.16669e-17
      6707.69  1.11790e-17
      6709.16  1.09512e-17
      6710.62  1.11898e-17
      6712.08  1.08158e-17
      6713.55  1.09061e-17
      6715.01  1.13020e-17
      6716.47  1.18368e-17
      6717.94  1.14459e-17
      6719.40  1.07604e-17
      6720.86  1.06423e-17
      6722.33  1.08768e-17
      6723.79  1.04458e-17
      6725.26  9.75831e-18
      6726.72  1.04104e-17
      6728.18  9.48233e-18
      6729.65  9.76463e-18
      6731.11  1.03110e-17
      6732.57  1.04207e-17
      6734.04  1.03937e-17
      6735.50  1.04241e-17
      6736.96  1.01165e-17
      6738.43  1.01527e-17
      6739.89  1.07241e-17
      6741.36  1.00615e-17
      6742.82  9.74438e-18
      6744.28  9.73349e-18
      6745.75  9.72561e-18
      6747.21  1.00982e-17
      6748.67  9.77686e-18
      6750.14  9.66458e-18
      6751.60  9.23651e-18
      6753.06  9.97929e-18
      6754.53  9.61962e-18
      6755.99  9.54507e-18
      6757.46  1.05218e-17
      6758.92  1.03905e-17
      6760.38  1.02067e-17
      6761.85  1.00780e-17
      6763.31  9.94549e-18
      6764.77  9.58496e-18
      6766.24  9.52096e-18
      6767.70  9.74909e-18
      6769.16  1.02642e-17
      6770.63  1.01006e-17
      6772.09  1.04435e-17
      6773.56  1.08764e-17
      6775.02  1.06158e-17
      6776.48  9.95120e-18
      6777.95  9.82341e-18
      6779.41  1.00242e-17
      6780.87  1.04121e-17
      6782.34  1.01387e-17
      6783.80  1.02378e-17
      6785.26  1.05252e-17
      6786.73  1.00706e-17
      6788.19  1.05840e-17
      6789.66  1.10088e-17
      6791.12  1.03598e-17
      6792.58  9.85076e-18
      6794.05  1.03556e-17
      6795.51  1.06288e-17
      6796.97  1.01190e-17
      6798.44  9.90356e-18
      6799.90  9.75928e-18
      6801.36  9.90240e-18
      6802.83  1.01854e-17
      6804.29  1.00734e-17
      6805.76  1.04619e-17
      6807.22  1.06899e-17
      6808.68  1.02459e-17
      6810.15  1.01824e-17
      6811.61  1.04339e-17
      6813.07  1.00769e-17
      6814.54  9.60369e-18
      6816.00  1.00481e-17
      6817.46  9.85109e-18
      6818.93  9.49029e-18
      6820.39  1.00188e-17
      6821.85  9.98445e-18
      6823.32  9.62280e-18
      6824.78  9.13268e-18
      6826.25  9.44520e-18
      6827.71  9.57035e-18
      6829.17  8.90670e-18
      6830.64  9.27717e-18
      6832.10  9.28190e-18
      6833.56  8.83794e-18
      6835.03  9.46671e-18
      6836.49  9.68240e-18
      6837.96  9.08208e-18
      6839.42  9.58224e-18
      6840.88  1.10642e-17
      6842.35  1.03467e-17
      6843.81  9.34462e-18
      6845.27  9.37786e-18
      6846.74  9.85713e-18
      6848.20  8.96755e-18
      6849.66  8.75155e-18
      6851.13  8.77408e-18
      6852.59  9.64401e-18
      6854.06  9.45004e-18
      6855.52  8.24345e-18
      6856.98  8.49990e-18
      6858.45  7.69747e-18
      6859.91  7.79839e-18
      6861.37  8.80587e-18
      6862.84  8.70982e-18
      6864.30  8.99977e-18
      6865.76  8.38872e-18
      6867.23  8.14798e-18
      6868.69  8.75601e-18
      6870.16  8.85890e-18
      6871.62  8.40255e-18
      6873.08  8.55740e-18
      6874.55  8.80349e-18
      6876.01  8.76772e-18
      6877.47  9.04184e-18
      6878.94  8.09121e-18
      6880.40  8.45412e-18
      6881.86  8.60295e-18
      6883.33  8.57975e-18
      6884.79  8.73568e-18
      6886.25  9.07477e-18
      6887.72  8.14375e-18
      6889.18  7.89005e-18
      6890.65  8.13924e-18
      6892.11  7.83328e-18
      6893.57  8.34901e-18
      6895.04  8.42128e-18
      6896.50  7.85013e-18
      6897.96  7.96183e-18
      6899.43  8.55425e-18
      6900.89  8.62546e-18
      6902.35  7.99349e-18
      6903.82  8.09096e-18
      6905.28  9.62360e-18
      6906.75  8.82882e-18
      6908.21  9.10146e-18
      6909.67  9.88510e-18
      6911.14  9.61898e-18
      6912.60  9.39498e-18
      6914.06  8.45405e-18
      6915.53  8.74521e-18
      6916.99  9.44014e-18
      6918.46  9.24662e-18
      6919.92  9.34666e-18
      6921.38  9.86859e-18
      6922.85  9.62900e-18
      6924.31  9.91123e-18
      6925.77  9.72304e-18
      6927.24  9.95730e-18
      6928.70  9.57445e-18
      6930.16  9.15089e-18
      6931.63  9.69559e-18
      6933.09  9.65035e-18
      6934.56  9.74476e-18
      6936.02  9.60123e-18
      6937.48  9.68792e-18
      6938.95  1.02129e-17
      6940.41  1.01066e-17
      6941.87  9.49044e-18
      6943.34  9.50703e-18
      6944.80  9.70182e-18
      6946.26  9.81629e-18
      6947.73  1.03206e-17
      6949.19  1.08588e-17
      6950.66  1.10727e-17
      6952.12  1.03490e-17
      6953.58  1.02421e-17
      6955.05  1.03603e-17
      6956.51  1.07024e-17
      6957.97  1.14860e-17
      6959.44  9.90589e-18
      6960.90  1.01155e-17
      6962.36  9.89641e-18
      6963.83  1.01675e-17
      6965.29  1.05380e-17
      6966.75  1.08134e-17
      6968.22  1.05495e-17
      6969.68  1.07331e-17
      6971.15  1.05874e-17
      6972.61  1.04500e-17
      6974.07  1.12464e-17
      6975.54  1.15158e-17
      6977.00  1.15706e-17
      6978.46  1.17408e-17
      6979.93  1.07515e-17
      6981.39  9.87608e-18
      6982.85  9.99348e-18
      6984.32  1.20300e-17
      6985.78  1.29685e-17
      6987.25  1.17407e-17
      6988.71  1.05205e-17
      6990.17  1.06064e-17
      6991.64  1.05808e-17
      6993.10  1.04668e-17
      6994.56  1.06663e-17
      6996.03  1.10052e-17
      6997.49  1.01940e-17
      6998.95  9.85541e-18
      7000.42  1.07866e-17
      7001.88  1.05050e-17
      7003.35  1.03632e-17
      7004.81  9.82991e-18
      7006.27  1.03390e-17
      7007.74  1.11518e-17
      7009.20  1.11650e-17
      7010.66  1.09661e-17
      7012.13  1.08959e-17
      7013.59  1.09071e-17
      7015.05  1.05209e-17
      7016.52  1.01503e-17
      7017.98  9.73515e-18
      7019.45  1.00285e-17
      7020.91  1.04441e-17
      7022.37  1.04162e-17
      7023.84  9.95429e-18
      7025.30  1.01716e-17
      7026.76  1.01670e-17
      7028.23  9.93916e-18
      7029.69  1.00788e-17
      7031.16  1.03514e-17
      7032.62  1.07301e-17
      7034.08  1.05420e-17
      7035.55  9.93177e-18
      7037.01  9.50563e-18
      7038.47  9.44423e-18
      7039.94  1.05438e-17
      7041.40  1.04932e-17
      7042.86  9.90249e-18
      7044.33  1.04886e-17
      7045.79  1.10204e-17
      7047.25  1.00365e-17
      7048.72  9.39004e-18
      7050.18  1.00073e-17
      7051.65  1.06917e-17
      7053.11  1.05169e-17
      7054.57  1.03591e-17
      7056.04  1.09334e-17
      7057.50  1.05471e-17
      7058.96  1.00449e-17
      7060.43  9.92035e-18
      7061.89  9.31538e-18
      7063.35  9.72589e-18
      7064.82  1.02601e-17
      7066.28  1.04051e-17
      7067.75  1.05020e-17
      7069.21  1.03618e-17
      7070.67  1.02330e-17
      7072.14  1.01161e-17
      7073.60  9.89145e-18
      7075.06  1.01179e-17
      7076.53  9.99757e-18
      7077.99  9.68905e-18
      7079.45  9.90330e-18
      7080.92  1.04359e-17
      7082.38  1.11809e-17
      7083.85  1.04866e-17
      7085.31  9.86779e-18
      7086.77  1.06144e-17
      7088.24  1.08346e-17
      7089.70  1.08539e-17
      7091.16  1.04763e-17
      7092.63  9.89929e-18
      7094.09  9.82430e-18
      7095.55  9.69586e-18
      7097.02  9.75140e-18
      7098.48  1.02874e-17
      7099.95  1.04506e-17
      7101.41  9.97634e-18
      7102.87  9.44358e-18
      7104.34  9.45690e-18
      7105.80  9.93960e-18
      7107.26  9.83948e-18
      7108.73  9.81599e-18
      7110.19  1.01719e-17
      7111.65  1.04023e-17
      7113.12  1.02363e-17
      7114.58  9.97841e-18
      7116.05  1.03744e-17
      7117.51  1.05635e-17
      7118.97  1.01205e-17
      7120.44  1.01036e-17
      7121.90  1.01867e-17
      7123.36  9.88572e-18
      7124.83  1.00849e-17
      7126.29  1.05765e-17
      7127.75  1.10301e-17
      7129.22  1.10860e-17
      7130.68  1.03854e-17
      7132.15  1.01592e-17
      7133.61  1.06210e-17
      7135.07  1.07198e-17
      7136.54  1.09893e-17
      7138.00  1.17384e-17
      7139.46  1.21448e-17
      7140.93  1.16309e-17
      7142.39  1.12535e-17
      7143.85  1.16916e-17
      7145.32  1.18282e-17
      7146.78  1.16919e-17
      7148.25  1.17299e-17
      7149.71  1.13808e-17
      7151.17  1.09709e-17
      7152.64  1.10382e-17
      7154.10  1.15399e-17
      7155.56  1.14574e-17
      7157.03  1.08284e-17
      7158.49  1.06797e-17
      7159.95  1.07379e-17
      7161.42  1.10586e-17
      7162.88  1.16192e-17
      7164.35  1.17262e-17
      7165.81  1.21112e-17
      7167.27  1.18305e-17
      7168.74  1.15295e-17
      7170.20  1.22291e-17
      7171.66  1.23629e-17
      7173.13  1.23879e-17
      7174.59  1.34373e-17
      7176.05  1.07899e-17
      7177.52  5.80642e-18
      7178.98  9.03348e-18
      7180.45  1.19817e-17
      7181.91  1.17243e-17
      7183.37  1.18531e-17
      7184.84  1.18289e-17
      7186.30  1.15740e-17
      7187.76  1.09237e-17
      7189.23  1.00711e-17
      7190.69  1.01551e-17
      7192.15  1.08609e-17
      7193.62  1.08249e-17
      7195.08  1.05252e-17
      7196.55  1.08298e-17
      7198.01  1.14720e-17
      7199.47  1.17765e-17
      7200.94  1.22615e-17
      7202.40  1.22851e-17
      7203.86  1.18719e-17
      7205.33  1.20979e-17
      7206.79  1.21330e-17
      7208.25  1.22621e-17
      7209.72  1.33447e-17
      7211.18  1.39583e-17
      7212.65  1.38341e-17
      7214.11  1.35883e-17
      7215.57  1.39555e-17
      7217.04  1.38771e-17
      7218.50  1.32891e-17
      7219.96  1.37464e-17
      7221.43  1.40504e-17
      7222.89  1.33575e-17
      7224.35  1.23355e-17
      7225.82  1.18165e-17
      7227.28  1.21426e-17
      7228.75  1.30467e-17
      7230.21  1.36371e-17
      7231.67  1.27149e-17
      7233.14  1.21605e-17
      7234.60  1.23821e-17
      7236.06  1.24287e-17
      7237.53  1.22046e-17
      7238.99  1.28110e-17
      7240.45  1.32549e-17
      7241.92  1.38013e-17
      7243.38  1.44355e-17
      7244.85  1.47398e-17
      7246.31  1.43176e-17
      7247.77  1.44634e-17
      7249.24  1.46235e-17
      7250.70  1.47080e-17
      7252.16  1.46121e-17
      7253.63  1.41215e-17
      7255.09  1.42165e-17
      7256.55  1.41569e-17
      7258.02  1.41094e-17
      7259.48  1.39628e-17
      7260.94  1.48808e-17
      7262.41  1.51495e-17
      7263.87  1.41103e-17
      7265.34  1.40862e-17
      7266.80  1.45421e-17
      7268.26  1.41832e-17
      7269.73  1.37923e-17
      7271.19  1.40923e-17
      7272.65  1.49281e-17
      7274.12  1.50077e-17
      7275.58  1.46930e-17
      7277.05  1.44083e-17
      7278.51  1.42168e-17
      7279.97  1.42253e-17
      7281.44  1.38730e-17
      7282.90  1.46456e-17
      7284.36  1.51867e-17
      7285.83  1.52548e-17
      7287.29  1.52302e-17
      7288.75  1.47869e-17
      7290.22  1.52524e-17
      7291.68  1.55282e-17
      7293.15  1.53999e-17
      7294.61  1.51792e-17
      7296.07  1.43574e-17
      7297.54  1.38720e-17
      7299.00  1.44206e-17
      7300.46  1.49397e-17
      7301.93  1.43803e-17
      7303.39  1.39335e-17
      7304.85  1.33783e-17
      7306.32  1.32182e-17
      7307.78  1.34028e-17
      7309.25  1.29925e-17
      7310.71  1.33322e-17
      7312.17  1.34049e-17
      7313.64  1.33346e-17
      7315.10  1.29393e-17
      7316.56  1.28987e-17
      7318.03  1.34348e-17
      7319.49  1.33648e-17
      7320.95  1.41145e-17
      7322.42  1.43204e-17
      7323.88  1.35009e-17
      7325.35  1.40452e-17
      7326.81  1.49524e-17
      7328.27  1.49042e-17
      7329.74  1.49277e-17
      7331.20  1.48524e-17
      7332.66  1.42203e-17
      7334.13  1.35363e-17
      7335.59  1.38408e-17
      7337.05  1.33214e-17
      7338.52  1.23693e-17
      7339.98  1.27117e-17
      7341.44  1.29600e-17
      7342.91  1.25223e-17
      7344.37  1.26100e-17
      7345.84  1.31250e-17
      7347.30  1.27393e-17
      7348.76  1.23775e-17
      7350.23  1.24836e-17
      7351.69  1.27715e-17
      7353.15  1.26675e-17
      7354.62  1.26564e-17
      7356.08  1.31213e-17
      7357.54  1.27279e-17
      7359.01  1.24669e-17
      7360.47  1.23045e-17
      7361.94  1.19513e-17
      7363.40  1.20867e-17
      7364.86  1.23733e-17
      7366.33  1.27127e-17
      7367.79  1.25705e-17
      7369.25  1.20761e-17
      7370.72  1.21091e-17
      7372.18  1.26713e-17
      7373.65  1.21484e-17
      7375.11  1.14681e-17
      7376.57  1.14330e-17
      7378.04  1.20646e-17
      7379.50  1.25284e-17
      7380.96  1.22205e-17
      7382.43  1.17548e-17
