3720.00 2.1036e+08
3721.50 1.9973e+08
3723.00 1.8674e+08
3724.50 1.5439e+08
3726.00 1.3959e+08
3727.50 2.1271e+08
3729.00 2.0315e+08
3730.50 2.0158e+08
3732.00 1.5602e+08
3733.50 1.7785e+08
3735.00 1.9145e+08
3736.50 1.1013e+08
3738.00 1.2416e+08
3739.50 9.5696e+07
3741.00 1.0893e+08
3742.50 1.874e+08
3744.00 1.8738e+08
3745.50 2.075e+08
3747.00 1.9106e+08
3748.50 2.3033e+08
3750.00 2.1239e+08
3751.50 1.771e+08
3753.00 1.8922e+08
3754.50 2.4063e+08
3756.00 1.5577e+08
3757.50 1.458e+08
3759.00 1.6081e+08
3760.50 1.7541e+08
3762.00 1.841e+08
3763.50 1.63e+08
3765.00 1.7381e+08
3766.50 1.8277e+08
3768.00 1.817e+08
3769.50 1.8216e+08
3771.00 1.5065e+08
3772.50 1.6456e+08
3774.00 2.1448e+08
3775.50 1.7344e+08
3777.00 1.33e+08
3778.50 1.2797e+08
3780.00 1.5971e+08
3781.50 1.8886e+08
3783.00 1.7707e+08
3784.50 1.7341e+08
3786.00 1.7639e+08
3787.50 1.5072e+08
3789.00 1.4239e+08
3790.50 1.4708e+08
3792.00 1.6323e+08
3793.50 2.0735e+08
3795.00 1.9223e+08
3796.50 1.8665e+08
3798.00 1.7655e+08
3799.50 1.6669e+08
3801.00 1.5231e+08
3802.50 1.4823e+08
3804.00 1.8418e+08
3805.50 1.6198e+08
3807.00 1.7952e+08
3808.50 1.7843e+08
3810.00 1.4595e+08
3811.50 1.8555e+08
3813.00 1.5058e+08
3814.50 1.3546e+08
3816.00 1.3002e+08
3817.50 1.6813e+08
3819.00 1.4432e+08
3820.50 1.5999e+08
3822.00 1.3348e+08
3823.50 1.5429e+08
3825.00 1.5343e+08
3826.50 1.2976e+08
3828.00 1.3262e+08
3829.50 1.5704e+08
3831.00 1.6006e+08
3832.50 1.5999e+08
3834.00 1.426e+08
3835.50 1.4356e+08
3837.00 1.5783e+08
3838.50 1.5815e+08
3840.00 1.6167e+08
3841.50 1.613e+08
3843.00 1.5837e+08
3844.50 1.415e+08
3846.00 1.6507e+08
3847.50 2.1868e+08
3849.00 1.6943e+08
3850.50 1.6731e+08
3852.00 1.5958e+08
3853.50 1.3918e+08
3855.00 1.5454e+08
3856.50 1.5235e+08
3858.00 1.4689e+08
3859.50 1.4671e+08
3861.00 1.5573e+08
3862.50 1.4647e+08
3864.00 1.4833e+08
3865.50 1.7236e+08
3867.00 1.6551e+08
3868.50 1.573e+08
3870.00 1.2284e+08
3871.50 1.4026e+08
3873.00 1.4936e+08
3874.50 1.4667e+08
3876.00 1.2718e+08
3877.50 1.2826e+08
3879.00 1.2525e+08
3880.50 1.2349e+08
3882.00 1.3175e+08
3883.50 1.1842e+08
3885.00 1.4591e+08
3886.50 1.4337e+08
3888.00 1.1858e+08
3889.50 1.3241e+08
3891.00 1.5836e+08
3892.50 1.594e+08
3894.00 1.5896e+08
3895.50 1.709e+08
3897.00 1.5944e+08
3898.50 1.6974e+08
3900.00 1.7728e+08
3901.50 1.1209e+08
3903.00 1.3814e+08
3904.50 1.5059e+08
3906.00 1.1413e+08
3907.50 1.4101e+08
3909.00 1.5648e+08
3910.50 1.2466e+08
3912.00 1.2909e+08
3913.50 1.4313e+08
3915.00 1.326e+08
3916.50 1.4835e+08
3918.00 1.1936e+08
3919.50 1.1459e+08
3921.00 1.2006e+08
3922.50 1.2393e+08
3924.00 1.236e+08
3925.50 1.4195e+08
3927.00 1.467e+08
3928.50 1.2823e+08
3930.00 1.2277e+08
3931.50 1.2269e+08
3933.00 1.4549e+08
3934.50 1.5952e+08
3936.00 1.5015e+08
3937.50 1.5711e+08
3939.00 1.6509e+08
3940.50 1.4734e+08
3942.00 1.652e+08
3943.50 1.7599e+08
3945.00 1.8604e+08
3946.50 1.6938e+08
3948.00 1.4986e+08
3949.50 1.5845e+08
3951.00 1.3989e+08
3952.50 1.2719e+08
3954.00 1.5004e+08
3955.50 1.5339e+08
3957.00 1.3695e+08
3958.50 1.306e+08
3960.00 1.3146e+08
3961.50 1.7923e+08
3963.00 1.6414e+08
3964.50 1.3779e+08
3966.00 1.3832e+08
3967.50 1.3548e+08
3969.00 1.5262e+08
3970.50 1.4327e+08
3972.00 1.3776e+08
3973.50 1.6429e+08
3975.00 1.3294e+08
3976.50 1.3474e+08
3978.00 1.4229e+08
3979.50 1.7477e+08
3981.00 1.8539e+08
3982.50 1.6116e+08
3984.00 1.7862e+08
3985.50 1.5119e+08
3987.00 1.5672e+08
3988.50 1.5684e+08
3990.00 1.7084e+08
3991.50 1.6052e+08
3993.00 1.3951e+08
3994.50 1.2865e+08
3996.00 1.3651e+08
3997.50 1.3558e+08
3999.00 1.3711e+08
4000.50 1.4109e+08
4002.00 1.3469e+08
4003.50 1.4312e+08
4005.00 1.4935e+08
4006.50 1.3554e+08
4008.00 1.1978e+08
4009.50 1.3084e+08
4011.00 1.4362e+08
4012.50 1.4506e+08
4014.00 1.4358e+08
4015.50 1.4717e+08
4017.00 1.3637e+08
4018.50 1.4062e+08
4020.00 1.2945e+08
4021.50 1.1633e+08
4023.00 1.2438e+08
4024.50 1.2054e+08
4026.00 1.3445e+08
4027.50 1.2454e+08
4029.00 1.397e+08
4030.50 1.2824e+08
4032.00 1.4622e+08
4033.50 1.3053e+08
4035.00 1.258e+08
4036.50 1.1662e+08
4038.00 1.2545e+08
4039.50 1.2976e+08
4041.00 1.3765e+08
4042.50 1.2244e+08
4044.00 1.1702e+08
4045.50 1.1311e+08
4047.00 1.1663e+08
4048.50 1.2332e+08
4050.00 1.2895e+08
4051.50 1.4315e+08
4053.00 1.435e+08
4054.50 1.435e+08
4056.00 1.4078e+08
4057.50 1.3841e+08
4059.00 1.3556e+08
4060.50 1.2363e+08
4062.00 1.5093e+08
4063.50 1.6914e+08
4065.00 1.7637e+08
4066.50 1.6006e+08
4068.00 1.3506e+08
4069.50 1.4147e+08
4071.00 1.4393e+08
4072.50 1.3458e+08
4074.00 1.3944e+08
4075.50 1.4421e+08
4077.00 1.2423e+08
4078.50 1.1188e+08
4080.00 1.2896e+08
4081.50 1.3981e+08
4083.00 1.3861e+08
4084.50 1.4463e+08
4086.00 1.3213e+08
4087.50 1.3557e+08
4089.00 1.3479e+08
4090.50 1.4112e+08
4092.00 1.3136e+08
4093.50 1.2123e+08
4095.00 1.3224e+08
4096.50 1.6076e+08
4098.00 1.4626e+08
4099.50 1.2926e+08
4101.00 1.1323e+08
4102.50 1.1876e+08
4104.00 1.2799e+08
4105.50 1.5615e+08
4107.00 1.5161e+08
4108.50 1.3258e+08
4110.00 1.3484e+08
4111.50 1.5651e+08
4113.00 1.3704e+08
4114.50 1.4892e+08
4116.00 1.3717e+08
4117.50 1.407e+08
4119.00 1.666e+08
4120.50 1.465e+08
4122.00 1.3863e+08
4123.50 1.3402e+08
4125.00 1.1993e+08
4126.50 1.2445e+08
4128.00 1.2597e+08
4129.50 1.2629e+08
4131.00 1.3572e+08
4132.50 1.2541e+08
4134.00 1.1397e+08
4135.50 1.3092e+08
4137.00 1.2963e+08
4138.50 1.2715e+08
4140.00 1.3017e+08
4141.50 1.2371e+08
4143.00 1.2865e+08
4144.50 1.3681e+08
4146.00 1.3732e+08
4147.50 1.3398e+08
4149.00 1.477e+08
4150.50 1.4857e+08
4152.00 1.3453e+08
4153.50 1.3534e+08
4155.00 1.4637e+08
4156.50 1.4567e+08
4158.00 1.3602e+08
4159.50 1.4336e+08
4161.00 1.3531e+08
4162.50 1.3376e+08
4164.00 1.3528e+08
4165.50 1.2069e+08
4167.00 1.3522e+08
4168.50 1.3763e+08
4170.00 1.2017e+08
4171.50 1.1903e+08
4173.00 1.1165e+08
4174.50 1.2292e+08
4176.00 1.2747e+08
4177.50 1.259e+08
4179.00 1.2936e+08
4180.50 1.241e+08
4182.00 1.1901e+08
4183.50 1.3316e+08
4185.00 1.1867e+08
4186.50 1.2762e+08
4188.00 1.3614e+08
4189.50 1.215e+08
4191.00 1.3044e+08
4192.50 1.1663e+08
4194.00 1.0661e+08
4195.50 1.2101e+08
4197.00 1.3663e+08
4198.50 1.2958e+08
4200.00 1.3217e+08
4201.50 1.3881e+08
4203.00 1.3805e+08
4204.50 1.3082e+08
4206.00 1.2763e+08
4207.50 1.258e+08
4209.00 1.3926e+08
4210.50 1.4081e+08
4212.00 1.3659e+08
4213.50 1.3628e+08
4215.00 1.2427e+08
4216.50 1.2571e+08
4218.00 1.2425e+08
4219.50 1.151e+08
4221.00 1.2449e+08
4222.50 1.4257e+08
4224.00 1.3569e+08
4225.50 1.3034e+08
4227.00 1.2899e+08
4228.50 1.3241e+08
4230.00 1.2787e+08
4231.50 1.2557e+08
4233.00 1.2297e+08
4234.50 1.3812e+08
4236.00 1.3477e+08
4237.50 1.1923e+08
4239.00 1.2149e+08
4240.50 1.2768e+08
4242.00 1.3777e+08
4243.50 1.2906e+08
4245.00 1.334e+08
4246.50 1.1518e+08
4248.00 1.3139e+08
4249.50 1.2993e+08
4251.00 1.3878e+08
4252.50 1.2048e+08
4254.00 1.2306e+08
4255.50 1.251e+08
4257.00 1.1704e+08
4258.50 1.3567e+08
4260.00 1.5258e+08
4261.50 1.4474e+08
4263.00 1.3996e+08
4264.50 1.1936e+08
4266.00 1.1839e+08
4267.50 1.2071e+08
4269.00 1.35e+08
4270.50 1.2127e+08
4272.00 1.2888e+08
4273.50 1.2419e+08
4275.00 1.2253e+08
4276.50 1.1483e+08
4278.00 1.3158e+08
4279.50 1.2774e+08
4281.00 1.1356e+08
4282.50 1.1582e+08
4284.00 1.2361e+08
4285.50 1.2043e+08
4287.00 1.1853e+08
4288.50 1.1316e+08
4290.00 1.1233e+08
4291.50 1.122e+08
4293.00 1.147e+08
4294.50 1.1539e+08
4296.00 1.2528e+08
4297.50 1.2783e+08
4299.00 1.2289e+08
4300.50 1.2607e+08
4302.00 1.2599e+08
4303.50 1.2347e+08
4305.00 1.2659e+08
4306.50 1.3537e+08
4308.00 1.2118e+08
4309.50 1.2735e+08
4311.00 1.2592e+08
4312.50 1.3527e+08
4314.00 1.3448e+08
4315.50 1.2965e+08
4317.00 1.3062e+08
4318.50 1.3736e+08
4320.00 1.2544e+08
4321.50 1.2927e+08
4323.00 1.2883e+08
4324.50 1.2155e+08
4326.00 1.2954e+08
4327.50 1.3995e+08
4329.00 1.2867e+08
4330.50 1.3518e+08
4332.00 1.3229e+08
4333.50 1.2617e+08
4335.00 1.3658e+08
4336.50 1.2777e+08
4338.00 1.3675e+08
4339.50 1.4595e+08
4341.00 1.2903e+08
4342.50 1.2077e+08
4344.00 1.2711e+08
4345.50 1.2836e+08
4347.00 1.2971e+08
4348.50 1.306e+08
4350.00 1.4117e+08
4351.50 1.3784e+08
4353.00 1.4072e+08
4354.50 1.4183e+08
4356.00 1.2872e+08
4357.50 1.2932e+08
4359.00 1.2971e+08
4360.50 1.2618e+08
4362.00 1.3086e+08
4363.50 1.3663e+08
4365.00 1.3578e+08
4366.50 1.2323e+08
4368.00 1.2631e+08
4369.50 1.1953e+08
4371.00 1.1875e+08
4372.50 1.1673e+08
4374.00 1.0431e+08
4375.50 1.0838e+08
4377.00 1.1456e+08
4378.50 1.1586e+08
4380.00 1.3345e+08
4381.50 1.3139e+08
4383.00 1.1685e+08
4384.50 1.1756e+08
4386.00 1.2578e+08
4387.50 1.2529e+08
4389.00 1.3423e+08
4390.50 1.4563e+08
4392.00 1.3485e+08
4393.50 1.3048e+08
4395.00 1.3737e+08
4396.50 1.1976e+08
4398.00 1.0979e+08
4399.50 1.2617e+08
4401.00 1.2164e+08
4402.50 1.2592e+08
4404.00 1.305e+08
4405.50 1.3301e+08
4407.00 1.2519e+08
4408.50 1.2427e+08
4410.00 1.1455e+08
4411.50 1.2146e+08
4413.00 1.3724e+08
4414.50 1.4059e+08
4416.00 1.3035e+08
4417.50 1.2176e+08
4419.00 1.2158e+08
4420.50 1.315e+08
4422.00 1.2874e+08
4423.50 1.2238e+08
4425.00 1.2732e+08
4426.50 1.2927e+08
4428.00 1.1976e+08
4429.50 1.1334e+08
4431.00 1.1815e+08
4432.50 1.1478e+08
4434.00 1.2558e+08
4435.50 1.2395e+08
4437.00 1.2647e+08
4438.50 1.3317e+08
4440.00 1.3059e+08
4441.50 1.1355e+08
4443.00 1.1464e+08
4444.50 1.274e+08
4446.00 1.3315e+08
4447.50 1.2664e+08
4449.00 1.1818e+08
4450.50 1.2287e+08
4452.00 1.176e+08
4453.50 1.2014e+08
4455.00 1.2462e+08
4456.50 1.1893e+08
4458.00 1.2679e+08
4459.50 1.2039e+08
4461.00 1.275e+08
4462.50 1.2663e+08
4464.00 1.1741e+08
4465.50 1.3629e+08
4467.00 1.3408e+08
4468.50 1.1337e+08
4470.00 1.2053e+08
4471.50 1.187e+08
4473.00 1.1403e+08
4474.50 1.2525e+08
4476.00 1.2246e+08
4477.50 1.3395e+08
4479.00 1.2478e+08
4480.50 1.3332e+08
4482.00 1.2669e+08
4483.50 1.1669e+08
4485.00 1.1006e+08
4486.50 1.0147e+08
4488.00 1.0661e+08
4489.50 1.0993e+08
4491.00 1.067e+08
4492.50 1.0242e+08
4494.00 1.0806e+08
4495.50 1.1988e+08
4497.00 1.1803e+08
4498.50 1.2186e+08
4500.00 1.1706e+08
4501.50 1.1417e+08
4503.00 1.1971e+08
4504.50 1.2233e+08
4506.00 1.2145e+08
4507.50 1.1519e+08
4509.00 1.1105e+08
4510.50 1.124e+08
4512.00 1.2772e+08
4513.50 1.2149e+08
4515.00 1.0475e+08
4516.50 1.0429e+08
4518.00 1.0787e+08
4519.50 1.1098e+08
4521.00 1.0794e+08
4522.50 1.0445e+08
4524.00 1.0994e+08
4525.50 1.1938e+08
4527.00 1.1765e+08
4528.50 1.2366e+08
4530.00 1.0959e+08
4531.50 1.0232e+08
4533.00 1.097e+08
4534.50 1.1696e+08
4536.00 1.2255e+08
4537.50 1.2716e+08
4539.00 1.2462e+08
4540.50 1.1939e+08
4542.00 1.2419e+08
4543.50 1.1808e+08
4545.00 1.353e+08
4546.50 1.2483e+08
4548.00 1.1325e+08
4549.50 1.1541e+08
4551.00 1.1467e+08
4552.50 1.1547e+08
4554.00 1.1411e+08
4555.50 1.1081e+08
4557.00 1.1967e+08
4558.50 1.1623e+08
4560.00 1.1724e+08
4561.50 1.261e+08
4563.00 1.3112e+08
4564.50 1.1829e+08
4566.00 1.0727e+08
4567.50 1.0721e+08
4569.00 1.0883e+08
4570.50 1.175e+08
4572.00 1.1058e+08
4573.50 1.1135e+08
4575.00 1.2048e+08
4576.50 1.0668e+08
4578.00 1.1004e+08
4579.50 1.1617e+08
4581.00 1.1979e+08
4582.50 1.2582e+08
4584.00 1.2052e+08
4585.50 1.174e+08
4587.00 1.3017e+08
4588.50 1.2959e+08
4590.00 1.1195e+08
4591.50 1.104e+08
4593.00 1.1644e+08
4594.50 1.1853e+08
4596.00 1.1936e+08
4597.50 1.1529e+08
4599.00 1.1497e+08
4600.50 1.2485e+08
4602.00 1.1743e+08
4603.50 1.2024e+08
4605.00 1.2827e+08
4606.50 1.3092e+08
4608.00 1.235e+08
4609.50 1.2336e+08
4611.00 1.2533e+08
4612.50 1.2365e+08
4614.00 1.2311e+08
4615.50 1.209e+08
4617.00 1.376e+08
4618.50 1.3605e+08
4620.00 1.2318e+08
4621.50 1.1555e+08
4623.00 1.1883e+08
4624.50 1.2663e+08
4626.00 1.2861e+08
4627.50 1.2154e+08
4629.00 1.2866e+08
4630.50 1.2154e+08
4632.00 1.0986e+08
4633.50 1.1086e+08
4635.00 1.1385e+08
4636.50 1.1297e+08
4638.00 1.1296e+08
4639.50 1.1778e+08
4641.00 1.1729e+08
4642.50 1.1653e+08
4644.00 1.1916e+08
4645.50 1.247e+08
4647.00 1.2733e+08
4648.50 1.2974e+08
4650.00 1.2463e+08
4651.50 1.1904e+08
4653.00 1.2357e+08
4654.50 1.3063e+08
4656.00 1.2215e+08
4657.50 1.1932e+08
4659.00 1.2489e+08
4660.50 1.2208e+08
4662.00 1.3234e+08
4663.50 1.4479e+08
4665.00 1.3558e+08
4666.50 1.2445e+08
4668.00 1.1218e+08
4669.50 1.1188e+08
4671.00 1.1945e+08
4672.50 1.1548e+08
4674.00 1.2511e+08
4675.50 1.4251e+08
4677.00 1.3424e+08
4678.50 1.2469e+08
4680.00 1.277e+08
4681.50 1.4297e+08
4683.00 1.3042e+08
4684.50 1.3237e+08
4686.00 1.3414e+08
4687.50 1.2862e+08
4689.00 1.3166e+08
4690.50 1.3173e+08
4692.00 1.2061e+08
4693.50 1.2933e+08
4695.00 1.2955e+08
4696.50 1.3424e+08
4698.00 1.2631e+08
4699.50 1.2264e+08
4701.00 1.2367e+08
4702.50 1.2943e+08
4704.00 1.3084e+08
4705.50 1.2553e+08
4707.00 1.2267e+08
4708.50 1.244e+08
4710.00 1.2753e+08
4711.50 1.2875e+08
4713.00 1.1752e+08
4714.50 1.2155e+08
4716.00 1.2628e+08
4717.50 1.2969e+08
4719.00 1.3248e+08
4720.50 1.2786e+08
4722.00 1.2452e+08
4723.50 1.288e+08
4725.00 1.3448e+08
4726.50 1.3969e+08
4728.00 1.3874e+08
4729.50 1.3259e+08
4731.00 1.2812e+08
4732.50 1.3344e+08
4734.00 1.3231e+08
4735.50 1.299e+08
4737.00 1.3256e+08
4738.50 1.3281e+08
4740.00 1.3431e+08
4741.50 1.3409e+08
4743.00 1.3432e+08
4744.50 1.3548e+08
4746.00 1.305e+08
4747.50 1.3254e+08
4749.00 1.276e+08
4750.50 1.2196e+08
4752.00 1.3385e+08
4753.50 1.277e+08
4755.00 1.1645e+08
4756.50 1.2575e+08
4758.00 1.2265e+08
4759.50 1.2184e+08
4761.00 1.3178e+08
4762.50 1.271e+08
4764.00 1.3436e+08
4765.50 1.3712e+08
4767.00 1.2553e+08
4768.50 1.2784e+08
4770.00 1.2488e+08
4771.50 1.2877e+08
4773.00 1.2147e+08
4774.50 1.2622e+08
4776.00 1.5724e+08
4777.50 1.301e+08
4779.00 1.1194e+08
4780.50 1.1525e+08
4782.00 1.2131e+08
4783.50 1.164e+08
4785.00 1.1006e+08
4786.50 1.131e+08
4788.00 1.0295e+08
4789.50 1.0596e+08
4791.00 1.0985e+08
4792.50 1.1027e+08
4794.00 1.1715e+08
4795.50 1.0905e+08
4797.00 9.3453e+07
4798.50 8.9757e+07
4800.00 9.5883e+07
4801.50 9.819e+07
4803.00 9.9834e+07
4804.50 1.0763e+08
4806.00 1.097e+08
4807.50 1.0948e+08
4809.00 1.0721e+08
4810.50 1.1106e+08
4812.00 1.2039e+08
4813.50 1.1852e+08
4815.00 1.1344e+08
4816.50 1.2125e+08
4818.00 1.2594e+08
4819.50 1.2162e+08
4821.00 1.2146e+08
4822.50 1.2321e+08
4824.00 1.2346e+08
4825.50 1.1215e+08
4827.00 1.1814e+08
4828.50 1.2329e+08
4830.00 1.2169e+08
4831.50 1.1844e+08
4833.00 1.1827e+08
4834.50 1.2371e+08
4836.00 1.3644e+08
4837.50 1.1995e+08
4839.00 1.2518e+08
4840.50 1.1988e+08
4842.00 1.1176e+08
4843.50 1.1444e+08
4845.00 1.1977e+08
4846.50 1.2584e+08
4848.00 1.2667e+08
4849.50 1.2071e+08
4851.00 1.145e+08
4852.50 1.1655e+08
4854.00 1.1168e+08
4855.50 1.0895e+08
4857.00 1.1706e+08
4858.50 1.2279e+08
4860.00 1.1571e+08
4861.50 1.0948e+08
4863.00 1.0661e+08
4864.50 1.1219e+08
4866.00 1.1847e+08
4867.50 1.2267e+08
4869.00 1.1921e+08
4870.50 1.0593e+08
4872.00 9.6092e+07
4873.50 9.1241e+07
4875.00 9.6851e+07
4876.50 1.055e+08
4878.00 1.1412e+08
4879.50 1.2756e+08
4881.00 1.2893e+08
4882.50 1.2159e+08
4884.00 1.2475e+08
4885.50 1.2769e+08
4887.00 1.393e+08
4888.50 1.3717e+08
4890.00 1.2755e+08
4891.50 1.249e+08
4893.00 1.2948e+08
4894.50 1.214e+08
4896.00 1.177e+08
4897.50 1.2724e+08
4899.00 1.2281e+08
4900.50 1.2093e+08
4902.00 1.2902e+08
4903.50 1.2713e+08
4905.00 1.2812e+08
4906.50 1.3154e+08
4908.00 1.2618e+08
4909.50 1.1447e+08
4911.00 1.1252e+08
4912.50 1.1468e+08
4914.00 1.1568e+08
4915.50 1.188e+08
4917.00 1.1238e+08
4918.50 1.1623e+08
4920.00 1.1384e+08
4921.50 1.1089e+08
4923.00 1.1959e+08
4924.50 1.1903e+08
4926.00 1.208e+08
4927.50 1.2206e+08
4929.00 1.1369e+08
4930.50 1.1193e+08
4932.00 1.136e+08
4933.50 1.1564e+08
4935.00 1.1429e+08
4936.50 1.127e+08
4938.00 1.0799e+08
4939.50 1.1162e+08
4941.00 1.1535e+08
4942.50 1.1683e+08
4944.00 1.1121e+08
4945.50 1.0885e+08
4947.00 1.1706e+08
4948.50 1.1711e+08
4950.00 1.1651e+08
4951.50 1.1571e+08
4953.00 1.1504e+08
4954.50 1.1827e+08
4956.00 1.1738e+08
4957.50 1.0827e+08
4959.00 1.104e+08
4960.50 1.121e+08
4962.00 1.1762e+08
4963.50 1.1978e+08
4965.00 1.2174e+08
4966.50 1.1504e+08
4968.00 1.1465e+08
4969.50 1.0541e+08
4971.00 9.996e+07
4972.50 9.1994e+07
4974.00 9.4467e+07
4975.50 1.0417e+08
4977.00 1.0528e+08
4978.50 1.1541e+08
4980.00 1.1973e+08
4981.50 1.1977e+08
4983.00 1.2557e+08
4984.50 1.2489e+08
4986.00 1.2686e+08
4987.50 1.2227e+08
4989.00 1.1437e+08
4990.50 1.1818e+08
4992.00 1.3691e+08
4993.50 1.2858e+08
4995.00 1.2994e+08
4996.50 1.2657e+08
4998.00 1.1279e+08
4999.50 1.2051e+08
5001.00 1.3052e+08
5002.50 1.2628e+08
5004.00 1.2563e+08
5005.50 1.2773e+08
5007.00 1.2172e+08
5008.50 1.2117e+08
5010.00 1.2076e+08
5011.50 1.3157e+08
5013.00 1.3044e+08
5014.50 1.2896e+08
5016.00 1.2266e+08
5017.50 1.0962e+08
5019.00 8.1872e+07
5020.50 6.2764e+07
5022.00 6.7006e+07
5023.50 8.6723e+07
5025.00 1.0992e+08
5026.50 1.2833e+08
5028.00 1.299e+08
5029.50 1.2498e+08
5031.00 1.2919e+08
5032.50 1.3464e+08
5034.00 1.3392e+08
5035.50 1.2382e+08
5037.00 1.2861e+08
5038.50 1.2387e+08
5040.00 1.2084e+08
5041.50 1.2782e+08
5043.00 1.2629e+08
5044.50 1.2069e+08
5046.00 1.1633e+08
5047.50 1.2048e+08
5049.00 1.2516e+08
5050.50 1.221e+08
5052.00 1.2836e+08
5053.50 1.2522e+08
5055.00 1.1687e+08
5056.50 1.3716e+08
5058.00 1.375e+08
5059.50 1.2177e+08
5061.00 1.1933e+08
5062.50 1.2569e+08
5064.00 1.3136e+08
5065.50 1.4431e+08
5067.00 1.2768e+08
5068.50 1.2292e+08
5070.00 1.2731e+08
5071.50 1.2497e+08
5073.00 1.2506e+08
5074.50 1.1838e+08
5076.00 1.2021e+08
5077.50 1.2645e+08
5079.00 1.2306e+08
5080.50 1.209e+08
5082.00 1.1853e+08
5083.50 1.2375e+08
5085.00 1.2189e+08
5086.50 1.1241e+08
5088.00 1.1767e+08
5089.50 1.2174e+08
5091.00 1.1759e+08
5092.50 1.1924e+08
5094.00 1.2701e+08
5095.50 1.231e+08
5097.00 1.2564e+08
5098.50 1.2789e+08
5100.00 1.1845e+08
5101.50 1.1863e+08
5103.00 1.2183e+08
5104.50 1.2045e+08
5106.00 1.2209e+08
5107.50 1.2708e+08
5109.00 1.228e+08
5110.50 1.2444e+08
5112.00 1.2521e+08
5113.50 1.2475e+08
5115.00 1.2067e+08
5116.50 1.2281e+08
5118.00 1.218e+08
5119.50 1.1949e+08
5121.00 1.2343e+08
5122.50 1.2781e+08
5124.00 1.2516e+08
5125.50 1.1906e+08
5127.00 1.187e+08
5128.50 1.1931e+08
5130.00 1.2206e+08
5131.50 1.286e+08
5133.00 1.2144e+08
5134.50 1.2141e+08
5136.00 1.2562e+08
5137.50 1.3053e+08
5139.00 1.2811e+08
5140.50 1.3848e+08
5142.00 1.3275e+08
5143.50 1.314e+08
5145.00 1.2877e+08
5146.50 1.2383e+08
5148.00 1.2043e+08
5149.50 1.2355e+08
5151.00 1.2302e+08
5152.50 1.2573e+08
5154.00 1.2529e+08
5155.50 1.2893e+08
5157.00 1.2477e+08
5158.50 1.191e+08
5160.00 1.1841e+08
5161.50 1.2396e+08
5163.00 1.2539e+08
5164.50 1.2119e+08
5166.00 1.2035e+08
5167.50 1.1891e+08
5169.00 1.1995e+08
5170.50 1.2255e+08
5172.00 1.1779e+08
5173.50 1.1594e+08
5175.00 1.2539e+08
5176.50 1.2348e+08
5178.00 1.2076e+08
5179.50 1.2926e+08
5181.00 1.3295e+08
5182.50 1.3261e+08
5184.00 1.3349e+08
5185.50 1.3444e+08
5187.00 1.2719e+08
5188.50 1.2862e+08
5190.00 1.297e+08
5191.50 1.2376e+08
5193.00 1.2387e+08
5194.50 1.2836e+08
5196.00 1.3208e+08
5197.50 1.3296e+08
5199.00 1.2927e+08
5200.50 1.2937e+08
5202.00 1.3151e+08
5203.50 1.2944e+08
5205.00 1.1925e+08
5206.50 1.2137e+08
5208.00 1.1954e+08
5209.50 1.141e+08
5211.00 1.1599e+08
5212.50 1.2554e+08
5214.00 1.2977e+08
5215.50 1.2108e+08
5217.00 1.1806e+08
5218.50 1.1832e+08
5220.00 1.2729e+08
5221.50 1.249e+08
5223.00 1.1828e+08
5224.50 1.2247e+08
5226.00 1.2364e+08
5227.50 1.2523e+08
5229.00 1.2468e+08
5230.50 1.2689e+08
5232.00 1.2492e+08
5233.50 1.205e+08
5235.00 1.1922e+08
5236.50 1.2043e+08
5238.00 1.196e+08
5239.50 1.1829e+08
5241.00 1.2365e+08
5242.50 1.2147e+08
5244.00 1.1853e+08
5245.50 1.1934e+08
5247.00 1.1947e+08
5248.50 1.2023e+08
5250.00 1.202e+08
5251.50 1.1539e+08
5253.00 1.1495e+08
5254.50 1.2314e+08
5256.00 1.2538e+08
5257.50 1.2318e+08
5259.00 1.2234e+08
5260.50 1.1734e+08
5262.00 1.1445e+08
5263.50 1.2028e+08
5265.00 1.2385e+08
5266.50 1.2073e+08
5268.00 1.1907e+08
5269.50 1.2226e+08
5271.00 1.1682e+08
5272.50 1.1603e+08
5274.00 1.1946e+08
5275.50 1.1906e+08
5277.00 1.2747e+08
5278.50 1.3464e+08
5280.00 1.3473e+08
5281.50 1.3926e+08
5283.00 1.315e+08
5284.50 1.2172e+08
5286.00 1.2642e+08
5287.50 1.2723e+08
5289.00 1.1941e+08
5290.50 1.2318e+08
5292.00 1.2605e+08
5293.50 1.2269e+08
5295.00 1.3265e+08
5296.50 1.3225e+08
5298.00 1.2012e+08
5299.50 1.1444e+08
5301.00 1.176e+08
5302.50 1.2447e+08
5304.00 1.2996e+08
5305.50 1.2705e+08
5307.00 1.1564e+08
5308.50 1.1266e+08
5310.00 1.1748e+08
5311.50 1.2722e+08
5313.00 1.3197e+08
5314.50 1.2145e+08
5316.00 1.1837e+08
5317.50 1.1852e+08
5319.00 1.1438e+08
5320.50 1.1437e+08
5322.00 1.2134e+08
5323.50 1.1817e+08
5325.00 1.125e+08
5326.50 1.2045e+08
5328.00 1.219e+08
5329.50 1.1784e+08
5331.00 1.2134e+08
5332.50 1.189e+08
5334.00 1.2367e+08
5335.50 1.2494e+08
5337.00 1.2069e+08
5338.50 1.2499e+08
5340.00 1.2238e+08
5341.50 1.2651e+08
5343.00 1.2343e+08
5344.50 1.2538e+08
5346.00 1.2953e+08
5347.50 1.2823e+08
5349.00 1.1206e+08
5350.50 1.1438e+08
5352.00 1.2683e+08
5353.50 1.2416e+08
5355.00 1.217e+08
5356.50 1.1976e+08
5358.00 1.2414e+08
5359.50 1.2666e+08
5361.00 1.2408e+08
5362.50 1.1861e+08
5364.00 1.2487e+08
5365.50 1.2195e+08
5367.00 1.2539e+08
5368.50 1.2478e+08
5370.00 1.1175e+08
5371.50 1.1801e+08
5373.00 1.2573e+08
5374.50 1.2358e+08
5376.00 1.2095e+08
5377.50 1.1995e+08
5379.00 1.1975e+08
5380.50 1.2665e+08
5382.00 1.2824e+08
5383.50 1.2817e+08
5385.00 1.2121e+08
5386.50 1.2169e+08
5388.00 1.202e+08
5389.50 1.1743e+08
5391.00 1.1661e+08
5392.50 1.2117e+08
5394.00 1.2647e+08
5395.50 1.1733e+08
5397.00 1.1444e+08
5398.50 1.1841e+08
5400.00 1.2422e+08
5401.50 1.3093e+08
5403.00 1.2647e+08
5404.50 1.2532e+08
5406.00 1.2831e+08
5407.50 1.2964e+08
5409.00 1.2953e+08
5410.50 1.3206e+08
5412.00 1.2435e+08
5413.50 1.2638e+08
5415.00 1.2828e+08
5416.50 1.3262e+08
5418.00 1.3282e+08
5419.50 1.3375e+08
5421.00 1.2973e+08
5422.50 1.3084e+08
5424.00 1.3788e+08
5425.50 1.3461e+08
5427.00 1.2262e+08
5428.50 1.2971e+08
5430.00 1.3466e+08
5431.50 1.306e+08
5433.00 1.2529e+08
5434.50 1.3687e+08
5436.00 1.2983e+08
5437.50 1.2539e+08
5439.00 1.2352e+08
5440.50 1.2916e+08
5442.00 1.3e+08
5443.50 1.2123e+08
5445.00 1.3036e+08
5446.50 1.3131e+08
5448.00 1.3414e+08
5449.50 1.3611e+08
5451.00 1.2646e+08
5452.50 1.2639e+08
5454.00 1.3024e+08
5455.50 1.2841e+08
5457.00 1.2223e+08
5458.50 1.2451e+08
5460.00 1.3074e+08
5461.50 1.2948e+08
5463.00 1.3227e+08
5464.50 1.3285e+08
5466.00 1.2957e+08
5467.50 1.2755e+08
5469.00 1.3779e+08
5470.50 1.3624e+08
5472.00 1.3127e+08
5473.50 1.3207e+08
5475.00 1.2807e+08
5476.50 1.3027e+08
5478.00 1.3588e+08
5479.50 1.2853e+08
5481.00 1.2803e+08
5482.50 1.3076e+08
5484.00 1.2219e+08
5485.50 1.2631e+08
5487.00 1.2933e+08
5488.50 1.3246e+08
5490.00 1.4104e+08
5491.50 1.3554e+08
5493.00 1.2402e+08
5494.50 1.3442e+08
5496.00 1.3758e+08
5497.50 1.3121e+08
5499.00 1.2684e+08
5500.50 1.2906e+08
5502.00 1.2976e+08
5503.50 1.3681e+08
5505.00 1.2995e+08
5506.50 1.281e+08
5508.00 1.4398e+08
5509.50 1.437e+08
5511.00 1.4098e+08
5512.50 1.336e+08
5514.00 1.2542e+08
5515.50 1.2246e+08
5517.00 1.3119e+08
5518.50 1.3378e+08
5520.00 1.3497e+08
5521.50 1.3538e+08
5523.00 1.3118e+08
5524.50 1.2797e+08
5526.00 1.3186e+08
5527.50 1.3556e+08
5529.00 1.3723e+08
5530.50 1.3821e+08
5532.00 1.3495e+08
5533.50 1.3257e+08
5535.00 1.3671e+08
5536.50 1.3234e+08
5538.00 1.2601e+08
5539.50 1.2701e+08
5541.00 1.3299e+08
5542.50 1.388e+08
5544.00 1.3757e+08
5545.50 1.2884e+08
5547.00 1.2887e+08
5548.50 1.296e+08
5550.00 1.2383e+08
5551.50 1.3135e+08
5553.00 1.3704e+08
5554.50 1.3512e+08
5556.00 1.3785e+08
5557.50 1.3866e+08
5559.00 1.3824e+08
5560.50 1.3184e+08
5562.00 1.2454e+08
5563.50 1.3443e+08
5565.00 1.3103e+08
5566.50 1.2715e+08
5568.00 1.3822e+08
5569.50 1.3545e+08
5571.00 1.353e+08
5572.50 1.4115e+08
5574.00 1.3763e+08
5575.50 1.3666e+08
5577.00 1.3735e+08
5578.50 1.3537e+08
5580.00 1.3342e+08
5581.50 1.3149e+08
5583.00 1.2985e+08
5584.50 1.2959e+08
5586.00 1.271e+08
5587.50 1.3666e+08
5589.00 1.325e+08
5590.50 1.2318e+08
5592.00 1.2321e+08
5593.50 1.2699e+08
5595.00 1.2772e+08
5596.50 1.2872e+08
5598.00 1.3413e+08
5599.50 1.3184e+08
5601.00 1.3316e+08
5602.50 1.395e+08
5604.00 1.3666e+08
5605.50 1.3705e+08
5607.00 1.3574e+08
5608.50 1.2798e+08
5610.00 1.2915e+08
5611.50 1.3743e+08
5613.00 1.3743e+08
5614.50 1.3483e+08
5616.00 1.4325e+08
5617.50 1.4197e+08
5619.00 1.3384e+08
5620.50 1.3556e+08
5622.00 1.3713e+08
5623.50 1.326e+08
5625.00 1.2719e+08
5626.50 1.3702e+08
5628.00 1.3327e+08
5629.50 1.3075e+08
5631.00 1.3818e+08
5632.50 1.3155e+08
5634.00 1.3461e+08
5635.50 1.3524e+08
5637.00 1.2857e+08
5638.50 1.2811e+08
5640.00 1.308e+08
5641.50 1.3528e+08
5643.00 1.3453e+08
5644.50 1.3226e+08
5646.00 1.2883e+08
5647.50 1.285e+08
5649.00 1.3156e+08
5650.50 1.2774e+08
5652.00 1.302e+08
5653.50 1.3993e+08
5655.00 1.2977e+08
5656.50 1.3538e+08
5658.00 1.4292e+08
5659.50 1.3811e+08
5661.00 1.3034e+08
5662.50 1.3398e+08
5664.00 1.3061e+08
5665.50 1.3164e+08
5667.00 1.3721e+08
5668.50 1.3146e+08
5670.00 1.3057e+08
5671.50 1.3325e+08
5673.00 1.3582e+08
5674.50 1.3642e+08
5676.00 1.357e+08
5677.50 1.3471e+08
5679.00 1.3121e+08
5680.50 1.2999e+08
5682.00 1.3949e+08
5683.50 1.3532e+08
5685.00 1.322e+08
5686.50 1.3186e+08
5688.00 1.3233e+08
5689.50 1.3459e+08
5691.00 1.2984e+08
5692.50 1.3608e+08
5694.00 1.4443e+08
5695.50 1.3401e+08
5697.00 1.2776e+08
5698.50 1.3085e+08
5700.00 1.3499e+08
5701.50 1.3901e+08
5703.00 1.3149e+08
5704.50 1.3643e+08
5706.00 1.3529e+08
5707.50 1.3105e+08
5709.00 1.2785e+08
5710.50 1.3505e+08
5712.00 1.3748e+08
5713.50 1.3692e+08
5715.00 1.3099e+08
5716.50 1.3078e+08
5718.00 1.323e+08
5719.50 1.3688e+08
5721.00 1.317e+08
5722.50 1.3737e+08
5724.00 1.4496e+08
5725.50 1.3265e+08
5727.00 1.3042e+08
5728.50 1.3432e+08
5730.00 1.3112e+08
5731.50 1.3062e+08
5733.00 1.3409e+08
5734.50 1.3021e+08
5736.00 1.2801e+08
5737.50 1.2093e+08
5739.00 1.3028e+08
5740.50 1.3421e+08
5742.00 1.332e+08
5743.50 1.3656e+08
5745.00 1.4244e+08
5746.50 1.4174e+08
5748.00 1.3719e+08
5749.50 1.3405e+08
5751.00 1.2805e+08
5752.50 1.3192e+08
5754.00 1.3507e+08
5755.50 1.295e+08
5757.00 1.3228e+08
5758.50 1.3196e+08
5760.00 1.2968e+08
5761.50 1.3534e+08
5763.00 1.4429e+08
5764.50 1.3639e+08
5766.00 1.3166e+08
5767.50 1.2928e+08
5769.00 1.2342e+08
5770.50 1.2493e+08
5772.00 1.2961e+08
5773.50 1.2737e+08
5775.00 1.2725e+08
5776.50 1.2926e+08
5778.00 1.31e+08
5779.50 1.3531e+08
5781.00 1.345e+08
5782.50 1.3504e+08
5784.00 1.2983e+08
5785.50 1.2992e+08
5787.00 1.3381e+08
5788.50 1.2222e+08
5790.00 1.2512e+08
5791.50 1.2312e+08
5793.00 1.2489e+08
5794.50 1.3331e+08
5796.00 1.3307e+08
5797.50 1.3192e+08
5799.00 1.2817e+08
5800.50 1.2853e+08
5802.00 1.2395e+08
5803.50 1.2576e+08
5805.00 1.2536e+08
5806.50 1.2489e+08
5808.00 1.2923e+08
5809.50 1.2089e+08
5811.00 1.2019e+08
5812.50 1.2392e+08
5814.00 1.2197e+08
5815.50 1.1856e+08
5817.00 1.2041e+08
5818.50 1.2619e+08
5820.00 1.3219e+08
5821.50 1.347e+08
5823.00 1.2685e+08
5824.50 1.2208e+08
5826.00 1.2696e+08
5827.50 1.2947e+08
5829.00 1.3016e+08
5830.50 1.312e+08
5832.00 1.3451e+08
5833.50 1.3553e+08
5835.00 1.2498e+08
5836.50 1.2952e+08
5838.00 1.3923e+08
5839.50 1.3017e+08
5841.00 1.3116e+08
5842.50 1.2887e+08
5844.00 1.2179e+08
5845.50 1.2843e+08
5847.00 1.29e+08
5848.50 1.3624e+08
5850.00 1.4278e+08
5851.50 1.3882e+08
5853.00 1.3833e+08
5854.50 1.3366e+08
5856.00 1.3986e+08
5857.50 1.3206e+08
5859.00 1.2096e+08
5860.50 1.2497e+08
5862.00 1.2662e+08
5863.50 1.3722e+08
5865.00 1.3235e+08
5866.50 1.2835e+08
5868.00 1.4437e+08
5869.50 1.3968e+08
5871.00 1.2767e+08
5872.50 1.2157e+08
5874.00 1.2582e+08
5875.50 1.3112e+08
5877.00 1.2805e+08
5878.50 1.2241e+08
5880.00 1.2835e+08
5881.50 1.3198e+08
5883.00 1.3252e+08
5884.50 1.3306e+08
5886.00 1.2695e+08
5887.50 1.2641e+08
5889.00 1.2361e+08
5890.50 1.2246e+08
5892.00 1.2771e+08
5893.50 1.3584e+08
5895.00 1.2792e+08
5896.50 1.2212e+08
5898.00 1.2759e+08
5899.50 1.2984e+08
5901.00 1.2763e+08
5902.50 1.2817e+08
5904.00 1.352e+08
5905.50 1.4634e+08
5907.00 1.4441e+08
5908.50 1.4439e+08
5910.00 1.4216e+08
5911.50 1.4138e+08
5913.00 1.4704e+08
5914.50 1.347e+08
5916.00 1.3232e+08
5917.50 1.3615e+08
5919.00 1.2834e+08
5920.50 1.2585e+08
5922.00 1.2778e+08
5923.50 1.3715e+08
5925.00 1.3345e+08
5926.50 1.3072e+08
5928.00 1.2859e+08
5929.50 1.3127e+08
5931.00 1.3261e+08
5932.50 1.3465e+08
5934.00 1.2727e+08
5935.50 1.2609e+08
5937.00 1.249e+08
5938.50 1.2257e+08
5940.00 1.2733e+08
5941.50 1.3612e+08
5943.00 1.2798e+08
5944.50 1.3281e+08
5946.00 1.2586e+08
5947.50 1.3147e+08
5949.00 1.326e+08
5950.50 1.1746e+08
5952.00 1.3171e+08
5953.50 1.3898e+08
5955.00 1.2479e+08
5956.50 1.221e+08
5958.00 1.2893e+08
5959.50 1.2636e+08
5961.00 1.2583e+08
5962.50 1.224e+08
5964.00 1.2693e+08
5965.50 1.2862e+08
5967.00 1.2992e+08
5968.50 1.3025e+08
5970.00 1.2562e+08
5971.50 1.2699e+08
5973.00 1.2616e+08
5974.50 1.2349e+08
5976.00 1.247e+08
5977.50 1.2516e+08
5979.00 1.3134e+08
5980.50 1.3129e+08
5982.00 1.2484e+08
5983.50 1.2715e+08
5985.00 1.2455e+08
5986.50 1.2746e+08
5988.00 1.3267e+08
5989.50 1.3059e+08
5991.00 1.2948e+08
5992.50 1.2869e+08
5994.00 1.2469e+08
5995.50 1.3519e+08
5997.00 1.3732e+08
5998.50 1.3894e+08
6000.00 1.3995e+08
6001.50 1.3391e+08
6003.00 1.3568e+08
6004.50 1.3175e+08
6006.00 1.2714e+08
6007.50 1.371e+08
6009.00 1.5496e+08
6010.50 1.3585e+08
6012.00 1.1861e+08
6013.50 1.2959e+08
6015.00 1.3132e+08
6016.50 1.4013e+08
6018.00 1.426e+08
6019.50 1.4139e+08
6021.00 1.3935e+08
6022.50 1.4356e+08
6024.00 1.434e+08
6025.50 1.3329e+08
6027.00 1.3397e+08
6028.50 1.3569e+08
6030.00 1.3741e+08
6031.50 1.3839e+08
6033.00 1.3835e+08
6034.50 1.4282e+08
6036.00 1.399e+08
6037.50 1.322e+08
6039.00 1.3425e+08
6040.50 1.416e+08
6042.00 1.3426e+08
6043.50 1.2951e+08
6045.00 1.3098e+08
6046.50 1.3338e+08
6048.00 1.3334e+08
6049.50 1.2575e+08
6051.00 1.2804e+08
6052.50 1.3283e+08
6054.00 1.3514e+08
6055.50 1.3705e+08
6057.00 1.3462e+08
6058.50 1.3627e+08
6060.00 1.3494e+08
6061.50 1.3202e+08
6063.00 1.2889e+08
6064.50 1.2539e+08
6066.00 1.3e+08
6067.50 1.3473e+08
6069.00 1.3615e+08
6070.50 1.314e+08
6072.00 1.2839e+08
6073.50 1.339e+08
6075.00 1.3408e+08
6076.50 1.3116e+08
6078.00 1.2831e+08
6079.50 1.334e+08
6081.00 1.3896e+08
6082.50 1.4058e+08
6084.00 1.3808e+08
6085.50 1.3442e+08
6087.00 1.3928e+08
6088.50 1.3288e+08
6090.00 1.3224e+08
6091.50 1.3746e+08
6093.00 1.3787e+08
6094.50 1.3026e+08
6096.00 1.2687e+08
6097.50 1.2832e+08
6099.00 1.3436e+08
6100.50 1.3571e+08
6102.00 1.2625e+08
6103.50 1.2666e+08
6105.00 1.295e+08
6106.50 1.2459e+08
6108.00 1.2176e+08
6109.50 1.3685e+08
6111.00 1.3306e+08
6112.50 1.3148e+08
6114.00 1.3615e+08
6115.50 1.3505e+08
6117.00 1.3337e+08
6118.50 1.3611e+08
6120.00 1.3144e+08
6121.50 1.3388e+08
6123.00 1.3198e+08
6124.50 1.2781e+08
6126.00 1.3345e+08
6127.50 1.3635e+08
6129.00 1.3601e+08
6130.50 1.2934e+08
6132.00 1.2706e+08
6133.50 1.3022e+08
6135.00 1.3263e+08
6136.50 1.3665e+08
6138.00 1.2798e+08
6139.50 1.3226e+08
6141.00 1.3038e+08
6142.50 1.315e+08
6144.00 1.4329e+08
6145.50 1.4204e+08
6147.00 1.3442e+08
6148.50 1.4059e+08
6150.00 1.3657e+08
6151.50 1.3761e+08
6153.00 1.397e+08
6154.50 1.4167e+08
6156.00 1.3171e+08
6157.50 1.275e+08
6159.00 1.3207e+08
6160.50 1.3053e+08
6162.00 1.4003e+08
6163.50 1.3251e+08
6165.00 1.3639e+08
6166.50 1.3815e+08
6168.00 1.3992e+08
6169.50 1.3604e+08
6171.00 1.3285e+08
6172.50 1.3905e+08
6174.00 1.3677e+08
6175.50 1.4318e+08
6177.00 1.4459e+08
6178.50 1.4358e+08
6180.00 1.3416e+08
6181.50 1.3394e+08
6183.00 1.4756e+08
6184.50 1.4688e+08
6186.00 1.4215e+08
6187.50 1.4057e+08
6189.00 1.381e+08
6190.50 1.3871e+08
6192.00 1.3453e+08
6193.50 1.3123e+08
6195.00 1.2747e+08
6196.50 1.2904e+08
6198.00 1.3039e+08
6199.50 1.2816e+08
6201.00 1.2131e+08
6202.50 1.2282e+08
6204.00 1.3935e+08
6205.50 1.4244e+08
6207.00 1.3395e+08
6208.50 1.3759e+08
6210.00 1.4186e+08
6211.50 1.4237e+08
6213.00 1.3429e+08
6214.50 1.3303e+08
6216.00 1.4009e+08
6217.50 1.3718e+08
6219.00 1.3428e+08
6220.50 1.3311e+08
6222.00 1.3283e+08
6223.50 1.3131e+08
6225.00 1.3239e+08
6226.50 1.3344e+08
6228.00 1.3457e+08
6229.50 1.4077e+08
6231.00 1.3484e+08
6232.50 1.3018e+08
6234.00 1.3275e+08
6235.50 1.2842e+08
6237.00 1.3097e+08
6238.50 1.2957e+08
6240.00 1.285e+08
6241.50 1.351e+08
6243.00 1.3462e+08
6244.50 1.2619e+08
6246.00 1.3468e+08
6247.50 1.4321e+08
6249.00 1.3875e+08
6250.50 1.3462e+08
6252.00 1.2557e+08
6253.50 1.2584e+08
6255.00 1.3095e+08
6256.50 1.2428e+08
6258.00 1.1313e+08
6259.50 1.1819e+08
6261.00 1.4119e+08
6262.50 1.4495e+08
6264.00 1.2947e+08
6265.50 1.2255e+08
6267.00 1.2272e+08
6268.50 1.2185e+08
6270.00 1.2522e+08
6271.50 1.2973e+08
6273.00 1.3014e+08
6274.50 1.3019e+08
6276.00 1.331e+08
6277.50 1.3073e+08
6279.00 1.2709e+08
6280.50 1.3245e+08
6282.00 1.2549e+08
6283.50 1.2105e+08
6285.00 1.239e+08
6286.50 1.3131e+08
6288.00 1.2836e+08
6289.50 1.2005e+08
6291.00 1.2249e+08
6292.50 1.2637e+08
6294.00 1.24e+08
6295.50 1.0997e+08
6297.00 1.1382e+08
6298.50 1.2198e+08
6300.00 1.1359e+08
6301.50 1.1519e+08
6303.00 1.321e+08
6304.50 1.3939e+08
6306.00 1.218e+08
6307.50 1.1769e+08
6309.00 1.1816e+08
6310.50 1.2318e+08
6312.00 1.323e+08
6313.50 1.2656e+08
6315.00 1.2017e+08
6316.50 1.2283e+08
6318.00 1.184e+08
6319.50 1.1968e+08
6321.00 1.2212e+08
6322.50 1.2054e+08
6324.00 1.2123e+08
6325.50 1.2475e+08
6327.00 1.237e+08
6328.50 1.2506e+08
6330.00 1.3038e+08
6331.50 1.2825e+08
6333.00 1.2744e+08
6334.50 1.3168e+08
6336.00 1.3225e+08
6337.50 1.2595e+08
6339.00 1.2773e+08
6340.50 1.2939e+08
6342.00 1.2394e+08
6343.50 1.2094e+08
6345.00 1.2463e+08
6346.50 1.2264e+08
6348.00 1.2269e+08
6349.50 1.2099e+08
6351.00 1.246e+08
6352.50 1.3321e+08
6354.00 1.3036e+08
6355.50 1.2518e+08
6357.00 1.2335e+08
6358.50 1.3401e+08
6360.00 1.3791e+08
6361.50 1.2841e+08
6363.00 1.3047e+08
6364.50 1.3158e+08
6366.00 1.3199e+08
6367.50 1.3795e+08
6369.00 1.2618e+08
6370.50 1.2677e+08
6372.00 1.3586e+08
6373.50 1.3119e+08
6375.00 1.3286e+08
6376.50 1.3007e+08
6378.00 1.2791e+08
6379.50 1.2642e+08
6381.00 1.2967e+08
6382.50 1.3391e+08
6384.00 1.3064e+08
6385.50 1.2747e+08
6387.00 1.3105e+08
6388.50 1.2935e+08
6390.00 1.2347e+08
6391.50 1.2265e+08
6393.00 1.2315e+08
6394.50 1.2926e+08
6396.00 1.3326e+08
6397.50 1.3004e+08
6399.00 1.2559e+08
6400.50 1.2611e+08
6402.00 1.3188e+08
6403.50 1.3174e+08
6405.00 1.3309e+08
6406.50 1.2863e+08
6408.00 1.2833e+08
6409.50 1.4111e+08
6411.00 1.4293e+08
6412.50 1.3096e+08
6414.00 1.2279e+08
6415.50 1.3291e+08
6417.00 1.3694e+08
6418.50 1.3667e+08
6420.00 1.3514e+08
6421.50 1.2746e+08
6423.00 1.2508e+08
6424.50 1.2521e+08
6426.00 1.254e+08
6427.50 1.3181e+08
6429.00 1.2687e+08
6430.50 1.2299e+08
6432.00 1.2777e+08
6433.50 1.2342e+08
6435.00 1.2593e+08
6436.50 1.2084e+08
6438.00 1.0959e+08
6439.50 1.0896e+08
6441.00 1.0539e+08
6442.50 1.0203e+08
6444.00 9.9049e+07
6445.50 9.1134e+07
6447.00 8.7978e+07
6448.50 8.3953e+07
6450.00 7.813e+07
6451.50 7.2189e+07
6453.00 6.487e+07
6454.50 5.8141e+07
6456.00 4.9681e+07
6457.50 4.1149e+07
6459.00 3.5212e+07
6460.50 3.0111e+07
6462.00 2.5209e+07
6463.50 1.9636e+07
6465.00 1.5034e+07
6466.50 1.2323e+07
6468.00 1.0245e+07
6469.50 8.4372e+06
6471.00 7.3974e+06
6472.50 6.3053e+06
6474.00 5.4187e+06
6475.50 5.2275e+06
6477.00 5.0864e+06
6478.50 5.0568e+06
6480.00 5.4855e+06
6481.50 6.1873e+06
6483.00 7.0849e+06
6484.50 8.3876e+06
6486.00 9.8261e+06
6487.50 1.1728e+07
6489.00 1.3789e+07
6490.50 1.5854e+07
6492.00 2.0145e+07
6493.50 2.358e+07
6495.00 2.5555e+07
6496.50 2.9436e+07
6498.00 3.2056e+07
6499.50 3.3578e+07
6501.00 3.6688e+07
6502.50 3.8607e+07
6504.00 4.0379e+07
6505.50 4.4028e+07
6507.00 4.5132e+07
6508.50 4.7727e+07
6510.00 5.008e+07
6511.50 5.2178e+07
6513.00 5.4084e+07
6514.50 5.2682e+07
6516.00 5.4278e+07
6517.50 5.8432e+07
6519.00 5.5534e+07
6520.50 5.1125e+07
6522.00 5.2435e+07
6523.50 5.1807e+07
6525.00 5.2614e+07
6526.50 5.4287e+07
6528.00 5.3343e+07
6529.50 5.2241e+07
6531.00 5.2393e+07
6532.50 5.2382e+07
6534.00 5.0631e+07
6535.50 4.9928e+07
6537.00 5.0276e+07
6538.50 4.7871e+07
6540.00 4.4899e+07
6541.50 4.5285e+07
6543.00 4.5248e+07
6544.50 4.3989e+07
6546.00 4.4393e+07
6547.50 4.4201e+07
6549.00 4.3166e+07
6550.50 4.1376e+07
6552.00 3.8717e+07
6553.50 3.857e+07
6555.00 3.7166e+07
6556.50 3.6376e+07
6558.00 3.4803e+07
6559.50 3.1877e+07
6561.00 2.8398e+07
6562.50 2.5079e+07
6564.00 2.0293e+07
6565.50 1.8792e+07
6567.00 1.8533e+07
6568.50 1.9483e+07
6570.00 2.0154e+07
6571.50 2.0551e+07
6573.00 2.138e+07
6574.50 1.9999e+07
6576.00 1.5578e+07
6577.50 8.6284e+06
6579.00 4.8289e+06
6580.50 4.7283e+06
6582.00 6.2499e+06
6583.50 1.0888e+07
6585.00 1.8562e+07
6586.50 2.655e+07
6588.00 3.0254e+07
6589.50 3.2328e+07
6591.00 3.0497e+07
6592.50 3.1273e+07
6594.00 3.2171e+07
6595.50 3.2222e+07
6597.00 2.6454e+07
6598.50 2.2011e+07
6600.00 1.7994e+07
6601.50 1.7043e+07
6603.00 2.1328e+07
6604.50 2.8176e+07
6606.00 3.3556e+07
6607.50 3.745e+07
6609.00 4.137e+07
6610.50 4.4776e+07
6612.00 4.3737e+07
6613.50 4.396e+07
6615.00 4.3369e+07
6616.50 4.5668e+07
6618.00 4.3691e+07
6619.50 4.2109e+07
6621.00 4.0701e+07
6622.50 3.8852e+07
6624.00 3.8246e+07
6625.50 3.6032e+07
6627.00 3.6107e+07
6628.50 3.5234e+07
6630.00 3.416e+07
6631.50 3.2153e+07
6633.00 2.9888e+07
6634.50 2.7968e+07
6636.00 2.7073e+07
6637.50 2.6185e+07
6639.00 2.5824e+07
6640.50 2.39e+07
6642.00 2.1806e+07
6643.50 2.1442e+07
6645.00 1.9923e+07
6646.50 1.8006e+07
6648.00 1.7154e+07
6649.50 1.69e+07
6651.00 1.6345e+07
6652.50 1.5635e+07
6654.00 1.6193e+07
6655.50 1.7004e+07
6657.00 1.6762e+07
6658.50 1.6413e+07
6660.00 1.6216e+07
6661.50 1.6432e+07
6663.00 1.7242e+07
6664.50 1.7572e+07
6666.00 1.8308e+07
6667.50 1.8942e+07
6669.00 1.893e+07
6670.50 2.0326e+07
6672.00 2.2683e+07
6673.50 2.391e+07
6675.00 2.4689e+07
6676.50 2.6324e+07
6678.00 2.9462e+07
6679.50 3.2314e+07
6681.00 3.4965e+07
6682.50 3.7167e+07
6684.00 4.0882e+07
6685.50 4.5146e+07
6687.00 4.816e+07
6688.50 5.3091e+07
6690.00 5.6818e+07
6691.50 6.2062e+07
6693.00 6.5688e+07
6694.50 6.7021e+07
6696.00 7.4221e+07
6697.50 8.0237e+07
6699.00 8.5604e+07
6700.50 9.101e+07
6702.00 9.0482e+07
6703.50 9.1951e+07
6705.00 9.8371e+07
6706.50 1.0152e+08
6708.00 9.9763e+07
6709.50 1.0514e+08
6711.00 1.0968e+08
6712.50 1.0862e+08
6714.00 1.1218e+08
6715.50 1.1542e+08
6717.00 1.1812e+08
6718.50 1.2196e+08
6720.00 1.2585e+08
6721.50 1.2267e+08
6723.00 1.1822e+08
6724.50 1.2295e+08
6726.00 1.2512e+08
6727.50 1.1922e+08
6729.00 1.1145e+08
6730.50 1.0707e+08
6732.00 9.6658e+07
6733.50 8.7896e+07
6735.00 9.3765e+07
6736.50 1.0275e+08
6738.00 1.1172e+08
6739.50 1.2048e+08
6741.00 1.3052e+08
6742.50 1.3218e+08
6744.00 1.3113e+08
6745.50 1.138e+08
6747.00 1.0772e+08
6748.50 1.0628e+08
6750.00 1.1147e+08
6751.50 1.1412e+08
6753.00 1.2109e+08
6754.50 1.3019e+08
6756.00 1.3768e+08
6757.50 1.4074e+08
6759.00 1.3412e+08
6760.50 1.3165e+08
6762.00 1.3745e+08
6763.50 1.5008e+08
6765.00 1.4702e+08
6766.50 1.498e+08
6768.00 1.5133e+08
6769.50 1.5337e+08
6771.00 1.4859e+08
6772.50 1.5109e+08
6774.00 1.5003e+08
6775.50 1.4234e+08
6777.00 1.4097e+08
6778.50 1.4776e+08
6780.00 1.4467e+08
6781.50 1.4201e+08
6783.00 1.4321e+08
6784.50 1.3998e+08
6786.00 1.4768e+08
6787.50 1.4904e+08
6789.00 1.4212e+08
6790.50 1.4416e+08
6792.00 1.4747e+08
6793.50 1.4227e+08
6795.00 1.4566e+08
6796.50 1.4863e+08
6798.00 1.4149e+08
6799.50 1.398e+08
6801.00 1.4797e+08
6802.50 1.4386e+08
6804.00 1.3498e+08
6805.50 1.424e+08
6807.00 1.4116e+08
6808.50 1.4353e+08
6810.00 1.4503e+08
6811.50 1.4435e+08
6813.00 1.4433e+08
6814.50 1.4853e+08
6816.00 1.4159e+08
6817.50 1.424e+08
6819.00 1.48e+08
6820.50 1.4728e+08
6822.00 1.5585e+08
6823.50 1.5579e+08
6825.00 1.3473e+08
6826.50 1.5757e+08
6828.00 1.6296e+08
6829.50 1.7658e+08
6831.00 1.6676e+08
6832.50 1.6095e+08
6834.00 1.5519e+08
6835.50 1.5123e+08
6837.00 1.6015e+08
6838.50 1.5788e+08
6840.00 1.5517e+08
6841.50 1.5416e+08
6843.00 1.5575e+08
6844.50 1.5166e+08
6846.00 1.5295e+08
6847.50 1.4927e+08
6849.00 1.5138e+08
6850.50 1.5238e+08
6852.00 1.524e+08
6853.50 1.5641e+08
6855.00 1.6034e+08
6856.50 1.5312e+08
6858.00 1.4765e+08
6859.50 1.576e+08
6861.00 1.4832e+08
6862.50 1.4345e+08
6864.00 1.4674e+08
6865.50 1.4868e+08
6867.00 1.5888e+08
6868.50 1.6352e+08
6870.00 1.589e+08
6871.50 1.6584e+08
6873.00 1.5781e+08
6874.50 1.5267e+08
6876.00 1.4539e+08
6877.50 1.3594e+08
6879.00 1.4823e+08
6880.50 1.4656e+08
6882.00 1.4154e+08
6883.50 1.3425e+08
6885.00 1.2647e+08
6886.50 1.343e+08
6888.00 1.3735e+08
6889.50 1.2955e+08
6891.00 1.3345e+08
6892.50 1.4123e+08
6894.00 1.4232e+08
6895.50 1.508e+08
6897.00 1.4626e+08
6898.50 1.4202e+08
6900.00 1.5184e+08
6901.50 1.3786e+08
6903.00 1.2386e+08
6904.50 1.2091e+08
6906.00 1.237e+08
6907.50 1.2268e+08
6909.00 1.1754e+08
6910.50 1.0903e+08
6912.00 1.0567e+08
6913.50 1.1288e+08
6915.00 1.2434e+08
6916.50 1.3184e+08
6918.00 1.2947e+08
6919.50 1.2528e+08
6921.00 1.2727e+08
6922.50 1.2847e+08
6924.00 1.272e+08
6925.50 1.361e+08
6927.00 1.3538e+08
6928.50 1.3588e+08
6930.00 1.3495e+08
6931.50 1.2103e+08
6933.00 1.0902e+08
6934.50 1.0442e+08
6936.00 1.0087e+08
6937.50 1.0603e+08
6939.00 1.2304e+08
6940.50 1.2276e+08
6942.00 1.1557e+08
6943.50 1.2525e+08
6945.00 1.351e+08
6946.50 1.3451e+08
6948.00 1.3593e+08
6949.50 1.4075e+08
6951.00 1.349e+08
6952.50 1.2981e+08
6954.00 1.3904e+08
6955.50 1.3807e+08
6957.00 1.4692e+08
6958.50 1.3685e+08
6960.00 1.2595e+08
6961.50 1.3322e+08
6963.00 1.4072e+08
6964.50 1.3734e+08
6966.00 1.4633e+08
6967.50 1.4511e+08
6969.00 1.2863e+08
6970.50 1.2125e+08
6972.00 1.114e+08
6973.50 1.0811e+08
6975.00 1.0634e+08
6976.50 1.0396e+08
6978.00 1.144e+08
6979.50 1.2877e+08
6981.00 1.2529e+08
6982.50 1.2771e+08
6984.00 1.2386e+08
6985.50 1.236e+08
6987.00 1.2934e+08
6988.50 1.3322e+08
6990.00 1.317e+08
6991.50 1.3574e+08
6993.00 1.4437e+08
6994.50 1.4633e+08
6996.00 1.4959e+08
6997.50 1.4104e+08
6999.00 1.4212e+08
7000.50 1.4439e+08
7002.00 1.3349e+08
7003.50 1.3558e+08
7005.00 1.3389e+08
7006.50 1.3275e+08
7008.00 1.3532e+08
7009.50 1.3652e+08
7011.00 1.3361e+08
7012.50 1.2883e+08
7014.00 1.3771e+08
7015.50 1.4659e+08
7017.00 1.5557e+08
7018.50 1.6444e+08
7020.00 1.7499e+08
7021.50 1.7663e+08
7023.00 1.617e+08
7024.50 1.7271e+08
7026.00 1.7441e+08
7027.50 1.7017e+08
7029.00 1.8469e+08
7030.50 1.8214e+08
7032.00 1.9107e+08
7033.50 2.0312e+08
7035.00 2.1223e+08
7036.50 2.1874e+08
7038.00 2.2235e+08
7039.50 2.2329e+08
7041.00 2.2526e+08
7042.50 2.2238e+08
7044.00 2.2472e+08
7045.50 2.259e+08
7047.00 2.2585e+08
7048.50 1.9913e+08
7050.00 2.0343e+08
7051.50 2.0114e+08
7053.00 2.1129e+08
7054.50 2.251e+08
7056.00 2.102e+08
7057.50 1.9241e+08
7059.00 1.8485e+08
7060.50 1.87e+08
7062.00 1.7766e+08
7063.50 1.581e+08
7065.00 1.5476e+08
7066.50 1.4945e+08
7068.00 1.4942e+08
7069.50 1.398e+08
7071.00 1.3978e+08
7072.50 1.394e+08
7074.00 1.3885e+08
7075.50 1.3228e+08
7077.00 1.3127e+08
7078.50 1.3121e+08
7080.00 1.4073e+08
7081.50 1.4256e+08
7083.00 1.414e+08
7084.50 1.4665e+08
7086.00 1.4673e+08
7087.50 1.4146e+08
7089.00 1.4107e+08
7090.50 1.3766e+08
7092.00 1.3851e+08
7093.50 1.3958e+08
7095.00 1.4279e+08
7096.50 1.3765e+08
7098.00 1.4709e+08
7099.50 1.4348e+08
7101.00 1.4563e+08
7102.50 1.4969e+08
7104.00 1.3328e+08
7105.50 1.4713e+08
7107.00 1.4366e+08
7108.50 1.5173e+08
7110.00 1.5595e+08
7111.50 1.571e+08
7113.00 1.4439e+08
7114.50 1.411e+08
7116.00 1.4215e+08
7117.50 1.5347e+08
7119.00 1.5543e+08
7120.50 1.4062e+08
7122.00 1.5141e+08
7123.50 1.4328e+08
7125.00 1.675e+08
7126.50 1.7912e+08
7128.00 1.7031e+08
7129.50 1.7334e+08
7131.00 1.6617e+08
7132.50 1.6736e+08
7134.00 1.6448e+08
7135.50 1.6824e+08
7137.00 1.911e+08
7138.50 1.9891e+08
7140.00 1.5574e+08
7141.50 1.5612e+08
7143.00 1.5808e+08
7144.50 1.4904e+08
7146.00 1.3341e+08
7147.50 1.3486e+08
7149.00 1.5127e+08
7150.50 1.5311e+08
7152.00 1.5727e+08
7153.50 1.5902e+08
7155.00 1.567e+08
7156.50 1.4829e+08
7158.00 1.4946e+08
7159.50 1.5837e+08
7161.00 1.4718e+08
7162.50 1.4427e+08
7164.00 1.4033e+08
7165.50 1.3256e+08
7167.00 1.235e+08
7168.50 1.1813e+08
7170.00 1.2145e+08
7171.50 1.2526e+08
7173.00 1.2476e+08
7174.50 1.2185e+08
7176.00 1.1805e+08
7177.50 1.2376e+08
7179.00 1.2733e+08
7180.50 1.2462e+08
7182.00 1.2866e+08
7183.50 1.2905e+08
7185.00 1.2544e+08
7186.50 1.1374e+08
7188.00 1.0972e+08
7189.50 1.1684e+08
7191.00 1.3381e+08
7192.50 1.3776e+08
7194.00 1.4705e+08
7195.50 1.4903e+08
7197.00 1.518e+08
7198.50 1.6388e+08
7200.00 1.7122e+08
7201.50 1.7956e+08
7203.00 1.9069e+08
7204.50 1.8261e+08
7206.00 1.8732e+08
7207.50 1.8579e+08
7209.00 1.6413e+08
7210.50 1.4204e+08
7212.00 1.3824e+08
7213.50 1.4238e+08
7215.00 1.5468e+08
7216.50 1.6512e+08
7218.00 1.6937e+08
7219.50 1.7588e+08
7221.00 1.7447e+08
7222.50 1.7621e+08
7224.00 1.7413e+08
7225.50 1.6709e+08
7227.00 1.655e+08
7228.50 1.6147e+08
7230.00 1.5211e+08
7231.50 1.3719e+08
7233.00 1.4148e+08
7234.50 1.5918e+08
7236.00 1.5451e+08
7237.50 1.362e+08
7239.00 1.3626e+08
7240.50 1.3933e+08
7242.00 1.3582e+08
7243.50 1.3882e+08
7245.00 1.4178e+08
7246.50 1.3432e+08
7248.00 1.2587e+08
7249.50 1.4281e+08
7251.00 1.4936e+08
7252.50 1.3897e+08
7254.00 1.2615e+08
7255.50 1.2256e+08
7257.00 1.2446e+08
7258.50 1.2556e+08
7260.00 1.3064e+08
7261.50 1.2791e+08
7263.00 1.1507e+08
7264.50 1.162e+08
7266.00 1.2803e+08
7267.50 1.1924e+08
7269.00 1.2417e+08
7270.50 1.375e+08
7272.00 1.3534e+08
7273.50 1.2416e+08
7275.00 1.1289e+08
7276.50 1.2324e+08
7278.00 1.2176e+08
7279.50 1.1286e+08
7281.00 1.1526e+08
7282.50 1.1501e+08
7284.00 1.1154e+08
7285.50 1.0899e+08
7287.00 1.0213e+08
7288.50 1.0114e+08
7290.00 1.047e+08
7291.50 1.0611e+08
7293.00 1.0997e+08
7294.50 1.1256e+08
7296.00 1.1469e+08
7297.50 1.1727e+08
7299.00 1.2845e+08
7300.50 1.4131e+08
7302.00 1.4514e+08
7303.50 1.4077e+08
7305.00 1.4241e+08
7306.50 1.5357e+08
7308.00 1.4635e+08
7309.50 1.3725e+08
7311.00 1.308e+08
7312.50 1.2444e+08
7314.00 1.2824e+08
7315.50 1.2969e+08
7317.00 1.2683e+08
7318.50 1.3512e+08
7320.00 1.3421e+08
7321.50 1.3196e+08
7323.00 1.3182e+08
7324.50 1.3232e+08
7326.00 1.2268e+08
7327.50 1.1489e+08
7329.00 1.1672e+08
7330.50 1.1408e+08
7332.00 1.1146e+08
7333.50 1.0943e+08
7335.00 1.2056e+08
7336.50 1.2843e+08
7338.00 1.1399e+08
7339.50 1.0304e+08
7341.00 1.1583e+08
7342.50 1.1951e+08
7344.00 1.2245e+08
7345.50 1.2653e+08
7347.00 1.2669e+08
7348.50 1.2454e+08
7350.00 1.2829e+08
7351.50 1.3732e+08
7353.00 1.3844e+08
7354.50 1.5519e+08
7356.00 1.5959e+08
7357.50 1.5295e+08
7359.00 1.4815e+08
7360.50 1.4702e+08
7362.00 1.5302e+08
7363.50 1.5817e+08
7365.00 1.5465e+08
7366.50 1.5438e+08
7368.00 1.5242e+08
7369.50 1.7179e+08
7371.00 1.7525e+08
7372.50 1.6296e+08
7374.00 1.5639e+08
7375.50 1.5705e+08
7377.00 1.5444e+08
7378.50 1.6048e+08
7380.00 1.6517e+08
7381.50 1.7471e+08
7383.00 1.8052e+08
7384.50 1.7493e+08
7386.00 1.7037e+08
7387.50 1.6255e+08
7389.00 1.4143e+08
7390.50 1.4093e+08
7392.00 1.4882e+08
7393.50 1.4907e+08
7395.00 1.6998e+08
7396.50 1.9197e+08
7398.00 1.7652e+08
7399.50 1.3532e+08
7401.00 1.4199e+08
7402.50 1.5741e+08
7404.00 1.5442e+08
7405.50 1.6937e+08
7407.00 1.7452e+08
7408.50 1.8478e+08
7410.00 1.876e+08
7411.50 1.6495e+08
7413.00 1.6169e+08
7414.50 1.577e+08
7416.00 1.5874e+08
7417.50 1.7658e+08
7419.00 1.699e+08
7420.50 1.6226e+08
7422.00 1.8223e+08
7423.50 2.0414e+08
7425.00 1.8894e+08
7426.50 1.7265e+08
7428.00 1.7397e+08
7429.50 1.6603e+08
7431.00 1.7778e+08
7432.50 1.832e+08
7434.00 1.8264e+08
7435.50 1.7057e+08
7437.00 1.6319e+08
7438.50 1.5644e+08
7440.00 1.4519e+08
7441.50 1.518e+08
7443.00 1.5609e+08
7444.50 1.5493e+08
7446.00 1.5955e+08
7447.50 1.6378e+08
7449.00 1.6899e+08
7450.50 1.7148e+08
7452.00 1.6473e+08
7453.50 1.6319e+08
7455.00 1.6288e+08
7456.50 1.7413e+08
7458.00 1.801e+08
7459.50 1.738e+08
7461.00 1.785e+08
7462.50 1.7988e+08
7464.00 1.8098e+08
7465.50 1.689e+08
7467.00 1.8011e+08
7468.50 1.6388e+08
7470.00 1.5284e+08
7471.50 1.4516e+08
7473.00 1.499e+08
7474.50 1.6831e+08
7476.00 1.6372e+08
7477.50 1.5649e+08
7479.00 1.7145e+08
7480.50 1.5878e+08
7482.00 1.5695e+08
7483.50 1.6211e+08
7485.00 1.5949e+08
7486.50 1.5361e+08
7488.00 1.6135e+08
7489.50 1.6761e+08
7491.00 1.5801e+08
7492.50 1.6029e+08
7494.00 1.6403e+08
7495.50 1.6353e+08
7497.00 1.6294e+08
7498.50 1.6192e+08
7500.00 1.617e+08
7501.50 1.5447e+08
7503.00 1.466e+08
7504.50 1.4947e+08
7506.00 1.6322e+08
7507.50 1.6059e+08
7509.00 1.5398e+08
7510.50 1.5906e+08
7512.00 1.5928e+08
7513.50 1.5515e+08
7515.00 1.5399e+08
7516.50 1.6261e+08
7518.00 1.6167e+08
7519.50 1.5545e+08
7521.00 1.51e+08
