3502.00 0.074113
3504.00 0.3145
3506.00 -0.27781
3508.00 -0.00036067
3510.00 0.17377
3512.00 -0.079016
3514.00 0.33746
3516.00 0.44015
3518.00 -0.46364
3520.00 -0.70042
3522.00 0.27385
3524.00 0.33761
3526.00 0.4487
3528.00 0.48455
3530.00 -0.16203
3532.00 -0.23184
3534.00 0.54022
3536.00 0.4256
3538.00 0.36774
3540.00 0.53087
3542.00 0.14896
3544.00 0.76592
3546.00 0.35972
3548.00 -0.13575
3550.00 0.40116
3552.00 0.12128
3554.00 0.32324
3556.00 1.0096
3558.00 0.17953
3560.00 -0.0014155
3562.00 0.25725
3564.00 -0.3266
3566.00 -0.13755
3568.00 -0.24982
3570.00 0.17159
3572.00 0.16706
3574.00 -0.62008
3576.00 -0.18437
3578.00 0.19298
3580.00 0.10625
3582.00 -0.10567
3584.00 -0.050894
3586.00 0.017269
3588.00 0.44973
3590.00 0.75684
3592.00 -0.32541
3594.00 -0.48595
3596.00 0.23525
3598.00 -0.39126
3600.00 -0.56932
3602.00 0.088359
3604.00 0.15862
3606.00 0.19292
3608.00 0.35187
3610.00 0.43562
3612.00 0.39072
3614.00 0.17883
3616.00 0.12726
3618.00 0.21832
3620.00 0.32129
3622.00 0.2094
3624.00 0.17066
3626.00 0.43434
3628.00 -0.11228
3630.00 -0.18128
3632.00 -0.1531
3634.00 0.038079
3636.00 0.32478
3638.00 0.071558
3640.00 -0.49379
3642.00 0.12236
3644.00 0.3894
3646.00 -0.36967
3648.00 -0.69732
3650.00 0.22104
3652.00 0.48238
3654.00 -0.012463
3656.00 -0.41212
3658.00 -0.018517
3660.00 -0.25886
3662.00 -0.15774
3664.00 0.70008
3666.00 0.22443
3668.00 -0.1513
3670.00 0.35393
3672.00 -0.063322
3674.00 -0.35255
3676.00 -0.018914
3678.00 0.088243
3680.00 -0.13341
3682.00 -0.56897
3684.00 -0.46171
3686.00 -0.22486
3688.00 0.54767
3690.00 0.18718
3692.00 0.17744
3694.00 0.86218
3696.00 0.74859
3698.00 0.74101
3700.00 0.36884
3702.00 -0.047055
3704.00 -0.41835
3706.00 -0.2197
3708.00 -0.28237
3710.00 0.20306
3712.00 0.065961
3714.00 -0.019204
3716.00 -0.094988
3718.00 0.087938
3720.00 -0.2618
3722.00 -0.0038841
3724.00 0.28003
3726.00 0.54927
3728.00 0.34722
3730.00 -0.13639
3732.00 0.070939
3734.00 0.20068
3736.00 0.28702
3738.00 0.36264
3740.00 0.5898
3742.00 0.47358
3744.00 0.46523
3746.00 0.40167
3748.00 -0.40723
3750.00 0.061594
3752.00 0.29652
3754.00 -0.10568
3756.00 -0.37143
3758.00 -0.25178
3760.00 0.32394
3762.00 0.23926
3764.00 -0.23569
3766.00 -0.31442
3768.00 0.14833
3770.00 0.39876
3772.00 0.12709
3774.00 0.18582
3776.00 0.25533
3778.00 0.15033
3780.00 0.26081
3782.00 0.17604
3784.00 0.13565
3786.00 0.038873
3788.00 0.12421
3790.00 0.3222
3792.00 0.034047
3794.00 0.047965
3796.00 0.53062
3798.00 0.47843
3800.00 0.34341
3802.00 0.18757
3804.00 0.16645
3806.00 0.026677
3808.00 -0.50513
3810.00 -0.48625
3812.00 -0.04403
3814.00 0.29688
3816.00 0.11899
3818.00 -0.076547
3820.00 0.02244
3822.00 -0.041076
3824.00 0.19501
3826.00 0.10832
3828.00 0.021385
3830.00 -0.080099
3832.00 0.12105
3834.00 0.065057
3836.00 -0.046693
3838.00 -0.13368
3840.00 -0.044898
3842.00 -0.028477
3844.00 -0.12025
3846.00 0.39053
3848.00 0.080791
3850.00 0.56716
3852.00 0.16629
3854.00 -0.049144
3856.00 -0.16098
3858.00 -0.060374
3860.00 0.087293
3862.00 0.18418
3864.00 0.14666
3866.00 0.18923
3868.00 -0.29355
3870.00 0.12598
3872.00 0.15976
3874.00 0.11011
3876.00 0.032938
3878.00 -0.10494
3880.00 -0.24578
3882.00 -0.12877
3884.00 0.21189
3886.00 0.28646
3888.00 0.14448
3890.00 0.20291
3892.00 0.24594
3894.00 0.073911
3896.00 -0.13299
3898.00 0.051159
3900.00 0.34412
3902.00 0.2454
3904.00 -0.04487
3906.00 -0.029525
3908.00 -0.28873
3910.00 -0.10555
3912.00 -0.17606
3914.00 0.36861
3916.00 0.40156
3918.00 -0.077354
3920.00 -0.17725
3922.00 0.032918
3924.00 0.20707
3926.00 0.43303
3928.00 0.18608
3930.00 0.29226
3932.00 0.10802
3934.00 0.42032
3936.00 0.29724
3938.00 0.051139
3940.00 0.28342
3942.00 0.31154
3944.00 0.39931
3946.00 0.31007
3948.00 0.23755
3950.00 -0.091525
3952.00 -0.16323
3954.00 -0.25256
3956.00 0.25235
3958.00 0.27765
3960.00 -0.043507
3962.00 0.32753
3964.00 0.31712
3966.00 0.25539
3968.00 0.28799
3970.00 0.1056
3972.00 0.093755
3974.00 0.41079
3976.00 0.35705
3978.00 0.33961
3980.00 0.60946
3982.00 0.32111
3984.00 0.16768
3986.00 0.12291
3988.00 0.226
3990.00 0.38672
3992.00 -0.042438
3994.00 -0.060869
3996.00 0.24008
3998.00 0.043276
4000.00 0.058639
4002.00 0.14182
4004.00 0.51848
4006.00 0.25241
4008.00 0.36123
4010.00 0.44318
4012.00 0.20583
4014.00 0.42388
4016.00 0.38847
4018.00 -0.06323
4020.00 0.33604
4022.00 0.28192
4024.00 0.093887
4026.00 0.285
4028.00 0.34375
4030.00 0.054805
4032.00 0.1793
4034.00 0.16069
4036.00 0.022706
4038.00 0.24049
4040.00 -0.14443
4042.00 -0.13028
4044.00 0.12239
4046.00 0.47728
4048.00 0.80579
4050.00 -0.085437
4052.00 0.014492
4054.00 0.10318
4056.00 0.079888
4058.00 0.23572
4060.00 -0.024863
4062.00 0.11195
4064.00 0.4471
4066.00 0.5086
4068.00 0.21643
4070.00 0.43667
4072.00 0.5315
4074.00 0.45401
4076.00 0.18661
4078.00 0.11997
4080.00 0.40351
4082.00 0.55975
4084.00 0.25851
4086.00 0.082023
4088.00 -0.086198
4090.00 0.37787
4092.00 0.19619
4094.00 0.55058
4096.00 0.37876
4098.00 0.22577
4100.00 0.08345
4102.00 0.10483
4104.00 0.14319
4106.00 0.053514
4108.00 0.33467
4110.00 -0.10837
4112.00 0.18489
4114.00 0.48125
4116.00 0.34876
4118.00 0.39517
4120.00 0.33687
4122.00 0.42217
4124.00 0.2543
4126.00 0.12747
4128.00 0.32823
4130.00 0.28747
4132.00 0.50906
4134.00 0.13511
4136.00 0.15303
4138.00 0.56024
4140.00 0.35421
4142.00 0.18323
4144.00 0.24323
4146.00 0.18745
4148.00 0.41686
4150.00 0.20612
4152.00 0.1722
4154.00 0.082433
4156.00 -0.053351
4158.00 0.061744
4160.00 0.37927
4162.00 0.37374
4164.00 0.26695
4166.00 0.30945
4168.00 0.063719
4170.00 0.07746
4172.00 0.47328
4174.00 0.13083
4176.00 -0.10857
4178.00 0.28364
4180.00 0.57237
4182.00 0.14043
4184.00 0.18847
4186.00 0.28448
4188.00 0.077418
4190.00 -0.096778
4192.00 0.11792
4194.00 0.49271
4196.00 0.06379
4198.00 0.0052072
4200.00 -0.068596
4202.00 0.15624
4204.00 0.44905
4206.00 0.28629
4208.00 0.23614
4210.00 0.23275
4212.00 0.070363
4214.00 0.073094
4216.00 0.16228
4218.00 0.39191
4220.00 0.27266
4222.00 0.16437
4224.00 0.24844
4226.00 0.1143
4228.00 0.3858
4230.00 0.38456
4232.00 0.25935
4234.00 0.33128
4236.00 0.71001
4238.00 0.61221
4240.00 0.33679
4242.00 0.26619
4244.00 0.27405
4246.00 0.1603
4248.00 0.3041
4250.00 0.26289
4252.00 0.32637
4254.00 0.43824
4256.00 0.030258
4258.00 0.34944
4260.00 0.39716
4262.00 0.064396
4264.00 -0.10966
4266.00 0.16134
4268.00 0.52261
4270.00 0.31157
4272.00 0.25034
4274.00 0.03109
4276.00 0.014258
4278.00 -0.070767
4280.00 0.26029
4282.00 0.38539
4284.00 0.29339
4286.00 0.29527
4288.00 0.12138
4290.00 0.25632
4292.00 0.35664
4294.00 0.13305
4296.00 -0.015998
4298.00 0.28914
4300.00 0.38462
4302.00 0.32926
4304.00 0.35506
4306.00 0.32408
4308.00 0.24917
4310.00 0.20979
4312.00 0.092699
4314.00 -0.22515
4316.00 0.039498
4318.00 -0.11285
4320.00 0.040235
4322.00 0.33406
4324.00 0.18434
4326.00 0.039546
4328.00 0.35653
4330.00 0.36046
4332.00 0.1707
4334.00 0.19237
4336.00 0.37298
4338.00 0.23941
4340.00 0.232
4342.00 0.23793
4344.00 0.54425
4346.00 0.47579
4348.00 0.56669
4350.00 0.36652
4352.00 -0.1035
4354.00 -0.14399
4356.00 0.24466
4358.00 0.15114
4360.00 0.23004
4362.00 0.30787
4364.00 0.20967
4366.00 0.4189
4368.00 0.36155
4370.00 0.19323
4372.00 0.17977
4374.00 -0.144
4376.00 0.1273
4378.00 0.21548
4380.00 0.15462
4382.00 0.072066
4384.00 0.22491
4386.00 0.23682
4388.00 -0.027023
4390.00 -0.14939
4392.00 0.19556
4394.00 0.19222
4396.00 -0.012045
4398.00 -0.082843
4400.00 0.15519
4402.00 0.2518
4404.00 0.16022
4406.00 0.035502
4408.00 0.20183
4410.00 0.35148
4412.00 0.52296
4414.00 0.086109
4416.00 0.15817
4418.00 0.15607
4420.00 -0.099804
4422.00 0.20719
4424.00 0.1528
4426.00 0.18455
4428.00 0.30235
4430.00 0.28275
4432.00 0.22453
4434.00 0.3085
4436.00 0.099175
4438.00 0.13187
4440.00 0.19559
4442.00 -0.066659
4444.00 0.03333
4446.00 0.16914
4448.00 0.40888
4450.00 0.38968
4452.00 0.20654
4454.00 0.083512
4456.00 0.08602
4458.00 0.34218
4460.00 0.42791
4462.00 0.32451
4464.00 0.3822
4466.00 0.49548
4468.00 0.37182
4470.00 0.081975
4472.00 0.4292
4474.00 0.37532
4476.00 0.46193
4478.00 0.28731
4480.00 0.07012
4482.00 0.012859
4484.00 0.25234
4486.00 0.36171
4488.00 0.19537
4490.00 0.32892
4492.00 0.44128
4494.00 0.51829
4496.00 0.29942
4498.00 0.1731
4500.00 0.33984
4502.00 0.35768
4504.00 0.20789
4506.00 0.31464
4508.00 0.35862
4510.00 0.24677
4512.00 0.12886
4514.00 0.23096
4516.00 0.27519
4518.00 0.17352
4520.00 0.072658
4522.00 0.095392
4524.00 0.16274
4526.00 0.12424
4528.00 0.20609
4530.00 0.46728
4532.00 0.34962
4534.00 0.13468
4536.00 0.065424
4538.00 0.049235
4540.00 0.21955
4542.00 0.21295
4544.00 0.1921
4546.00 0.26721
4548.00 0.41347
4550.00 0.44259
4552.00 0.20286
4554.00 0.36072
4556.00 0.50086
4558.00 0.27009
4560.00 0.45462
4562.00 0.4148
4564.00 0.22821
4566.00 0.28793
4568.00 0.50805
4570.00 0.61927
4572.00 0.56688
4574.00 0.53071
4576.00 0.43413
4578.00 0.44472
4580.00 0.49075
4582.00 0.55465
4584.00 0.5257
4586.00 0.67166
4588.00 0.82499
4590.00 0.80044
4592.00 0.72515
4594.00 1.0071
4596.00 0.7726
4598.00 0.79881
4600.00 0.92173
4602.00 0.98522
4604.00 0.81656
4606.00 0.74033
4608.00 0.5329
4610.00 0.3747
4612.00 0.43102
4614.00 0.53969
4616.00 0.42008
4618.00 0.48091
4620.00 0.59413
4622.00 0.54117
4624.00 0.43161
4626.00 0.61903
4628.00 0.86043
4630.00 0.63072
4632.00 0.4387
4634.00 0.7624
4636.00 0.7747
4638.00 0.75683
4640.00 0.81769
4642.00 0.70601
4644.00 0.57895
4646.00 0.46232
4648.00 0.43645
4650.00 0.35191
4652.00 0.33663
4654.00 0.33511
4656.00 0.47531
4658.00 0.56163
4660.00 0.68583
4662.00 0.55226
4664.00 0.57668
4666.00 0.89146
4668.00 0.96134
4670.00 0.9028
4672.00 1.0601
4674.00 0.94426
4676.00 0.76358
4678.00 0.85756
4680.00 0.96975
4682.00 1.112
4684.00 0.97674
4686.00 0.79169
4688.00 0.87248
4690.00 0.94513
4692.00 0.69129
4694.00 0.53131
4696.00 0.40807
4698.00 0.58992
4700.00 0.58175
4702.00 0.61019
4704.00 0.79452
4706.00 0.79981
4708.00 0.93275
4710.00 1.0028
4712.00 0.73242
4714.00 0.53481
4716.00 0.72369
4718.00 0.66727
4720.00 0.45162
4722.00 0.60773
4724.00 0.76255
4726.00 0.75487
4728.00 0.7439
4730.00 0.66207
4732.00 0.49525
4734.00 0.89182
4736.00 0.88416
4738.00 0.91481
4740.00 1.0191
4742.00 0.95098
4744.00 0.69663
4746.00 0.6759
4748.00 0.726
4750.00 0.6496
4752.00 0.47125
4754.00 0.54497
4756.00 0.53894
4758.00 0.44759
4760.00 0.64564
4762.00 0.75327
4764.00 0.76332
4766.00 0.61924
4768.00 0.65021
4770.00 0.64499
4772.00 0.72506
4774.00 0.73159
4776.00 0.79322
4778.00 0.55497
4780.00 0.63115
4782.00 0.71922
4784.00 0.50657
4786.00 0.49171
4788.00 0.49877
4790.00 0.465
4792.00 0.47218
4794.00 0.60706
4796.00 0.48347
4798.00 0.71217
4800.00 0.82705
4802.00 0.75053
4804.00 0.85293
4806.00 0.81968
4808.00 0.84211
4810.00 0.84667
4812.00 0.76337
4814.00 0.64322
4816.00 0.73844
4818.00 0.7998
4820.00 1.0257
4822.00 1.0848
4824.00 0.95168
4826.00 0.87598
4828.00 0.83324
4830.00 0.96609
4832.00 0.88707
4834.00 0.62093
4836.00 0.481
4838.00 0.51626
4840.00 0.49468
4842.00 0.53219
4844.00 0.49796
4846.00 0.45531
4848.00 0.49055
4850.00 0.49112
4852.00 0.49601
4854.00 0.49078
4856.00 0.44895
4858.00 0.57888
4860.00 0.59398
4862.00 0.43114
4864.00 0.53296
4866.00 0.60541
4868.00 0.52004
4870.00 0.49005
4872.00 0.51483
4874.00 0.5905
4876.00 0.54671
4878.00 0.41898
4880.00 0.47665
4882.00 0.48337
4884.00 0.34754
4886.00 0.2885
4888.00 0.52107
4890.00 0.55499
4892.00 0.47763
4894.00 0.5806
4896.00 0.53666
4898.00 0.53093
4900.00 0.52186
4902.00 0.48866
4904.00 0.42443
4906.00 0.29391
4908.00 0.16001
4910.00 0.16354
4912.00 0.18393
4914.00 0.04246
4916.00 0.35223
4918.00 0.39457
4920.00 0.39504
4922.00 0.58447
4924.00 0.47583
4926.00 0.53736
4928.00 0.73954
4930.00 0.76699
4932.00 0.79577
4934.00 1.0367
4936.00 1.1388
4938.00 1.1328
4940.00 1.2493
4942.00 1.2977
4944.00 1.2052
4946.00 1.0613
4948.00 0.86009
4950.00 0.8747
4952.00 0.99874
4954.00 1.1358
4956.00 1.2038
4958.00 1.2065
4960.00 1.2087
4962.00 1.282
4964.00 1.4486
4966.00 1.2065
4968.00 1.0658
4970.00 0.98297
4972.00 0.9059
4974.00 0.97279
4976.00 0.85186
4978.00 0.93028
4980.00 1.0211
4982.00 0.52093
4984.00 0.34532
4986.00 0.55889
4988.00 0.69561
4990.00 0.61426
4992.00 0.36851
4994.00 0.46103
4996.00 0.60633
4998.00 0.51824
5000.00 0.3597
5002.00 0.47366
5004.00 0.5463
5006.00 0.45256
5008.00 0.45958
5010.00 0.52265
5012.00 0.54116
5014.00 0.59616
5016.00 0.56306
5018.00 0.4265
5020.00 0.4589
5022.00 0.50129
5024.00 0.5273
5026.00 0.65453
5028.00 0.82592
5030.00 1.0052
5032.00 0.90432
5034.00 0.9553
5036.00 0.89352
5038.00 0.96088
5040.00 0.98039
5042.00 1.0158
5044.00 1.1915
5046.00 1.2405
5048.00 1.2466
5050.00 1.2044
5052.00 1.2149
5054.00 1.1395
5056.00 0.94332
5058.00 1.0186
5060.00 0.82577
5062.00 0.82612
5064.00 0.79556
5066.00 0.61432
5068.00 0.40345
5070.00 0.46315
5072.00 0.61305
5074.00 0.52396
5076.00 0.54418
5078.00 0.59537
5080.00 0.49773
5082.00 0.2956
5084.00 0.54893
5086.00 0.76359
5088.00 0.49007
5090.00 0.55522
5092.00 0.71871
5094.00 0.68677
5096.00 0.69429
5098.00 0.74893
5100.00 0.6932
5102.00 0.70293
5104.00 0.80655
5106.00 0.82435
5108.00 0.65187
5110.00 0.41522
5112.00 0.39236
5114.00 0.41879
5116.00 0.60098
5118.00 0.49476
5120.00 0.48633
5122.00 0.64302
5124.00 0.58722
5126.00 0.63196
5128.00 0.67129
5130.00 0.55019
5132.00 0.58984
5134.00 0.66011
5136.00 0.5427
5138.00 0.61023
5140.00 0.68835
5142.00 0.47577
5144.00 0.30559
5146.00 0.31259
5148.00 0.22785
5150.00 0.26558
5152.00 0.40925
5154.00 0.30859
5156.00 0.20793
5158.00 0.20793
5160.00 0.17701
5162.00 0.30089
5164.00 0.36289
5166.00 0.3352
5168.00 0.39976
5170.00 0.46522
5172.00 0.43461
5174.00 0.34091
5176.00 0.41352
5178.00 0.49142
5180.00 0.45508
5182.00 0.5039
5184.00 0.59572
5186.00 0.5955
5188.00 0.42126
5190.00 0.52876
5192.00 0.54403
5194.00 0.60432
5196.00 0.71072
5198.00 0.6945
5200.00 0.5562
5202.00 0.51316
5204.00 0.52382
5206.00 0.51364
5208.00 0.32813
5210.00 0.31609
5212.00 0.52132
5214.00 0.51597
5216.00 0.45238
5218.00 0.34031
5220.00 0.70049
5222.00 0.82945
5224.00 0.6696
5226.00 0.57352
5228.00 0.47201
5230.00 0.61046
5232.00 0.74894
5234.00 0.6938
5236.00 0.71124
5238.00 0.68667
5240.00 0.55309
5242.00 0.38196
5244.00 0.29241
5246.00 0.35285
5248.00 0.38468
5250.00 0.33119
5252.00 0.35578
5254.00 0.30362
5256.00 0.38903
5258.00 0.33737
5260.00 0.40905
5262.00 0.56129
5264.00 0.64921
5266.00 0.67024
5268.00 0.7517
5270.00 0.85804
5272.00 0.91923
5274.00 0.93547
5276.00 0.98524
5278.00 0.92154
5280.00 1.0018
5282.00 1.1398
5284.00 1.1385
5286.00 1.1078
5288.00 1.0475
5290.00 0.97065
5292.00 0.88246
5294.00 0.8458
5296.00 0.7296
5298.00 0.71142
5300.00 0.63941
5302.00 0.53707
5304.00 0.45288
5306.00 0.36166
5308.00 0.26326
5310.00 0.29151
5312.00 0.34514
5314.00 0.33813
5316.00 0.40038
5318.00 0.42079
5320.00 0.4394
5322.00 0.5488
5324.00 0.55911
5326.00 0.61879
5328.00 0.70171
5330.00 0.72886
5332.00 0.81156
5334.00 0.81055
5336.00 0.83257
5338.00 0.89585
5340.00 0.8268
5342.00 0.96768
5344.00 0.80102
5346.00 0.64776
5348.00 0.6039
5350.00 0.71112
5352.00 0.66541
5354.00 0.60539
5356.00 0.53389
5358.00 0.58912
5360.00 0.61706
5362.00 0.66211
5364.00 0.62149
5366.00 0.64172
5368.00 0.61751
5370.00 0.42511
5372.00 0.47355
5374.00 0.63577
5376.00 0.61165
5378.00 0.57079
5380.00 0.55582
5382.00 0.49194
5384.00 0.47345
5386.00 0.50649
5388.00 0.50395
5390.00 0.54965
5392.00 0.55152
5394.00 0.5588
5396.00 0.49864
5398.00 0.45009
5400.00 0.58106
5402.00 0.64208
5404.00 0.5334
5406.00 0.44054
5408.00 0.42405
5410.00 0.4324
5412.00 0.39427
5414.00 0.41305
5416.00 0.49064
5418.00 0.47511
5420.00 0.38172
5422.00 0.46995
5424.00 0.4544
5426.00 0.4336
5428.00 0.53213
5430.00 0.47144
5432.00 0.58261
5434.00 0.57157
5436.00 0.59753
5438.00 0.59204
5440.00 0.63579
5442.00 0.75782
5444.00 0.8674
5446.00 0.90442
5448.00 0.90475
5450.00 0.9253
5452.00 0.93142
5454.00 0.97481
5456.00 1.1023
5458.00 1.135
5460.00 1.0012
5462.00 0.8359
5464.00 0.79864
5466.00 0.82923
5468.00 0.86839
5470.00 0.98403
5472.00 1.0194
5474.00 0.97863
5476.00 0.92635
5478.00 0.88591
5480.00 0.84495
5482.00 0.81434
5484.00 0.7904
5486.00 0.77192
5488.00 0.75489
5490.00 0.75223
5492.00 0.77383
5494.00 0.79749
5496.00 0.80452
5498.00 0.80595
5500.00 0.76024
5502.00 0.63616
5504.00 0.58149
5506.00 0.56484
5508.00 0.58198
5510.00 0.65837
5512.00 0.75502
5514.00 0.75752
5516.00 0.68825
5518.00 0.64488
5520.00 0.54822
5522.00 0.54805
5524.00 0.68969
5526.00 0.84182
5528.00 0.89266
5530.00 0.89342
5532.00 0.93844
5534.00 0.99113
5536.00 1.0667
5538.00 1.1936
5540.00 1.2825
5542.00 1.3024
5544.00 1.2897
5546.00 1.2874
5548.00 1.2824
5550.00 1.2528
5552.00 1.1727
5554.00 1.1439
5556.00 1.177
5558.00 1.2157
5560.00 1.233
5562.00 1.2411
5564.00 1.2036
5566.00 1.0972
5568.00 1.0449
5570.00 1.014
5572.00 0.99679
5574.00 0.99804
5576.00 1.0077
5578.00 1.0032
5580.00 0.98382
5582.00 1.0225
5584.00 1.1573
5586.00 1.193
5588.00 1.1162
5590.00 1.0433
5592.00 1.0345
5594.00 1.0523
5596.00 1.0603
5598.00 1.094
5600.00 1.0685
5602.00 0.96119
5604.00 0.91225
5606.00 0.95564
5608.00 1.0193
5610.00 1.0373
5612.00 1.0396
5614.00 1.01
5616.00 0.92487
5618.00 0.8782
5620.00 0.87208
5622.00 0.85022
5624.00 0.78275
5626.00 0.69639
5628.00 0.63894
5630.00 0.59377
5632.00 0.55594
5634.00 0.53524
5636.00 0.50674
5638.00 0.46364
5640.00 0.42425
5642.00 0.40258
5644.00 0.3918
5646.00 0.40254
5648.00 0.45738
5650.00 0.4695
5652.00 0.43526
5654.00 0.42143
5656.00 0.44053
5658.00 0.48748
5660.00 0.58871
5662.00 0.76902
5664.00 0.84866
5666.00 0.86819
5668.00 0.87396
5670.00 0.84918
5672.00 0.82208
5674.00 0.81305
5676.00 0.81247
5678.00 0.84735
5680.00 0.89914
5682.00 0.99914
5684.00 1.1908
5686.00 1.3282
5688.00 1.3758
5690.00 1.3767
5692.00 1.3632
5694.00 1.316
5696.00 1.2758
5698.00 1.2094
5700.00 1.1808
5702.00 1.2047
5704.00 1.2215
5706.00 1.1878
5708.00 1.1316
5710.00 1.1231
5712.00 1.1733
5714.00 1.1535
5716.00 1.0716
5718.00 1.0136
5720.00 0.99312
5722.00 0.98704
5724.00 0.97933
5726.00 0.97582
5728.00 0.98478
5730.00 1.0162
5732.00 1.0293
5734.00 1.0268
5736.00 1.0215
5738.00 1.0143
5740.00 1.0076
5742.00 1.0243
5744.00 1.0744
5746.00 1.0836
5748.00 1.0731
5750.00 1.0464
5752.00 0.98543
5754.00 0.92923
5756.00 0.92611
5758.00 0.95824
5760.00 0.97055
5762.00 0.98076
5764.00 0.99065
5766.00 1.0089
5768.00 1.0112
5770.00 0.97933
5772.00 0.93463
5774.00 0.92362
5776.00 0.93494
5778.00 0.93921
5780.00 0.95242
5782.00 0.95332
5784.00 0.93404
5786.00 0.91663
5788.00 0.92118
5790.00 0.93854
5792.00 0.94351
5794.00 0.93936
5796.00 0.9439
5798.00 0.96034
5800.00 0.96709
5802.00 0.95433
5804.00 0.93506
5806.00 0.9289
5808.00 0.93038
5810.00 0.92659
5812.00 0.94905
5814.00 0.91223
5816.00 0.78894
5818.00 0.67122
5820.00 0.62678
5822.00 0.61781
5824.00 0.56743
5826.00 0.49476
5828.00 0.42638
5830.00 0.32881
5832.00 0.27548
5834.00 0.3019
5836.00 0.34658
5838.00 0.32359
5840.00 0.25607
5842.00 0.23509
5844.00 0.22101
5846.00 0.24727
5848.00 0.35285
5850.00 0.42493
5852.00 0.38022
5854.00 0.28161
5856.00 0.28745
5858.00 0.39027
5860.00 0.40156
5862.00 0.3434
5864.00 0.31516
5866.00 0.32164
5868.00 0.35163
5870.00 0.41746
5872.00 0.52469
5874.00 0.54997
5876.00 0.52782
5878.00 0.47746
5880.00 0.30435
5882.00 0.24644
5884.00 0.46176
5886.00 0.79527
5888.00 0.90891
5890.00 0.83325
5892.00 0.98328
5894.00 1.303
5896.00 1.5824
5898.00 1.8774
5900.00 2.0904
5902.00 2.0746
5904.00 1.8854
5906.00 1.8293
5908.00 1.8167
5910.00 1.8036
5912.00 1.8232
5914.00 1.8141
5916.00 1.741
5918.00 1.6474
5920.00 1.6109
5922.00 1.6138
5924.00 1.5929
5926.00 1.557
5928.00 1.5393
5930.00 1.5527
5932.00 1.5588
5934.00 1.5264
5936.00 1.4713
5938.00 1.4299
5940.00 1.3969
5942.00 1.3476
5944.00 1.2732
5946.00 1.2172
5948.00 1.1924
5950.00 1.1815
5952.00 1.1709
5954.00 1.1768
5956.00 1.1296
5958.00 0.99604
5960.00 0.95048
5962.00 1.0103
5964.00 1.068
5966.00 1.0628
5968.00 1.0297
5970.00 1.0025
5972.00 0.96457
5974.00 0.93227
5976.00 0.90003
5978.00 0.87006
5980.00 0.82246
5982.00 0.79757
5984.00 0.86507
5986.00 1.0146
5988.00 1.0742
5990.00 1.0739
5992.00 1.0962
5994.00 1.1376
5996.00 1.1671
5998.00 1.1706
6000.00 1.1582
6002.00 1.1402
6004.00 1.105
6006.00 1.0844
6008.00 1.0702
6010.00 1.0584
6012.00 1.0578
6014.00 1.0499
6016.00 1.0117
6018.00 0.95151
6020.00 0.89678
6022.00 0.80768
6024.00 0.78533
6026.00 0.82997
6028.00 0.8799
6030.00 0.92451
6032.00 0.96439
6034.00 0.96313
6036.00 0.91842
6038.00 0.90655
6040.00 0.9051
6042.00 0.91111
6044.00 0.93565
6046.00 0.95379
6048.00 0.93732
6050.00 0.89891
6052.00 0.89652
6054.00 0.92518
6056.00 0.93529
6058.00 0.93254
6060.00 0.93679
6062.00 0.96618
6064.00 0.99253
6066.00 0.95788
6068.00 0.86108
6070.00 0.8406
6072.00 0.87094
6074.00 0.89639
6076.00 0.93304
6078.00 0.9593
6080.00 0.9515
6082.00 0.92391
6084.00 0.92461
6086.00 0.94903
6088.00 0.95513
6090.00 0.95687
6092.00 0.94931
6094.00 0.93334
6096.00 0.90677
6098.00 0.86223
6100.00 0.79743
6102.00 0.75288
6104.00 0.72534
6106.00 0.68378
6108.00 0.626
6110.00 0.57095
6112.00 0.52637
6114.00 0.48841
6116.00 0.46186
6118.00 0.44657
6120.00 0.43651
6122.00 0.43021
6124.00 0.43725
6126.00 0.46774
6128.00 0.5003
6130.00 0.50423
6132.00 0.48677
6134.00 0.51766
6136.00 0.5925
6138.00 0.65115
6140.00 0.68497
6142.00 0.74968
6144.00 0.88704
6146.00 1.0528
6148.00 1.1425
6150.00 1.1864
6152.00 1.2222
6154.00 1.2241
6156.00 1.235
6158.00 1.2612
6160.00 1.2828
6162.00 1.2844
6164.00 1.2729
6166.00 1.2527
6168.00 1.2234
6170.00 1.1812
6172.00 1.0962
6174.00 1.0524
6176.00 1.0942
6178.00 1.1675
6180.00 1.1825
6182.00 1.1707
6184.00 1.1485
6186.00 1.0944
6188.00 1.059
6190.00 1.0444
6192.00 1.0327
6194.00 1.0139
6196.00 0.99291
6198.00 0.96845
6200.00 0.94073
6202.00 0.91045
6204.00 0.87208
6206.00 0.84067
6208.00 0.81786
6210.00 0.80277
6212.00 0.80101
6214.00 0.81748
6216.00 0.80513
6218.00 0.77803
6220.00 0.73881
6222.00 0.67056
6224.00 0.61422
6226.00 0.59756
6228.00 0.60361
6230.00 0.60507
6232.00 0.61613
6234.00 0.62061
6236.00 0.60245
6238.00 0.6219
6240.00 0.70022
6242.00 0.79661
6244.00 0.86877
6246.00 0.93791
6248.00 0.97306
6250.00 0.96688
6252.00 0.97541
6254.00 0.9925
6256.00 1.0065
6258.00 1.0167
6260.00 1.0211
6262.00 1.0017
6264.00 0.95221
6266.00 0.92549
6268.00 0.89996
6270.00 0.89253
6272.00 0.90803
6274.00 0.93465
6276.00 0.9681
6278.00 1.0142
6280.00 1.0093
6282.00 0.952
6284.00 0.91661
6286.00 0.8754
6288.00 0.85753
6290.00 0.88528
6292.00 0.93229
6294.00 0.94398
6296.00 0.93827
6298.00 0.92858
6300.00 0.90577
6302.00 0.88514
6304.00 0.86244
6306.00 0.8445
6308.00 0.83647
6310.00 0.83577
6312.00 0.85596
6314.00 0.91426
6316.00 0.93726
6318.00 0.92428
6320.00 0.93019
6322.00 0.97349
6324.00 1.0318
6326.00 1.0841
6328.00 1.1553
6330.00 1.1485
6332.00 1.0619
6334.00 0.99565
6336.00 0.92803
6338.00 0.87997
6340.00 0.87502
6342.00 0.89933
6344.00 0.91522
6346.00 0.95832
6348.00 0.95174
6350.00 0.88999
6352.00 0.85276
6354.00 0.85677
6356.00 0.87677
6358.00 0.89462
6360.00 0.92274
6362.00 0.92324
6364.00 0.89413
6366.00 0.88053
6368.00 0.87843
6370.00 0.87837
6372.00 0.87282
6374.00 0.86845
6376.00 0.88829
6378.00 0.93915
6380.00 0.96297
6382.00 0.98091
6384.00 0.98156
6386.00 0.95708
6388.00 0.92421
6390.00 0.90032
6392.00 0.87682
6394.00 0.86616
6396.00 0.88246
6398.00 0.86641
6400.00 0.82266
6402.00 0.77174
6404.00 0.70784
6406.00 0.64469
6408.00 0.64365
6410.00 0.70678
6412.00 0.72411
6414.00 0.72553
6416.00 0.72162
6418.00 0.70118
6420.00 0.68791
6422.00 0.70989
6424.00 0.75575
6426.00 0.78191
6428.00 0.80958
6430.00 0.81698
6432.00 0.80889
6434.00 0.78678
6436.00 0.74081
6438.00 0.68768
6440.00 0.66746
6442.00 0.66643
6444.00 0.67516
6446.00 0.71075
6448.00 0.72948
6450.00 0.73043
6452.00 0.72709
6454.00 0.7277
6456.00 0.72808
6458.00 0.72141
6460.00 0.71435
6462.00 0.69228
6464.00 0.65329
6466.00 0.61413
6468.00 0.57953
6470.00 0.54305
6472.00 0.49482
6474.00 0.43063
6476.00 0.40476
6478.00 0.39969
6480.00 0.41639
6482.00 0.46818
6484.00 0.5216
6486.00 0.55387
6488.00 0.57918
6490.00 0.6224
6492.00 0.68563
6494.00 0.72915
6496.00 0.76429
6498.00 0.79215
6500.00 0.80598
6502.00 0.81953
6504.00 0.85456
6506.00 0.90576
6508.00 0.93695
6510.00 0.95521
6512.00 0.97559
6514.00 0.99882
6516.00 1.0156
6518.00 1.0191
6520.00 1.0156
6522.00 1.0203
6524.00 1.0242
6526.00 1.0411
6528.00 1.0888
6530.00 1.102
6532.00 1.0652
6534.00 1.0171
6536.00 0.99383
6538.00 0.98106
6540.00 0.94776
6542.00 0.89404
6544.00 0.85355
6546.00 0.80832
6548.00 0.786
6550.00 0.7919
6552.00 0.82529
6554.00 0.90538
6556.00 1.0524
6558.00 1.1344
6560.00 1.1834
6562.00 1.2255
6564.00 1.252
6566.00 1.2776
6568.00 1.3229
6570.00 1.3784
6572.00 1.3923
6574.00 1.3665
6576.00 1.3541
6578.00 1.3498
6580.00 1.3298
6582.00 1.2847
6584.00 1.2268
6586.00 1.1699
6588.00 1.1019
6590.00 1.0625
6592.00 1.032
6594.00 1.0329
6596.00 1.0718
6598.00 1.1252
6600.00 1.1836
6602.00 1.2503
6604.00 1.292
6606.00 1.3164
6608.00 1.3369
6610.00 1.3451
6612.00 1.3536
6614.00 1.3659
6616.00 1.3764
6618.00 1.3789
6620.00 1.3748
6622.00 1.373
6624.00 1.3817
6626.00 1.3658
6628.00 1.322
6630.00 1.2741
6632.00 1.2275
6634.00 1.1824
6636.00 1.1695
6638.00 1.2076
6640.00 1.1813
6642.00 1.1018
6644.00 1.0368
6646.00 0.98697
6648.00 0.94948
6650.00 0.9343
6652.00 0.94015
6654.00 0.93055
6656.00 0.92258
6658.00 0.89962
6660.00 0.85738
6662.00 0.81641
6664.00 0.78174
6666.00 0.75185
6668.00 0.73746
6670.00 0.74009
6672.00 0.73528
6674.00 0.71263
6676.00 0.72584
6678.00 0.79032
6680.00 0.86376
6682.00 0.91545
6684.00 0.96061
6686.00 0.96657
6688.00 0.91798
6690.00 0.90262
6692.00 0.90754
6694.00 0.90914
6696.00 0.90495
6698.00 0.8941
6700.00 0.86203
6702.00 0.80316
6704.00 0.77678
6706.00 0.76203
6708.00 0.7665
6710.00 0.80041
6712.00 0.83749
6714.00 0.86046
6716.00 0.87766
6718.00 0.87983
6720.00 0.85472
6722.00 0.85484
6724.00 0.87114
6726.00 0.88799
6728.00 0.90676
6730.00 0.92273
6732.00 0.92178
6734.00 0.906
6736.00 0.89951
6738.00 0.89127
6740.00 0.89193
6742.00 0.90468
6744.00 0.91749
6746.00 0.92523
6748.00 0.9301
6750.00 0.9248
6752.00 0.91096
6754.00 0.89215
6756.00 0.86025
6758.00 0.83572
6760.00 0.82046
6762.00 0.81126
6764.00 0.8101
6766.00 0.81955
6768.00 0.8073
6770.00 0.76832
6772.00 0.75272
6774.00 0.75277
6776.00 0.76343
6778.00 0.79146
6780.00 0.827
6782.00 0.82861
6784.00 0.79882
6786.00 0.79006
6788.00 0.78437
6790.00 0.78826
6792.00 0.81261
6794.00 0.83308
6796.00 0.81883
6798.00 0.78017
6800.00 0.777
6802.00 0.80126
6804.00 0.8138
6806.00 0.82199
6808.00 0.83018
6810.00 0.84509
6812.00 0.85704
6814.00 0.83943
6816.00 0.78836
6818.00 0.77158
6820.00 0.77584
6822.00 0.77802
6824.00 0.78385
6826.00 0.78479
6828.00 0.76406
6830.00 0.7293
6832.00 0.74596
6834.00 0.82048
6836.00 0.85596
6838.00 0.87828
6840.00 0.88634
6842.00 0.87764
6844.00 0.85623
6846.00 0.82639
6848.00 0.77676
6850.00 0.76464
6852.00 0.77749
6854.00 0.79829
6856.00 0.83941
6858.00 0.87626
6860.00 0.89421
6862.00 0.90026
6864.00 0.88379
6866.00 0.80922
6868.00 0.81229
6870.00 0.88873
6872.00 0.93732
6874.00 0.94124
6876.00 0.92495
6878.00 0.901
6880.00 0.86061
6882.00 0.83198
6884.00 0.79993
6886.00 0.78399
6888.00 0.7853
6890.00 0.79231
6892.00 0.8046
6894.00 0.81951
6896.00 0.81055
6898.00 0.77242
6900.00 0.76269
6902.00 0.75982
6904.00 0.77673
6906.00 0.83766
6908.00 0.89093
6910.00 0.8654
6912.00 0.78135
6914.00 0.76965
6916.00 0.81885
6918.00 0.82586
6920.00 0.80043
6922.00 0.7746
6924.00 0.75321
6926.00 0.73739
6928.00 0.75379
6930.00 0.81113
6932.00 0.82616
6934.00 0.80789
6936.00 0.80553
6938.00 0.82508
6940.00 0.84581
6942.00 0.85311
6944.00 0.85373
6946.00 0.84768
6948.00 0.83813
6950.00 0.81447
6952.00 0.76404
6954.00 0.72859
6956.00 0.71972
6958.00 0.72726
6960.00 0.74988
6962.00 0.80292
6964.00 0.80744
6966.00 0.76436
6968.00 0.74657
6970.00 0.75407
6972.00 0.76744
6974.00 0.78442
6976.00 0.80486
6978.00 0.77404
6980.00 0.66856
6982.00 0.6324
6984.00 0.64634
6986.00 0.65119
6988.00 0.63036
6990.00 0.60716
6992.00 0.60519
6994.00 0.61385
6996.00 0.64034
6998.00 0.70162
7000.00 0.73686
7002.00 0.73689
7004.00 0.74804
7006.00 0.80289
7008.00 0.87931
7010.00 0.92304
7012.00 0.95472
7014.00 0.96962
7016.00 0.96232
7018.00 0.95257
7020.00 0.94365
7022.00 0.92942
7024.00 0.90269
7026.00 0.86323
7028.00 0.84257
7030.00 0.84214
7032.00 0.82425
7034.00 0.77872
7036.00 0.75095
7038.00 0.76955
7040.00 0.80952
7042.00 0.81821
7044.00 0.81554
7046.00 0.79927
7048.00 0.7575
7050.00 0.72771
7052.00 0.70887
7054.00 0.69989
7056.00 0.70796
7058.00 0.7321
7060.00 0.7322
7062.00 0.70915
7064.00 0.7041
7066.00 0.70996
7068.00 0.72025
7070.00 0.73335
7072.00 0.75039
7074.00 0.77194
7076.00 0.80105
7078.00 0.82179
7080.00 0.8496
7082.00 0.85224
7084.00 0.81868
7086.00 0.78123
7088.00 0.76568
7090.00 0.75976
7092.00 0.74811
7094.00 0.72769
7096.00 0.72643
7098.00 0.75138
7100.00 0.76245
7102.00 0.74246
7104.00 0.71491
7106.00 0.71464
7108.00 0.73477
7110.00 0.734
7112.00 0.72598
7114.00 0.70858
7116.00 0.66517
7118.00 0.637
7120.00 0.65775
7122.00 0.70718
7124.00 0.73297
7126.00 0.76032
7128.00 0.76558
7130.00 0.7469
7132.00 0.72939
7134.00 0.71025
7136.00 0.69701
7138.00 0.70777
7140.00 0.73705
7142.00 0.76882
7144.00 0.82678
7146.00 0.85162
7148.00 0.84534
7150.00 0.8294
7152.00 0.8089
7154.00 0.78325
7156.00 0.77304
7158.00 0.77564
7160.00 0.77226
7162.00 0.76636
7164.00 0.76424
7166.00 0.76591
7168.00 0.77115
7170.00 0.78141
7172.00 0.7968
7174.00 0.80811
7176.00 0.82072
7178.00 0.82693
7180.00 0.82918
7182.00 0.82538
7184.00 0.81245
7186.00 0.79424
7188.00 0.78127
7190.00 0.77147
7192.00 0.75644
7194.00 0.73905
7196.00 0.71833
7198.00 0.69125
7200.00 0.66478
7202.00 0.64459
7204.00 0.6279
7206.00 0.6198
7208.00 0.61291
7210.00 0.6261
7212.00 0.65919
7214.00 0.69988
7216.00 0.75346
7218.00 0.80833
7220.00 0.83102
7222.00 0.82659
7224.00 0.83772
7226.00 0.84488
7228.00 0.86742
7230.00 0.92046
7232.00 0.96272
7234.00 0.96049
7236.00 0.93152
7238.00 0.91533
7240.00 0.89394
7242.00 0.88189
7244.00 0.88069
7246.00 0.87454
7248.00 0.85873
7250.00 0.84006
7252.00 0.82668
7254.00 0.81725
7256.00 0.79832
7258.00 0.76883
7260.00 0.7457
7262.00 0.73235
7264.00 0.71362
7266.00 0.67184
7268.00 0.62164
7270.00 0.6231
7272.00 0.68337
7274.00 0.69757
7276.00 0.68544
7278.00 0.67962
7280.00 0.68077
7282.00 0.68831
7284.00 0.70947
7286.00 0.74397
7288.00 0.76438
7290.00 0.7853
7292.00 0.78834
7294.00 0.76747
7296.00 0.7477
7298.00 0.73648
7300.00 0.73108
7302.00 0.74426
7304.00 0.77725
7306.00 0.80538
7308.00 0.84109
7310.00 0.86947
7312.00 0.88913
7314.00 0.9045
7316.00 0.91735
7318.00 0.9263
7320.00 0.94207
7322.00 0.96974
7324.00 0.98077
7326.00 0.9789
7328.00 0.97186
7330.00 0.96252
7332.00 0.9481
7334.00 0.92303
7336.00 0.87773
7338.00 0.8694
7340.00 0.90819
7342.00 0.90927
7344.00 0.85509
7346.00 0.80453
7348.00 0.80519
7350.00 0.83434
7352.00 0.84227
7354.00 0.84112
7356.00 0.84728
7358.00 0.872
7360.00 0.87188
7362.00 0.81792
7364.00 0.75449
7366.00 0.75763
7368.00 0.80958
7370.00 0.83559
7372.00 0.87267
7374.00 0.87855
7376.00 0.83828
7378.00 0.80246
7380.00 0.80976
7382.00 0.83681
7384.00 0.8242
7386.00 0.7682
7388.00 0.7545
7390.00 0.77625
7392.00 0.78124
7394.00 0.75911
7396.00 0.72631
7398.00 0.69318
7400.00 0.65043
7402.00 0.6383
7404.00 0.65948
7406.00 0.66395
7408.00 0.65006
7410.00 0.64466
7412.00 0.66618
7414.00 0.69964
7416.00 0.70697
7418.00 0.69224
7420.00 0.69345
7422.00 0.70689
7424.00 0.71007
7426.00 0.69666
7428.00 0.68094
7430.00 0.67789
7432.00 0.68224
7434.00 0.67755
7436.00 0.66823
7438.00 0.65756
7440.00 0.63708
7442.00 0.62737
7444.00 0.64081
7446.00 0.66503
7448.00 0.67604
7450.00 0.67967
7452.00 0.69012
7454.00 0.69711
7456.00 0.71866
7458.00 0.76671
7460.00 0.8114
7462.00 0.82357
7464.00 0.81586
7466.00 0.82027
7468.00 0.81895
7470.00 0.83542
7472.00 0.87938
7474.00 0.90821
7476.00 0.90771
7478.00 0.89276
7480.00 0.87789
7482.00 0.85432
7484.00 0.83896
7486.00 0.82798
7488.00 0.81697
7490.00 0.80792
7492.00 0.7973
7494.00 0.78083
7496.00 0.76094
7498.00 0.74864
7500.00 0.74753
7502.00 0.73238
7504.00 0.69608
7506.00 0.67875
7508.00 0.69014
7510.00 0.71692
7512.00 0.74997
7514.00 0.79921
7516.00 0.82168
7518.00 0.82456
7520.00 0.82837
7522.00 0.83556
7524.00 0.83192
7526.00 0.80612
7528.00 0.76656
7530.00 0.73851
7532.00 0.70079
7534.00 0.69817
7536.00 0.73118
7538.00 0.75984
7540.00 0.78688
7542.00 0.80592
7544.00 0.79769
7546.00 0.76554
7548.00 0.75757
7550.00 0.77009
7552.00 0.76438
7554.00 0.74061
7556.00 0.71819
7558.00 0.70484
7560.00 0.69543
7562.00 0.687
7564.00 0.67704
7566.00 0.68061
7568.00 0.70052
7570.00 0.71483
7572.00 0.72576
7574.00 0.73061
7576.00 0.72052
7578.00 0.6976
7580.00 0.69775
7582.00 0.71691
7584.00 0.72892
7586.00 0.74818
7588.00 0.7523
7590.00 0.72022
7592.00 0.67969
7594.00 0.69579
7596.00 0.77236
7598.00 0.76812
7600.00 0.6836
7602.00 0.65034
7604.00 0.67643
7606.00 0.71447
7608.00 0.73715
7610.00 0.7576
7612.00 0.76469
7614.00 0.76513
7616.00 0.74912
7618.00 0.71607
7620.00 0.67492
7622.00 0.61487
7624.00 0.55696
7626.00 0.54867
7628.00 0.58229
7630.00 0.59001
7632.00 0.5994
7634.00 0.59097
7636.00 0.55592
7638.00 0.52235
7640.00 0.50827
7642.00 0.50373
7644.00 0.49864
7646.00 0.48505
7648.00 0.50314
7650.00 0.55342
7652.00 0.60065
7654.00 0.64187
7656.00 0.68036
7658.00 0.7149
7660.00 0.74853
7662.00 0.76067
7664.00 0.75044
7666.00 0.74183
7668.00 0.72339
7670.00 0.71342
7672.00 0.72948
7674.00 0.75599
7676.00 0.74664
7678.00 0.70927
7680.00 0.67912
7682.00 0.64022
7684.00 0.60867
7686.00 0.58475
7688.00 0.5672
7690.00 0.55788
7692.00 0.55686
7694.00 0.55248
7696.00 0.53384
7698.00 0.54915
7700.00 0.60571
7702.00 0.65653
7704.00 0.68043
7706.00 0.69602
7708.00 0.72992
7710.00 0.78169
7712.00 0.80808
7714.00 0.80918
7716.00 0.82458
7718.00 0.86171
7720.00 0.89739
7722.00 0.91626
7724.00 0.92591
7726.00 0.90895
7728.00 0.84573
7730.00 0.82152
7732.00 0.82083
7734.00 0.82751
7736.00 0.84627
7738.00 0.86586
7740.00 0.85276
7742.00 0.81079
7744.00 0.79027
7746.00 0.78056
7748.00 0.76607
7750.00 0.75576
7752.00 0.73252
7754.00 0.6786
7756.00 0.6039
7758.00 0.54403
7760.00 0.46841
7762.00 0.43906
7764.00 0.44613
7766.00 0.46789
7768.00 0.51434
7770.00 0.56383
7772.00 0.56914
7774.00 0.53823
7776.00 0.54961
7778.00 0.58101
7780.00 0.62384
7782.00 0.69561
7784.00 0.75591
7786.00 0.78111
7788.00 0.7851
7790.00 0.7785
7792.00 0.75785
7794.00 0.72188
7796.00 0.64428
7798.00 0.60274
7800.00 0.61708
7802.00 0.64762
7804.00 0.65556
7806.00 0.65692
7808.00 0.65702
7810.00 0.6517
7812.00 0.64883
7814.00 0.64915
7816.00 0.64665
7818.00 0.63513
7820.00 0.62133
7822.00 0.62462
7824.00 0.63993
7826.00 0.65848
7828.00 0.69477
7830.00 0.71342
7832.00 0.71192
7834.00 0.69939
7836.00 0.67708
7838.00 0.64237
7840.00 0.63548
7842.00 0.6571
7844.00 0.66052
7846.00 0.65173
7848.00 0.64413
7850.00 0.64054
7852.00 0.63954
7854.00 0.64614
7856.00 0.66975
7858.00 0.65425
7860.00 0.58978
7862.00 0.55951
7864.00 0.57688
7866.00 0.59206
7868.00 0.56172
7870.00 0.50689
7872.00 0.50264
7874.00 0.53647
7876.00 0.56377
7878.00 0.60965
7880.00 0.63735
7882.00 0.62674
7884.00 0.60787
7886.00 0.63041
7888.00 0.68735
7890.00 0.70047
7892.00 0.68114
7894.00 0.67094
7896.00 0.65961
7898.00 0.65809
7900.00 0.68418
7902.00 0.72493
7904.00 0.71896
7906.00 0.65777
7908.00 0.64704
7910.00 0.67378
7912.00 0.68639
7914.00 0.67487
7916.00 0.65551
7918.00 0.63912
7920.00 0.61743
7922.00 0.62161
7924.00 0.66085
7926.00 0.6735
7928.00 0.66532
7930.00 0.64999
7932.00 0.62491
7934.00 0.59653
7936.00 0.60676
7938.00 0.66183
7940.00 0.67713
7942.00 0.6685
7944.00 0.66383
7946.00 0.66467
7948.00 0.66645
7950.00 0.66839
7952.00 0.67138
7954.00 0.66816
7956.00 0.65862
7958.00 0.65099
7960.00 0.63587
7962.00 0.63345
7964.00 0.66005
7966.00 0.69704
7968.00 0.70155
7970.00 0.6849
7972.00 0.66894
7974.00 0.63582
7976.00 0.61939
7978.00 0.62874
7980.00 0.63768
7982.00 0.6219
7984.00 0.59193
7986.00 0.5811
7988.00 0.5773
7990.00 0.58331
7992.00 0.60396
7994.00 0.6241
7996.00 0.64422
7998.00 0.66024
8000.00 0.65457
8002.00 0.62496
8004.00 0.62149
8006.00 0.6332
8008.00 0.64573
8010.00 0.66889
8012.00 0.68323
8014.00 0.67035
8016.00 0.64042
8018.00 0.62312
8020.00 0.59867
8022.00 0.59929
8024.00 0.62281
8026.00 0.64949
8028.00 0.68544
8030.00 0.71666
8032.00 0.71219
8034.00 0.67915
8036.00 0.65619
8038.00 0.62201
8040.00 0.60514
8042.00 0.61081
8044.00 0.6144
8046.00 0.59678
8048.00 0.57218
8050.00 0.58223
8052.00 0.63428
8054.00 0.64564
8056.00 0.62467
8058.00 0.61829
8060.00 0.63746
8062.00 0.66001
8064.00 0.66307
8066.00 0.65387
8068.00 0.65861
8070.00 0.67595
8072.00 0.68257
8074.00 0.68368
8076.00 0.67782
8078.00 0.65943
8080.00 0.63543
8082.00 0.62781
8084.00 0.62286
8086.00 0.64417
8088.00 0.71706
8090.00 0.74451
8092.00 0.70332
8094.00 0.65506
8096.00 0.65573
8098.00 0.68218
8100.00 0.6907
8102.00 0.70342
8104.00 0.69547
8106.00 0.65743
8108.00 0.6306
8110.00 0.63168
8112.00 0.64395
8114.00 0.64575
8116.00 0.64369
8118.00 0.64616
8120.00 0.65172
8122.00 0.65685
8124.00 0.66342
8126.00 0.66787
8128.00 0.6645
8130.00 0.65614
8132.00 0.66372
8134.00 0.7075
8136.00 0.69476
8138.00 0.62536
8140.00 0.56922
8142.00 0.54213
8144.00 0.527
8146.00 0.5158
8148.00 0.51725
8150.00 0.49723
8152.00 0.44893
8154.00 0.42743
8156.00 0.44049
8158.00 0.44999
8160.00 0.43392
8162.00 0.40429
8164.00 0.36849
8166.00 0.31258
8168.00 0.27641
8170.00 0.27748
8172.00 0.2319
8174.00 0.10099
8176.00 -0.043689
8178.00 -0.11636
8180.00 -0.15443
8182.00 -0.14409
8184.00 -0.062792
8186.00 0.0028622
8188.00 0.066613
8190.00 0.13353
8192.00 0.21837
8194.00 0.30313
8196.00 0.30638
8198.00 0.17869
8200.00 0.23325
8202.00 0.46137
8204.00 0.61199
8206.00 0.66057
8208.00 0.672
8210.00 0.68772
8212.00 0.69054
8214.00 0.6665
8216.00 0.58838
8218.00 0.5605
8220.00 0.55605
8222.00 0.58566
8224.00 0.68309
8226.00 0.80148
8228.00 0.80645
8230.00 0.71814
8232.00 0.67608
8234.00 0.64
8236.00 0.60285
8238.00 0.56067
8240.00 0.52367
8242.00 0.49856
8244.00 0.48188
8246.00 0.48823
8248.00 0.53235
8250.00 0.54841
8252.00 0.55185
8254.00 0.54599
8256.00 0.51992
8258.00 0.49293
8260.00 0.51169
8262.00 0.57207
8264.00 0.59602
8266.00 0.58917
8268.00 0.60961
8270.00 0.67075
8272.00 0.72368
8274.00 0.73583
8276.00 0.72408
8278.00 0.70283
8280.00 0.65975
8282.00 0.61983
8284.00 0.57489
8286.00 0.52795
8288.00 0.47041
8290.00 0.41905
8292.00 0.40387
8294.00 0.41585
8296.00 0.43218
8298.00 0.47316
8300.00 0.49748
8302.00 0.50008
8304.00 0.5105
8306.00 0.55298
8308.00 0.60875
8310.00 0.61937
8312.00 0.5884
8314.00 0.58072
8316.00 0.57531
8318.00 0.57744
8320.00 0.59491
8322.00 0.61157
8324.00 0.60476
8326.00 0.58086
8328.00 0.57455
8330.00 0.56565
8332.00 0.58294
8334.00 0.64038
8336.00 0.6864
8338.00 0.69837
8340.00 0.69258
8342.00 0.68249
8344.00 0.65616
8346.00 0.64318
8348.00 0.63483
8350.00 0.63047
8352.00 0.63158
8354.00 0.63495
8356.00 0.64092
8358.00 0.65091
8360.00 0.63133
8362.00 0.56873
8364.00 0.54492
8366.00 0.55167
8368.00 0.55878
8370.00 0.55974
8372.00 0.55807
8374.00 0.54587
8376.00 0.51513
8378.00 0.52126
8380.00 0.56388
8382.00 0.59169
8384.00 0.60481
8386.00 0.61476
8388.00 0.62763
8390.00 0.64045
8392.00 0.64927
8394.00 0.65584
8396.00 0.65884
8398.00 0.65122
8400.00 0.65369
8402.00 0.68635
8404.00 0.71597
8406.00 0.68169
8408.00 0.59363
8410.00 0.54027
8412.00 0.49603
8414.00 0.45359
8416.00 0.42041
8418.00 0.38074
8420.00 0.31867
8422.00 0.24511
8424.00 0.19967
8426.00 0.17158
8428.00 0.14944
8430.00 0.13283
8432.00 0.1326
8434.00 0.16527
8436.00 0.19852
8438.00 0.18222
8440.00 0.12832
8442.00 0.11308
8444.00 0.10985
8446.00 0.12523
8448.00 0.17984
8450.00 0.2177
8452.00 0.20845
8454.00 0.17327
8456.00 0.13864
8458.00 0.082723
8460.00 0.054052
8462.00 0.033081
8464.00 0.034652
8466.00 0.071107
8468.00 0.11514
8470.00 0.13839
8472.00 0.15359
8474.00 0.15739
8476.00 0.13986
8478.00 0.13717
8480.00 0.15264
8482.00 0.15625
8484.00 0.12683
8486.00 0.088361
8488.00 0.092839
8490.00 0.12398
8492.00 0.1665
8494.00 0.24161
8496.00 0.29913
8498.00 0.34952
8500.00 0.37751
8502.00 0.3558
8504.00 0.29549
8506.00 0.28036
8508.00 0.28156
8510.00 0.30059
8512.00 0.35395
8514.00 0.39519
8516.00 0.40212
8518.00 0.40346
8520.00 0.44551
8522.00 0.5215
8524.00 0.56825
8526.00 0.60177
8528.00 0.63355
8530.00 0.65504
8532.00 0.68343
8534.00 0.73637
8536.00 0.80362
8538.00 0.84737
8540.00 0.85447
8542.00 0.91482
8544.00 1.0312
8546.00 1.1228
8548.00 1.1774
8550.00 1.2091
8552.00 1.217
8554.00 1.1941
8556.00 1.1931
8558.00 1.2166
8560.00 1.2034
8562.00 1.1501
8564.00 1.0904
8566.00 1.0429
8568.00 0.99573
8570.00 0.93308
8572.00 0.8471
8574.00 0.78847
8576.00 0.75268
8578.00 0.70904
8580.00 0.6534
8582.00 0.5943
8584.00 0.53733
8586.00 0.47981
8588.00 0.42458
8590.00 0.36931
8592.00 0.31854
8594.00 0.26398
8596.00 0.22495
8598.00 0.20836
8600.00 0.21036
8602.00 0.23656
8604.00 0.30953
8606.00 0.32381
8608.00 0.30015
8610.00 0.27196
8612.00 0.2204
8614.00 0.18347
8616.00 0.21282
8618.00 0.28959
8620.00 0.31252
8622.00 0.29334
8624.00 0.30553
8626.00 0.34648
8628.00 0.37585
8630.00 0.37197
8632.00 0.3606
8634.00 0.38797
8636.00 0.44401
8638.00 0.48984
8640.00 0.55857
8642.00 0.58546
8644.00 0.55302
8646.00 0.51746
8648.00 0.52082
8650.00 0.54249
8652.00 0.55875
8654.00 0.57419
8656.00 0.60084
8658.00 0.6327
8660.00 0.67748
8662.00 0.74914
8664.00 0.82341
8666.00 0.856
8668.00 0.86046
8670.00 0.86297
8672.00 0.82985
8674.00 0.84096
8676.00 0.90434
8678.00 0.97189
8680.00 1.0173
8682.00 1.0548
8684.00 1.0898
8686.00 1.1139
8688.00 1.1504
8690.00 1.2077
8692.00 1.2418
8694.00 1.2394
8696.00 1.2243
8698.00 1.223
8700.00 1.2261
8702.00 1.2182
8704.00 1.2039
8706.00 1.1841
8708.00 1.1556
8710.00 1.1261
8712.00 1.0989
8714.00 1.0722
8716.00 1.0486
8718.00 1.0274
8720.00 1.0071
8722.00 0.99187
8724.00 0.97111
8726.00 0.93927
8728.00 0.90902
8730.00 0.89581
8732.00 0.8948
8734.00 0.87757
8736.00 0.84216
8738.00 0.82585
8740.00 0.82775
8742.00 0.82821
8744.00 0.82317
8746.00 0.81368
8748.00 0.78785
8750.00 0.72955
8752.00 0.73436
8754.00 0.81613
8756.00 0.84413
8758.00 0.80387
8760.00 0.7516
8762.00 0.72705
8764.00 0.7118
8766.00 0.69296
8768.00 0.67297
8770.00 0.65828
8772.00 0.66158
8774.00 0.64332
8776.00 0.58379
8778.00 0.50911
8780.00 0.46035
8782.00 0.42478
8784.00 0.38355
8786.00 0.32915
8788.00 0.30322
8790.00 0.30614
8792.00 0.32462
8794.00 0.35675
8796.00 0.40221
8798.00 0.42693
8800.00 0.43263
8802.00 0.454
8804.00 0.4921
8806.00 0.51564
8808.00 0.51234
8810.00 0.50242
8812.00 0.51166
8814.00 0.53116
8816.00 0.549
8818.00 0.56661
8820.00 0.59158
8822.00 0.62659
8824.00 0.66176
8826.00 0.69483
8828.00 0.72559
8830.00 0.73904
8832.00 0.74083
8834.00 0.72997
8836.00 0.69793
8838.00 0.67049
8840.00 0.64368
8842.00 0.62576
8844.00 0.63536
8846.00 0.66889
8848.00 0.67848
8850.00 0.68643
8852.00 0.67114
8854.00 0.61672
8856.00 0.57634
8858.00 0.57548
8860.00 0.59393
8862.00 0.60635
8864.00 0.6305
8866.00 0.63046
8868.00 0.60131
8870.00 0.59037
8872.00 0.60641
8874.00 0.62432
8876.00 0.62287
8878.00 0.61111
8880.00 0.6029
8882.00 0.60316
8884.00 0.58016
8886.00 0.53285
8888.00 0.48467
8890.00 0.43897
8892.00 0.3958
8894.00 0.36655
8896.00 0.34673
8898.00 0.33689
8900.00 0.34694
8902.00 0.34591
8904.00 0.33518
8906.00 0.31893
8908.00 0.2936
8910.00 0.26131
8912.00 0.25844
8914.00 0.27013
8916.00 0.30432
8918.00 0.37782
8920.00 0.43748
8922.00 0.46741
8924.00 0.4884
8926.00 0.52399
8928.00 0.56938
8930.00 0.59508
8932.00 0.60897
8934.00 0.61559
8936.00 0.60738
8938.00 0.60132
8940.00 0.60886
8942.00 0.62336
8944.00 0.63657
8946.00 0.66518
8948.00 0.66021
8950.00 0.62667
8952.00 0.59157
8954.00 0.55527
8956.00 0.51843
8958.00 0.48669
8960.00 0.45682
8962.00 0.43643
8964.00 0.42175
8966.00 0.41697
8968.00 0.42482
8970.00 0.43632
8972.00 0.44653
8974.00 0.4591
8976.00 0.47976
8978.00 0.5088
8980.00 0.53662
8982.00 0.57689
8984.00 0.59764
8986.00 0.58151
8988.00 0.56797
8990.00 0.6037
8992.00 0.67313
8994.00 0.70145
8996.00 0.71422
8998.00 0.70885
9000.00 0.66842
9002.00 0.63961
9004.00 0.64208
9006.00 0.65855
9008.00 0.66819
9010.00 0.67522
9012.00 0.69666
9014.00 0.75218
9016.00 0.76617
9018.00 0.7287
9020.00 0.67617
9022.00 0.62999
9024.00 0.57956
9026.00 0.55718
9028.00 0.56865
9030.00 0.55776
9032.00 0.53303
9034.00 0.51072
9036.00 0.49794
9038.00 0.48541
9040.00 0.45825
9042.00 0.41788
9044.00 0.38938
9046.00 0.3668
9048.00 0.34426
9050.00 0.31073
9052.00 0.2946
9054.00 0.32315
9056.00 0.38017
9058.00 0.40616
9060.00 0.42934
9062.00 0.42421
9064.00 0.38657
9066.00 0.3492
9068.00 0.3076
9070.00 0.2739
9072.00 0.28071
9074.00 0.32486
9076.00 0.33119
9078.00 0.31292
9080.00 0.3044
9082.00 0.2967
9084.00 0.29789
9086.00 0.31672
9088.00 0.34619
9090.00 0.36573
9092.00 0.39466
9094.00 0.38788
9096.00 0.33684
9098.00 0.30567
9100.00 0.28999
9102.00 0.29859
9104.00 0.36166
9106.00 0.47585
9108.00 0.53494
9110.00 0.56994
9112.00 0.59307
9114.00 0.59339
9116.00 0.59303
9118.00 0.60499
9120.00 0.61759
9122.00 0.60786
9124.00 0.56964
9126.00 0.56642
9128.00 0.59669
9130.00 0.60723
9132.00 0.58541
9134.00 0.56593
9136.00 0.58108
9138.00 0.61767
9140.00 0.63896
9142.00 0.6708
9144.00 0.6683
9146.00 0.62482
9148.00 0.58772
9150.00 0.57237
9152.00 0.56468
9154.00 0.5525
9156.00 0.53853
9158.00 0.53286
9160.00 0.54079
9162.00 0.53641
9164.00 0.51456
9166.00 0.49369
9168.00 0.48877
9170.00 0.49224
9172.00 0.48385
9174.00 0.46563
9176.00 0.45429
9178.00 0.44521
9180.00 0.43859
9182.00 0.44381
9184.00 0.44365
9186.00 0.40187
9188.00 0.32011
9190.00 0.28118
9192.00 0.26215
9194.00 0.25276
9196.00 0.26273
9198.00 0.27178
9200.00 0.269
9202.00 0.25967
9204.00 0.23617
9206.00 0.18892
9208.00 0.16179
9210.00 0.13495
9212.00 0.12842
9214.00 0.14781
9216.00 0.18282
9218.00 0.22526
9220.00 0.28204
9222.00 0.32244
9224.00 0.36855
9226.00 0.38127
9228.00 0.34026
9230.00 0.31669
9232.00 0.34782
9234.00 0.40686
9236.00 0.45962
9238.00 0.53793
9240.00 0.56375
9242.00 0.54618
9244.00 0.52764
9246.00 0.4996
9248.00 0.4777
9250.00 0.48763
9252.00 0.5203
9254.00 0.54115
9256.00 0.56875
9258.00 0.57971
9260.00 0.56485
9262.00 0.56267
9264.00 0.59275
9266.00 0.63529
9268.00 0.65847
9270.00 0.68063
9272.00 0.67219
9274.00 0.61644
9276.00 0.59172
9278.00 0.60023
9280.00 0.62239
9282.00 0.65063
9284.00 0.68887
9286.00 0.71229
9288.00 0.73711
9290.00 0.73724
9292.00 0.6993
9294.00 0.67884
9296.00 0.70462
9298.00 0.73725
9300.00 0.71014
9302.00 0.63098
9304.00 0.60519
9306.00 0.60391
9308.00 0.61428
9310.00 0.65829
9312.00 0.68673
9314.00 0.64596
9316.00 0.56915
9318.00 0.59659
9320.00 0.76016
9322.00 0.78304
9324.00 0.70234
9326.00 0.64019
9328.00 0.62109
9330.00 0.60999
9332.00 0.57937
9334.00 0.53817
9336.00 0.50394
9338.00 0.45619
9340.00 0.4423
9342.00 0.47083
9344.00 0.50001
9346.00 0.49921
9348.00 0.49188
9350.00 0.54222
9352.00 0.68844
9354.00 0.69779
9356.00 0.57818
9358.00 0.50885
9360.00 0.51456
9362.00 0.5417
9364.00 0.55953
9366.00 0.58911
9368.00 0.54287
9370.00 0.34848
9372.00 0.33458
9374.00 0.53249
9376.00 0.68177
9378.00 0.67239
9380.00 0.58755
9382.00 0.50419
9384.00 0.35656
9386.00 0.30606
9388.00 0.33735
9390.00 0.34953
9392.00 0.34595
9394.00 0.33196
9396.00 0.28962
9398.00 0.22232
9400.00 0.25086
9402.00 0.38123
9404.00 0.4588
9406.00 0.53098
9408.00 0.57052
9410.00 0.55743
9412.00 0.51744
9414.00 0.49645
9416.00 0.46999
9418.00 0.47298
9420.00 0.4917
9422.00 0.53509
9424.00 0.63646
9426.00 0.71497
9428.00 0.69277
9430.00 0.60989
9432.00 0.60148
9434.00 0.65722
9436.00 0.65416
9438.00 0.61924
9440.00 0.57152
9442.00 0.49249
9444.00 0.41911
9446.00 0.43055
9448.00 0.51279
9450.00 0.55066
9452.00 0.55916
9454.00 0.60583
9456.00 0.72501
9458.00 0.80694
9460.00 0.76555
9462.00 0.65816
9464.00 0.64199
9466.00 0.66908
9468.00 0.7114
9470.00 0.80388
9472.00 0.86943
9474.00 0.90555
9476.00 0.91378
9478.00 0.87977
9480.00 0.80712
9482.00 0.71772
9484.00 0.53919
9486.00 0.4818
9488.00 0.56069
9490.00 0.63467
9492.00 0.639
9494.00 0.61745
9496.00 0.60847
9498.00 0.58954
9500.00 0.59488
9502.00 0.63936
9504.00 0.6484
9506.00 0.59866
9508.00 0.54602
9510.00 0.54381
9512.00 0.56968
9514.00 0.60319
9516.00 0.67837
9518.00 0.70559
9520.00 0.69865
9522.00 0.67465
9524.00 0.62908
9526.00 0.57286
9528.00 0.54508
9530.00 0.52877
9532.00 0.5342
9534.00 0.59462
9536.00 0.59931
9538.00 0.52609
9540.00 0.447
9542.00 0.41283
9544.00 0.39942
9546.00 0.41855
9548.00 0.47437
9550.00 0.53952
9552.00 0.66389
9554.00 0.72912
9556.00 0.6801
9558.00 0.59047
9560.00 0.56981
9562.00 0.58094
9564.00 0.58958
9566.00 0.62304
9568.00 0.62969
9570.00 0.61497
9572.00 0.58168
9574.00 0.51911
9576.00 0.43574
9578.00 0.40035
9580.00 0.41046
9582.00 0.39217
9584.00 0.36192
9586.00 0.33398
9588.00 0.30639
9590.00 0.28432
9592.00 0.28011
9594.00 0.29034
9596.00 0.30251
9598.00 0.32776
9600.00 0.34336
9602.00 0.34043
9604.00 0.3512
9606.00 0.40506
9608.00 0.47728
9610.00 0.48766
9612.00 0.42834
9614.00 0.43951
9616.00 0.50207
9618.00 0.54984
9620.00 0.59517
9622.00 0.61303
9624.00 0.55039
9626.00 0.41778
9628.00 0.35682
9630.00 0.30906
9632.00 0.31365
9634.00 0.38466
9636.00 0.46367
9638.00 0.54972
9640.00 0.6275
9642.00 0.59579
9644.00 0.43716
9646.00 0.39255
9648.00 0.41558
9650.00 0.42588
9652.00 0.41335
9654.00 0.41115
9656.00 0.45062
9658.00 0.52
9660.00 0.55098
9662.00 0.58492
9664.00 0.56066
9666.00 0.44603
9668.00 0.3691
9670.00 0.37713
9672.00 0.42158
9674.00 0.44795
9676.00 0.48405
9678.00 0.49477
9680.00 0.47239
9682.00 0.47419
9684.00 0.49543
9686.00 0.53291
9688.00 0.60466
9690.00 0.69978
9692.00 0.69197
9694.00 0.56708
9696.00 0.52094
9698.00 0.49944
9700.00 0.50308
9702.00 0.55096
9704.00 0.60791
9706.00 0.60759
9708.00 0.56668
9710.00 0.55048
9712.00 0.53875
9714.00 0.5301
9716.00 0.53125
9718.00 0.5261
9720.00 0.50121
9722.00 0.46572
9724.00 0.44565
9726.00 0.43212
9728.00 0.42383
9730.00 0.41514
9732.00 0.42346
9734.00 0.45806
9736.00 0.50089
9738.00 0.53218
9740.00 0.5628
9742.00 0.56957
9744.00 0.55781
9746.00 0.53456
9748.00 0.47592
9750.00 0.44017
9752.00 0.46949
9754.00 0.52668
9756.00 0.52224
9758.00 0.46353
9760.00 0.45427
9762.00 0.47199
9764.00 0.49089
9766.00 0.51173
9768.00 0.53478
9770.00 0.56033
9772.00 0.59019
9774.00 0.59329
9776.00 0.57651
9778.00 0.55115
9780.00 0.49489
9782.00 0.46064
9784.00 0.4792
9786.00 0.51701
9788.00 0.51066
9790.00 0.47112
9792.00 0.4606
9794.00 0.46617
9796.00 0.46911
9798.00 0.47519
9800.00 0.47475
9802.00 0.45274
9804.00 0.41582
9806.00 0.40985
9808.00 0.42674
9810.00 0.44122
9812.00 0.46503
9814.00 0.48388
9816.00 0.50855
9818.00 0.51721
9820.00 0.45147
9822.00 0.3065
9824.00 0.2438
9826.00 0.19693
9828.00 0.21525
9830.00 0.33947
9832.00 0.45538
9834.00 0.4801
9836.00 0.45956
9838.00 0.46945
9840.00 0.49768
9842.00 0.49485
9844.00 0.47112
9846.00 0.4385
9848.00 0.37992
9850.00 0.32972
9852.00 0.35522
9854.00 0.44938
9856.00 0.4544
9858.00 0.39105
9860.00 0.35433
9862.00 0.32752
9864.00 0.3118
9866.00 0.3156
9868.00 0.33091
9870.00 0.32613
9872.00 0.28833
9874.00 0.31068
9876.00 0.38323
9878.00 0.45388
9880.00 0.54424
9882.00 0.60977
9884.00 0.57395
9886.00 0.45555
9888.00 0.42216
9890.00 0.40091
9892.00 0.45011
9894.00 0.63584
9896.00 0.752
9898.00 0.70249
9900.00 0.56599
9902.00 0.43721
9904.00 0.23153
9906.00 0.1656
9908.00 0.1881
9910.00 0.25551
9912.00 0.41079
9914.00 0.56347
9916.00 0.62244
9918.00 0.62894
9920.00 0.59928
9922.00 0.46038
9924.00 0.43714
9926.00 0.51987
9928.00 0.58532
9930.00 0.60414
9932.00 0.59759
9934.00 0.55445
9936.00 0.45068
9938.00 0.43477
9940.00 0.49686
9942.00 0.52537
9944.00 0.54312
9946.00 0.52461
9948.00 0.41849
9950.00 0.25355
9952.00 0.22263
9954.00 0.31061
9956.00 0.34266
9958.00 0.36782
9960.00 0.38412
9962.00 0.40159
9964.00 0.40111
9966.00 0.33347
9968.00 0.18225
9970.00 0.18679
9972.00 0.37037
9974.00 0.42025
9976.00 0.31988
9978.00 0.22788
9980.00 0.24322
9982.00 0.30325
9984.00 0.28391
9986.00 0.19823
9988.00 0.15863
9990.00 0.13424
9992.00 0.11855
9994.00 0.1093
9996.00 0.11083
9998.00 0.1318
10000.00 0.17398
10002.00 0.1872
10004.00 0.16963
10006.00 0.17959
10008.00 0.21625
10010.00 0.25292
10012.00 0.27657
10014.00 0.29701
10016.00 0.32999
10018.00 0.38707
10020.00 0.3973
10022.00 0.38145
10024.00 0.34116
10026.00 0.23184
10028.00 0.15054
10030.00 0.21951
10032.00 0.39577
10034.00 0.48951
10036.00 0.59139
10038.00 0.61052
10040.00 0.51936
10042.00 0.44726
10044.00 0.42307
10046.00 0.43548
10048.00 0.5396
10050.00 0.78481
10052.00 0.83487
10054.00 0.77808
10056.00 0.65985
10058.00 0.42743
10060.00 0.19369
10062.00 0.044058
10064.00 -0.06285
10066.00 -0.035491
10068.00 0.15987
10070.00 0.30491
10072.00 0.49844
10074.00 0.6246
10076.00 0.62244
10078.00 0.57747
10080.00 0.63771
10082.00 0.80334
10084.00 0.73163
10086.00 0.36582
10088.00 0.21845
10090.00 0.31189
10092.00 0.42875
10094.00 0.44116
10096.00 0.41843
10098.00 0.43578
10100.00 0.49165
10102.00 0.50086
10104.00 0.45323
10106.00 0.44882
10108.00 0.53436
10110.00 0.62761
10112.00 0.61127
10114.00 0.50931
10116.00 0.51021
10118.00 0.64843
10120.00 0.62109
10122.00 0.3799
10124.00 0.17986
10126.00 0.13101
10128.00 0.17518
10130.00 0.35884
10132.00 0.82428
10134.00 0.95978
10136.00 0.89602
10138.00 0.78393
10140.00 0.59164
10142.00 0.38303
10144.00 0.24679
10146.00 0.13507
10148.00 0.15961
10150.00 0.39308
10152.00 0.4789
10154.00 0.44772
10156.00 0.41652
10158.00 0.41939
10160.00 0.43734
10162.00 0.49226
10164.00 0.6144
10166.00 0.63404
10168.00 0.59154
10170.00 0.52061
10172.00 0.39714
10174.00 0.27061
10176.00 0.18684
10178.00 0.12368
10180.00 0.11248
10182.00 0.1897
10184.00 0.19887
10186.00 0.14806
10188.00 0.12002
10190.00 0.12598
10192.00 0.1655
10194.00 0.27929
10196.00 0.47517
10198.00 0.62882
10200.00 0.8574
10202.00 0.91842
10204.00 0.75324
10206.00 0.56414
10208.00 0.4862
10210.00 0.4524
10212.00 0.44742
10214.00 0.50375
10216.00 0.52902
10218.00 0.5631
10220.00 0.56594
10222.00 0.53353
10224.00 0.46768
10226.00 0.34595
10228.00 0.14289
10230.00 0.088601
10232.00 0.13488
10234.00 0.20346
10236.00 0.36266
10238.00 0.47237
10240.00 0.42414
10242.00 0.28971
10244.00 0.23773
10246.00 0.24519
10248.00 0.17761
10250.00 -0.027467
10252.00 -0.074186
10254.00 0.1181
10256.00 0.39491
10258.00 0.6308
10260.00 0.91835
10262.00 0.88604
10264.00 0.52413
10266.00 0.25325
10268.00 -0.061799
10270.00 -0.07506
10272.00 -0.088321
10274.00 -0.10158
10276.00 -0.10158
10278.00 0.22055
10280.00 0.40796
10282.00 0.55798
10284.00 0.65263
10286.00 0.68587
10288.00 0.67236
10290.00 0.62226
10292.00 0.52917
10294.00 0.42462
10296.00 0.22088
10298.00 0.17251
10300.00 0.30053
10302.00 0.39208
10304.00 0.34651
10306.00 0.26739
10308.00 0.33415
10310.00 0.58131
10312.00 0.51438
10314.00 0.063813
10316.00 -0.094874
10318.00 0.13735
10320.00 0.39462
10322.00 0.38744
10324.00 0.25167
10326.00 0.29575
10328.00 0.52524
10330.00 0.56729
10332.00 0.45002
10334.00 0.3668
10336.00 0.3388
10338.00 0.36352
10340.00 0.52711
10342.00 0.87238
10344.00 0.946
10346.00 0.8161
10348.00 0.71426
10350.00 0.60641
10352.00 0.50078
10354.00 0.405
10356.00 0.31768
10358.00 0.28974
10360.00 0.3919
10362.00 0.31879
10364.00 0.029474
10366.00 -0.1041
10368.00 0.029132
10370.00 0.24365
10372.00 0.34179
10374.00 0.40936
10376.00 0.41374
10378.00 0.25943
10380.00 0.28489
10382.00 0.50849
10384.00 0.73407
10386.00 0.88405
10388.00 0.99707
10390.00 1.0247
10392.00 0.99979
10394.00 0.86308
10396.00 0.459
10398.00 0.29653
10400.00 0.50273
10402.00 0.79548
10404.00 0.92657
10406.00 1.0159
10408.00 0.91706
10410.00 0.47563
10412.00 0.35247
10414.00 0.56433
10416.00 0.69765
10418.00 0.56503
10420.00 0.32635
10422.00 0.19841
10424.00 0.071377
10426.00 0.073181
10428.00 0.21495
10430.00 0.34586
10432.00 0.48692
10434.00 0.61257
10436.00 0.70054
10438.00 0.76546
10440.00 0.67299
10442.00 0.34092
10444.00 0.19397
10446.00 0.15979
10448.00 0.14999
10450.00 0.13516
10452.00 0.14653
10454.00 0.22305
10456.00 0.36161
10458.00 0.49858
10460.00 0.7175
10462.00 0.8214
10464.00 0.81256
10466.00 0.7377
10468.00 0.60252
10470.00 0.40693
10472.00 0.27375
10474.00 0.21626
10476.00 0.044773
10478.00 0.014971
10480.00 -0.01483
10482.00 -0.044632
10484.00 -0.044632
10486.00 0.17138
10488.00 0.42916
10490.00 0.48292
10492.00 0.34435
10494.00 0.22312
10496.00 0.018046
10498.00 -0.099515
10500.00 0.039857
