      3701.30  6.53296e-19
      3702.77  1.96631e-18
      3704.24  4.48382e-18
      3705.70 -9.79743e-19
      3707.17  3.01951e-18
      3708.64  3.07193e-18
      3710.11  3.12434e-18
      3711.57  3.16368e-18
      3713.04  3.20302e-18
      3714.51  3.24235e-18
      3715.98  3.28168e-18
      3717.45  3.32101e-18
      3718.91  3.36034e-18
      3720.38  3.39966e-18
      3721.85  3.43898e-18
      3723.32  3.47829e-18
      3724.78  3.51759e-18
      3726.25  3.55690e-18
      3727.72  3.59620e-18
      3729.19  3.63550e-18
      3730.65  3.67479e-18
      3732.12  3.71409e-18
      3733.59  3.75338e-18
      3735.06  3.79266e-18
      3736.53  3.83194e-18
      3737.99  3.87121e-18
      3739.46  3.91049e-18
      3740.93  3.94976e-18
      3742.40  3.98902e-18
      3743.86  4.02828e-18
      3745.33  4.06755e-18
      3746.80  4.10680e-18
      3748.27  1.18198e-18
      3749.74  4.91573e-18
      3751.20  6.90015e-18
      3752.67  6.93798e-18
      3754.14  3.20967e-18
      3755.61  3.52917e-18
      3757.07  7.22080e-18
      3758.54  5.31463e-18
      3760.01  3.84938e-18
      3761.48  7.09814e-18
      3762.95  5.53340e-18
      3764.41  1.00766e-18
      3765.88  4.86596e-18
      3767.35  5.08654e-18
      3768.82  8.61340e-19
      3770.28 -2.03989e-19
      3771.75  3.35448e-18
      3773.22  4.17861e-18
      3774.69  6.69570e-18
      3776.15  6.46738e-18
      3777.62  7.12673e-18
      3779.09  6.70813e-18
      3780.56  5.26643e-18
      3782.03  3.50231e-18
      3783.49  5.44053e-18
      3784.96  7.47680e-18
      3786.43  5.44329e-18
      3787.90  6.74067e-18
      3789.36  6.08621e-18
      3790.83  7.04527e-18
      3792.30  6.09415e-18
      3793.77  2.84578e-18
      3795.24  5.78326e-18
      3796.70  4.09185e-18
      3798.17  2.61364e-18
      3799.64  6.93156e-18
      3801.11  7.70873e-18
      3802.57  5.75802e-18
      3804.04  3.63581e-18
      3805.51  5.18071e-18
      3806.98  6.67763e-18
      3808.45  6.73441e-18
      3809.91  5.33348e-18
      3811.38  4.68200e-18
      3812.85  5.44515e-18
      3814.32  5.02434e-18
      3815.78  9.52911e-18
      3817.25  9.35899e-18
      3818.72  2.16993e-18
      3820.19  1.32191e-18
      3821.65  6.44318e-18
      3823.12  5.21404e-18
      3824.59  4.29321e-18
      3826.06  5.08057e-18
      3827.53  3.50848e-18
      3828.99  5.60021e-18
      3830.46  5.53187e-18
      3831.93  4.11448e-18
      3833.40  5.17603e-18
      3834.86  4.93917e-18
      3836.33  5.47214e-18
      3837.80  6.27149e-18
      3839.27  6.73241e-18
      3840.74  4.17931e-18
      3842.20  3.82515e-18
      3843.67  7.70276e-18
      3845.14  8.66359e-18
      3846.61  1.00339e-17
      3848.07  9.92627e-18
      3849.54  4.82934e-18
      3851.01  7.19059e-18
      3852.48  8.10879e-18
      3853.95  6.10484e-18
      3855.41  6.87436e-18
      3856.88  7.74145e-18
      3858.35  7.25678e-18
      3859.82  5.85441e-18
      3861.28  7.56577e-18
      3862.75  6.19184e-18
      3864.22  8.06902e-18
      3865.69  8.48328e-18
      3867.15  9.35154e-18
      3868.62  1.13490e-17
      3870.09  1.04511e-17
      3871.56  6.91990e-18
      3873.03  7.51899e-18
      3874.49  1.00645e-17
      3875.96  9.28667e-18
      3877.43  7.50759e-18
      3878.90  5.30117e-18
      3880.36  3.33483e-18
      3881.83  5.72584e-18
      3883.30  1.13392e-17
      3884.77  9.13293e-18
      3886.24  6.06058e-18
      3887.70  9.18141e-18
      3889.17  1.15848e-17
      3890.64  8.50819e-18
      3892.11  6.59773e-18
      3893.57  6.31217e-18
      3895.04  6.58672e-18
      3896.51  7.33111e-18
      3897.98  7.09933e-18
      3899.45  8.98265e-18
      3900.91  9.53176e-18
      3902.38  7.35341e-18
      3903.85  9.57928e-18
      3905.32  1.02467e-17
      3906.78  8.32852e-18
      3908.25  1.06393e-17
      3909.72  1.19518e-17
      3911.19  9.30714e-18
      3912.65  8.73325e-18
      3914.12  1.09375e-17
      3915.59  7.23659e-18
      3917.06  6.59376e-18
      3918.53  1.09476e-17
      3919.99  9.90453e-18
      3921.46  7.95588e-18
      3922.93  1.07793e-17
      3924.40  1.03616e-17
      3925.86  6.81736e-18
      3927.33  7.41693e-18
      3928.80  8.84681e-18
      3930.27  6.84033e-18
      3931.74  6.61583e-18
      3933.20  6.24569e-18
      3934.67  6.28851e-18
      3936.14  7.47987e-18
      3937.61  9.79046e-18
      3939.07  9.88542e-18
      3940.54  1.14818e-17
      3942.01  1.06672e-17
      3943.48  1.03289e-17
      3944.95  1.23673e-17
      3946.41  1.02056e-17
      3947.88  7.89893e-18
      3949.35  9.97367e-18
      3950.82  1.17698e-17
      3952.28  1.14648e-17
      3953.75  8.97063e-18
      3955.22  8.34799e-18
      3956.69  9.49415e-18
      3958.15  9.12861e-18
      3959.62  9.14111e-18
      3961.09  9.08514e-18
      3962.56  8.64040e-18
      3964.03  1.01299e-17
      3965.49  9.31079e-18
      3966.96  8.35514e-18
      3968.43  8.80408e-18
      3969.90  6.11050e-18
      3971.36  5.24163e-18
      3972.83  9.26004e-18
      3974.30  1.14972e-17
      3975.77  1.19495e-17
      3977.24  1.18166e-17
      3978.70  1.23786e-17
      3980.17  1.10066e-17
      3981.64  8.36507e-18
      3983.11  7.93089e-18
      3984.57  8.42380e-18
      3986.04  9.18162e-18
      3987.51  9.98349e-18
      3988.98  9.19444e-18
      3990.45  1.02537e-17
      3991.91  1.40036e-17
      3993.38  1.23917e-17
      3994.85  9.87906e-18
      3996.32  1.00094e-17
      3997.78  8.84312e-18
      3999.25  1.12120e-17
      4000.72  1.23532e-17
      4002.19  9.78780e-18
      4003.65  9.07432e-18
      4005.12  1.16662e-17
      4006.59  1.25345e-17
      4008.06  1.23363e-17
      4009.53  1.50320e-17
      4010.99  1.49770e-17
      4012.46  1.17376e-17
      4013.93  1.11798e-17
      4015.40  1.23276e-17
      4016.86  1.21333e-17
      4018.33  1.25549e-17
      4019.80  1.04276e-17
      4021.27  9.90715e-18
      4022.74  1.05037e-17
      4024.20  1.08850e-17
      4025.67  1.20595e-17
      4027.14  1.04515e-17
      4028.61  1.01552e-17
      4030.07  1.13595e-17
      4031.54  1.19342e-17
      4033.01  1.27174e-17
      4034.48  1.29723e-17
      4035.94  1.17467e-17
      4037.41  1.05286e-17
      4038.88  1.12319e-17
      4040.35  1.37248e-17
      4041.82  1.30572e-17
      4043.28  1.18258e-17
      4044.75  1.16595e-17
      4046.22  1.16435e-17
      4047.69  1.04789e-17
      4049.15  1.15057e-17
      4050.62  1.08343e-17
      4052.09  9.92737e-18
      4053.56  1.04532e-17
      4055.03  1.24226e-17
      4056.49  1.29197e-17
      4057.96  1.14643e-17
      4059.43  1.14736e-17
      4060.90  1.25189e-17
      4062.36  1.32085e-17
      4063.83  1.11784e-17
      4065.30  9.19315e-18
      4066.77  1.07742e-17
      4068.24  1.11617e-17
      4069.70  1.07485e-17
      4071.17  1.10274e-17
      4072.64  1.07724e-17
      4074.11  9.13117e-18
      4075.57  7.73053e-18
      4077.04  8.79836e-18
      4078.51  1.04940e-17
      4079.98  1.08730e-17
      4081.44  9.31393e-18
      4082.91  9.35067e-18
      4084.38  1.23147e-17
      4085.85  1.41261e-17
      4087.32  1.33369e-17
      4088.78  1.18816e-17
      4090.25  1.08247e-17
      4091.72  1.02526e-17
      4093.19  8.71456e-18
      4094.65  7.99310e-18
      4096.12  1.09182e-17
      4097.59  1.18752e-17
      4099.06  9.45681e-18
      4100.53  7.38428e-18
      4101.99  7.79553e-18
      4103.46  7.24198e-18
      4104.93  9.48138e-18
      4106.40  9.99503e-18
      4107.86  7.36299e-18
      4109.33  7.82203e-18
      4110.80  7.01745e-18
      4112.27  8.63949e-18
      4113.73  9.87535e-18
      4115.20  1.00176e-17
      4116.67  9.64976e-18
      4118.14  8.19302e-18
      4119.61  8.32514e-18
      4121.07  8.53917e-18
      4122.54  8.33652e-18
      4124.01  7.48879e-18
      4125.48  8.05144e-18
      4126.94  7.34696e-18
      4128.41  9.97526e-18
      4129.88  1.17506e-17
      4131.35  1.02693e-17
      4132.82  9.00790e-18
      4134.28  9.66891e-18
      4135.75  7.94401e-18
      4137.22  7.57776e-18
      4138.69  9.15518e-18
      4140.15  9.36174e-18
      4141.62  7.64279e-18
      4143.09  8.80911e-18
      4144.56  8.80904e-18
      4146.03  7.63584e-18
      4147.49  9.04866e-18
      4148.96  9.72249e-18
      4150.43  9.22898e-18
      4151.90  8.20882e-18
      4153.36  7.64337e-18
      4154.83  7.86478e-18
      4156.30  9.00289e-18
      4157.77  9.89562e-18
      4159.24  9.25722e-18
      4160.70  8.99234e-18
      4162.17  8.89794e-18
      4163.64  8.92806e-18
      4165.11  9.22205e-18
      4166.57  8.19340e-18
      4168.04  8.56196e-18
      4169.51  1.06600e-17
      4170.98  9.87472e-18
      4172.44  8.69607e-18
      4173.91  8.91953e-18
      4175.38  8.80412e-18
      4176.85  7.45462e-18
      4178.32  8.19656e-18
      4179.78  9.42876e-18
      4181.25  9.99433e-18
      4182.72  1.00755e-17
      4184.19  9.65919e-18
      4185.65  8.96736e-18
      4187.12  7.77616e-18
      4188.59  7.99054e-18
      4190.06  9.53719e-18
      4191.53  1.00952e-17
      4192.99  8.78478e-18
      4194.46  8.83415e-18
      4195.93  8.65709e-18
      4197.40  6.98091e-18
      4198.86  7.39780e-18
      4200.33  7.32207e-18
      4201.80  7.89301e-18
      4203.27  8.81489e-18
      4204.73  7.09573e-18
      4206.20  7.09397e-18
      4207.67  1.04685e-17
      4209.14  9.87189e-18
      4210.61  9.19363e-18
      4212.07  1.02114e-17
      4213.54  1.00137e-17
      4215.01  9.62973e-18
      4216.48  8.10353e-18
      4217.94  7.38141e-18
      4219.41  8.33783e-18
      4220.88  9.15908e-18
      4222.35  1.06933e-17
      4223.82  8.83900e-18
      4225.28  7.57305e-18
      4226.75  8.21150e-18
      4228.22  8.64879e-18
      4229.69  7.29427e-18
      4231.15  7.42254e-18
      4232.62  8.91879e-18
      4234.09  9.69651e-18
      4235.56  9.42253e-18
      4237.02  1.00404e-17
      4238.49  8.66695e-18
      4239.96  7.44154e-18
      4241.43  8.31956e-18
      4242.90  7.93185e-18
      4244.36  9.48886e-18
      4245.83  1.09237e-17
      4247.30  1.01729e-17
      4248.77  8.59381e-18
      4250.23  8.07772e-18
      4251.70  8.64645e-18
      4253.17  8.88438e-18
      4254.64  9.46602e-18
      4256.11  9.29677e-18
      4257.57  6.69685e-18
      4259.04  7.75785e-18
      4260.51  9.06728e-18
      4261.98  9.46500e-18
      4263.44  7.17683e-18
      4264.91  8.80569e-18
      4266.38  9.35918e-18
      4267.85  8.02470e-18
      4269.32  8.50820e-18
      4270.78  9.30034e-18
      4272.25  9.49682e-18
      4273.72  9.91923e-18
      4275.19  8.67568e-18
      4276.65  8.78154e-18
      4278.12  1.01619e-17
      4279.59  1.12827e-17
      4281.06  1.01836e-17
      4282.53  9.18870e-18
      4283.99  9.37124e-18
      4285.46  9.43519e-18
      4286.93  8.36320e-18
      4288.40  8.54288e-18
      4289.86  9.12575e-18
      4291.33  9.37012e-18
      4292.80  9.13004e-18
      4294.27  9.48251e-18
      4295.73  8.61316e-18
      4297.20  9.03697e-18
      4298.67  9.24705e-18
      4300.14  7.83769e-18
      4301.61  8.38136e-18
      4303.07  8.46305e-18
      4304.54  7.49579e-18
      4306.01  7.63640e-18
      4307.48  7.37644e-18
      4308.94  8.14580e-18
      4310.41  9.64889e-18
      4311.88  8.94935e-18
      4313.35  8.67286e-18
      4314.82  9.91548e-18
      4316.28  1.16257e-17
      4317.75  1.06504e-17
      4319.22  1.10085e-17
      4320.69  1.15564e-17
      4322.15  8.73230e-18
      4323.62  8.16122e-18
      4325.09  9.13603e-18
      4326.56  8.20195e-18
      4328.02  8.49968e-18
      4329.49  8.79873e-18
      4330.96  8.02675e-18
      4332.43  9.14896e-18
      4333.90  8.45519e-18
      4335.36  6.86081e-18
      4336.83  8.13160e-18
      4338.30  8.52022e-18
      4339.77  7.92478e-18
      4341.23  7.28909e-18
      4342.70  6.47656e-18
      4344.17  7.91927e-18
      4345.64  7.94325e-18
      4347.11  7.96721e-18
      4348.57  7.99117e-18
      4350.04  8.01514e-18
      4351.51  8.03909e-18
      4352.98  8.06306e-18
      4354.44  8.08701e-18
      4355.91  8.11096e-18
      4357.38  8.13491e-18
      4358.85  8.15886e-18
      4360.31  8.18280e-18
      4361.78  8.20675e-18
      4363.25  8.23070e-18
      4364.72  8.25464e-18
      4366.19  8.27857e-18
      4367.65  8.30250e-18
      4369.12  8.32644e-18
      4370.59  8.35037e-18
      4372.06  8.37430e-18
      4373.52  8.39822e-18
      4374.99  8.42215e-18
      4376.46  8.44607e-18
      4377.93  8.46999e-18
      4379.40  8.49391e-18
      4380.86  8.51783e-18
      4382.33  8.54174e-18
      4383.80  9.69721e-18
      4385.27  9.46611e-18
      4386.73  8.64844e-18
      4388.20  8.77142e-18
      4389.67  8.81375e-18
      4391.14  9.31803e-18
      4392.61  9.97243e-18
      4394.07  9.06336e-18
      4395.54  8.69277e-18
      4397.01  8.88863e-18
      4398.48  8.72692e-18
      4399.94  8.12123e-18
      4401.41  8.79098e-18
      4402.88  8.84859e-18
      4404.35  8.65302e-18
      4405.82  9.35370e-18
      4407.28  9.58696e-18
      4408.75  6.71774e-18
      4410.22  8.97332e-18
      4411.69  9.22907e-18
      4413.15  1.04047e-17
      4414.62  9.45010e-18
      4416.09  7.82930e-18
      4417.56  8.50138e-18
      4419.02  9.19211e-18
      4420.49  1.02621e-17
      4421.96  9.96377e-18
      4423.43  8.85012e-18
      4424.90  8.55628e-18
      4426.36  1.05176e-17
      4427.83  9.05330e-18
      4429.30  9.38331e-18
      4430.77  9.36503e-18
      4432.23  1.02649e-17
      4433.70  9.71826e-18
      4435.17  8.75463e-18
      4436.64  8.72018e-18
      4438.11  8.88072e-18
      4439.57  7.91571e-18
      4441.04  6.79597e-18
      4442.51  7.83130e-18
      4443.98  7.13498e-18
      4445.44  8.61856e-18
      4446.91  9.61066e-18
      4448.38  1.00208e-17
      4449.85  1.03496e-17
      4451.31  1.13276e-17
      4452.78  9.50865e-18
      4454.25  1.00269e-17
      4455.72  1.12268e-17
      4457.19  9.74401e-18
      4458.65  9.14378e-18
      4460.12  9.14397e-18
      4461.59  1.04722e-17
      4463.06  1.22329e-17
      4464.52  1.05046e-17
      4465.99  1.07320e-17
      4467.46  1.18345e-17
      4468.93  1.16109e-17
      4470.40  1.16884e-17
      4471.86  1.25854e-17
      4473.33  1.08469e-17
      4474.80  1.19593e-17
      4476.27  1.25242e-17
      4477.73  1.19031e-17
      4479.20  1.18932e-17
      4480.67  1.16905e-17
      4482.14  1.18523e-17
      4483.61  1.17000e-17
      4485.07  1.19016e-17
      4486.54  1.33012e-17
      4488.01  1.35175e-17
      4489.48  1.24799e-17
      4490.94  1.25280e-17
      4492.41  1.20719e-17
      4493.88  1.28318e-17
      4495.35  1.20824e-17
      4496.82  1.16641e-17
      4498.28  1.30417e-17
      4499.75  1.30494e-17
      4501.22  1.29160e-17
      4502.69  1.20309e-17
      4504.15  1.29369e-17
      4505.62  1.59572e-17
      4507.09  1.43202e-17
      4508.56  1.29550e-17
      4510.02  1.37997e-17
      4511.49  1.49470e-17
      4512.96  1.42554e-17
      4514.43  1.30572e-17
      4515.90  1.33954e-17
      4517.36  1.50112e-17
      4518.83  1.59393e-17
      4520.30  1.51207e-17
      4521.77  1.33023e-17
      4523.23  1.35488e-17
      4524.70  1.38996e-17
      4526.17  1.36728e-17
      4527.64  1.39775e-17
      4529.11  1.37306e-17
      4530.57  1.38050e-17
      4532.04  1.29013e-17
      4533.51  1.31425e-17
      4534.98  1.47587e-17
      4536.44  1.54963e-17
      4537.91  1.57389e-17
      4539.38  1.51080e-17
      4540.85  1.46325e-17
      4542.31  1.52521e-17
      4543.78  1.53963e-17
      4545.25  1.39249e-17
      4546.72  1.36536e-17
      4548.19  1.53406e-17
      4549.65  1.52472e-17
      4551.12  1.53172e-17
      4552.59  1.61118e-17
      4554.06  1.56009e-17
      4555.52  1.48930e-17
      4556.99  1.56129e-17
      4558.46  1.59128e-17
      4559.93  1.53295e-17
      4561.40  1.55583e-17
      4562.86  1.59938e-17
      4564.33  1.53642e-17
      4565.80  1.55222e-17
      4567.27  1.53700e-17
      4568.73  1.53489e-17
      4570.20  1.57470e-17
      4571.67  1.68098e-17
      4573.14  1.58799e-17
      4574.61  1.58379e-17
      4576.07  1.61823e-17
      4577.54  1.56101e-17
      4579.01  1.57400e-17
      4580.48  1.53591e-17
      4581.94  1.45408e-17
      4583.41  1.50836e-17
      4584.88  1.53680e-17
      4586.35  1.51852e-17
      4587.81  1.62892e-17
      4589.28  1.55604e-17
      4590.75  1.62260e-17
      4592.22  1.60085e-17
      4593.69  1.47854e-17
      4595.15  1.54613e-17
      4596.62  1.53063e-17
      4598.09  1.41552e-17
      4599.56  1.50310e-17
      4601.02  1.59999e-17
      4602.49  1.56130e-17
      4603.96  1.55733e-17
      4605.43  1.54092e-17
      4606.90  1.53866e-17
      4608.36  1.67823e-17
      4609.83  1.72494e-17
      4611.30  1.67075e-17
      4612.77  1.57219e-17
      4614.23  1.63661e-17
      4615.70  1.56834e-17
      4617.17  1.59181e-17
      4618.64  1.51636e-17
      4620.11  1.51587e-17
      4621.57  1.57772e-17
      4623.04  1.56882e-17
      4624.51  1.61122e-17
      4625.98  1.53243e-17
      4627.44  1.51078e-17
      4628.91  1.60590e-17
      4630.38  1.63414e-17
      4631.85  1.50968e-17
      4633.31  1.55249e-17
      4634.78  1.59785e-17
      4636.25  1.42758e-17
      4637.72  1.40393e-17
      4639.19  1.53970e-17
      4640.65  1.45687e-17
      4642.12  1.50675e-17
      4643.59  1.54452e-17
      4645.06  1.51192e-17
      4646.52  1.35480e-17
      4647.99  1.37478e-17
      4649.46  1.36755e-17
      4650.93  1.35042e-17
      4652.40  1.43251e-17
      4653.86  1.47181e-17
      4655.33  1.46832e-17
      4656.80  1.36091e-17
      4658.27  1.44559e-17
      4659.73  1.48307e-17
      4661.20  1.48533e-17
      4662.67  1.40050e-17
      4664.14  1.27560e-17
      4665.61  1.20548e-17
      4667.07  1.29917e-17
      4668.54  1.42490e-17
      4670.01  1.28549e-17
      4671.48  1.33263e-17
      4672.94  1.33121e-17
      4674.41  1.39149e-17
      4675.88  1.42705e-17
      4677.35  1.46339e-17
      4678.81  1.39109e-17
      4680.28  1.34019e-17
      4681.75  1.36224e-17
      4683.22  1.34887e-17
      4684.69  1.43407e-17
      4686.15  1.37711e-17
      4687.62  1.33686e-17
      4689.09  1.36069e-17
      4690.56  1.28301e-17
      4692.02  1.42472e-17
      4693.49  1.35951e-17
      4694.96  1.19933e-17
      4696.43  1.31436e-17
      4697.90  1.36538e-17
      4699.36  1.29313e-17
      4700.83  1.28501e-17
      4702.30  1.32036e-17
      4703.77  1.28445e-17
      4705.23  1.18978e-17
      4706.70  1.19247e-17
      4708.17  1.41304e-17
      4709.64  1.40866e-17
      4711.10  1.23455e-17
      4712.57  1.21104e-17
      4714.04  1.18637e-17
      4715.51  1.20272e-17
      4716.98  1.20028e-17
      4718.44  1.27696e-17
      4719.91  1.35199e-17
      4721.38  1.41419e-17
      4722.85  1.44079e-17
      4724.31  1.35236e-17
      4725.78  1.29627e-17
      4727.25  1.22734e-17
      4728.72  1.14703e-17
      4730.19  1.16021e-17
      4731.65  1.29100e-17
      4733.12  1.19705e-17
      4734.59  1.28214e-17
      4736.06  1.35274e-17
      4737.52  1.29190e-17
      4738.99  1.23432e-17
      4740.46  1.13784e-17
      4741.93  1.12164e-17
      4743.40  1.24869e-17
      4744.86  1.26086e-17
      4746.33  1.20628e-17
      4747.80  1.12460e-17
      4749.27  1.19103e-17
      4750.73  1.25001e-17
      4752.20  1.21424e-17
      4753.67  1.16962e-17
      4755.14  1.16464e-17
      4756.61  1.19278e-17
      4758.07  1.24952e-17
      4759.54  1.22160e-17
      4761.01  1.14078e-17
      4762.48  1.06311e-17
      4763.94  1.03743e-17
      4765.41  1.03583e-17
      4766.88  1.03781e-17
      4768.35  1.05751e-17
      4769.81  1.07182e-17
      4771.28  1.05900e-17
      4772.75  1.07990e-17
      4774.22  1.05735e-17
      4775.69  9.18344e-18
      4777.15  9.36570e-18
      4778.62  9.87859e-18
      4780.09  9.57911e-18
      4781.56  1.09348e-17
      4783.02  1.09477e-17
      4784.49  1.07020e-17
      4785.96  1.03401e-17
      4787.43  1.09086e-17
      4788.90  1.15810e-17
      4790.36  1.08265e-17
      4791.83  1.11620e-17
      4793.30  1.20274e-17
      4794.77  1.15277e-17
      4796.23  1.12608e-17
      4797.70  1.11616e-17
      4799.17  1.12672e-17
      4800.64  1.18694e-17
      4802.10  1.14311e-17
      4803.57  1.09320e-17
      4805.04  1.16740e-17
      4806.51  1.16725e-17
      4807.98  1.06312e-17
      4809.44  1.04502e-17
      4810.91  1.16332e-17
      4812.38  1.15347e-17
      4813.85  1.18294e-17
      4815.31  1.24777e-17
      4816.78  1.11199e-17
      4818.25  1.06023e-17
      4819.72  1.22699e-17
      4821.19  1.31690e-17
      4822.65  1.28980e-17
      4824.12  1.17699e-17
      4825.59  1.07966e-17
      4827.06  1.15951e-17
      4828.52  1.23652e-17
      4829.99  1.16280e-17
      4831.46  1.11603e-17
      4832.93  1.12906e-17
      4834.40  1.14676e-17
      4835.86  1.12873e-17
      4837.33  1.12029e-17
      4838.80  1.09764e-17
      4840.27  1.05142e-17
      4841.73  1.12149e-17
      4843.20  1.15426e-17
      4844.67  1.15372e-17
      4846.14  1.15318e-17
      4847.60  1.15264e-17
      4849.07  1.15209e-17
      4850.54  1.15155e-17
      4852.01  1.15101e-17
      4853.48  1.15047e-17
      4854.94  1.14993e-17
      4856.41  1.14939e-17
      4857.88  1.14885e-17
      4859.35  1.14830e-17
      4860.81  1.14776e-17
      4862.28  1.14722e-17
      4863.75  1.14668e-17
      4865.22  1.14614e-17
      4866.69  1.14560e-17
      4868.15  1.14506e-17
      4869.62  1.14452e-17
      4871.09  1.14397e-17
      4872.56  1.14343e-17
      4874.02  1.14289e-17
      4875.49  1.14235e-17
      4876.96  1.14181e-17
      4878.43  1.14127e-17
      4879.90  1.14073e-17
      4881.36  1.10010e-17
      4882.83  1.09172e-17
      4884.30  1.13741e-17
      4885.77  1.16594e-17
      4887.23  1.10254e-17
      4888.70  1.19848e-17
      4890.17  1.31242e-17
      4891.64  1.26413e-17
      4893.10  1.21945e-17
      4894.57  1.22178e-17
      4896.04  1.30909e-17
      4897.51  1.35030e-17
      4898.98  1.29347e-17
      4900.44  1.25008e-17
      4901.91  1.26575e-17
      4903.38  1.29965e-17
      4904.85  1.30133e-17
      4906.31  1.30703e-17
      4907.78  1.28881e-17
      4909.25  1.17504e-17
      4910.72  1.25404e-17
      4912.19  1.35044e-17
      4913.65  1.24986e-17
      4915.12  1.23310e-17
      4916.59  1.30018e-17
      4918.06  1.23199e-17
      4919.52  1.22691e-17
      4920.99  1.30460e-17
      4922.46  1.32490e-17
      4923.93  1.30437e-17
      4925.40  1.30128e-17
      4926.86  1.33764e-17
      4928.33  1.31131e-17
      4929.80  1.24132e-17
      4931.27  1.25386e-17
      4932.73  1.30448e-17
      4934.20  1.29484e-17
      4935.67  1.22460e-17
      4937.14  1.16726e-17
      4938.60  1.17236e-17
      4940.07  1.18334e-17
      4941.54  1.18371e-17
      4943.01  1.18408e-17
      4944.48  1.18445e-17
      4945.94  1.18482e-17
      4947.41  1.18519e-17
      4948.88  1.18557e-17
      4950.35  1.18594e-17
      4951.81  1.18631e-17
      4953.28  1.18668e-17
      4954.75  1.18705e-17
      4956.22  1.18742e-17
      4957.69  1.18779e-17
      4959.15  1.18816e-17
      4960.62  1.18853e-17
      4962.09  1.18890e-17
      4963.56  1.18927e-17
      4965.02  1.18964e-17
      4966.49  1.19001e-17
      4967.96  1.19038e-17
      4969.43  1.19075e-17
      4970.90  1.19112e-17
      4972.36  1.19149e-17
      4973.83  1.19186e-17
      4975.30  1.19223e-17
      4976.77  1.19260e-17
      4978.23  1.19297e-17
      4979.70  1.16023e-17
      4981.17  1.10473e-17
      4982.64  1.08875e-17
      4984.10  1.07130e-17
      4985.57  1.11518e-17
      4987.04  1.16547e-17
      4988.51  1.13139e-17
      4989.98  1.12581e-17
      4991.44  1.12023e-17
      4992.91  1.11465e-17
      4994.38  1.10908e-17
      4995.85  1.10350e-17
      4997.31  1.09792e-17
      4998.78  1.09234e-17
      5000.25  1.08677e-17
      5001.72  1.08119e-17
      5003.19  1.07561e-17
      5004.65  1.07004e-17
      5006.12  1.06446e-17
      5007.59  1.05889e-17
      5009.06  1.05332e-17
      5010.52  1.04774e-17
      5011.99  1.04217e-17
      5013.46  1.03660e-17
      5014.93  1.03103e-17
      5016.40  1.02546e-17
      5017.86  1.01989e-17
      5019.33  1.01432e-17
      5020.80  1.00875e-17
      5022.27  1.00318e-17
      5023.73  9.97611e-18
      5025.20  9.92045e-18
      5026.67  9.52099e-18
      5028.14  9.84765e-18
      5029.60  9.87359e-18
      5031.07  9.44784e-18
      5032.54  9.34529e-18
      5034.01  9.80636e-18
      5035.48  1.05996e-17
      5036.94  9.99964e-18
      5038.41  9.54437e-18
      5039.88  9.78031e-18
      5041.35  1.00691e-17
      5042.81  1.00270e-17
      5044.28  9.57660e-18
      5045.75  9.57040e-18
      5047.22  1.04967e-17
      5048.69  1.03234e-17
      5050.15  9.97884e-18
      5051.62  1.00904e-17
      5053.09  1.00835e-17
      5054.56  1.02037e-17
      5056.02  1.00925e-17
      5057.49  9.59602e-18
      5058.96  9.76795e-18
      5060.43  1.06037e-17
      5061.90  1.09550e-17
      5063.36  1.05763e-17
      5064.83  1.04769e-17
      5066.30  1.07606e-17
      5067.77  1.04215e-17
      5069.23  1.04285e-17
      5070.70  1.09847e-17
      5072.17  1.12220e-17
      5073.64  1.12673e-17
      5075.10  1.09888e-17
      5076.57  1.07768e-17
      5078.04  1.09503e-17
      5079.51  1.11433e-17
      5080.98  1.12683e-17
      5082.44  1.14372e-17
      5083.91  1.11057e-17
      5085.38  1.09194e-17
      5086.85  1.11463e-17
      5088.31  1.11777e-17
      5089.78  1.10785e-17
      5091.25  1.08800e-17
      5092.72  1.13943e-17
      5094.19  1.24237e-17
      5095.65  1.21306e-17
      5097.12  1.12611e-17
      5098.59  1.15210e-17
      5100.06  1.19023e-17
      5101.52  1.22754e-17
      5102.99  1.20614e-17
      5104.46  1.17612e-17
      5105.93  1.20789e-17
      5107.39  1.18905e-17
      5108.86  1.20000e-17
      5110.33  1.16994e-17
      5111.80  1.17779e-17
      5113.27  1.24582e-17
      5114.73  1.23397e-17
      5116.20  1.19807e-17
      5117.67  1.22488e-17
      5119.14  1.25257e-17
      5120.60  1.27243e-17
      5122.07  1.21830e-17
      5123.54  1.17609e-17
      5125.01  1.22608e-17
      5126.48  1.22636e-17
      5127.94  1.16966e-17
      5129.41  1.18914e-17
      5130.88  1.21137e-17
      5132.35  1.26919e-17
      5133.81  1.32179e-17
      5135.28  1.26705e-17
      5136.75  1.22779e-17
      5138.22  1.19348e-17
      5139.69  1.17990e-17
      5141.15  1.23925e-17
      5142.62  1.25765e-17
      5144.09  1.27070e-17
      5145.56  1.26028e-17
      5147.02  1.21987e-17
      5148.49  1.22816e-17
      5149.96  1.21378e-17
      5151.43  1.21751e-17
      5152.90  1.31675e-17
      5154.36  1.24370e-17
      5155.83  1.20191e-17
      5157.30  1.25240e-17
      5158.77  1.26380e-17
      5160.23  1.26434e-17
      5161.70  1.23373e-17
      5163.17  1.24062e-17
      5164.64  1.20925e-17
      5166.10  1.18918e-17
      5167.57  1.20752e-17
      5169.04  1.22519e-17
      5170.51  1.26981e-17
      5171.98  1.28015e-17
      5173.44  1.22615e-17
      5174.91  1.17875e-17
      5176.38  1.18117e-17
      5177.85  1.27490e-17
      5179.31  1.30278e-17
      5180.78  1.26146e-17
      5182.25  1.23582e-17
      5183.72  1.24175e-17
      5185.19  1.20693e-17
      5186.65  1.19252e-17
      5188.12  1.25126e-17
      5189.59  1.24398e-17
      5191.06  1.23724e-17
      5192.52  1.29677e-17
      5193.99  1.28046e-17
      5195.46  1.23225e-17
      5196.93  1.26911e-17
      5198.39  1.25213e-17
      5199.86  1.25776e-17
      5201.33  1.33457e-17
      5202.80  1.32956e-17
      5204.27  1.30428e-17
      5205.73  1.31453e-17
      5207.20  1.34822e-17
      5208.67  1.33017e-17
      5210.14  1.31273e-17
      5211.60  1.31318e-17
      5213.07  1.32880e-17
      5214.54  1.37726e-17
      5216.01  1.37101e-17
      5217.48  1.34891e-17
      5218.94  1.36397e-17
      5220.41  1.40933e-17
      5221.88  1.39752e-17
      5223.35  1.32105e-17
      5224.81  1.33594e-17
      5226.28  1.37783e-17
      5227.75  1.35740e-17
      5229.22  1.39391e-17
      5230.69  1.47486e-17
      5232.15  1.42286e-17
      5233.62  1.35317e-17
      5235.09  1.40230e-17
      5236.56  1.43711e-17
      5238.02  1.44470e-17
      5239.49  1.47759e-17
      5240.96  1.50679e-17
      5242.43  1.51500e-17
      5243.90  1.50835e-17
      5245.36  1.44582e-17
      5246.83  1.38278e-17
      5248.30  1.38641e-17
      5249.77  1.44921e-17
      5251.23  1.46851e-17
      5252.70  1.42079e-17
      5254.17  1.41782e-17
      5255.64  1.40542e-17
      5257.10  1.38262e-17
      5258.57  1.42800e-17
      5260.04  1.49046e-17
      5261.51  1.48132e-17
      5262.98  1.38266e-17
      5264.44  1.38983e-17
      5265.91  1.42861e-17
      5267.38  1.41653e-17
      5268.85  1.41125e-17
      5270.31  1.37585e-17
      5271.78  1.41950e-17
      5273.25  1.47555e-17
      5274.72  1.40161e-17
      5276.19  1.34864e-17
      5277.65  1.41468e-17
      5279.12  1.47426e-17
      5280.59  1.44979e-17
      5282.06  1.45449e-17
      5283.52  1.45447e-17
      5284.99  1.48555e-17
      5286.46  1.52082e-17
      5287.93  1.43905e-17
      5289.39  1.43158e-17
      5290.86  1.51564e-17
      5292.33  1.54860e-17
      5293.80  1.52196e-17
      5295.27  1.52402e-17
      5296.73  1.50258e-17
      5298.20  1.49596e-17
      5299.67  1.50005e-17
      5301.14  1.46337e-17
      5302.60  1.48370e-17
      5304.07  1.46935e-17
      5305.54  1.43887e-17
      5307.01  1.44710e-17
      5308.48  1.42151e-17
      5309.94  1.48370e-17
      5311.41  1.52460e-17
      5312.88  1.51343e-17
      5314.35  1.52100e-17
      5315.81  1.55135e-17
      5317.28  1.52870e-17
      5318.75  1.53648e-17
      5320.22  1.51683e-17
      5321.68  1.48047e-17
      5323.15  1.48974e-17
      5324.62  1.47094e-17
      5326.09  1.47812e-17
      5327.56  1.47338e-17
      5329.02  1.43441e-17
      5330.49  1.44682e-17
      5331.96  1.46984e-17
      5333.43  1.43490e-17
      5334.89  1.50365e-17
      5336.36  1.53919e-17
      5337.83  1.45481e-17
      5339.30  1.42786e-17
      5340.77  1.50193e-17
      5342.23  1.56042e-17
      5343.70  1.56652e-17
      5345.17  1.55676e-17
      5346.64  1.52650e-17
      5348.10  1.43226e-17
      5349.57  1.48112e-17
      5351.04  1.48161e-17
      5352.51  1.45932e-17
      5353.98  1.50986e-17
      5355.44  1.49467e-17
      5356.91  1.48643e-17
      5358.38  1.47364e-17
      5359.85  1.49669e-17
      5361.31  1.47810e-17
      5362.78  1.49668e-17
      5364.25  1.47246e-17
      5365.72  1.47465e-17
      5367.19  1.45759e-17
      5368.65  1.47914e-17
      5370.12  1.42220e-17
      5371.59  1.43522e-17
      5373.06  1.49719e-17
      5374.52  1.46590e-17
      5375.99  1.45482e-17
      5377.46  1.50315e-17
      5378.93  1.54495e-17
      5380.39  1.43502e-17
      5381.86  1.43264e-17
      5383.33  1.43906e-17
      5384.80  1.51912e-17
      5386.27  1.52708e-17
      5387.73  1.45865e-17
      5389.20  1.41299e-17
      5390.67  1.39676e-17
      5392.14  1.40842e-17
      5393.60  1.41398e-17
      5395.07  1.44214e-17
      5396.54  1.45454e-17
      5398.01  1.40681e-17
      5399.48  1.34552e-17
      5400.94  1.38328e-17
      5402.41  1.42952e-17
      5403.88  1.41358e-17
      5405.35  1.37743e-17
      5406.81  1.39158e-17
      5408.28  1.38211e-17
      5409.75  1.41849e-17
      5411.22  1.38711e-17
      5412.68  1.41936e-17
      5414.15  1.47275e-17
      5415.62  1.45164e-17
      5417.09  1.47710e-17
      5418.56  1.49971e-17
      5420.02  1.51293e-17
      5421.49  1.48807e-17
      5422.96  1.47009e-17
      5424.43  1.43394e-17
      5425.89  1.48277e-17
      5427.36  1.47443e-17
      5428.83  1.49304e-17
      5430.30  1.48483e-17
      5431.77  1.46496e-17
      5433.23  1.46126e-17
      5434.70  1.49667e-17
      5436.17  1.46491e-17
      5437.64  1.42765e-17
      5439.10  1.54952e-17
      5440.57  1.55453e-17
      5442.04  1.54500e-17
      5443.51  1.55785e-17
      5444.98  1.48570e-17
      5446.44  1.48539e-17
      5447.91  1.49427e-17
      5449.38  1.56272e-17
      5450.85  1.53722e-17
      5452.31  1.62268e-17
      5453.78  1.59798e-17
      5455.25  1.61992e-17
      5456.72  1.62392e-17
      5458.18  1.54141e-17
      5459.65  1.53836e-17
      5461.12  1.53793e-17
      5462.59  1.52957e-17
      5464.06  1.57946e-17
      5465.52  1.59282e-17
      5466.99  1.55011e-17
      5468.46  1.57462e-17
      5469.93  1.61014e-17
      5471.39  1.60676e-17
      5472.86  1.56602e-17
      5474.33  1.58099e-17
      5475.80  1.51665e-17
      5477.27  1.55414e-17
      5478.73  1.56790e-17
      5480.20  1.53344e-17
      5481.67  1.57033e-17
      5483.14  1.51157e-17
      5484.60  1.46927e-17
      5486.07  1.53704e-17
      5487.54  1.50063e-17
      5489.01  1.45997e-17
      5490.48  1.46729e-17
      5491.94  1.47803e-17
      5493.41  1.43728e-17
      5494.88  1.46332e-17
      5496.35  1.49925e-17
      5497.81  1.52770e-17
      5499.28  1.39687e-17
      5500.75  1.38440e-17
      5502.22  1.39335e-17
      5503.68  1.37059e-17
      5505.15  1.36631e-17
      5506.62  1.38047e-17
      5508.09  1.35594e-17
      5509.56  1.34542e-17
      5511.02  1.35700e-17
      5512.49  1.34777e-17
      5513.96  1.36680e-17
      5515.43  1.31286e-17
      5516.89  1.26087e-17
      5518.36  1.30945e-17
      5519.83  1.36262e-17
      5521.30  1.30792e-17
      5522.77  1.23876e-17
      5524.23  1.27755e-17
      5525.70  1.31546e-17
      5527.17  1.29332e-17
      5528.64  1.22294e-17
      5530.10  1.15063e-17
      5531.57  1.14340e-17
      5533.04  1.23565e-17
      5534.51  1.27174e-17
      5535.98  1.22039e-17
      5537.44  1.19127e-17
      5538.91  1.16893e-17
      5540.38  1.15273e-17
      5541.85  1.22089e-17
      5543.31  1.19446e-17
      5544.78  1.15688e-17
      5546.25  1.11961e-17
      5547.72  1.10738e-17
      5549.18  1.11577e-17
      5550.65  1.13808e-17
      5552.12  1.12198e-17
      5553.59  1.07984e-17
      5555.06  1.09539e-17
      5556.52  1.06506e-17
      5557.99  1.09510e-17
      5559.46  1.12470e-17
      5560.93  1.01659e-17
      5562.39  9.39697e-18
      5563.86  1.00393e-17
      5565.33  1.04180e-17
      5566.80  1.14318e-17
      5568.27  1.09020e-17
      5569.73  9.42387e-18
      5571.20  9.80771e-18
      5572.67  1.02208e-17
      5574.14  1.05287e-17
      5575.60  1.05081e-17
      5577.07  1.00192e-17
      5578.54  9.77595e-18
      5580.01  1.05343e-17
      5581.47  1.06016e-17
      5582.94  9.55991e-18
      5584.41  9.35946e-18
      5585.88  9.35252e-18
      5587.35  9.42444e-18
      5588.81  9.29036e-18
      5590.28  8.83657e-18
      5591.75  8.80826e-18
      5593.22  9.72794e-18
      5594.68  9.92822e-18
      5596.15  9.34215e-18
      5597.62  9.17131e-18
      5599.09  9.11280e-18
      5600.56  8.98049e-18
      5602.02  8.63177e-18
      5603.49  8.44645e-18
      5604.96  8.56603e-18
      5606.43  8.93304e-18
      5607.89  8.55068e-18
      5609.36  8.37910e-18
      5610.83  8.71577e-18
      5612.30  8.64409e-18
      5613.77  8.91467e-18
      5615.23  8.69256e-18
      5616.70  8.25961e-18
      5618.17  8.23043e-18
      5619.64  8.17942e-18
      5621.10  8.38317e-18
      5622.57  8.51606e-18
      5624.04  8.21591e-18
      5625.51  8.15296e-18
      5626.98  8.12009e-18
      5628.44  8.02671e-18
      5629.91  8.51158e-18
      5631.38  8.56895e-18
      5632.85  8.01431e-18
      5634.31  7.77959e-18
      5635.78  8.08538e-18
      5637.25  8.12455e-18
      5638.72  7.96170e-18
      5640.18  8.05113e-18
      5641.65  7.94118e-18
      5643.12  7.82869e-18
      5644.59  7.89314e-18
      5646.06  7.80968e-18
      5647.52  7.65132e-18
      5648.99  7.86039e-18
      5650.46  7.98997e-18
      5651.93  7.73330e-18
      5653.39  7.65205e-18
      5654.86  8.02372e-18
      5656.33  8.01287e-18
      5657.80  7.43771e-18
      5659.27  7.66176e-18
      5660.73  7.83523e-18
      5662.20  7.32207e-18
      5663.67  7.42461e-18
      5665.14  7.54486e-18
      5666.60  7.51998e-18
      5668.07  8.03036e-18
      5669.54  7.76761e-18
      5671.01  7.80516e-18
      5672.47  8.04900e-18
      5673.94  8.01491e-18
      5675.41  8.30035e-18
      5676.88  8.47275e-18
      5678.35  8.17340e-18
      5679.81  7.91405e-18
      5681.28  7.99732e-18
      5682.75  7.80196e-18
      5684.22  7.77365e-18
      5685.68  7.97431e-18
      5687.15  8.38459e-18
      5688.62  8.40957e-18
      5690.09  8.32447e-18
      5691.56  8.51534e-18
      5693.02  8.46282e-18
      5694.49  8.05376e-18
      5695.96  7.84063e-18
      5697.43  8.16463e-18
      5698.89  8.20552e-18
      5700.36  8.06150e-18
      5701.83  7.96231e-18
      5703.30  8.09587e-18
      5704.76  8.14575e-18
      5706.23  8.13784e-18
      5707.70  8.18681e-18
      5709.17  8.21480e-18
      5710.64  8.36316e-18
      5712.10  8.18884e-18
      5713.57  8.10625e-18
      5715.04  8.12463e-18
      5716.51  8.75204e-18
      5717.97  9.48410e-18
      5719.44  9.76941e-18
      5720.91  9.41989e-18
      5722.38  9.44702e-18
      5723.85  9.58041e-18
      5725.31  8.95670e-18
      5726.78  8.88927e-18
      5728.25  9.19526e-18
      5729.72  9.59896e-18
      5731.18  9.58627e-18
      5732.65  9.59589e-18
      5734.12  9.84343e-18
      5735.59  9.55502e-18
      5737.06  1.00581e-17
      5738.52  1.04092e-17
      5739.99  1.02020e-17
      5741.46  1.03256e-17
      5742.93  1.01327e-17
      5744.39  1.00929e-17
      5745.86  1.03978e-17
      5747.33  1.02782e-17
      5748.80  1.01105e-17
      5750.27  1.07889e-17
      5751.73  1.13436e-17
      5753.20  1.08977e-17
      5754.67  1.04903e-17
      5756.14  1.06732e-17
      5757.60  1.06341e-17
      5759.07  1.06705e-17
      5760.54  1.08466e-17
      5762.01  1.10535e-17
      5763.47  1.07613e-17
      5764.94  1.08399e-17
      5766.41  1.15953e-17
      5767.88  1.14986e-17
      5769.35  1.14001e-17
      5770.81  1.20985e-17
      5772.28  1.15377e-17
      5773.75  1.12072e-17
      5775.22  1.19930e-17
      5776.68  1.20814e-17
      5778.15  1.12230e-17
      5779.62  1.14228e-17
      5781.09  1.16813e-17
      5782.56  1.12009e-17
      5784.02  1.12648e-17
      5785.49  1.15824e-17
      5786.96  1.16177e-17
      5788.43  1.19082e-17
      5789.89  1.27987e-17
      5791.36  1.29320e-17
      5792.83  1.25389e-17
      5794.30  1.25207e-17
      5795.76  1.28002e-17
      5797.23  1.32242e-17
      5798.70  1.29899e-17
      5800.17  1.23720e-17
      5801.64  1.25747e-17
      5803.10  1.29502e-17
      5804.57  1.27756e-17
      5806.04  1.26527e-17
      5807.51  1.31249e-17
      5808.97  1.33775e-17
      5810.44  1.36429e-17
      5811.91  1.42009e-17
      5813.38  1.37817e-17
      5814.85  1.31574e-17
      5816.31  1.33566e-17
      5817.78  1.35530e-17
      5819.25  1.36228e-17
      5820.72  1.40443e-17
      5822.18  1.42289e-17
      5823.65  1.36237e-17
      5825.12  1.42167e-17
      5826.59  1.44539e-17
      5828.05  1.41445e-17
      5829.52  1.42628e-17
      5830.99  1.45124e-17
      5832.46  1.48849e-17
      5833.93  1.49876e-17
      5835.39  1.45967e-17
      5836.86  1.44842e-17
      5838.33  1.48791e-17
      5839.80  1.53617e-17
      5841.26  1.50647e-17
      5842.73  1.48393e-17
      5844.20  1.51117e-17
      5845.67  1.45787e-17
      5847.14  1.37838e-17
      5848.60  1.42505e-17
      5850.07  1.47749e-17
      5851.54  1.50559e-17
      5853.01  1.49793e-17
      5854.47  1.44496e-17
      5855.94  1.40720e-17
      5857.41  1.39980e-17
      5858.88  1.43878e-17
      5860.35  1.47902e-17
      5861.81  1.46953e-17
      5863.28  1.47643e-17
      5864.75  1.54479e-17
      5866.22  1.49953e-17
      5867.68  1.42859e-17
      5869.15  1.45979e-17
      5870.62  1.45949e-17
      5872.09  1.43970e-17
      5873.56  1.48075e-17
      5875.02  1.54304e-17
      5876.49  1.47942e-17
      5877.96  1.34444e-17
      5879.43  1.35389e-17
      5880.89  1.42170e-17
      5882.36  1.42081e-17
      5883.83  1.37801e-17
      5885.30  1.19900e-17
      5886.76  9.25673e-18
      5888.23  8.49783e-18
      5889.70  9.59956e-18
      5891.17  9.85434e-18
      5892.64  9.17462e-18
      5894.10  9.50811e-18
      5895.57  1.10926e-17
      5897.04  1.26229e-17
      5898.51  1.38428e-17
      5899.97  1.47572e-17
      5901.44  1.49212e-17
      5902.91  1.46957e-17
      5904.38  1.44925e-17
      5905.85  1.45379e-17
      5907.31  1.43491e-17
      5908.78  1.41273e-17
      5910.25  1.46461e-17
      5911.72  1.48653e-17
      5913.18  1.43493e-17
      5914.65  1.43079e-17
      5916.12  1.47605e-17
      5917.59  1.50083e-17
      5919.05  1.46317e-17
      5920.52  1.47202e-17
      5921.99  1.52901e-17
      5923.46  1.53220e-17
      5924.93  1.49815e-17
      5926.39  1.47892e-17
      5927.86  1.49343e-17
      5929.33  1.47302e-17
      5930.80  1.43701e-17
      5932.26  1.44869e-17
      5933.73  1.42720e-17
      5935.20  1.43067e-17
      5936.67  1.45066e-17
      5938.14  1.46823e-17
      5939.60  1.53988e-17
      5941.07  1.47220e-17
      5942.54  1.44491e-17
      5944.01  1.48452e-17
      5945.47  1.45614e-17
      5946.94  1.43666e-17
      5948.41  1.43060e-17
      5949.88  1.46218e-17
      5951.35  1.43987e-17
      5952.81  1.46812e-17
      5954.28  1.46046e-17
      5955.75  1.43097e-17
      5957.22  1.48839e-17
      5958.68  1.51822e-17
      5960.15  1.45273e-17
      5961.62  1.38822e-17
      5963.09  1.39717e-17
      5964.55  1.44251e-17
      5966.02  1.46497e-17
      5967.49  1.44787e-17
      5968.96  1.43156e-17
      5970.43  1.43762e-17
      5971.89  1.48370e-17
      5973.36  1.49675e-17
      5974.83  1.44168e-17
      5976.30  1.42557e-17
      5977.76  1.40460e-17
      5979.23  1.43764e-17
      5980.70  1.38214e-17
      5982.17  1.34573e-17
      5983.64  1.41982e-17
      5985.10  1.45449e-17
      5986.57  1.45178e-17
      5988.04  1.42021e-17
      5989.51  1.37319e-17
      5990.97  1.42154e-17
      5992.44  1.45602e-17
      5993.91  1.38005e-17
      5995.38  1.33462e-17
      5996.85  1.36031e-17
      5998.31  1.38652e-17
      5999.78  1.40388e-17
      6001.25  1.32792e-17
      6002.72  1.34022e-17
      6004.18  1.36618e-17
      6005.65  1.34676e-17
      6007.12  1.32467e-17
      6008.59  1.30404e-17
      6010.05  1.31713e-17
      6011.52  1.36908e-17
      6012.99  1.37198e-17
      6014.46  1.37562e-17
      6015.93  1.31347e-17
      6017.39  1.33077e-17
      6018.86  1.33355e-17
      6020.33  1.31864e-17
      6021.80  1.31102e-17
      6023.26  1.33718e-17
      6024.73  1.34154e-17
      6026.20  1.31072e-17
      6027.67  1.32414e-17
      6029.14  1.35034e-17
      6030.60  1.31955e-17
      6032.07  1.27726e-17
      6033.54  1.31638e-17
      6035.01  1.32560e-17
      6036.47  1.27742e-17
      6037.94  1.30141e-17
      6039.41  1.29913e-17
      6040.88  1.29362e-17
      6042.35  1.30301e-17
      6043.81  1.28978e-17
      6045.28  1.29075e-17
      6046.75  1.27921e-17
      6048.22  1.21446e-17
      6049.68  1.21919e-17
      6051.15  1.25891e-17
      6052.62  1.26751e-17
      6054.09  1.29367e-17
      6055.55  1.25536e-17
      6057.02  1.19061e-17
      6058.49  1.20950e-17
      6059.96  1.24693e-17
      6061.43  1.25387e-17
      6062.89  1.26532e-17
      6064.36  1.21555e-17
      6065.83  1.20622e-17
      6067.30  1.24073e-17
      6068.76  1.25178e-17
      6070.23  1.20161e-17
      6071.70  1.19208e-17
      6073.17  1.21896e-17
      6074.64  1.28314e-17
      6076.10  1.30164e-17
      6077.57  1.24471e-17
      6079.04  1.18366e-17
      6080.51  1.18208e-17
      6081.97  1.19966e-17
      6083.44  1.20064e-17
      6084.91  1.18597e-17
      6086.38  1.15350e-17
      6087.84  1.13410e-17
      6089.31  1.19001e-17
      6090.78  1.13451e-17
      6092.25  1.15293e-17
      6093.72  1.21813e-17
      6095.18  1.18775e-17
      6096.65  1.20634e-17
      6098.12  1.22444e-17
      6099.59  1.18372e-17
      6101.05  1.17557e-17
      6102.52  1.19610e-17
      6103.99  1.13830e-17
      6105.46  1.14161e-17
      6106.93  1.21146e-17
      6108.39  1.19982e-17
      6109.86  1.18293e-17
      6111.33  1.18779e-17
      6112.80  1.19112e-17
      6114.26  1.17963e-17
      6115.73  1.14133e-17
      6117.20  1.13149e-17
      6118.67  1.14789e-17
      6120.14  1.16847e-17
      6121.60  1.16476e-17
      6123.07  1.16741e-17
      6124.54  1.17411e-17
      6126.01  1.16403e-17
      6127.47  1.20514e-17
      6128.94  1.21021e-17
      6130.41  1.18740e-17
      6131.88  1.17832e-17
      6133.35  1.14968e-17
      6134.81  1.15358e-17
      6136.28  1.19284e-17
      6137.75  1.18548e-17
      6139.22  1.15656e-17
      6140.68  1.16919e-17
      6142.15  1.16496e-17
      6143.62  1.14196e-17
      6145.09  1.16617e-17
      6146.55  1.19910e-17
      6148.02  1.23307e-17
      6149.49  1.23012e-17
      6150.96  1.21626e-17
      6152.43  1.21359e-17
      6153.89  1.21034e-17
      6155.36  1.21177e-17
      6156.83  1.14127e-17
      6158.30  1.17110e-17
      6159.76  1.21872e-17
      6161.23  1.18897e-17
      6162.70  1.13891e-17
      6164.17  1.17729e-17
      6165.64  1.16599e-17
      6167.10  1.20579e-17
      6168.57  1.19437e-17
      6170.04  1.19490e-17
      6171.51  1.23564e-17
      6172.97  1.20659e-17
      6174.44  1.18005e-17
      6175.91  1.15158e-17
      6177.38  1.19498e-17
      6178.84  1.18681e-17
      6180.31  1.19649e-17
      6181.78  1.22993e-17
      6183.25  1.23177e-17
      6184.72  1.24632e-17
      6186.18  1.26341e-17
      6187.65  1.23457e-17
      6189.12  1.18312e-17
      6190.59  1.19904e-17
      6192.05  1.22340e-17
      6193.52  1.22177e-17
      6194.99  1.23013e-17
      6196.46  1.19771e-17
      6197.93  1.22158e-17
      6199.39  1.27152e-17
      6200.86  1.21511e-17
      6202.33  1.20300e-17
      6203.80  1.29690e-17
      6205.26  1.24574e-17
      6206.73  1.20144e-17
      6208.20  1.20428e-17
      6209.67  1.22266e-17
      6211.13  1.24675e-17
      6212.60  1.24920e-17
      6214.07  1.17415e-17
      6215.54  1.19999e-17
      6217.01  1.21875e-17
      6218.47  1.24397e-17
      6219.94  1.21228e-17
      6221.41  1.16812e-17
      6222.88  1.16808e-17
      6224.34  1.16103e-17
      6225.81  1.14232e-17
      6227.28  1.21025e-17
      6228.75  1.19386e-17
      6230.22  1.15611e-17
      6231.68  1.11713e-17
      6233.15  1.13653e-17
      6234.62  1.22477e-17
      6236.09  1.21220e-17
      6237.55  1.24806e-17
      6239.02  1.18250e-17
      6240.49  1.14321e-17
      6241.96  1.14419e-17
      6243.43  1.14564e-17
      6244.89  1.20229e-17
      6246.36  1.15729e-17
      6247.83  1.13329e-17
      6249.30  1.14142e-17
      6250.76  1.17985e-17
      6252.23  1.18211e-17
      6253.70  1.22878e-17
      6255.17  1.14181e-17
      6256.64  1.10321e-17
      6258.10  1.09464e-17
      6259.57  1.13162e-17
      6261.04  1.16083e-17
      6262.51  1.19484e-17
      6263.97  1.19133e-17
      6265.44  1.18141e-17
      6266.91  1.17461e-17
      6268.38  1.08512e-17
      6269.84  1.08596e-17
      6271.31  1.13616e-17
      6272.78  1.14227e-17
      6274.25  1.14816e-17
      6275.72  1.16751e-17
      6277.18  1.15639e-17
      6278.65  1.17084e-17
      6280.12  1.19703e-17
      6281.59  1.17269e-17
      6283.05  1.11891e-17
      6284.52  1.10214e-17
      6285.99  1.13969e-17
      6287.46  1.15111e-17
      6288.93  1.16928e-17
      6290.39  1.16226e-17
      6291.86  1.17524e-17
      6293.33  1.18559e-17
      6294.80  1.14876e-17
      6296.26  1.09946e-17
      6297.73  1.13116e-17
      6299.20  1.14961e-17
      6300.67  1.11407e-17
      6302.13  1.10019e-17
      6303.60  1.12345e-17
      6305.07  1.11159e-17
      6306.54  1.13897e-17
      6308.01  1.14459e-17
      6309.47  1.13522e-17
      6310.94  1.16224e-17
      6312.41  1.09878e-17
      6313.88  1.09434e-17
      6315.34  1.19679e-17
      6316.81  1.12917e-17
      6318.28  1.01292e-17
      6319.75  1.07058e-17
      6321.22  1.14047e-17
      6322.68  1.14254e-17
      6324.15  1.13305e-17
      6325.62  1.13586e-17
      6327.09  1.11373e-17
      6328.55  1.13886e-17
      6330.02  1.13420e-17
      6331.49  1.08568e-17
      6332.96  1.10709e-17
      6334.42  1.10956e-17
      6335.89  1.16694e-17
      6337.36  1.24650e-17
      6338.83  1.21240e-17
      6340.30  1.15649e-17
      6341.76  1.15240e-17
      6343.23  1.13977e-17
      6344.70  1.11443e-17
      6346.17  1.11791e-17
      6347.63  1.11565e-17
      6349.10  1.08800e-17
      6350.57  1.15277e-17
      6352.04  1.16376e-17
      6353.51  1.11135e-17
      6354.97  1.10567e-17
      6356.44  1.12819e-17
      6357.91  1.14625e-17
      6359.38  1.13769e-17
      6360.84  1.11784e-17
      6362.31  1.11885e-17
      6363.78  1.11157e-17
      6365.25  1.13959e-17
      6366.72  1.16495e-17
      6368.18  1.17090e-17
      6369.65  1.17204e-17
      6371.12  1.13509e-17
      6372.59  1.08964e-17
      6374.05  1.11861e-17
      6375.52  1.12264e-17
      6376.99  1.15661e-17
      6378.46  1.21729e-17
      6379.93  1.16112e-17
      6381.39  1.15078e-17
      6382.86  1.13869e-17
      6384.33  1.15365e-17
      6385.80  1.12238e-17
      6387.26  1.13085e-17
      6388.73  1.18836e-17
      6390.20  1.17585e-17
      6391.67  1.21183e-17
      6393.13  1.14773e-17
      6394.60  1.12825e-17
      6396.07  1.15502e-17
      6397.54  1.09098e-17
      6399.01  1.10100e-17
      6400.47  1.12317e-17
      6401.94  1.13844e-17
      6403.41  1.17584e-17
      6404.88  1.15154e-17
      6406.34  1.13796e-17
      6407.81  1.14873e-17
      6409.28  1.14562e-17
      6410.75  1.12759e-17
      6412.22  1.17201e-17
      6413.68  1.16415e-17
      6415.15  1.15640e-17
      6416.62  1.18568e-17
      6418.09  1.16644e-17
      6419.55  1.17717e-17
      6421.02  1.19098e-17
      6422.49  1.18346e-17
      6423.96  1.18403e-17
      6425.42  1.22924e-17
      6426.89  1.22811e-17
      6428.36  1.23604e-17
      6429.83  1.24323e-17
      6431.30  1.22899e-17
      6432.76  1.17564e-17
      6434.23  1.16551e-17
      6435.70  1.21498e-17
      6437.17  1.21658e-17
      6438.63  1.20312e-17
      6440.10  1.18617e-17
      6441.57  1.19799e-17
      6443.04  1.25569e-17
      6444.51  1.26248e-17
      6445.97  1.22846e-17
      6447.44  1.23866e-17
      6448.91  1.20670e-17
      6450.38  1.22898e-17
      6451.84  1.27650e-17
      6453.31  1.26203e-17
      6454.78  1.22109e-17
      6456.25  1.17520e-17
      6457.72  1.18146e-17
      6459.18  1.17443e-17
      6460.65  1.19779e-17
      6462.12  1.19802e-17
      6463.59  1.20178e-17
      6465.05  1.22415e-17
      6466.52  1.20818e-17
      6467.99  1.16743e-17
      6469.46  1.19936e-17
      6470.93  1.17979e-17
      6472.39  1.18816e-17
      6473.86  1.22010e-17
      6475.33  1.22854e-17
      6476.80  1.21894e-17
      6478.26  1.16473e-17
      6479.73  1.19401e-17
      6481.20  1.20827e-17
      6482.67  1.17304e-17
      6484.13  1.16269e-17
      6485.60  1.21006e-17
      6487.07  1.21729e-17
      6488.54  1.20842e-17
      6490.01  1.19988e-17
      6491.47  1.19833e-17
      6492.94  1.16168e-17
      6494.41  1.13478e-17
      6495.88  1.14403e-17
      6497.34  1.15823e-17
      6498.81  1.17185e-17
      6500.28  1.20877e-17
      6501.75  1.21911e-17
      6503.22  1.15775e-17
      6504.68  1.12829e-17
      6506.15  1.16449e-17
      6507.62  1.21623e-17
      6509.09  1.24392e-17
      6510.55  1.23389e-17
      6512.02  1.20820e-17
      6513.49  1.21936e-17
      6514.96  1.20587e-17
      6516.42  1.16897e-17
      6517.89  1.18832e-17
      6519.36  1.22160e-17
      6520.83  1.21143e-17
      6522.30  1.21216e-17
      6523.76  1.23272e-17
      6525.23  1.24715e-17
      6526.70  1.25926e-17
      6528.17  1.20214e-17
      6529.63  1.17996e-17
      6531.10  1.20945e-17
      6532.57  1.21844e-17
      6534.04  1.21610e-17
      6535.51  1.21376e-17
      6536.97  1.21143e-17
      6538.44  1.20909e-17
      6539.91  1.20675e-17
      6541.38  1.20442e-17
      6542.84  1.20208e-17
      6544.31  1.19974e-17
      6545.78  1.19741e-17
      6547.25  1.19507e-17
      6548.72  1.19273e-17
      6550.18  1.19040e-17
      6551.65  1.18806e-17
      6553.12  1.18572e-17
      6554.59  1.18339e-17
      6556.05  1.18105e-17
      6557.52  1.17872e-17
      6558.99  1.17638e-17
      6560.46  1.17404e-17
      6561.92  1.17171e-17
      6563.39  1.16937e-17
      6564.86  1.16704e-17
      6566.33  1.16470e-17
      6567.80  1.16237e-17
      6569.26  1.16003e-17
      6570.73  1.15770e-17
      6572.20  1.15536e-17
      6573.67  1.15303e-17
      6575.13  1.15069e-17
      6576.60  1.14836e-17
      6578.07  1.14603e-17
      6579.54  1.14369e-17
      6581.01  1.14136e-17
      6582.47  1.13902e-17
      6583.94  1.13669e-17
      6585.41  1.13435e-17
      6586.88  1.13202e-17
      6588.34  1.12969e-17
      6589.81  1.12735e-17
      6591.28  1.12502e-17
      6592.75  1.12269e-17
      6594.22  1.12035e-17
      6595.68  1.15090e-17
      6597.15  1.18761e-17
      6598.62  1.15970e-17
      6600.09  1.13090e-17
      6601.55  1.09834e-17
      6603.02  1.11349e-17
      6604.49  1.13071e-17
      6605.96  1.12020e-17
      6607.42  1.09408e-17
      6608.89  1.12091e-17
      6610.36  1.18564e-17
      6611.83  1.18827e-17
      6613.30  1.14193e-17
      6614.76  1.13905e-17
      6616.23  1.17721e-17
      6617.70  1.16319e-17
      6619.17  1.12946e-17
      6620.63  1.11712e-17
      6622.10  1.08213e-17
      6623.57  1.09929e-17
      6625.04  1.12000e-17
      6626.51  1.12330e-17
      6627.97  1.16445e-17
      6629.44  1.12844e-17
      6630.91  1.09575e-17
      6632.38  1.05204e-17
      6633.84  1.06789e-17
      6635.31  1.09997e-17
      6636.78  1.08481e-17
      6638.25  1.12498e-17
      6639.72  1.15042e-17
      6641.18  1.10918e-17
      6642.65  1.08780e-17
      6644.12  1.07114e-17
      6645.59  1.04688e-17
      6647.05  1.08776e-17
      6648.52  1.10089e-17
      6649.99  1.05775e-17
      6651.46  1.04665e-17
      6652.92  1.08154e-17
      6654.39  1.09086e-17
      6655.86  1.08054e-17
      6657.33  1.07489e-17
      6658.80  1.05718e-17
      6660.26  1.05944e-17
      6661.73  1.03356e-17
      6663.20  9.82573e-18
      6664.67  1.05325e-17
      6666.13  1.11791e-17
      6667.60  1.07090e-17
      6669.07  1.02285e-17
      6670.54  1.07825e-17
      6672.01  1.09528e-17
      6673.47  1.10045e-17
      6674.94  1.08576e-17
      6676.41  1.03935e-17
      6677.88  9.98236e-18
      6679.34  1.02321e-17
      6680.81  1.04088e-17
      6682.28  1.01809e-17
      6683.75  1.03455e-17
      6685.21  1.03909e-17
      6686.68  1.00485e-17
      6688.15  1.02909e-17
      6689.62  1.01962e-17
      6691.09  9.92849e-18
      6692.55  1.01398e-17
      6694.02  1.00351e-17
      6695.49  1.02010e-17
      6696.96  1.03359e-17
      6698.42  1.05019e-17
      6699.89  1.04155e-17
      6701.36  1.03781e-17
      6702.83  1.05373e-17
      6704.30  1.00623e-17
      6705.76  9.94650e-18
      6707.23  1.02820e-17
      6708.70  1.01749e-17
      6710.17  1.00237e-17
      6711.63  1.01689e-17
      6713.10  1.04181e-17
      6714.57  1.01208e-17
      6716.04  9.99443e-18
      6717.51  1.00247e-17
      6718.97  9.83964e-18
      6720.44  9.91012e-18
      6721.91  9.92746e-18
      6723.38  1.00153e-17
      6724.84  9.98661e-18
      6726.31  9.70557e-18
      6727.78  1.03466e-17
      6729.25  1.08812e-17
      6730.72  1.04593e-17
      6732.18  1.03606e-17
      6733.65  1.05373e-17
      6735.12  1.05718e-17
      6736.59  1.01539e-17
      6738.05  9.71797e-18
      6739.52  9.68703e-18
      6740.99  9.73526e-18
      6742.46  9.93730e-18
      6743.92  1.00374e-17
      6745.39  9.91315e-18
      6746.86  9.99116e-18
      6748.33  1.00418e-17
      6749.80  9.92657e-18
      6751.26  9.58579e-18
      6752.73  9.49727e-18
      6754.20  9.82730e-18
      6755.67  1.00994e-17
      6757.13  1.02688e-17
      6758.60  1.03952e-17
      6760.07  1.05015e-17
      6761.54  1.02391e-17
      6763.01  9.90504e-18
      6764.47  9.84523e-18
      6765.94  9.81391e-18
      6767.41  9.91497e-18
      6768.88  9.61031e-18
      6770.34  9.58230e-18
      6771.81  9.91994e-18
      6773.28  9.87250e-18
      6774.75  9.83625e-18
      6776.21  9.72856e-18
      6777.68  9.73237e-18
      6779.15  9.35192e-18
      6780.62  9.38139e-18
      6782.09  9.88923e-18
      6783.55  1.00790e-17
      6785.02  1.01817e-17
      6786.49  9.93858e-18
      6787.96  9.45027e-18
      6789.42  9.22861e-18
      6790.89  9.63515e-18
      6792.36  9.77723e-18
      6793.83  9.32489e-18
      6795.30  9.12005e-18
      6796.76  9.42685e-18
      6798.23  9.80027e-18
      6799.70  9.46310e-18
      6801.17  9.18529e-18
      6802.63  9.42129e-18
      6804.10  9.35945e-18
      6805.57  9.02853e-18
      6807.04  9.23726e-18
      6808.50  9.65099e-18
      6809.97  9.30783e-18
      6811.44  8.79192e-18
      6812.91  8.64529e-18
      6814.38  8.69732e-18
      6815.84  9.00200e-18
      6817.31  9.34835e-18
      6818.78  9.13684e-18
      6820.25  9.05984e-18
      6821.71  8.89892e-18
      6823.18  8.91037e-18
      6824.65  9.10866e-18
      6826.12  9.11931e-18
      6827.59  9.17381e-18
      6829.05  8.76565e-18
      6830.52  8.49562e-18
      6831.99  8.66672e-18
      6833.46  8.55046e-18
      6834.92  8.81947e-18
      6836.39  8.73359e-18
      6837.86  8.76859e-18
      6839.33  8.62143e-18
      6840.80  8.89418e-18
      6842.26  8.73449e-18
      6843.73  8.24837e-18
      6845.20  8.48293e-18
      6846.67  8.96179e-18
      6848.13  9.00595e-18
      6849.60  9.07745e-18
      6851.07  8.82326e-18
      6852.54  8.71326e-18
      6854.01  9.10315e-18
      6855.47  9.24169e-18
      6856.94  8.85521e-18
      6858.41  8.78204e-18
      6859.88  8.65163e-18
      6861.34  8.87498e-18
      6862.81  9.11542e-18
      6864.28  9.20136e-18
      6865.75  9.41190e-18
      6867.21  9.25235e-18
      6868.68  9.05480e-18
      6870.15  9.02354e-18
      6871.62  9.02605e-18
      6873.09  9.24324e-18
      6874.55  9.25269e-18
      6876.02  8.56918e-18
      6877.49  8.88787e-18
      6878.96  8.92771e-18
      6880.42  8.50170e-18
      6881.89  8.88833e-18
      6883.36  9.25818e-18
      6884.83  9.37976e-18
      6886.30  8.73164e-18
      6887.76  8.84149e-18
      6889.23  9.38310e-18
      6890.70  9.26926e-18
      6892.17  9.10796e-18
      6893.63  9.53631e-18
      6895.10  9.89316e-18
      6896.57  9.33710e-18
      6898.04  8.64212e-18
      6899.50  9.06487e-18
      6900.97  9.27758e-18
      6902.44  9.22514e-18
      6903.91  9.44924e-18
      6905.38  9.62463e-18
      6906.84  9.62581e-18
      6908.31  9.91581e-18
      6909.78  9.99265e-18
      6911.25  9.42279e-18
      6912.71  9.62022e-18
      6914.18  9.80883e-18
      6915.65  9.61166e-18
      6917.12  9.52011e-18
      6918.59  9.51150e-18
      6920.05  9.73923e-18
      6921.52  9.71136e-18
      6922.99  9.56429e-18
      6924.46  9.84074e-18
      6925.92  9.78992e-18
      6927.39  9.41422e-18
      6928.86  9.23111e-18
      6930.33  9.69295e-18
      6931.79  9.84944e-18
      6933.26  9.82874e-18
      6934.73  9.87214e-18
      6936.20  9.50598e-18
      6937.67  8.98543e-18
      6939.13  9.11185e-18
      6940.60  9.45601e-18
      6942.07  9.85970e-18
      6943.54  1.00230e-17
      6945.00  9.54585e-18
      6946.47  9.56789e-18
      6947.94  9.97431e-18
      6949.41  1.00672e-17
      6950.88  1.00134e-17
      6952.34  9.76826e-18
      6953.81  9.40301e-18
      6955.28  9.46925e-18
      6956.75  9.71726e-18
      6958.21  9.44684e-18
      6959.68  9.27368e-18
      6961.15  9.60477e-18
      6962.62  9.98111e-18
      6964.09  1.00172e-17
      6965.55  9.61160e-18
      6967.02  9.72899e-18
      6968.49  1.00021e-17
      6969.96  9.83216e-18
      6971.42  9.86424e-18
      6972.89  9.66627e-18
      6974.36  9.52708e-18
      6975.83  9.50550e-18
      6977.30  9.51258e-18
      6978.76  9.76682e-18
      6980.23  9.83072e-18
      6981.70  9.92427e-18
      6983.17  9.77446e-18
      6984.63  9.39539e-18
      6986.10  9.52326e-18
      6987.57  9.70303e-18
      6989.04  9.49767e-18
      6990.50  9.45904e-18
      6991.97  9.52465e-18
      6993.44  9.40268e-18
      6994.91  9.34863e-18
      6996.38  9.67143e-18
      6997.84  9.77846e-18
      6999.31  9.45338e-18
      7000.78  9.36855e-18
      7002.25  9.16898e-18
      7003.71  8.80537e-18
      7005.18  9.26163e-18
      7006.65  9.63755e-18
      7008.12  9.71535e-18
      7009.59  9.39025e-18
      7011.05  9.25783e-18
      7012.52  9.42314e-18
      7013.99  9.47878e-18
      7015.46  9.47963e-18
      7016.92  9.60793e-18
      7018.39  9.29923e-18
      7019.86  9.35237e-18
      7021.33  9.40632e-18
      7022.79  9.68110e-18
      7024.26  9.54204e-18
      7025.73  9.61036e-18
      7027.20  9.50372e-18
      7028.67  9.30102e-18
      7030.13  9.59254e-18
      7031.60  9.57017e-18
      7033.07  9.41991e-18
      7034.54  9.18041e-18
      7036.00  9.27169e-18
      7037.47  9.59739e-18
      7038.94  9.46999e-18
      7040.41  9.21064e-18
      7041.88  9.42170e-18
      7043.34  9.43061e-18
      7044.81  9.66158e-18
      7046.28  9.18069e-18
      7047.75  9.34932e-18
      7049.21  9.53243e-18
      7050.68  9.32501e-18
      7052.15  9.51911e-18
      7053.62  9.29310e-18
      7055.09  9.52467e-18
      7056.55  8.97010e-18
      7058.02  9.11257e-18
      7059.49  9.11542e-18
      7060.96  9.62697e-18
      7062.42  9.61955e-18
      7063.89  9.18199e-18
      7065.36  9.40423e-18
      7066.83  9.42565e-18
      7068.29  9.74024e-18
      7069.76  9.22746e-18
      7071.23  8.68850e-18
      7072.70  9.33609e-18
      7074.17  9.44283e-18
      7075.63  9.50809e-18
      7077.10  9.81286e-18
      7078.57  9.73698e-18
      7080.04  9.59722e-18
      7081.50  9.73040e-18
      7082.97  9.85382e-18
      7084.44  9.60496e-18
      7085.91  9.07577e-18
      7087.38  9.43552e-18
      7088.84  9.07629e-18
      7090.31  9.31899e-18
      7091.78  9.53374e-18
      7093.25  9.39450e-18
      7094.71  9.35077e-18
      7096.18  9.76541e-18
      7097.65  1.00026e-17
      7099.12  9.80498e-18
      7100.59  9.64216e-18
      7102.05  9.27210e-18
      7103.52  9.13578e-18
      7104.99  9.47077e-18
      7106.46  9.89891e-18
      7107.92  9.60423e-18
      7109.39  9.36292e-18
      7110.86  9.50011e-18
      7112.33  9.30675e-18
      7113.79  9.58568e-18
      7115.26  9.57760e-18
      7116.73  1.03113e-17
      7118.20  1.01579e-17
      7119.67  9.89216e-18
      7121.13  9.62015e-18
      7122.60  9.28086e-18
      7124.07  9.39906e-18
      7125.54  9.51433e-18
      7127.00  9.22786e-18
      7128.47  9.72699e-18
      7129.94  9.47264e-18
      7131.41  9.63411e-18
      7132.88  1.02662e-17
      7134.34  1.01081e-17
      7135.81  1.00964e-17
      7137.28  9.80892e-18
      7138.75  9.58414e-18
      7140.21  9.51800e-18
      7141.68  9.52767e-18
      7143.15  9.65799e-18
      7144.62  9.27694e-18
      7146.09  9.71018e-18
      7147.55  9.90374e-18
      7149.02  9.73535e-18
      7150.49  9.55773e-18
      7151.96  9.71492e-18
      7153.42  9.88820e-18
      7154.89  9.94618e-18
      7156.36  9.83967e-18
      7157.83  9.86433e-18
      7159.29  1.09801e-17
      7160.76  1.06267e-17
      7162.23  1.04963e-17
      7163.70  1.02731e-17
      7165.17  1.04260e-17
      7166.63  1.05954e-17
      7168.10  1.05099e-17
      7169.57  1.03877e-17
      7171.04  1.03444e-17
      7172.50  1.05945e-17
      7173.97  1.07959e-17
      7175.44  1.09080e-17
      7176.91  1.04550e-17
      7178.38  1.03056e-17
      7179.84  1.03971e-17
      7181.31  1.02298e-17
      7182.78  1.05861e-17
      7184.25  1.08502e-17
      7185.71  1.09924e-17
      7187.18  1.08166e-17
      7188.65  1.08032e-17
      7190.12  1.05938e-17
      7191.58  1.06936e-17
      7193.05  1.06933e-17
      7194.52  1.06553e-17
      7195.99  1.02064e-17
      7197.46  1.04300e-17
      7198.92  1.02186e-17
      7200.39  9.66060e-18
      7201.86  1.02961e-17
      7203.33  1.04310e-17
      7204.79  1.05813e-17
      7206.26  1.06441e-17
      7207.73  1.05613e-17
      7209.20  1.11514e-17
      7210.67  1.12659e-17
      7212.13  1.07482e-17
      7213.60  1.03620e-17
      7215.07  1.02502e-17
      7216.54  1.07514e-17
      7218.00  1.07767e-17
      7219.47  1.11537e-17
      7220.94  1.18379e-17
      7222.41  1.17030e-17
      7223.88  1.16840e-17
      7225.34  1.15024e-17
      7226.81  1.08911e-17
      7228.28  1.11799e-17
      7229.75  1.11742e-17
      7231.21  1.10492e-17
      7232.68  1.11452e-17
      7234.15  1.11655e-17
      7235.62  1.12118e-17
      7237.09  1.08178e-17
      7238.55  1.08172e-17
      7240.02  1.12194e-17
      7241.49  1.15355e-17
      7242.96  1.14319e-17
      7244.42  1.12566e-17
      7245.89  1.11538e-17
      7247.36  1.13917e-17
      7248.83  1.13383e-17
      7250.29  1.12283e-17
      7251.76  1.11655e-17
      7253.23  1.11261e-17
      7254.70  1.11096e-17
      7256.17  1.09635e-17
      7257.63  1.12364e-17
      7259.10  1.12946e-17
      7260.57  1.11243e-17
      7262.04  1.14243e-17
      7263.50  1.10108e-17
      7264.97  1.11951e-17
      7266.44  1.20431e-17
      7267.91  1.11462e-17
      7269.38  1.02732e-17
      7270.84  1.05586e-17
      7272.31  1.08791e-17
      7273.78  1.11177e-17
      7275.25  1.15334e-17
      7276.71  1.14311e-17
      7278.18  1.12731e-17
      7279.65  1.14355e-17
      7281.12  1.10682e-17
      7282.58  1.09205e-17
      7284.05  1.09242e-17
      7285.52  1.04264e-17
      7286.99  1.04255e-17
      7288.46  1.09648e-17
      7289.92  1.13759e-17
      7291.39  1.13544e-17
      7292.86  1.13328e-17
      7294.33  1.13113e-17
      7295.79  1.12898e-17
      7297.26  1.12682e-17
      7298.73  1.12467e-17
      7300.20  1.12251e-17
      7301.67  1.12036e-17
      7303.13  1.11821e-17
      7304.60  1.11605e-17
      7306.07  1.11390e-17
      7307.54  1.11175e-17
      7309.00  1.10959e-17
      7310.47  1.10744e-17
      7311.94  1.10529e-17
      7313.41  1.10313e-17
      7314.88  1.10098e-17
      7316.34  1.09883e-17
      7317.81  1.09668e-17
      7319.28  1.09452e-17
      7320.75  1.09237e-17
      7322.21  1.09022e-17
      7323.68  1.08807e-17
      7325.15  1.08591e-17
      7326.62  1.08376e-17
      7328.09  1.08161e-17
      7329.55  1.07946e-17
      7331.02  1.07730e-17
      7332.49  1.07515e-17
      7333.96  1.07300e-17
      7335.42  1.07085e-17
      7336.89  1.06870e-17
      7338.36  1.06655e-17
      7339.83  1.06439e-17
      7341.29  1.06224e-17
      7342.76  1.06009e-17
      7344.23  1.05794e-17
      7345.70  1.05579e-17
      7347.17  1.05364e-17
      7348.63  1.05149e-17
      7350.10  1.04934e-17
      7351.57  1.04719e-17
      7353.04  1.04503e-17
      7354.50  1.04288e-17
      7355.97  1.04073e-17
      7357.44  1.03858e-17
      7358.91  1.03643e-17
      7360.38  1.03428e-17
      7361.84  1.03213e-17
      7363.31  1.02998e-17
      7364.78  1.02783e-17
      7366.25  1.02568e-17
      7367.71  1.02353e-17
      7369.18  1.02138e-17
      7370.65  1.02136e-17
      7372.12  1.03448e-17
      7373.58  1.03216e-17
      7375.05  9.74490e-18
      7376.52  9.73049e-18
      7377.99  9.93486e-18
      7379.46  9.78013e-18
      7380.92  1.02378e-17
      7382.39  1.05387e-17
      7383.86  1.03150e-17
      7385.33  9.86481e-18
      7386.79  9.54434e-18
      7388.26  9.79349e-18
      7389.73  9.96744e-18
      7391.20  1.01048e-17
      7392.67  1.05965e-17
      7394.13  1.03365e-17
      7395.60  1.04209e-17
      7397.07  1.02654e-17
      7398.54  1.02099e-17
      7400.00  9.96874e-18
      7401.47  9.57979e-18
      7402.94  9.56046e-18
      7404.41  9.79751e-18
      7405.88  1.00012e-17
      7407.34  1.00767e-17
      7408.81  9.62875e-18
      7410.28  9.61871e-18
      7411.75  1.01215e-17
      7413.21  1.01890e-17
      7414.68  1.00650e-17
      7416.15  9.76977e-18
      7417.62  9.87861e-18
      7419.08  1.02397e-17
      7420.55  1.00980e-17
      7422.02  1.02627e-17
      7423.49  1.00229e-17
      7424.96  9.53535e-18
      7426.42  9.23428e-18
      7427.89  9.34596e-18
      7429.36  9.86157e-18
      7430.83  9.82862e-18
      7432.29  9.69508e-18
      7433.76  9.54241e-18
      7435.23  9.20234e-18
      7436.70  9.12307e-18
      7438.17  9.02886e-18
      7439.63  9.35413e-18
      7441.10  9.73246e-18
      7442.57  9.48724e-18
      7444.04  9.37173e-18
      7445.50  9.35859e-18
      7446.97  9.09898e-18
      7448.44  9.23381e-18
      7449.91  9.18746e-18
      7451.38  9.20369e-18
      7452.84  9.55703e-18
      7454.31  9.32077e-18
      7455.78  9.24694e-18
      7457.25  8.92932e-18
      7458.71  8.62482e-18
      7460.18  9.14297e-18
      7461.65  9.12963e-18
      7463.12  8.77744e-18
      7464.58  8.87807e-18
      7466.05  9.23344e-18
      7467.52  8.66171e-18
      7468.99  8.33654e-18
      7470.46  8.77714e-18
      7471.92  8.70476e-18
      7473.39  8.95303e-18
      7474.86  9.02067e-18
      7476.33  8.98827e-18
      7477.79  8.80612e-18
      7479.26  8.64714e-18
      7480.73  8.65740e-18
      7482.20  8.77132e-18
      7483.67  8.75291e-18
      7485.13  8.47810e-18
      7486.60  8.57991e-18
      7488.07  8.81880e-18
      7489.54  8.89896e-18
      7491.00  8.54599e-18
      7492.47  8.57356e-18
      7493.94  8.80224e-18
      7495.41  8.52437e-18
      7496.88  8.53227e-18
      7498.34  8.39500e-18
      7499.81  8.51073e-18
      7501.28  8.86839e-18
      7502.75  8.65691e-18
      7504.21  8.44091e-18
      7505.68  8.79790e-18
      7507.15  8.94940e-18
      7508.62  8.85360e-18
      7510.08  8.82608e-18
      7511.55  8.75964e-18
      7513.02  8.36502e-18
      7514.49  8.16740e-18
      7515.96  8.47438e-18
      7517.42  8.62791e-18
      7518.89  8.71074e-18
      7520.36  8.59095e-18
      7521.83  8.58677e-18
      7523.29  8.78491e-18
      7524.76  8.47330e-18
      7526.23  8.60781e-18
      7527.70  8.38854e-18
      7529.17  8.18471e-18
      7530.63  8.26555e-18
      7532.10  8.33770e-18
      7533.57  8.42981e-18
      7535.04  8.34657e-18
      7536.50  8.76023e-18
      7537.97  8.12472e-18
      7539.44  7.64586e-18
      7540.91  8.16646e-18
      7542.38  8.07168e-18
      7543.84  7.86377e-18
      7545.31  7.63572e-18
      7546.78  7.52362e-18
      7548.25  7.75878e-18
      7549.71  8.07032e-18
      7551.18  7.78209e-18
      7552.65  7.87542e-18
      7554.12  7.77616e-18
      7555.58  7.45630e-18
      7557.05  7.53648e-18
      7558.52  7.61491e-18
      7559.99  7.58478e-18
      7561.46  8.09096e-18
      7562.92  8.40159e-18
      7564.39  8.14344e-18
      7565.86  7.78804e-18
      7567.33  7.86137e-18
      7568.79  8.08455e-18
      7570.26  8.31867e-18
      7571.73  8.03004e-18
      7573.20  8.00628e-18
      7574.67  7.89572e-18
      7576.13  7.39969e-18
      7577.60  7.60450e-18
      7579.07  7.87753e-18
      7580.54  7.60596e-18
      7582.00  7.36321e-18
      7583.47  7.78926e-18
      7584.94  7.85141e-18
      7586.41  7.27007e-18
      7587.88  7.01722e-18
      7589.34  6.64379e-18
      7590.81  6.65940e-18
      7592.28  6.93603e-18
      7593.75  7.84522e-18
      7595.21  7.72385e-18
      7596.68  6.85742e-18
      7598.15  7.65379e-18
      7599.62  7.67594e-18
      7601.08  6.97858e-18
      7602.55  7.20980e-18
      7604.02  7.46493e-18
      7605.49  7.20760e-18
      7606.96  6.87777e-18
      7608.42  7.15774e-18
      7609.89  7.38709e-18
      7611.36  7.69819e-18
      7612.83  7.50057e-18
      7614.29  7.57048e-18
      7615.76  7.22944e-18
      7617.23  6.81325e-18
      7618.70  7.35106e-18
      7620.17  8.28327e-18
