# wavelength flux
3300.0 1.6641273992759993e-17
3301.0 1.664127383303481e-17
3302.0 1.6641273673309636e-17
3303.0 1.6641273513584457e-17
3304.0 1.6641273353859275e-17
3305.0 1.6641273194134102e-17
3306.0 1.6641273034408927e-17
3307.0 1.6641272874683757e-17
3308.0 1.664127271495858e-17
3309.0 1.6641272555233415e-17
3310.0 1.6641272395508245e-17
3311.0 1.6641272235783082e-17
3312.0 1.6641272076057916e-17
3313.0 1.6641271916332755e-17
3314.0 1.6641271756607592e-17
3315.0 1.6641271596882435e-17
3316.0 1.6641271437157277e-17
3317.0 1.664127127743212e-17
3318.0 1.6641271117706966e-17
3319.0 1.6641270957981815e-17
3320.0 1.664127079825666e-17
3321.0 1.6641270638531507e-17
3322.0 1.6641270478806356e-17
3323.0 1.664127031908121e-17
3324.0 1.6641270159356066e-17
3325.0 1.6641269999630918e-17
3326.0 1.6641269839905776e-17
3327.0 1.6641269680180634e-17
3328.0 1.6641269520455496e-17
3329.0 1.6641269360730357e-17
3330.0 1.664126920100522e-17
3331.0 1.6641269041280086e-17
3332.0 1.6641268881554953e-17
3333.0 1.6641268721829818e-17
3334.0 1.664126856210469e-17
3335.0 1.6641268402379562e-17
3336.0 1.6641268242654435e-17
3337.0 1.6641268082929306e-17
3338.0 1.664126792320418e-17
3339.0 1.6641267763479056e-17
3340.0 1.6641267603753936e-17
3341.0 1.6641267444028816e-17
3342.0 1.6641267284303695e-17
3343.0 1.664126712457858e-17
3344.0 1.6641266964853464e-17
3345.0 1.664126680512835e-17
3346.0 1.664126664540324e-17
3347.0 1.664126648567813e-17
3348.0 1.664126632595302e-17
3349.0 1.6641266166227915e-17
3350.0 1.6641266006502808e-17
3351.0 1.6641265846777706e-17
3352.0 1.6641265687052598e-17
3353.0 1.6641265527327496e-17
3354.0 1.6641265367602397e-17
3355.0 1.66412652078773e-17
3356.0 1.6641265048152197e-17
3357.0 1.6641264888427105e-17
3358.0 1.664126472870201e-17
3359.0 1.6641264568976917e-17
3360.0 1.6641264409251824e-17
3361.0 1.6641264249526738e-17
3362.0 1.664126408980165e-17
3363.0 1.6641263930076565e-17
3364.0 1.6641263770351482e-17
3365.0 1.66412636106264e-17
3366.0 1.6641263450901318e-17
3367.0 1.6641263291176238e-17
3368.0 1.6641263131451155e-17
3369.0 1.6641262971726078e-17
3370.0 1.6641262812001004e-17
3371.0 1.664126265227593e-17
3372.0 1.6641262492550856e-17
3373.0 1.6641262332825782e-17
3374.0 1.6641262173100714e-17
3375.0 1.664126201337565e-17
3376.0 1.664126185365058e-17
3377.0 1.664126169392552e-17
3378.0 1.6641261534200455e-17
3379.0 1.6641261374475393e-17
3380.0 1.6641261214750335e-17
3381.0 1.6641261055025276e-17
3382.0 1.664126089530022e-17
3383.0 1.664126073557516e-17
3384.0 1.6641260575850106e-17
3385.0 1.6641260416125054e-17
3386.0 1.6641260256400005e-17
3387.0 1.6641260096674952e-17
3388.0 1.6641259936949903e-17
3389.0 1.664125977722486e-17
3390.0 1.6641259617499813e-17
3391.0 1.6641259457774773e-17
3392.0 1.6641259298049727e-17
3393.0 1.664125913832469e-17
3394.0 1.664125897859965e-17
3395.0 1.6641258818874616e-17
3396.0 1.664125865914958e-17
3397.0 1.6641258499424545e-17
3398.0 1.664125833969951e-17
3399.0 1.6641258179974477e-17
3400.0 1.664125802024945e-17
3401.0 1.6641257860524424e-17
3402.0 1.6641257700799394e-17
3403.0 1.664125754107437e-17
3404.0 1.6641257381349344e-17
3405.0 1.6641257221624323e-17
3406.0 1.6641257061899304e-17
3407.0 1.664125690217429e-17
3408.0 1.6641256742449267e-17
3409.0 1.6641256582724255e-17
3410.0 1.6641256422999242e-17
3411.0 1.6641256263274227e-17
3412.0 1.664125610354922e-17
3413.0 1.6641255943824205e-17
3414.0 1.6641255784099196e-17
3415.0 1.6641255624374193e-17
3416.0 1.664125546464919e-17
3417.0 1.6641255304924177e-17
3418.0 1.6641255145199177e-17
3419.0 1.6641254985474177e-17
3420.0 1.664125482574918e-17
3421.0 1.6641254666024183e-17
3422.0 1.664125450629919e-17
3423.0 1.6641254346574195e-17
3424.0 1.66412541868492e-17
3425.0 1.664125402712421e-17
3426.0 1.6641253867399223e-17
3427.0 1.6641253707674235e-17
3428.0 1.6641253547949244e-17
3429.0 1.664125338822426e-17
3430.0 1.6641253228499278e-17
3431.0 1.6641253068774294e-17
3432.0 1.6641252909049312e-17
3433.0 1.6641252749324333e-17
3434.0 1.6641252589599358e-17
3435.0 1.6641252429874383e-17
3436.0 1.6641252270149407e-17
3437.0 1.6641252110424435e-17
3438.0 1.6641251950699463e-17
3439.0 1.6641251790974493e-17
3440.0 1.6641251631249527e-17
3441.0 1.664125147152456e-17
3442.0 1.6641251311799592e-17
3443.0 1.664125115207463e-17
3444.0 1.6641250992349666e-17
3445.0 1.6641250832624706e-17
3446.0 1.6641250672899743e-17
3447.0 1.664125051317479e-17
3448.0 1.6641250353449835e-17
3449.0 1.6641250193724878e-17
3450.0 1.6641250033999924e-17
3451.0 1.6641249874274977e-17
3452.0 1.6641249714550026e-17
3453.0 1.6641249554825078e-17
3454.0 1.6641249395100134e-17
3455.0 1.664124923537519e-17
3456.0 1.6641249075650238e-17
3457.0 1.66412489159253e-17
3458.0 1.6641248756200358e-17
3459.0 1.664124859647542e-17
3460.0 1.664124843675048e-17
3461.0 1.6641248277025543e-17
3462.0 1.664124811730061e-17
3463.0 1.664124795757568e-17
3464.0 1.6641247797850746e-17
3465.0 1.6641247638125817e-17
3466.0 1.6641247478400888e-17
3467.0 1.6641247318675965e-17
3468.0 1.664124715895104e-17
3469.0 1.6641246999226116e-17
3470.0 1.664124683950119e-17
3471.0 1.664124667977627e-17
3472.0 1.664124652005135e-17
3473.0 1.6641246360326433e-17
3474.0 1.6641246200601513e-17
3475.0 1.66412460408766e-17
3476.0 1.664124588115169e-17
3477.0 1.6641245721426778e-17
3478.0 1.6641245561701867e-17
3479.0 1.6641245401976963e-17
3480.0 1.6641245242252052e-17
3481.0 1.6641245082527147e-17
3482.0 1.6641244922802246e-17
3483.0 1.6641244763077345e-17
3484.0 1.664124460335244e-17
3485.0 1.6641244443627542e-17
3486.0 1.6641244283902643e-17
3487.0 1.6641244124177745e-17
3488.0 1.664124396445285e-17
3489.0 1.6641243804727957e-17
3490.0 1.6641243645003065e-17
3491.0 1.6641243485278176e-17
3492.0 1.664124332555329e-17
3493.0 1.6641243165828404e-17
3494.0 1.6641243006103518e-17
3495.0 1.6641242846378632e-17
3496.0 1.6641242686653752e-17
3497.0 1.6641242526928872e-17
3498.0 1.664124236720399e-17
3499.0 1.6641242207479112e-17
3500.0 1.664124204775424e-17
3501.0 1.664124188802936e-17
3502.0 1.6641241728304485e-17
3503.0 1.6641241568579615e-17
3504.0 1.6641241408854744e-17
3505.0 1.6641241249129876e-17
3506.0 1.664124108940501e-17
3507.0 1.6641240929680144e-17
3508.0 1.664124076995528e-17
3509.0 1.6641240610230422e-17
3510.0 1.664124045050556e-17
3511.0 1.6641240290780696e-17
3512.0 1.6641240131055837e-17
3513.0 1.6641239971330982e-17
3514.0 1.664123981160613e-17
3515.0 1.6641239651881272e-17
3516.0 1.6641239492156423e-17
3517.0 1.664123933243157e-17
3518.0 1.6641239172706725e-17
3519.0 1.664123901298188e-17
3520.0 1.6641238853257033e-17
3521.0 1.664123869353219e-17
3522.0 1.6641238533807347e-17
3523.0 1.6641238374082507e-17
3524.0 1.6641238214357664e-17
3525.0 1.6641238054632827e-17
3526.0 1.664123789490799e-17
3527.0 1.6641237735183157e-17
3528.0 1.6641237575458317e-17
3529.0 1.664123741573349e-17
3530.0 1.664123725600866e-17
3531.0 1.664123709628383e-17
3532.0 1.6641236936559004e-17
3533.0 1.664123677683418e-17
3534.0 1.6641236617109355e-17
3535.0 1.6641236457384534e-17
3536.0 1.6641236297659713e-17
3537.0 1.664123613793489e-17
3538.0 1.6641235978210073e-17
3539.0 1.6641235818485258e-17
3540.0 1.6641235658760443e-17
3541.0 1.6641235499035628e-17
3542.0 1.6641235339310816e-17
3543.0 1.6641235179586003e-17
3544.0 1.6641235019861198e-17
3545.0 1.664123486013639e-17
3546.0 1.6641234700411586e-17
3547.0 1.664123454068678e-17
3548.0 1.664123438096198e-17
3549.0 1.6641234221237177e-17
3550.0 1.664123406151238e-17
3551.0 1.6641233901787578e-17
3552.0 1.6641233742062784e-17
3553.0 1.6641233582337987e-17
3554.0 1.664123342261319e-17
3555.0 1.66412332628884e-17
3556.0 1.664123310316361e-17
3557.0 1.6641232943438822e-17
3558.0 1.6641232783714035e-17
3559.0 1.6641232623989247e-17
3560.0 1.6641232464264466e-17
3561.0 1.6641232304539682e-17
3562.0 1.66412321448149e-17
3563.0 1.6641231985090125e-17
3564.0 1.664123182536534e-17
3565.0 1.6641231665640566e-17
3566.0 1.664123150591579e-17
3567.0 1.6641231346191013e-17
3568.0 1.6641231186466244e-17
3569.0 1.6641231026741472e-17
3570.0 1.6641230867016706e-17
3571.0 1.664123070729194e-17
3572.0 1.664123054756717e-17
3573.0 1.6641230387842408e-17
3574.0 1.6641230228117646e-17
3575.0 1.6641230068392886e-17
3576.0 1.6641229908668123e-17
3577.0 1.6641229748943366e-17
3578.0 1.664122958921861e-17
3579.0 1.664122942949385e-17
3580.0 1.6641229269769097e-17
3581.0 1.6641229110044346e-17
3582.0 1.6641228950319596e-17
3583.0 1.6641228790594848e-17
3584.0 1.66412286308701e-17
3585.0 1.6641228471145357e-17
3586.0 1.6641228311420612e-17
3587.0 1.664122815169587e-17
3588.0 1.664122799197113e-17
3589.0 1.664122783224639e-17
3590.0 1.664122767252165e-17
3591.0 1.6641227512796913e-17
3592.0 1.6641227353072174e-17
3593.0 1.6641227193347442e-17
3594.0 1.664122703362271e-17
3595.0 1.664122687389798e-17
3596.0 1.664122671417325e-17
3597.0 1.6641226554448524e-17
3598.0 1.6641226394723795e-17
3599.0 1.6641226234999075e-17
3600.0 1.6641226075274353e-17
3601.0 1.664122591554963e-17
3602.0 1.6641225755824907e-17
3603.0 1.664122559610019e-17
3604.0 1.6641225436375468e-17
3605.0 1.6641225276650754e-17
3606.0 1.6641225116926044e-17
3607.0 1.664122495720133e-17
3608.0 1.664122479747662e-17
3609.0 1.6641224637751913e-17
3610.0 1.6641224478027206e-17
3611.0 1.6641224318302498e-17
3612.0 1.6641224158577797e-17
3613.0 1.6641223998853093e-17
3614.0 1.664122383912839e-17
3615.0 1.6641223679403687e-17
3616.0 1.6641223519678992e-17
3617.0 1.664122335995429e-17
3618.0 1.6641223200229593e-17
3619.0 1.66412230405049e-17
3620.0 1.664122288078021e-17
3621.0 1.664122272105552e-17
3622.0 1.6641222561330832e-17
3623.0 1.6641222401606146e-17
3624.0 1.6641222241881457e-17
3625.0 1.6641222082156775e-17
3626.0 1.664122192243209e-17
3627.0 1.6641221762707406e-17
3628.0 1.664122160298273e-17
3629.0 1.6641221443258047e-17
3630.0 1.664122128353337e-17
3631.0 1.6641221123808694e-17
3632.0 1.6641220964084024e-17
3633.0 1.664122080435935e-17
3634.0 1.664122064463468e-17
3635.0 1.6641220484910013e-17
3636.0 1.6641220325185345e-17
3637.0 1.6641220165460678e-17
3638.0 1.664122000573601e-17
3639.0 1.664121984601135e-17
3640.0 1.664121968628669e-17
3641.0 1.6641219526562022e-17
3642.0 1.6641219366837367e-17
3643.0 1.6641219207112712e-17
3644.0 1.6641219047388054e-17
3645.0 1.6641218887663402e-17
3646.0 1.664121872793875e-17
3647.0 1.6641218568214098e-17
3648.0 1.664121840848945e-17
3649.0 1.6641218248764804e-17
3650.0 1.6641218089040155e-17
3651.0 1.664121792931551e-17
3652.0 1.6641217769590867e-17
3653.0 1.664121760986622e-17
3654.0 1.664121745014158e-17
3655.0 1.6641217290416945e-17
3656.0 1.664121713069231e-17
3657.0 1.6641216970967675e-17
3658.0 1.6641216811243042e-17
3659.0 1.6641216651518405e-17
3660.0 1.6641216491793775e-17
3661.0 1.6641216332069148e-17
3662.0 1.6641216172344518e-17
3663.0 1.664121601261989e-17
3664.0 1.6641215852895266e-17
3665.0 1.6641215693170642e-17
3666.0 1.664121553344602e-17
3667.0 1.66412153737214e-17
3668.0 1.6641215213996782e-17
3669.0 1.6641215054272164e-17
3670.0 1.664121489454755e-17
3671.0 1.6641214734822938e-17
3672.0 1.6641214575098323e-17
3673.0 1.6641214415373708e-17
3674.0 1.66412142556491e-17
3675.0 1.6641214095924494e-17
3676.0 1.6641213936199885e-17
3677.0 1.664121377647528e-17
3678.0 1.6641213616750677e-17
3679.0 1.6641213457026077e-17
3680.0 1.6641213297301478e-17
3681.0 1.6641213137576878e-17
3682.0 1.6641212977852282e-17
3683.0 1.6641212818127686e-17
3684.0 1.6641212658403092e-17
3685.0 1.66412124986785e-17
3686.0 1.6641212338953906e-17
3687.0 1.664121217922932e-17
3688.0 1.6641212019504725e-17
3689.0 1.664121185978014e-17
3690.0 1.6641211700055554e-17
3691.0 1.6641211540330973e-17
3692.0 1.6641211380606392e-17
3693.0 1.664121122088181e-17
3694.0 1.6641211061157233e-17
3695.0 1.664121090143266e-17
3696.0 1.664121074170808e-17
3697.0 1.6641210581983503e-17
3698.0 1.6641210422258934e-17
3699.0 1.664121026253436e-17
3700.0 1.6641210102809788e-17
3701.0 1.6641209943085222e-17
3702.0 1.6641209783360653e-17
3703.0 1.664120962363609e-17
3704.0 1.6641209463911528e-17
3705.0 1.664120930418697e-17
3706.0 1.6641209144462407e-17
3707.0 1.664120898473785e-17
3708.0 1.6641208825013288e-17
3709.0 1.6641208665288735e-17
3710.0 1.6641208505564178e-17
3711.0 1.6641208345839625e-17
3712.0 1.6641208186115072e-17
3713.0 1.6641208026390525e-17
3714.0 1.6641207866665974e-17
3715.0 1.664120770694143e-17
3716.0 1.6641207547216887e-17
3717.0 1.6641207387492343e-17
3718.0 1.6641207227767802e-17
3719.0 1.6641207068043255e-17
3720.0 1.664120690831872e-17
3721.0 1.6641206748594182e-17
3722.0 1.6641206588869644e-17
3723.0 1.664120642914511e-17
3724.0 1.6641206269420578e-17
3725.0 1.6641206109696046e-17
3726.0 1.6641205949971514e-17
3727.0 1.664120579024699e-17
3728.0 1.6641205630522463e-17
3729.0 1.6641205470797938e-17
3730.0 1.6641205311073415e-17
3731.0 1.664120515134889e-17
3732.0 1.664120499162437e-17
3733.0 1.6641204831899848e-17
3734.0 1.664120467217533e-17
3735.0 1.6641204512450813e-17
3736.0 1.6641204352726302e-17
3737.0 1.664120419300179e-17
3738.0 1.664120403327728e-17
3739.0 1.664120387355277e-17
3740.0 1.6641203713828262e-17
3741.0 1.6641203554103755e-17
3742.0 1.6641203394379248e-17
3743.0 1.6641203234654744e-17
3744.0 1.6641203074930237e-17
3745.0 1.664120291520574e-17
3746.0 1.664120275548124e-17
3747.0 1.664120259575674e-17
3748.0 1.6641202436032246e-17
3749.0 1.6641202276307754e-17
3750.0 1.6641202116583263e-17
3751.0 1.664120195685877e-17
3752.0 1.6641201797134283e-17
3753.0 1.664120163740979e-17
3754.0 1.6641201477685306e-17
3755.0 1.6641201317960817e-17
3756.0 1.6641201158236335e-17
3757.0 1.6641200998511852e-17
3758.0 1.664120083878737e-17
3759.0 1.664120067906289e-17
3760.0 1.6641200519338415e-17
3761.0 1.664120035961394e-17
3762.0 1.6641200199889465e-17
3763.0 1.6641200040164992e-17
3764.0 1.6641199880440516e-17
3765.0 1.664119972071605e-17
3766.0 1.6641199560991576e-17
3767.0 1.6641199401267112e-17
3768.0 1.6641199241542645e-17
3769.0 1.664119908181818e-17
3770.0 1.6641198922093723e-17
3771.0 1.664119876236926e-17
3772.0 1.6641198602644802e-17
3773.0 1.6641198442920347e-17
3774.0 1.664119828319589e-17
3775.0 1.6641198123471432e-17
3776.0 1.664119796374698e-17
3777.0 1.6641197804022526e-17
3778.0 1.6641197644298074e-17
3779.0 1.664119748457363e-17
3780.0 1.664119732484918e-17
3781.0 1.6641197165124738e-17
3782.0 1.6641197005400293e-17
3783.0 1.6641196845675847e-17
3784.0 1.664119668595141e-17
3785.0 1.6641196526226966e-17
3786.0 1.664119636650253e-17
3787.0 1.6641196206778093e-17
3788.0 1.6641196047053657e-17
3789.0 1.6641195887329224e-17
3790.0 1.6641195727604794e-17
3791.0 1.6641195567880364e-17
3792.0 1.6641195408155937e-17
3793.0 1.664119524843151e-17
3794.0 1.6641195088707084e-17
3795.0 1.664119492898266e-17
3796.0 1.6641194769258233e-17
3797.0 1.6641194609533815e-17
3798.0 1.6641194449809398e-17
3799.0 1.6641194290084974e-17
3800.0 1.6641194130360562e-17
3801.0 1.6641193970636145e-17
3802.0 1.6641193810911733e-17
3803.0 1.6641193651187322e-17
3804.0 1.6641193491462913e-17
3805.0 1.6641193331738502e-17
3806.0 1.6641193172014096e-17
3807.0 1.664119301228969e-17
3808.0 1.6641192852565286e-17
3809.0 1.664119269284088e-17
3810.0 1.6641192533116478e-17
3811.0 1.6641192373392082e-17
3812.0 1.6641192213667683e-17
3813.0 1.6641192053943287e-17
3814.0 1.664119189421889e-17
3815.0 1.6641191734494498e-17
3816.0 1.6641191574770108e-17
3817.0 1.6641191415045715e-17
3818.0 1.6641191255321328e-17
3819.0 1.664119109559694e-17
3820.0 1.664119093587255e-17
3821.0 1.6641190776148167e-17
3822.0 1.6641190616423787e-17
3823.0 1.6641190456699406e-17
3824.0 1.6641190296975025e-17
3825.0 1.6641190137250648e-17
3826.0 1.6641189977526273e-17
3827.0 1.66411898178019e-17
3828.0 1.664118965807752e-17
3829.0 1.6641189498353153e-17
3830.0 1.6641189338628778e-17
3831.0 1.664118917890441e-17
3832.0 1.6641189019180045e-17
3833.0 1.6641188859455676e-17
3834.0 1.6641188699731314e-17
3835.0 1.6641188540006955e-17
3836.0 1.6641188380282593e-17
3837.0 1.6641188220558234e-17
3838.0 1.6641188060833872e-17
3839.0 1.6641187901109516e-17
3840.0 1.664118774138516e-17
3841.0 1.6641187581660804e-17
3842.0 1.6641187421936457e-17
3843.0 1.6641187262212104e-17
3844.0 1.6641187102487757e-17
3845.0 1.6641186942763407e-17
3846.0 1.6641186783039067e-17
3847.0 1.664118662331472e-17
3848.0 1.6641186463590376e-17
3849.0 1.6641186303866032e-17
3850.0 1.6641186144141695e-17
3851.0 1.6641185984417354e-17
3852.0 1.6641185824693017e-17
3853.0 1.6641185664968682e-17
3854.0 1.664118550524435e-17
3855.0 1.6641185345520017e-17
3856.0 1.6641185185795688e-17
3857.0 1.664118502607136e-17
3858.0 1.6641184866347032e-17
3859.0 1.6641184706622706e-17
3860.0 1.664118454689838e-17
3861.0 1.6641184387174053e-17
3862.0 1.6641184227449734e-17
3863.0 1.6641184067725415e-17
3864.0 1.66411839080011e-17
3865.0 1.664118374827678e-17
3866.0 1.6641183588552467e-17
3867.0 1.6641183428828154e-17
3868.0 1.664118326910384e-17
3869.0 1.6641183109379528e-17
3870.0 1.6641182949655222e-17
3871.0 1.664118278993091e-17
3872.0 1.6641182630206605e-17
3873.0 1.6641182470482298e-17
3874.0 1.6641182310757998e-17
3875.0 1.6641182151033697e-17
3876.0 1.6641181991309397e-17
3877.0 1.6641181831585102e-17
3878.0 1.6641181671860805e-17
3879.0 1.6641181512136504e-17
3880.0 1.6641181352412213e-17
3881.0 1.6641181192687916e-17
3882.0 1.6641181032963627e-17
3883.0 1.664118087323934e-17
3884.0 1.6641180713515054e-17
3885.0 1.6641180553790766e-17
3886.0 1.6641180394066484e-17
3887.0 1.6641180234342202e-17
3888.0 1.6641180074617923e-17
3889.0 1.6641179914893637e-17
3890.0 1.664117975516936e-17
3891.0 1.664117959544508e-17
3892.0 1.6641179435720807e-17
3893.0 1.6641179275996534e-17
3894.0 1.6641179116272258e-17
3895.0 1.6641178956547988e-17
3896.0 1.6641178796823722e-17
3897.0 1.6641178637099455e-17
3898.0 1.6641178477375188e-17
3899.0 1.6641178317650925e-17
3900.0 1.6641178157926658e-17
3901.0 1.6641177998202398e-17
3902.0 1.6641177838478134e-17
3903.0 1.6641177678753877e-17
3904.0 1.664117751902962e-17
3905.0 1.6641177359305365e-17
3906.0 1.6641177199581114e-17
3907.0 1.6641177039856862e-17
3908.0 1.6641176880132614e-17
3909.0 1.6641176720408357e-17
3910.0 1.6641176560684115e-17
3911.0 1.664117640095986e-17
3912.0 1.664117624123562e-17
3913.0 1.6641176081511376e-17
3914.0 1.6641175921787137e-17
3915.0 1.6641175762062895e-17
3916.0 1.664117560233866e-17
3917.0 1.664117544261442e-17
3918.0 1.6641175282890185e-17
3919.0 1.664117512316595e-17
3920.0 1.664117496344172e-17
3921.0 1.6641174803717483e-17
3922.0 1.6641174643993257e-17
3923.0 1.6641174484269027e-17
3924.0 1.66411743245448e-17
3925.0 1.664117416482058e-17
3926.0 1.6641174005096357e-17
3927.0 1.6641173845372136e-17
3928.0 1.6641173685647913e-17
3929.0 1.6641173525923695e-17
3930.0 1.6641173366199478e-17
3931.0 1.6641173206475258e-17
3932.0 1.6641173046751043e-17
3933.0 1.6641172887026835e-17
3934.0 1.6641172727302624e-17
3935.0 1.6641172567578416e-17
3936.0 1.6641172407854208e-17
3937.0 1.664117224813e-17
3938.0 1.6641172088405795e-17
3939.0 1.6641171928681593e-17
3940.0 1.6641171768957388e-17
3941.0 1.664117160923319e-17
3942.0 1.664117144950899e-17
3943.0 1.6641171289784794e-17
3944.0 1.6641171130060598e-17
3945.0 1.6641170970336406e-17
3946.0 1.6641170810612213e-17
3947.0 1.6641170650888023e-17
3948.0 1.664117049116383e-17
3949.0 1.6641170331439644e-17
3950.0 1.6641170171715454e-17
3951.0 1.664117001199127e-17
3952.0 1.6641169852267084e-17
3953.0 1.6641169692542904e-17
3954.0 1.6641169532818727e-17
3955.0 1.6641169373094546e-17
3956.0 1.6641169213370372e-17
3957.0 1.6641169053646192e-17
3958.0 1.664116889392202e-17
3959.0 1.6641168734197846e-17
3960.0 1.6641168574473672e-17
3961.0 1.6641168414749504e-17
3962.0 1.664116825502534e-17
3963.0 1.664116809530117e-17
3964.0 1.6641167935577006e-17
3965.0 1.6641167775852844e-17
3966.0 1.6641167616128685e-17
3967.0 1.6641167456404517e-17
3968.0 1.6641167296680362e-17
3969.0 1.6641167136956203e-17
3970.0 1.6641166977232047e-17
3971.0 1.664116681750789e-17
3972.0 1.664116665778374e-17
3973.0 1.664116649805959e-17
3974.0 1.664116633833544e-17
3975.0 1.6641166178611293e-17
3976.0 1.6641166018887144e-17
3977.0 1.6641165859163e-17
3978.0 1.6641165699438857e-17
3979.0 1.664116553971471e-17
3980.0 1.6641165379990573e-17
3981.0 1.6641165220266433e-17
3982.0 1.6641165060542296e-17
3983.0 1.664116490081816e-17
3984.0 1.6641164741094027e-17
3985.0 1.6641164581369896e-17
3986.0 1.6641164421645762e-17
3987.0 1.6641164261921634e-17
3988.0 1.6641164102197503e-17
3989.0 1.6641163942473375e-17
3990.0 1.664116378274925e-17
3991.0 1.6641163623025128e-17
3992.0 1.6641163463301006e-17
3993.0 1.6641163303576885e-17
3994.0 1.6641163143852772e-17
3995.0 1.664116298412865e-17
3996.0 1.6641162824404535e-17
3997.0 1.664116266468042e-17
3998.0 1.6641162504956306e-17
3999.0 1.6641162345232194e-17
4000.0 1.6641162185508084e-17
4001.0 1.6641162025783975e-17
4002.0 1.664116186605987e-17
4003.0 1.6641161706335768e-17
4004.0 1.6641161546611662e-17
4005.0 1.6641161386887558e-17
4006.0 1.664116122716346e-17
4007.0 1.6641161067439358e-17
4008.0 1.664116090771526e-17
4009.0 1.6641160747991163e-17
4010.0 1.6641160588267072e-17
4011.0 1.6641160428542978e-17
4012.0 1.6641160268818887e-17
4013.0 1.6641160109094796e-17
4014.0 1.6641159949370708e-17
4015.0 1.664115978964662e-17
4016.0 1.6641159629922536e-17
4017.0 1.664115947019845e-17
4018.0 1.6641159310474366e-17
4019.0 1.664115915075029e-17
4020.0 1.664115899102621e-17
4021.0 1.6641158831302133e-17
4022.0 1.6641158671578057e-17
4023.0 1.6641158511853982e-17
4024.0 1.664115835212991e-17
4025.0 1.6641158192405834e-17
4026.0 1.6641158032681764e-17
4027.0 1.6641157872957695e-17
4028.0 1.664115771323363e-17
4029.0 1.6641157553509568e-17
4030.0 1.6641157393785502e-17
4031.0 1.664115723406144e-17
4032.0 1.6641157074337378e-17
4033.0 1.664115691461332e-17
4034.0 1.6641156754889258e-17
4035.0 1.6641156595165204e-17
4036.0 1.6641156435441153e-17
4037.0 1.66411562757171e-17
4038.0 1.6641156115993048e-17
4039.0 1.6641155956269e-17
4040.0 1.664115579654495e-17
4041.0 1.66411556368209e-17
4042.0 1.6641155477096856e-17
4043.0 1.664115531737281e-17
4044.0 1.6641155157648767e-17
4045.0 1.6641154997924728e-17
4046.0 1.6641154838200686e-17
4047.0 1.664115467847665e-17
4048.0 1.6641154518752615e-17
4049.0 1.6641154359028583e-17
4050.0 1.6641154199304547e-17
4051.0 1.6641154039580515e-17
4052.0 1.6641153879856482e-17
4053.0 1.6641153720132453e-17
4054.0 1.664115356040843e-17
4055.0 1.6641153400684404e-17
4056.0 1.664115324096038e-17
4057.0 1.664115308123636e-17
4058.0 1.664115292151234e-17
4059.0 1.6641152761788314e-17
4060.0 1.6641152602064297e-17
4061.0 1.664115244234028e-17
4062.0 1.6641152282616266e-17
4063.0 1.6641152122892255e-17
4064.0 1.664115196316824e-17
4065.0 1.6641151803444233e-17
4066.0 1.6641151643720225e-17
4067.0 1.6641151483996217e-17
4068.0 1.664115132427221e-17
4069.0 1.6641151164548205e-17
4070.0 1.66411510048242e-17
4071.0 1.66411508451002e-17
4072.0 1.6641150685376203e-17
4073.0 1.6641150525652204e-17
4074.0 1.664115036592821e-17
4075.0 1.6641150206204216e-17
4076.0 1.6641150046480224e-17
4077.0 1.664114988675623e-17
4078.0 1.664114972703224e-17
4079.0 1.6641149567308247e-17
4080.0 1.664114940758426e-17
4081.0 1.6641149247860274e-17
4082.0 1.664114908813629e-17
4083.0 1.664114892841231e-17
4084.0 1.6641148768688328e-17
4085.0 1.6641148608964348e-17
4086.0 1.664114844924037e-17
4087.0 1.6641148289516394e-17
4088.0 1.6641148129792417e-17
4089.0 1.6641147970068443e-17
4090.0 1.6641147810344475e-17
4091.0 1.6641147650620504e-17
4092.0 1.6641147490896537e-17
4093.0 1.664114733117257e-17
4094.0 1.66411471714486e-17
4095.0 1.6641147011724636e-17
4096.0 1.6641146852000675e-17
4097.0 1.664114669227671e-17
4098.0 1.6641146532552752e-17
4099.0 1.6641146372828796e-17
4100.0 1.6641146213104838e-17
4101.0 1.6641146053380885e-17
4102.0 1.664114589365693e-17
4103.0 1.664114573393298e-17
4104.0 1.6641145574209028e-17
4105.0 1.6641145414485076e-17
4106.0 1.664114525476113e-17
4107.0 1.6641145095037187e-17
4108.0 1.664114493531324e-17
4109.0 1.66411447755893e-17
4110.0 1.6641144615865357e-17
4111.0 1.664114445614142e-17
4112.0 1.664114429641748e-17
4113.0 1.6641144136693543e-17
4114.0 1.6641143976969603e-17
4115.0 1.6641143817245673e-17
4116.0 1.6641143657521742e-17
4117.0 1.664114349779781e-17
4118.0 1.6641143338073883e-17
4119.0 1.664114317834996e-17
4120.0 1.6641143018626034e-17
4121.0 1.6641142858902103e-17
4122.0 1.6641142699178182e-17
4123.0 1.6641142539454257e-17
4124.0 1.664114237973034e-17
4125.0 1.6641142220006423e-17
4126.0 1.6641142060282508e-17
4127.0 1.6641141900558593e-17
4128.0 1.6641141740834677e-17
4129.0 1.6641141581110765e-17
4130.0 1.6641141421386856e-17
4131.0 1.6641141261662944e-17
4132.0 1.6641141101939034e-17
4133.0 1.6641140942215128e-17
4134.0 1.6641140782491225e-17
4135.0 1.6641140622767325e-17
4136.0 1.6641140463043425e-17
4137.0 1.6641140303319525e-17
4138.0 1.6641140143595625e-17
4139.0 1.664113998387173e-17
4140.0 1.664113982414783e-17
4141.0 1.6641139664423935e-17
4142.0 1.6641139504700044e-17
4143.0 1.6641139344976153e-17
4144.0 1.6641139185252266e-17
4145.0 1.6641139025528378e-17
4146.0 1.664113886580449e-17
4147.0 1.6641138706080606e-17
4148.0 1.664113854635672e-17
4149.0 1.6641138386632843e-17
4150.0 1.664113822690896e-17
4151.0 1.6641138067185086e-17
4152.0 1.664113790746121e-17
4153.0 1.6641137747737336e-17
4154.0 1.6641137588013463e-17
4155.0 1.6641137428289588e-17
4156.0 1.6641137268565716e-17
4157.0 1.6641137108841847e-17
4158.0 1.6641136949117977e-17
4159.0 1.664113678939411e-17
4160.0 1.664113662967025e-17
4161.0 1.664113646994639e-17
4162.0 1.6641136310222526e-17
4163.0 1.6641136150498663e-17
4164.0 1.664113599077481e-17
4165.0 1.664113583105095e-17
4166.0 1.6641135671327092e-17
4167.0 1.6641135511603238e-17
4168.0 1.6641135351879388e-17
4169.0 1.6641135192155537e-17
4170.0 1.664113503243169e-17
4171.0 1.6641134872707842e-17
4172.0 1.6641134712983994e-17
4173.0 1.664113455326015e-17
4174.0 1.6641134393536302e-17
4175.0 1.6641134233812464e-17
4176.0 1.6641134074088622e-17
4177.0 1.6641133914364787e-17
4178.0 1.664113375464095e-17
4179.0 1.6641133594917117e-17
4180.0 1.6641133435193278e-17
4181.0 1.6641133275469446e-17
4182.0 1.6641133115745614e-17
4183.0 1.6641132956021782e-17
4184.0 1.664113279629796e-17
4185.0 1.6641132636574133e-17
4186.0 1.6641132476850307e-17
4187.0 1.6641132317126484e-17
4188.0 1.664113215740266e-17
4189.0 1.664113199767884e-17
4190.0 1.664113183795502e-17
4191.0 1.6641131678231205e-17
4192.0 1.6641131518507388e-17
4193.0 1.6641131358783577e-17
4194.0 1.6641131199059764e-17
4195.0 1.6641131039335956e-17
4196.0 1.6641130879612146e-17
4197.0 1.6641130719888335e-17
4198.0 1.664113056016453e-17
4199.0 1.6641130400440723e-17
4200.0 1.664113024071692e-17
4201.0 1.664113008099312e-17
4202.0 1.664112992126932e-17
4203.0 1.664112976154552e-17
4204.0 1.6641129601821725e-17
4205.0 1.6641129442097927e-17
4206.0 1.6641129282374132e-17
4207.0 1.664112912265034e-17
4208.0 1.6641128962926548e-17
4209.0 1.6641128803202762e-17
4210.0 1.6641128643478976e-17
4211.0 1.6641128483755187e-17
4212.0 1.66411283240314e-17
4213.0 1.6641128164307618e-17
4214.0 1.6641128004583835e-17
4215.0 1.6641127844860055e-17
4216.0 1.6641127685136273e-17
4217.0 1.6641127525412496e-17
4218.0 1.6641127365688722e-17
4219.0 1.664112720596495e-17
4220.0 1.6641127046241178e-17
4221.0 1.6641126886517404e-17
4222.0 1.6641126726793637e-17
4223.0 1.6641126567069866e-17
4224.0 1.6641126407346102e-17
4225.0 1.6641126247622335e-17
4226.0 1.6641126087898573e-17
4227.0 1.6641125928174812e-17
4228.0 1.6641125768451054e-17
4229.0 1.664112560872729e-17
4230.0 1.6641125449003534e-17
4231.0 1.6641125289279776e-17
4232.0 1.664112512955602e-17
4233.0 1.664112496983227e-17
4234.0 1.6641124810108523e-17
4235.0 1.6641124650384774e-17
4236.0 1.6641124490661025e-17
4237.0 1.664112433093728e-17
4238.0 1.664112417121353e-17
4239.0 1.6641124011489787e-17
4240.0 1.664112385176604e-17
4241.0 1.6641123692042305e-17
4242.0 1.6641123532318565e-17
4243.0 1.664112337259483e-17
4244.0 1.6641123212871095e-17
4245.0 1.664112305314736e-17
4246.0 1.6641122893423628e-17
4247.0 1.6641122733699894e-17
4248.0 1.6641122573976164e-17
4249.0 1.6641122414252436e-17
4250.0 1.6641122254528712e-17
4251.0 1.6641122094804985e-17
4252.0 1.6641121935081263e-17
4253.0 1.6641121775357542e-17
4254.0 1.6641121615633818e-17
4255.0 1.6641121455910103e-17
4256.0 1.6641121296186382e-17
4257.0 1.6641121136462663e-17
4258.0 1.664112097673895e-17
4259.0 1.664112081701524e-17
4260.0 1.664112065729153e-17
4261.0 1.664112049756782e-17
4262.0 1.664112033784411e-17
4263.0 1.6641120178120404e-17
4264.0 1.6641120018396695e-17
4265.0 1.6641119858672992e-17
4266.0 1.6641119698949293e-17
4267.0 1.6641119539225593e-17
4268.0 1.6641119379501896e-17
4269.0 1.6641119219778197e-17
4270.0 1.66411190600545e-17
4271.0 1.6641118900330803e-17
4272.0 1.664111874060711e-17
4273.0 1.6641118580883416e-17
4274.0 1.664111842115973e-17
4275.0 1.6641118261436045e-17
4276.0 1.6641118101712354e-17
4277.0 1.6641117941988673e-17
4278.0 1.664111778226499e-17
4279.0 1.6641117622541305e-17
4280.0 1.664111746281762e-17
4281.0 1.6641117303093945e-17
4282.0 1.6641117143370267e-17
4283.0 1.664111698364659e-17
4284.0 1.6641116823922917e-17
4285.0 1.6641116664199242e-17
4286.0 1.664111650447557e-17
4287.0 1.66411163447519e-17
4288.0 1.6641116185028233e-17
4289.0 1.6641116025304567e-17
4290.0 1.66411158655809e-17
4291.0 1.664111570585724e-17
4292.0 1.6641115546133576e-17
4293.0 1.6641115386409913e-17
4294.0 1.6641115226686257e-17
4295.0 1.6641115066962597e-17
4296.0 1.664111490723894e-17
4297.0 1.6641114747515284e-17
4298.0 1.6641114587791634e-17
4299.0 1.664111442806798e-17
4300.0 1.6641114268344333e-17
4301.0 1.6641114108620682e-17
4302.0 1.6641113948897035e-17
4303.0 1.6641113789173388e-17
4304.0 1.6641113629449744e-17
4305.0 1.6641113469726103e-17
4306.0 1.664111331000246e-17
4307.0 1.6641113150278823e-17
4308.0 1.664111299055519e-17
4309.0 1.6641112830831547e-17
4310.0 1.6641112671107916e-17
4311.0 1.664111251138428e-17
4312.0 1.664111235166065e-17
4313.0 1.6641112191937023e-17
4314.0 1.6641112032213394e-17
4315.0 1.664111187248977e-17
4316.0 1.6641111712766143e-17
4317.0 1.6641111553042514e-17
4318.0 1.6641111393318894e-17
4319.0 1.664111123359527e-17
4320.0 1.6641111073871652e-17
4321.0 1.6641110914148036e-17
4322.0 1.664111075442442e-17
4323.0 1.6641110594700806e-17
4324.0 1.664111043497719e-17
4325.0 1.664111027525358e-17
4326.0 1.6641110115529966e-17
4327.0 1.664110995580636e-17
4328.0 1.664110979608275e-17
4329.0 1.6641109636359147e-17
4330.0 1.6641109476635543e-17
4331.0 1.6641109316911945e-17
4332.0 1.6641109157188338e-17
4333.0 1.664110899746474e-17
4334.0 1.664110883774114e-17
4335.0 1.6641108678017544e-17
4336.0 1.664110851829395e-17
4337.0 1.664110835857036e-17
4338.0 1.664110819884677e-17
4339.0 1.664110803912318e-17
4340.0 1.6641107879399588e-17
4341.0 1.6641107719676e-17
4342.0 1.6641107559952414e-17
4343.0 1.6641107400228828e-17
4344.0 1.664110724050525e-17
4345.0 1.6641107080781666e-17
4346.0 1.664110692105809e-17
4347.0 1.6641106761334507e-17
4348.0 1.6641106601610934e-17
4349.0 1.6641106441887354e-17
4350.0 1.6641106282163784e-17
4351.0 1.6641106122440214e-17
4352.0 1.664110596271664e-17
4353.0 1.6641105802993076e-17
4354.0 1.6641105643269506e-17
4355.0 1.6641105483545942e-17
4356.0 1.6641105323822378e-17
4357.0 1.664110516409881e-17
4358.0 1.6641105004375253e-17
4359.0 1.6641104844651695e-17
4360.0 1.6641104684928134e-17
4361.0 1.664110452520458e-17
4362.0 1.6641104365481027e-17
4363.0 1.664110420575747e-17
4364.0 1.6641104046033918e-17
4365.0 1.6641103886310366e-17
4366.0 1.664110372658682e-17
4367.0 1.664110356686327e-17
4368.0 1.6641103407139726e-17
4369.0 1.6641103247416184e-17
4370.0 1.6641103087692638e-17
4371.0 1.66411029279691e-17
4372.0 1.6641102768245553e-17
4373.0 1.6641102608522017e-17
4374.0 1.664110244879848e-17
4375.0 1.6641102289074947e-17
4376.0 1.6641102129351414e-17
4377.0 1.6641101969627887e-17
4378.0 1.6641101809904353e-17
4379.0 1.6641101650180823e-17
4380.0 1.6641101490457296e-17
4381.0 1.664110133073377e-17
4382.0 1.6641101171010245e-17
4383.0 1.6641101011286724e-17
4384.0 1.6641100851563206e-17
4385.0 1.6641100691839682e-17
4386.0 1.6641100532116164e-17
4387.0 1.6641100372392643e-17
4388.0 1.6641100212669132e-17
4389.0 1.6641100052945617e-17
4390.0 1.6641099893222105e-17
4391.0 1.6641099733498597e-17
4392.0 1.6641099573775088e-17
4393.0 1.664109941405158e-17
4394.0 1.6641099254328074e-17
4395.0 1.6641099094604568e-17
4396.0 1.6641098934881063e-17
4397.0 1.6641098775157566e-17
4398.0 1.6641098615434067e-17
4399.0 1.6641098455710568e-17
4400.0 1.6641098295987068e-17
4401.0 1.6641098136263572e-17
4402.0 1.6641097976540076e-17
4403.0 1.664109781681659e-17
4404.0 1.66410976570931e-17
4405.0 1.664109749736961e-17
4406.0 1.6641097337646125e-17
4407.0 1.6641097177922637e-17
4408.0 1.664109701819915e-17
4409.0 1.6641096858475663e-17
4410.0 1.6641096698752186e-17
4411.0 1.6641096539028708e-17
4412.0 1.6641096379305227e-17
4413.0 1.6641096219581752e-17
4414.0 1.6641096059858277e-17
4415.0 1.66410959001348e-17
4416.0 1.664109574041133e-17
4417.0 1.6641095580687856e-17
4418.0 1.664109542096439e-17
4419.0 1.6641095261240922e-17
4420.0 1.664109510151746e-17
4421.0 1.664109494179399e-17
4422.0 1.6641094782070526e-17
4423.0 1.6641094622347067e-17
4424.0 1.6641094462623604e-17
4425.0 1.6641094302900148e-17
4426.0 1.664109414317669e-17
4427.0 1.6641093983453236e-17
4428.0 1.6641093823729786e-17
4429.0 1.6641093664006332e-17
4430.0 1.664109350428288e-17
4431.0 1.6641093344559432e-17
4432.0 1.6641093184835982e-17
4433.0 1.6641093025112535e-17
4434.0 1.664109286538909e-17
4435.0 1.664109270566565e-17
4436.0 1.6641092545942207e-17
4437.0 1.664109238621877e-17
4438.0 1.664109222649533e-17
4439.0 1.664109206677189e-17
4440.0 1.6641091907048456e-17
4441.0 1.6641091747325024e-17
4442.0 1.664109158760159e-17
4443.0 1.664109142787816e-17
4444.0 1.664109126815473e-17
4445.0 1.6641091108431304e-17
4446.0 1.6641090948707872e-17
4447.0 1.664109078898445e-17
4448.0 1.6641090629261028e-17
4449.0 1.6641090469537608e-17
4450.0 1.664109030981419e-17
4451.0 1.664109015009077e-17
4452.0 1.664108999036735e-17
4453.0 1.6641089830643935e-17
4454.0 1.6641089670920518e-17
4455.0 1.6641089511197108e-17
4456.0 1.6641089351473698e-17
4457.0 1.664108919175029e-17
4458.0 1.6641089032026885e-17
4459.0 1.6641088872303478e-17
4460.0 1.664108871258007e-17
4461.0 1.6641088552856664e-17
4462.0 1.6641088393133263e-17
4463.0 1.6641088233409865e-17
4464.0 1.6641088073686465e-17
4465.0 1.664108791396307e-17
4466.0 1.6641087754239672e-17
4467.0 1.6641087594516278e-17
4468.0 1.6641087434792883e-17
4469.0 1.6641087275069492e-17
4470.0 1.6641087115346106e-17
4471.0 1.664108695562272e-17
4472.0 1.6641086795899332e-17
4473.0 1.6641086636175947e-17
4474.0 1.6641086476452565e-17
4475.0 1.664108631672918e-17
4476.0 1.66410861570058e-17
4477.0 1.664108599728242e-17
4478.0 1.6641085837559048e-17
4479.0 1.6641085677835672e-17
4480.0 1.6641085518112296e-17
4481.0 1.6641085358388923e-17
4482.0 1.664108519866555e-17
4483.0 1.6641085038942183e-17
4484.0 1.6641084879218813e-17
4485.0 1.664108471949545e-17
4486.0 1.6641084559772082e-17
4487.0 1.664108440004872e-17
4488.0 1.6641084240325358e-17
4489.0 1.6641084080601994e-17
4490.0 1.664108392087864e-17
4491.0 1.6641083761155282e-17
4492.0 1.6641083601431927e-17
4493.0 1.6641083441708576e-17
4494.0 1.664108328198522e-17
4495.0 1.6641083122261867e-17
4496.0 1.6641082962538518e-17
4497.0 1.664108280281517e-17
4498.0 1.6641082643091825e-17
4499.0 1.664108248336848e-17
4500.0 1.6641082323645137e-17
4501.0 1.6641082163921795e-17
4502.0 1.6641082004198453e-17
4503.0 1.6641081844475114e-17
4504.0 1.6641081684751775e-17
4505.0 1.6641081525028442e-17
4506.0 1.6641081365305106e-17
4507.0 1.6641081205581776e-17
4508.0 1.6641081045858446e-17
4509.0 1.6641080886135113e-17
4510.0 1.664108072641178e-17
4511.0 1.6641080566688456e-17
4512.0 1.6641080406965132e-17
4513.0 1.664108024724181e-17
4514.0 1.6641080087518488e-17
4515.0 1.664107992779517e-17
4516.0 1.6641079768071847e-17
4517.0 1.664107960834853e-17
4518.0 1.6641079448625215e-17
4519.0 1.6641079288901897e-17
4520.0 1.664107912917859e-17
4521.0 1.6641078969455277e-17
4522.0 1.6641078809731972e-17
4523.0 1.6641078650008658e-17
4524.0 1.664107849028535e-17
4525.0 1.6641078330562047e-17
4526.0 1.6641078170838742e-17
4527.0 1.664107801111544e-17
4528.0 1.664107785139214e-17
4529.0 1.6641077691668845e-17
4530.0 1.6641077531945546e-17
4531.0 1.6641077372222244e-17
4532.0 1.664107721249895e-17
4533.0 1.664107705277566e-17
4534.0 1.6641076893052368e-17
4535.0 1.664107673332908e-17
4536.0 1.6641076573605794e-17
4537.0 1.6641076413882505e-17
4538.0 1.6641076254159218e-17
4539.0 1.6641076094435934e-17
4540.0 1.6641075934712654e-17
4541.0 1.6641075774989373e-17
4542.0 1.6641075615266096e-17
4543.0 1.664107545554282e-17
4544.0 1.664107529581954e-17
4545.0 1.6641075136096263e-17
4546.0 1.6641074976372992e-17
4547.0 1.664107481664972e-17
4548.0 1.6641074656926452e-17
4549.0 1.6641074497203184e-17
4550.0 1.664107433747992e-17
4551.0 1.664107417775665e-17
4552.0 1.6641074018033385e-17
4553.0 1.6641073858310123e-17
4554.0 1.6641073698586864e-17
4555.0 1.6641073538863605e-17
4556.0 1.6641073379140352e-17
4557.0 1.6641073219417093e-17
4558.0 1.6641073059693837e-17
4559.0 1.664107289997058e-17
4560.0 1.6641072740247332e-17
4561.0 1.6641072580524082e-17
4562.0 1.6641072420800835e-17
4563.0 1.664107226107759e-17
4564.0 1.6641072101354342e-17
4565.0 1.6641071941631098e-17
4566.0 1.6641071781907855e-17
4567.0 1.6641071622184614e-17
4568.0 1.6641071462461374e-17
4569.0 1.664107130273814e-17
4570.0 1.6641071143014905e-17
4571.0 1.6641070983291667e-17
4572.0 1.6641070823568436e-17
4573.0 1.6641070663845202e-17
4574.0 1.664107050412197e-17
4575.0 1.6641070344398745e-17
4576.0 1.6641070184675517e-17
4577.0 1.6641070024952295e-17
4578.0 1.6641069865229067e-17
4579.0 1.6641069705505845e-17
4580.0 1.6641069545782623e-17
4581.0 1.6641069386059404e-17
4582.0 1.6641069226336188e-17
4583.0 1.6641069066612972e-17
4584.0 1.664106890688976e-17
4585.0 1.6641068747166544e-17
4586.0 1.664106858744333e-17
4587.0 1.6641068427720118e-17
4588.0 1.6641068267996914e-17
4589.0 1.6641068108273705e-17
4590.0 1.66410679485505e-17
4591.0 1.66410677888273e-17
4592.0 1.664106762910409e-17
4593.0 1.664106746938089e-17
4594.0 1.664106730965769e-17
4595.0 1.6641067149934496e-17
4596.0 1.66410669902113e-17
4597.0 1.6641066830488107e-17
4598.0 1.664106667076491e-17
4599.0 1.664106651104172e-17
4600.0 1.6641066351318524e-17
4601.0 1.664106619159534e-17
4602.0 1.6641066031872154e-17
4603.0 1.664106587214897e-17
4604.0 1.6641065712425787e-17
4605.0 1.6641065552702602e-17
4606.0 1.664106539297942e-17
4607.0 1.664106523325624e-17
4608.0 1.6641065073533062e-17
4609.0 1.6641064913809887e-17
4610.0 1.6641064754086714e-17
4611.0 1.664106459436354e-17
4612.0 1.6641064434640368e-17
4613.0 1.66410642749172e-17
4614.0 1.664106411519403e-17
4615.0 1.664106395547086e-17
4616.0 1.6641063795747693e-17
4617.0 1.6641063636024532e-17
4618.0 1.664106347630137e-17
4619.0 1.6641063316578205e-17
4620.0 1.6641063156855045e-17
4621.0 1.6641062997131888e-17
4622.0 1.6641062837408734e-17
4623.0 1.664106267768558e-17
4624.0 1.6641062517962425e-17
4625.0 1.664106235823927e-17
4626.0 1.6641062198516123e-17
4627.0 1.6641062038792972e-17
4628.0 1.6641061879069827e-17
4629.0 1.6641061719346682e-17
4630.0 1.6641061559623537e-17
4631.0 1.6641061399900398e-17
4632.0 1.6641061240177253e-17
4633.0 1.6641061080454114e-17
4634.0 1.6641060920730975e-17
4635.0 1.664106076100784e-17
4636.0 1.6641060601284704e-17
4637.0 1.664106044156157e-17
4638.0 1.664106028183844e-17
4639.0 1.664106012211531e-17
4640.0 1.664105996239218e-17
4641.0 1.664105980266905e-17
4642.0 1.6641059642945926e-17
4643.0 1.6641059483222803e-17
4644.0 1.6641059323499682e-17
4645.0 1.6641059163776556e-17
4646.0 1.664105900405344e-17
4647.0 1.6641058844330318e-17
4648.0 1.66410586846072e-17
4649.0 1.6641058524884087e-17
4650.0 1.6641058365160976e-17
4651.0 1.6641058205437864e-17
4652.0 1.664105804571475e-17
4653.0 1.664105788599164e-17
4654.0 1.6641057726268534e-17
4655.0 1.6641057566545426e-17
4656.0 1.6641057406822327e-17
4657.0 1.6641057247099223e-17
4658.0 1.664105708737612e-17
4659.0 1.6641056927653022e-17
4660.0 1.664105676792992e-17
4661.0 1.6641056608206827e-17
4662.0 1.6641056448483732e-17
4663.0 1.664105628876064e-17
4664.0 1.664105612903755e-17
4665.0 1.6641055969314454e-17
4666.0 1.6641055809591367e-17
4667.0 1.6641055649868278e-17
4668.0 1.664105549014519e-17
4669.0 1.6641055330422108e-17
4670.0 1.6641055170699028e-17
4671.0 1.6641055010975948e-17
4672.0 1.6641054851252864e-17
4673.0 1.664105469152978e-17
4674.0 1.6641054531806707e-17
4675.0 1.6641054372083636e-17
4676.0 1.664105421236056e-17
4677.0 1.6641054052637487e-17
4678.0 1.664105389291442e-17
4679.0 1.6641053733191348e-17
4680.0 1.6641053573468277e-17
4681.0 1.6641053413745216e-17
4682.0 1.664105325402215e-17
4683.0 1.664105309429909e-17
4684.0 1.6641052934576027e-17
4685.0 1.6641052774852965e-17
4686.0 1.6641052615129907e-17
4687.0 1.664105245540685e-17
4688.0 1.6641052295683795e-17
4689.0 1.664105213596074e-17
4690.0 1.664105197623769e-17
4691.0 1.664105181651464e-17
4692.0 1.664105165679159e-17
4693.0 1.6641051497068542e-17
4694.0 1.6641051337345495e-17
4695.0 1.664105117762245e-17
4696.0 1.664105101789941e-17
4697.0 1.664105085817637e-17
4698.0 1.6641050698453325e-17
4699.0 1.6641050538730285e-17
4700.0 1.664105037900725e-17
4701.0 1.6641050219284217e-17
4702.0 1.6641050059561183e-17
4703.0 1.6641049899838152e-17
4704.0 1.6641049740115118e-17
4705.0 1.664104958039209e-17
4706.0 1.664104942066906e-17
4707.0 1.6641049260946034e-17
4708.0 1.664104910122301e-17
4709.0 1.6641048941499988e-17
4710.0 1.6641048781776966e-17
4711.0 1.6641048622053944e-17
4712.0 1.6641048462330925e-17
4713.0 1.664104830260791e-17
4714.0 1.6641048142884897e-17
4715.0 1.6641047983161885e-17
4716.0 1.6641047823438872e-17
4717.0 1.6641047663715857e-17
4718.0 1.6641047503992844e-17
4719.0 1.664104734426984e-17
4720.0 1.6641047184546835e-17
4721.0 1.664104702482383e-17
4722.0 1.6641046865100828e-17
4723.0 1.6641046705377828e-17
4724.0 1.6641046545654825e-17
4725.0 1.6641046385931825e-17
4726.0 1.6641046226208828e-17
4727.0 1.6641046066485834e-17
4728.0 1.664104590676284e-17
4729.0 1.664104574703985e-17
4730.0 1.6641045587316858e-17
4731.0 1.6641045427593867e-17
4732.0 1.664104526787088e-17
4733.0 1.6641045108147894e-17
4734.0 1.664104494842491e-17
4735.0 1.6641044788701928e-17
4736.0 1.6641044628978943e-17
4737.0 1.664104446925596e-17
4738.0 1.6641044309532983e-17
4739.0 1.6641044149810007e-17
4740.0 1.6641043990087032e-17
4741.0 1.664104383036406e-17
4742.0 1.6641043670641087e-17
4743.0 1.6641043510918114e-17
4744.0 1.6641043351195142e-17
4745.0 1.6641043191472176e-17
4746.0 1.6641043031749213e-17
4747.0 1.6641042872026246e-17
4748.0 1.6641042712303286e-17
4749.0 1.664104255258032e-17
4750.0 1.664104239285736e-17
4751.0 1.66410422331344e-17
4752.0 1.6641042073411443e-17
4753.0 1.6641041913688492e-17
4754.0 1.6641041753965538e-17
4755.0 1.664104159424258e-17
4756.0 1.6641041434519633e-17
4757.0 1.664104127479668e-17
4758.0 1.664104111507373e-17
4759.0 1.664104095535079e-17
4760.0 1.6641040795627845e-17
4761.0 1.6641040635904897e-17
4762.0 1.6641040476181956e-17
4763.0 1.6641040316459017e-17
4764.0 1.6641040156736075e-17
4765.0 1.664103999701314e-17
4766.0 1.6641039837290205e-17
4767.0 1.6641039677567272e-17
4768.0 1.664103951784434e-17
4769.0 1.66410393581214e-17
4770.0 1.6641039198398475e-17
4771.0 1.664103903867555e-17
4772.0 1.6641038878952623e-17
4773.0 1.66410387192297e-17
4774.0 1.6641038559506773e-17
4775.0 1.6641038399783847e-17
4776.0 1.6641038240060927e-17
4777.0 1.664103808033801e-17
4778.0 1.6641037920615093e-17
4779.0 1.6641037760892182e-17
4780.0 1.6641037601169265e-17
4781.0 1.664103744144635e-17
4782.0 1.6641037281723438e-17
4783.0 1.664103712200053e-17
4784.0 1.6641036962277622e-17
4785.0 1.6641036802554717e-17
4786.0 1.664103664283181e-17
4787.0 1.6641036483108905e-17
4788.0 1.6641036323386004e-17
4789.0 1.6641036163663105e-17
4790.0 1.664103600394021e-17
4791.0 1.664103584421731e-17
4792.0 1.6641035684494416e-17
4793.0 1.6641035524771517e-17
4794.0 1.6641035365048625e-17
4795.0 1.6641035205325733e-17
4796.0 1.6641035045602843e-17
4797.0 1.664103488587996e-17
4798.0 1.6641034726157074e-17
4799.0 1.6641034566434185e-17
4800.0 1.66410344067113e-17
4801.0 1.6641034246988416e-17
4802.0 1.664103408726554e-17
4803.0 1.6641033927542662e-17
4804.0 1.6641033767819782e-17
4805.0 1.6641033608096905e-17
4806.0 1.664103344837403e-17
4807.0 1.6641033288651157e-17
4808.0 1.6641033128928287e-17
4809.0 1.664103296920542e-17
4810.0 1.664103280948255e-17
4811.0 1.664103264975968e-17
4812.0 1.664103249003682e-17
4813.0 1.664103233031395e-17
4814.0 1.664103217059109e-17
4815.0 1.664103201086823e-17
4816.0 1.6641031851145373e-17
4817.0 1.6641031691422515e-17
4818.0 1.6641031531699656e-17
4819.0 1.6641031371976804e-17
4820.0 1.664103121225395e-17
4821.0 1.6641031052531103e-17
4822.0 1.664103089280825e-17
4823.0 1.66410307330854e-17
4824.0 1.6641030573362555e-17
4825.0 1.6641030413639706e-17
4826.0 1.6641030253916863e-17
4827.0 1.6641030094194023e-17
4828.0 1.6641029934471183e-17
4829.0 1.6641029774748346e-17
4830.0 1.6641029615025503e-17
4831.0 1.6641029455302666e-17
4832.0 1.6641029295579836e-17
4833.0 1.6641029135857002e-17
4834.0 1.664102897613417e-17
4835.0 1.6641028816411344e-17
4836.0 1.664102865668851e-17
4837.0 1.6641028496965682e-17
4838.0 1.664102833724286e-17
4839.0 1.6641028177520036e-17
4840.0 1.6641028017797215e-17
4841.0 1.6641027858074396e-17
4842.0 1.6641027698351572e-17
4843.0 1.6641027538628754e-17
4844.0 1.6641027378905938e-17
4845.0 1.6641027219183126e-17
4846.0 1.6641027059460314e-17
4847.0 1.6641026899737505e-17
4848.0 1.664102674001469e-17
4849.0 1.6641026580291877e-17
4850.0 1.6641026420569074e-17
4851.0 1.6641026260846268e-17
4852.0 1.6641026101123468e-17
4853.0 1.6641025941400665e-17
4854.0 1.664102578167786e-17
4855.0 1.664102562195506e-17
4856.0 1.6641025462232263e-17
4857.0 1.664102530250947e-17
4858.0 1.6641025142786675e-17
4859.0 1.6641024983063882e-17
4860.0 1.6641024823341088e-17
4861.0 1.6641024663618297e-17
4862.0 1.664102450389551e-17
4863.0 1.6641024344172722e-17
4864.0 1.6641024184449938e-17
4865.0 1.6641024024727156e-17
4866.0 1.6641023865004372e-17
4867.0 1.6641023705281587e-17
4868.0 1.664102354555881e-17
4869.0 1.664102338583603e-17
4870.0 1.6641023226113256e-17
4871.0 1.6641023066390487e-17
4872.0 1.6641022906667708e-17
4873.0 1.6641022746944936e-17
4874.0 1.6641022587222167e-17
4875.0 1.6641022427499398e-17
4876.0 1.664102226777663e-17
4877.0 1.6641022108053866e-17
4878.0 1.6641021948331103e-17
4879.0 1.6641021788608337e-17
4880.0 1.6641021628885577e-17
4881.0 1.6641021469162818e-17
4882.0 1.6641021309440058e-17
4883.0 1.6641021149717307e-17
4884.0 1.664102098999455e-17
4885.0 1.6641020830271794e-17
4886.0 1.664102067054904e-17
4887.0 1.6641020510826296e-17
4888.0 1.6641020351103545e-17
4889.0 1.66410201913808e-17
4890.0 1.6641020031658053e-17
4891.0 1.6641019871935306e-17
4892.0 1.664101971221256e-17
4893.0 1.6641019552489823e-17
4894.0 1.6641019392767085e-17
4895.0 1.664101923304435e-17
4896.0 1.664101907332161e-17
4897.0 1.664101891359887e-17
4898.0 1.6641018753876138e-17
4899.0 1.6641018594153406e-17
4900.0 1.664101843443068e-17
4901.0 1.6641018274707954e-17
4902.0 1.6641018114985222e-17
4903.0 1.6641017955262496e-17
4904.0 1.6641017795539773e-17
4905.0 1.6641017635817048e-17
4906.0 1.664101747609433e-17
4907.0 1.664101731637161e-17
4908.0 1.664101715664889e-17
4909.0 1.6641016996926172e-17
4910.0 1.6641016837203458e-17
4911.0 1.6641016677480747e-17
4912.0 1.6641016517758037e-17
4913.0 1.6641016358035326e-17
4914.0 1.6641016198312616e-17
4915.0 1.6641016038589905e-17
4916.0 1.66410158788672e-17
4917.0 1.66410157191445e-17
4918.0 1.66410155594218e-17
4919.0 1.6641015399699094e-17
4920.0 1.6641015239976396e-17
4921.0 1.6641015080253695e-17
4922.0 1.6641014920530997e-17
4923.0 1.6641014760808305e-17
4924.0 1.6641014601085613e-17
4925.0 1.6641014441362917e-17
4926.0 1.664101428164023e-17
4927.0 1.6641014121917537e-17
4928.0 1.664101396219485e-17
4929.0 1.6641013802472165e-17
4930.0 1.6641013642749482e-17
4931.0 1.66410134830268e-17
4932.0 1.664101332330412e-17
4933.0 1.6641013163581434e-17
4934.0 1.6641013003858757e-17
4935.0 1.664101284413608e-17
4936.0 1.664101268441341e-17
4937.0 1.6641012524690733e-17
4938.0 1.6641012364968063e-17
4939.0 1.664101220524539e-17
4940.0 1.6641012045522722e-17
4941.0 1.6641011885800055e-17
4942.0 1.664101172607739e-17
4943.0 1.6641011566354726e-17
4944.0 1.6641011406632062e-17
4945.0 1.6641011246909398e-17
4946.0 1.664101108718674e-17
4947.0 1.6641010927464084e-17
4948.0 1.6641010767741426e-17
4949.0 1.6641010608018768e-17
4950.0 1.6641010448296113e-17
4951.0 1.664101028857346e-17
4952.0 1.6641010128850815e-17
4953.0 1.6641009969128167e-17
4954.0 1.664100980940552e-17
4955.0 1.664100964968287e-17
4956.0 1.6641009489960223e-17
4957.0 1.664100933023758e-17
4958.0 1.6641009170514944e-17
4959.0 1.6641009010792304e-17
4960.0 1.6641008851069664e-17
4961.0 1.6641008691347025e-17
4962.0 1.6641008531624388e-17
4963.0 1.6641008371901758e-17
4964.0 1.6641008212179124e-17
4965.0 1.6641008052456494e-17
4966.0 1.6641007892733867e-17
4967.0 1.6641007733011236e-17
4968.0 1.664100757328861e-17
4969.0 1.6641007413565988e-17
4970.0 1.6641007253843367e-17
4971.0 1.6641007094120743e-17
4972.0 1.664100693439812e-17
4973.0 1.6641006774675503e-17
4974.0 1.6641006614952885e-17
4975.0 1.664100645523027e-17
4976.0 1.6641006295507658e-17
4977.0 1.664100613578505e-17
4978.0 1.6641005976062435e-17
4979.0 1.6641005816339823e-17
4980.0 1.6641005656617217e-17
4981.0 1.664100549689461e-17
4982.0 1.664100533717201e-17
4983.0 1.6641005177449406e-17
4984.0 1.6641005017726803e-17
4985.0 1.66410048580042e-17
4986.0 1.66410046982816e-17
4987.0 1.6641004538559008e-17
4988.0 1.664100437883641e-17
4989.0 1.6641004219113818e-17
4990.0 1.6641004059391227e-17
4991.0 1.664100389966863e-17
4992.0 1.6641003739946044e-17
4993.0 1.6641003580223456e-17
4994.0 1.6641003420500872e-17
4995.0 1.6641003260778288e-17
4996.0 1.66410031010557e-17
4997.0 1.664100294133312e-17
4998.0 1.6641002781610542e-17
4999.0 1.6641002621887964e-17
5000.0 1.6641002462165386e-17
5001.0 1.664100230244281e-17
5002.0 1.6641002142720233e-17
5003.0 1.664100198299766e-17
5004.0 1.664100182327509e-17
5005.0 1.6641001663552523e-17
5006.0 1.6641001503829958e-17
5007.0 1.664100134410739e-17
5008.0 1.664100118438482e-17
5009.0 1.6641001024662258e-17
5010.0 1.6641000864939698e-17
5011.0 1.664100070521714e-17
5012.0 1.664100054549458e-17
5013.0 1.6641000385772026e-17
5014.0 1.6641000226049466e-17
5015.0 1.6641000066326916e-17
5016.0 1.6640999906604363e-17
5017.0 1.6640999746881812e-17
5018.0 1.664099958715926e-17
5019.0 1.664099942743671e-17
5020.0 1.6640999267714162e-17
5021.0 1.6640999107991617e-17
5022.0 1.6640998948269076e-17
5023.0 1.664099878854654e-17
5024.0 1.6640998628823994e-17
5025.0 1.6640998469101453e-17
5026.0 1.664099830937892e-17
5027.0 1.6640998149656387e-17
5028.0 1.6640997989933852e-17
5029.0 1.6640997830211317e-17
5030.0 1.6640997670488785e-17
5031.0 1.6640997510766256e-17
5032.0 1.6640997351043728e-17
5033.0 1.6640997191321202e-17
5034.0 1.664099703159868e-17
5035.0 1.6640996871876154e-17
5036.0 1.664099671215363e-17
5037.0 1.6640996552431112e-17
5038.0 1.6640996392708593e-17
5039.0 1.6640996232986076e-17
5040.0 1.6640996073263557e-17
5041.0 1.6640995913541047e-17
5042.0 1.664099575381853e-17
5043.0 1.664099559409602e-17
5044.0 1.6640995434373513e-17
5045.0 1.6640995274651006e-17
5046.0 1.6640995114928495e-17
5047.0 1.6640994955205995e-17
5048.0 1.6640994795483487e-17
5049.0 1.6640994635760986e-17
5050.0 1.664099447603849e-17
5051.0 1.6640994316315988e-17
5052.0 1.664099415659349e-17
5053.0 1.664099399687099e-17
5054.0 1.6640993837148497e-17
5055.0 1.6640993677426005e-17
5056.0 1.6640993517703517e-17
5057.0 1.6640993357981025e-17
5058.0 1.664099319825854e-17
5059.0 1.6640993038536048e-17
5059.33 1.47e-17
5062.62 1.3319e-17
5065.92 1.7351e-17
5069.22 1.5356e-17
5072.51 9.2858e-18
5075.81 8.9613e-18
5079.1 8.8909e-18
5082.4 5.1754e-18
5085.7 6.0376e-18
5088.99 1.2791e-17
5092.29 1.7636e-17
5095.58 1.7849e-17
5098.88 1.2683e-17
5102.18 9.4893e-18
5105.47 1.1773e-17
5108.77 1.7527e-17
5112.06 2.1278e-17
5115.36 2.1275e-17
5118.66 1.8593e-17
5121.95 1.6806e-17
5125.25 1.514e-17
5128.54 1.8191e-17
5131.84 1.9057e-17
5135.14 1.8443e-17
5138.43 1.8422e-17
5141.73 1.7795e-17
5145.02 2.0389e-17
5148.32 2.0758e-17
5151.62 2.1496e-17
5154.91 2.6195e-17
5158.21 2.5576e-17
5161.5 2.5885e-17
5164.8 2.736e-17
5168.09 2.4536e-17
5171.39 2.2127e-17
5174.69 2.2362e-17
5177.98 2.4589e-17
5181.28 2.3758e-17
5184.57 2.3192e-17
5187.87 2.5657e-17
5191.17 2.5313e-17
5194.46 2.1584e-17
5197.76 1.9816e-17
5201.05 1.7658e-17
5204.35 1.2774e-17
5207.65 1.2288e-17
5210.94 1.4699e-17
5214.24 1.5255e-17
5217.53 1.5302e-17
5220.83 1.6931e-17
5224.13 1.7634e-17
5227.42 1.6085e-17
5230.72 1.3734e-17
5234.01 1.4507e-17
5237.31 1.6854e-17
5240.61 1.5817e-17
5243.9 1.5268e-17
5247.2 1.3987e-17
5250.49 1.3076e-17
5253.79 1.3797e-17
5257.09 1.4139e-17
5260.38 1.515e-17
5263.68 1.6452e-17
5266.97 1.7589e-17
5270.27 1.8577e-17
5273.57 1.912e-17
5276.86 2.0474e-17
5280.16 2.0222e-17
5283.45 1.9547e-17
5286.75 1.8261e-17
5290.05 1.6642e-17
5293.34 1.5723e-17
5296.64 1.479e-17
5299.93 1.4199e-17
5303.23 1.4771e-17
5306.53 1.6289e-17
5309.82 1.5823e-17
5313.12 1.5382e-17
5316.41 1.5178e-17
5319.71 1.5951e-17
5323.01 1.6336e-17
5326.3 1.5338e-17
5329.6 1.6075e-17
5332.89 1.6932e-17
5336.19 1.6819e-17
5339.49 1.6493e-17
5342.78 1.552e-17
5346.08 1.3497e-17
5349.37 1.4404e-17
5352.67 1.4937e-17
5355.97 1.3859e-17
5359.26 1.3062e-17
5362.56 1.3137e-17
5365.85 1.3904e-17
5369.15 1.308e-17
5372.45 1.2331e-17
5375.74 1.3427e-17
5379.04 1.4725e-17
5382.33 1.4477e-17
5385.63 1.3658e-17
5388.93 1.4014e-17
5392.22 1.4011e-17
5395.52 1.3932e-17
5398.81 1.4103e-17
5402.11 1.3623e-17
5405.41 1.3277e-17
5408.7 1.2298e-17
5412.0 1.1534e-17
5415.29 1.2272e-17
5418.59 1.3144e-17
5421.89 1.317e-17
5425.18 1.237e-17
5428.48 1.1389e-17
5431.77 1.1669e-17
5435.07 1.2904e-17
5438.37 1.323e-17
5441.66 1.2652e-17
5444.96 1.267e-17
5448.25 1.1508e-17
5451.55 1.1709e-17
5454.85 1.148e-17
5458.14 1.1097e-17
5461.44 1.2932e-17
5464.73 1.5512e-17
5468.03 1.3596e-17
5471.32 1.105e-17
5474.62 1.2443e-17
5477.92 1.3223e-17
5481.21 1.2036e-17
5484.51 1.1373e-17
5487.8 1.1151e-17
5491.1 1.13e-17
5494.4 1.1951e-17
5497.69 1.2393e-17
5500.99 1.2512e-17
5504.28 1.1648e-17
5507.58 1.154e-17
5510.88 1.2421e-17
5514.17 1.1907e-17
5517.47 1.2135e-17
5520.76 1.2079e-17
5524.06 1.1998e-17
5527.36 1.1397e-17
5530.65 1.1256e-17
5533.95 1.3079e-17
5537.24 1.4559e-17
5540.54 1.3696e-17
5543.84 1.2895e-17
5547.13 1.3425e-17
5550.43 1.37e-17
5553.72 1.3159e-17
5557.02 1.2891e-17
5560.32 1.5291e-17
5563.61 1.871e-17
5566.91 1.6634e-17
5570.2 1.2385e-17
5573.5 1.0732e-17
5576.8 1.0365e-17
5580.09 1.0947e-17
5583.39 1.3181e-17
5586.68 1.3432e-17
5589.98 1.4051e-17
5593.28 1.498e-17
5596.57 1.5756e-17
5599.87 1.5435e-17
5603.16 1.4622e-17
5606.46 1.4962e-17
5609.76 1.5599e-17
5613.05 1.4805e-17
5616.35 1.3673e-17
5619.64 1.254e-17
5622.94 1.3992e-17
5626.24 1.4638e-17
5629.53 1.1963e-17
5632.83 1.1402e-17
5636.12 1.2356e-17
5639.42 1.2694e-17
5642.72 1.2273e-17
5646.01 1.2005e-17
5649.31 1.2113e-17
5652.6 1.2374e-17
5655.9 1.2263e-17
5659.2 1.3131e-17
5662.49 1.4722e-17
5665.79 1.3767e-17
5669.08 1.2793e-17
5672.38 1.3044e-17
5675.68 1.3767e-17
5678.97 1.4542e-17
5682.27 1.5665e-17
5685.56 1.461e-17
5688.86 1.2131e-17
5692.16 1.1213e-17
5695.45 1.0834e-17
5698.75 1.0678e-17
5702.04 1.1081e-17
5705.34 1.1555e-17
5708.64 1.2854e-17
5711.93 1.3367e-17
5715.23 1.3101e-17
5718.52 1.2604e-17
5721.82 1.2305e-17
5725.12 1.1993e-17
5728.41 1.1139e-17
5731.71 1.1429e-17
5735.0 1.2439e-17
5738.3 1.2125e-17
5741.6 1.1887e-17
5744.89 1.205e-17
5748.19 1.1894e-17
5751.48 1.166e-17
5754.78 1.1495e-17
5758.08 1.1924e-17
5761.37 1.2047e-17
5764.67 1.2058e-17
5767.96 1.1867e-17
5771.26 1.2009e-17
5774.56 1.2143e-17
5777.85 1.1673e-17
5781.15 1.1434e-17
5784.44 1.162e-17
5787.74 1.11e-17
5791.03 9.9952e-18
5794.33 9.4035e-18
5797.63 9.0739e-18
5800.92 9.0876e-18
5804.22 8.9642e-18
5807.51 8.3121e-18
5810.81 7.2797e-18
5814.11 6.3455e-18
5817.4 6.3357e-18
5820.7 6.0095e-18
5823.99 5.2286e-18
5827.29 3.6739e-18
5830.59 3.3211e-18
5833.88 4.3423e-18
5837.18 4.5643e-18
5840.47 4.1744e-18
5843.77 4.3483e-18
5847.07 4.0777e-18
5850.36 3.5578e-18
5853.66 3.8481e-18
5856.95 4.2508e-18
5860.25 4.833e-18
5863.55 5.2127e-18
5866.84 6.4966e-18
5870.14 6.2631e-18
5873.43 5.3422e-18
5876.73 6.1209e-18
5880.03 7.6174e-18
5883.32 7.3153e-18
5886.62 4.317e-18
5889.91 1.6682e-18
5893.21 2.0543e-18
5896.51 5.7704e-18
5899.8 1.003e-17
5903.1 1.2946e-17
5906.39 1.6193e-17
5909.69 2.018e-17
5912.99 2.36e-17
5916.28 2.4147e-17
5919.58 2.4878e-17
5922.87 2.7227e-17
5926.17 2.6553e-17
5929.47 2.4434e-17
5932.76 2.4061e-17
5936.06 2.4343e-17
5939.35 2.3752e-17
5942.65 2.2121e-17
5945.95 2.2279e-17
5949.24 2.3396e-17
5952.54 2.1967e-17
5955.83 2.1095e-17
5959.13 2.1097e-17
5962.43 1.8611e-17
5965.72 1.7974e-17
5969.02 1.9207e-17
5972.31 1.8582e-17
5975.61 1.638e-17
5978.91 1.7595e-17
5982.2 1.9244e-17
5985.5 1.7382e-17
5988.79 1.581e-17
5992.09 1.5512e-17
5995.39 1.5172e-17
5998.68 1.5234e-17
6001.98 1.5081e-17
6005.27 1.4426e-17
6008.57 1.4553e-17
6011.87 1.5067e-17
6015.16 1.428e-17
6018.46 1.3174e-17
6021.75 1.3024e-17
6025.05 1.1649e-17
6028.35 1.122e-17
6031.64 1.2494e-17
6034.94 1.2792e-17
6038.23 1.2114e-17
6041.53 1.1008e-17
6044.83 1.1616e-17
6048.12 1.2307e-17
6051.42 1.2471e-17
6054.71 1.2588e-17
6058.01 1.2658e-17
6061.31 1.0927e-17
6064.6 8.9798e-18
6067.9 9.0511e-18
6071.19 9.8091e-18
6074.49 9.7822e-18
6077.79 9.0845e-18
6081.08 9.9921e-18
6084.38 1.0289e-17
6087.67 8.4371e-18
6090.97 8.1971e-18
6094.27 8.5524e-18
6097.56 7.0619e-18
6100.86 6.9979e-18
6104.15 9.6033e-18
6107.45 1.0542e-17
6110.74 9.8919e-18
6114.04 1.0402e-17
6117.34 1.136e-17
6120.63 1.0946e-17
6123.93 1.0214e-17
6127.22 1.046e-17
6130.52 1.1444e-17
6133.82 1.1798e-17
6137.11 1.3507e-17
6140.41 1.4429e-17
6143.7 1.1385e-17
6147.0 1.0059e-17
6150.3 1.2421e-17
6153.59 1.3832e-17
6156.89 1.3785e-17
6160.18 1.4188e-17
6163.48 1.4803e-17
6166.78 1.3733e-17
6170.07 1.3435e-17
6173.37 1.4337e-17
6176.66 1.4931e-17
6179.96 1.559e-17
6183.26 1.616e-17
6186.55 1.5804e-17
6189.85 1.5184e-17
6193.14 1.5756e-17
6196.44 1.6504e-17
6199.74 1.558e-17
6203.03 1.3885e-17
6206.33 1.393e-17
6209.62 1.404e-17
6212.92 1.4275e-17
6216.22 1.4811e-17
6219.51 1.3908e-17
6222.81 1.3628e-17
6226.1 1.3665e-17
6229.4 1.346e-17
6232.7 1.3027e-17
6235.99 1.3979e-17
6239.29 1.5694e-17
6242.58 1.4867e-17
6245.88 1.3806e-17
6249.18 1.3615e-17
6252.47 1.3704e-17
6255.77 1.2713e-17
6259.06 1.2027e-17
6262.36 1.3352e-17
6265.66 1.5071e-17
6268.95 1.496e-17
6272.25 1.3999e-17
6275.54 1.4395e-17
6278.84 1.4515e-17
6282.14 1.4394e-17
6285.43 1.6495e-17
6288.73 1.7307e-17
6292.02 1.5964e-17
6295.32 1.5238e-17
6298.62 1.4739e-17
6301.91 1.4361e-17
6305.21 1.6757e-17
6308.5 1.939e-17
6311.8 2.4669e-17
6315.1 3.3096e-17
6318.39 4.1625e-17
6321.69 4.9874e-17
6324.98 5.5188e-17
6328.28 5.6195e-17
6331.58 5.2164e-17
6334.87 4.5591e-17
6338.17 4.0634e-17
6341.46 3.8932e-17
6344.76 4.0604e-17
6348.06 4.2e-17
6351.35 4.0056e-17
6354.65 3.5984e-17
6357.94 3.0582e-17
6361.24 2.6056e-17
6364.54 2.3433e-17
6367.83 2.2423e-17
6371.13 2.1672e-17
6374.42 2.2092e-17
6377.72 2.5061e-17
6381.02 2.9181e-17
6384.31 3.3987e-17
6387.61 3.8471e-17
6390.9 3.892e-17
6394.2 3.79e-17
6397.5 3.6644e-17
6400.79 3.4109e-17
6404.09 3.1974e-17
6407.38 3.3186e-17
6410.68 3.3659e-17
6413.98 3.232e-17
6417.27 3.1212e-17
6420.57 2.8956e-17
6423.86 2.5442e-17
6427.16 2.3418e-17
6430.45 2.1988e-17
6433.75 1.8525e-17
6437.05 1.6335e-17
6440.34 1.7109e-17
6443.64 1.8332e-17
6446.93 1.8154e-17
6450.23 1.849e-17
6453.53 1.817e-17
6456.82 1.8096e-17
6460.12 1.6982e-17
6463.41 1.6054e-17
6466.71 1.5441e-17
6470.01 1.4723e-17
6473.3 1.5526e-17
6476.6 1.7164e-17
6479.89 1.8427e-17
6483.19 1.852e-17
6486.49 1.8697e-17
6489.78 1.8054e-17
6493.08 1.7579e-17
6496.37 1.7763e-17
6499.67 1.6911e-17
6502.97 1.5206e-17
6506.26 1.4284e-17
6509.56 1.4685e-17
6512.85 1.4729e-17
6516.15 2.8638e-17
6519.45 2.3243e-17
6522.74 1.9858e-17
6526.04 1.9877e-17
6529.33 2.0353e-17
6532.63 1.8599e-17
6535.93 1.8165e-17
6539.22 1.8034e-17
6542.52 1.6258e-17
6545.81 1.6365e-17
6549.11 1.6952e-17
6552.41 1.6475e-17
6555.7 1.5991e-17
6559.0 1.4565e-17
6562.29 1.3696e-17
6565.59 1.3032e-17
6568.89 1.2665e-17
6572.18 1.2584e-17
6575.48 1.2536e-17
6578.77 1.2489e-17
6582.07 1.2522e-17
6585.37 1.3332e-17
6621.62 1.3042e-17
6624.92 1.2089e-17
6628.21 1.2707e-17
6631.51 1.3217e-17
6634.81 1.3112e-17
6638.1 1.3272e-17
6641.4 1.3366e-17
6644.69 1.4034e-17
6647.99 1.6239e-17
6651.29 1.7846e-17
6654.58 1.8202e-17
6657.88 1.7083e-17
6661.17 1.7173e-17
6664.47 1.7926e-17
6667.77 1.7192e-17
6671.06 1.6104e-17
6674.36 1.3933e-17
6677.65 1.2637e-17
6680.95 1.2276e-17
6684.25 1.283e-17
6687.54 1.3519e-17
6690.84 1.6952e-17
6694.13 1.6475e-17
6697.43 1.5991e-17
6700.73 1.4565e-17
6704.02 1.3696e-17
6707.32 1.3032e-17
6710.61 1.2665e-17
6713.91 1.2584e-17
6717.21 1.2536e-17
6720.5 1.2489e-17
6723.8 1.2522e-17
6727.09 1.3332e-17
6730.39 1.3042e-17
6733.68 1.2089e-17
6736.98 1.2707e-17
6740.28 1.3217e-17
6743.57 1.3112e-17
6746.87 1.3272e-17
6750.16 1.3366e-17
6753.46 1.4034e-17
6756.76 1.6239e-17
6760.05 1.7846e-17
6763.35 1.8202e-17
6766.64 1.7083e-17
6769.94 1.7173e-17
6773.24 1.7926e-17
6776.53 1.7192e-17
6779.83 1.6104e-17
6783.12 1.3933e-17
6786.42 1.2637e-17
6789.72 1.2276e-17
6793.01 1.283e-17
6796.31 1.3519e-17
6799.6 1.2543e-17
6802.9 1.2095e-17
6806.2 1.2625e-17
6809.49 1.2166e-17
6812.79 9.7729e-18
6816.08 8.9042e-18
6819.38 1.0866e-17
6822.68 1.3295e-17
6825.97 1.3226e-17
6829.27 1.0359e-17
6832.56 8.3671e-18
6835.86 7.5612e-18
6839.16 8.6703e-18
6842.45 1.0423e-17
6845.75 1.0346e-17
6849.04 1.0955e-17
6852.34 1.3055e-17
6855.64 1.2867e-17
6858.93 1.0003e-17
6862.23 8.8704e-18
6865.52 9.7185e-18
6868.82 9.9399e-18
6872.12 8.6031e-18
6875.41 8.9453e-18
6878.71 9.8884e-18
6882.0 1.0274e-17
6885.3 1.0947e-17
6888.6 1.0299e-17
6891.89 8.5569e-18
6895.19 7.9143e-18
6898.48 7.2461e-18
6901.78 8.6673e-18
6905.08 9.8001e-18
6908.37 8.7424e-18
6911.67 8.6896e-18
6914.96 9.4162e-18
6918.26 1.0188e-17
6921.56 9.9014e-18
6924.85 9.219e-18
6928.15 7.7755e-18
6931.44 6.7229e-18
6934.74 7.3544e-18
6938.04 8.7604e-18
6941.33 8.7508e-18
6944.63 7.9003e-18
6947.92 7.4054e-18
6951.22 7.7582e-18
6954.52 9.2032e-18
6957.81 1.028e-17
6961.11 1.0225e-17
6964.4 9.5181e-18
6967.7 9.804e-18
6971.0 9.6043e-18
6974.29 1.0027e-17
6977.59 1.0104e-17
6980.88 8.6825e-18
6984.18 9.3883e-18
6987.48 1.0275e-17
6990.77 9.8273e-18
6994.07 1.0706e-17
6997.36 1.1628e-17
7000.66 1.0207e-17
7003.96 7.5478e-18
7007.25 8.636e-18
7010.55 1.165e-17
7013.84 1.2153e-17
7017.14 1.2365e-17
7020.44 1.2168e-17
7023.73 1.1766e-17
7027.03 1.2324e-17
7030.32 1.3464e-17
7033.62 1.4163e-17
7036.92 1.3188e-17
7040.21 1.2742e-17
7043.51 1.365e-17
7046.8 1.3377e-17
7050.1 1.2347e-17
7053.39 1.1708e-17
7056.69 1.214e-17
7059.99 1.1143e-17
7063.28 9.8269e-18
7066.58 1.1472e-17
7069.87 1.2507e-17
7073.17 1.1692e-17
7076.47 1.1161e-17
7079.76 1.2031e-17
7083.06 1.2781e-17
7086.35 1.402e-17
7089.65 1.5386e-17
7092.95 1.4802e-17
7096.24 1.3812e-17
7099.54 1.2629e-17
7102.83 1.2837e-17
7106.13 1.551e-17
7109.43 1.6335e-17
7112.72 1.5403e-17
7116.02 1.4018e-17
7119.31 1.3823e-17
7122.61 1.3746e-17
7125.91 1.4225e-17
7129.2 1.4284e-17
7132.5 1.3313e-17
7135.79 1.2625e-17
7139.09 1.23e-17
7142.39 1.1468e-17
7145.68 1.0531e-17
7148.98 1.0628e-17
7152.27 1.2224e-17
7155.57 1.4543e-17
7158.87 1.5162e-17
7162.16 1.3125e-17
7165.46 1.2362e-17
7168.75 1.3667e-17
7172.05 1.4524e-17
7175.35 1.6171e-17
7178.64 1.8206e-17
7181.94 1.8748e-17
7185.23 1.8261e-17
7188.53 1.9189e-17
7191.83 2.0838e-17
7195.12 1.9325e-17
7198.42 1.7409e-17
7201.71 1.807e-17
7205.01 1.9099e-17
7208.31 1.9015e-17
7211.6 1.7845e-17
7214.9 1.5711e-17
7218.19 1.4955e-17
7221.49 1.7044e-17
7224.79 1.7538e-17
7228.08 1.475e-17
7231.38 1.2902e-17
7234.67 1.1986e-17
7237.97 1.1481e-17
7241.27 1.2793e-17
7244.56 1.5256e-17
7247.86 1.6221e-17
7251.15 1.3926e-17
7254.45 1.3003e-17
7257.75 1.3691e-17
7261.04 1.2958e-17
7264.34 1.2617e-17
7267.63 1.2752e-17
7270.93 1.2649e-17
7274.23 1.1378e-17
7277.52 9.7661e-18
7280.82 1.0365e-17
7284.11 1.3457e-17
7287.41 1.5918e-17
7290.71 1.7651e-17
7294.0 1.8158e-17
7297.3 1.679e-17
7300.59 1.8244e-17
7303.89 2.3188e-17
7307.19 2.9345e-17
7310.48 3.802e-17
7313.78 4.6361e-17
7317.07 5.363e-17
7320.37 6.017e-17
7323.67 6.4724e-17
7326.96 6.424e-17
7330.26 5.9004e-17
7333.55 5.4227e-17
7336.85 5.2148e-17
7340.15 5.4505e-17
7343.44 5.9215e-17
7346.74 6.5532e-17
7350.03 7.3606e-17
7353.33 8.2211e-17
7356.63 8.5432e-17
7359.92 7.9352e-17
7363.22 6.9019e-17
7366.51 5.9271e-17
7369.81 4.9366e-17
7373.1 4.2228e-17
7376.4 3.9576e-17
7379.7 3.9353e-17
7382.99 4.0379e-17
7386.29 4.06e-17
7389.58 4.0013e-17
7392.88 3.7598e-17
7396.18 3.208e-17
7399.47 2.5622e-17
7402.77 2.0352e-17
7406.06 1.893e-17
7409.36 1.82e-17
7412.66 1.8041e-17
7415.95 1.846e-17
7419.25 1.7897e-17
7422.54 1.755e-17
7425.84 1.947e-17
7429.14 2.0203e-17
7432.43 1.7528e-17
7435.73 1.6121e-17
7439.02 1.7018e-17
7442.32 1.7112e-17
7445.62 1.5841e-17
7448.91 1.5072e-17
7452.21 1.5761e-17
7455.5 1.6442e-17
7458.8 1.6187e-17
7462.1 1.6974e-17
7465.39 2.1933e-17
7468.69 2.426e-17
7471.98 1.8706e-17
7475.28 1.5236e-17
7478.58 1.6695e-17
7481.87 1.6902e-17
7485.17 1.6711e-17
7488.46 1.5605e-17
7491.76 1.3653e-17
7495.06 1.3527e-17
7498.35 1.5724e-17
7501.65 1.7227e-17
7504.94 1.5887e-17
7508.24 1.4322e-17
7511.54 1.4568e-17
7514.83 1.3769e-17
7518.13 1.2684e-17
7521.42 1.205e-17
7524.72 1.111e-17
7528.02 1.2624e-17
7531.31 1.4372e-17
7534.61 1.3274e-17
7537.9 1.173e-17
7541.2 1.1722e-17
7544.5 1.0648e-17
7547.79 8.7614e-18
7551.09 7.9499e-18
7554.38 7.511e-18
7557.68 7.1867e-18
7560.98 8.3517e-18
7564.27 9.7084e-18
7567.57 1.0452e-17
7570.86 1.1202e-17
7574.16 8.9769e-18
7577.46 5.5379e-18
7580.75 5.7961e-18
7584.05 5.7836e-18
7587.34 3.8934e-18
7590.64 3.2443e-18
7593.94 3.4241e-18
7597.23 3.0114e-18
7600.53 4.1261e-18
7603.82 5.2606e-18
7607.12 5.308e-18
7610.42 3.5591e-18
7613.71 2.5235e-18
7617.01 2.7414e-18
7620.3 3.5764e-18
7623.6 4.1902e-18
7626.9 3.8824e-18
7630.19 3.6294e-18
7633.49 4.4041e-18
7636.78 6.0309e-18
7640.08 6.0054e-18
7643.38 4.7592e-18
7646.67 5.7338e-18
7649.97 6.4373e-18
7653.26 6.5052e-18
7656.56 5.554e-18
7659.86 3.5761e-18
7663.15 2.3839e-18
7666.45 1.675e-18
7669.74 8.1742e-19
7673.04 1.4133e-18
7676.33 3.851e-18
7679.63 6.0074e-18
7682.93 7.355e-18
7686.22 8.0599e-18
7689.52 7.7826e-18
7692.81 9.9697e-18
7696.11 1.2369e-17
7699.41 1.0518e-17
7702.7 1.018e-17
7706.0 1.5251e-17
7709.29 1.5219e-17
7712.59 8.7588e-18
7715.89 7.936e-18
7719.18 1.0232e-17
7722.48 1.3424e-17
7725.77 1.5389e-17
7729.07 1.3678e-17
7732.37 1.3936e-17
7735.66 1.7037e-17
7738.96 2.004e-17
7742.25 2.2758e-17
7745.55 2.4656e-17
7748.85 2.3926e-17
7752.14 2.0025e-17
7755.44 1.8249e-17
7758.73 1.8596e-17
7762.03 1.8178e-17
7765.33 1.7974e-17
7768.62 1.689e-17
7771.92 1.6113e-17
7775.21 1.5826e-17
7778.51 1.6812e-17
7781.81 1.8056e-17
7785.1 1.8783e-17
7788.4 1.9731e-17
7791.69 1.6527e-17
7794.99 1.1972e-17
7798.29 1.0434e-17
7801.58 1.1406e-17
7804.88 1.241e-17
7808.17 1.234e-17
7811.47 1.113e-17
7814.77 9.5738e-18
7818.06 9.5802e-18
7821.36 1.2254e-17
7824.65 1.3936e-17
7827.95 1.3817e-17
7831.25 1.2766e-17
7834.54 1.1179e-17
7837.84 1.0835e-17
7841.13 1.1562e-17
7844.43 1.204e-17
7847.73 1.2919e-17
7851.02 1.4737e-17
7854.32 1.4409e-17
7857.61 1.0287e-17
7860.91 7.0653e-18
7864.21 6.704e-18
7867.5 8.8984e-18
7870.8 1.0053e-17
7874.09 8.24e-18
7877.39 6.3669e-18
7880.69 4.7451e-18
7883.98 3.6075e-18
7887.28 4.9612e-18
7890.57 8.6677e-18
7893.87 1.0185e-17
7897.17 8.7017e-18
7900.46 8.727e-18
7903.76 1.1515e-17
7907.05 1.6148e-17
7910.35 1.2917e-17
7913.65 7.0944e-18
7916.94 7.5041e-18
7920.24 8.9154e-18
7923.53 9.3589e-18
7926.83 9.8733e-18
7930.13 1.2199e-17
7933.42 1.5845e-17
7936.72 1.6985e-17
7940.01 1.6161e-17
7943.31 1.6206e-17
7946.61 1.6929e-17
7949.9 1.9046e-17
7953.2 2.0538e-17
7956.49 1.9902e-17
7959.79 1.7801e-17
7963.09 1.7681e-17
7966.38 1.8727e-17
7969.68 1.9154e-17
7972.97 1.8214e-17
7976.27 1.657e-17
7979.57 1.6976e-17
7982.86 1.692e-17
7986.16 1.6168e-17
7989.45 1.5389e-17
7992.75 1.1316e-17
7996.04 7.759e-18
7999.34 7.336e-18
8002.64 8.7222e-18
8005.93 7.8321e-18
8009.23 6.9809e-18
8012.52 9.6452e-18
8015.82 1.3558e-17
8019.12 1.3201e-17
8022.41 1.2513e-17
8025.71 1.4708e-17
8029.0 1.3944e-17
8032.3 1.1712e-17
8035.6 1.0251e-17
8038.89 9.7111e-18
8042.19 1.2698e-17
8045.48 1.1582e-17
8048.78 9.1204e-18
8052.08 1.1008e-17
8055.37 1.3468e-17
8058.67 1.3429e-17
8061.96 1.3663e-17
8065.26 1.6166e-17
8068.56 1.8766e-17
8071.85 2.1215e-17
8075.15 2.3431e-17
8078.44 2.5655e-17
8081.74 2.6452e-17
8085.04 2.6213e-17
8088.33 2.5952e-17
8091.63 2.3836e-17
8094.92 2.2876e-17
8098.22 2.3273e-17
8101.52 2.4522e-17
8104.81 2.6126e-17
8108.11 2.8127e-17
8111.4 2.7061e-17
8114.7 2.5183e-17
8118.0 2.5939e-17
8121.29 2.5463e-17
8124.59 2.2679e-17
8127.88 1.9891e-17
8131.18 1.8963e-17
8134.48 1.9262e-17
8137.77 1.7965e-17
8141.07 1.7574e-17
8144.36 1.9747e-17
8147.66 1.8541e-17
8150.96 1.6979e-17
8154.25 1.634e-17
8157.55 1.5989e-17
8160.84 1.4099e-17
8164.14 1.0598e-17
8167.44 7.8115e-18
8170.73 7.1412e-18
8174.03 7.8389e-18
8177.32 8.5588e-18
8180.62 9.4992e-18
8183.92 1.0961e-17
8187.21 9.9103e-18
8190.51 9.9342e-18
8193.8 1.1283e-17
8197.1 1.1192e-17
8200.4 8.9021e-18
8203.69 8.6944e-18
8206.99 8.056e-18
8210.28 7.8637e-18
8213.58 1.2058e-17
8216.88 1.3236e-17
8220.17 1.1281e-17
8223.47 1.0185e-17
8226.76 9.4056e-18
8230.06 1.138e-17
8233.36 1.668e-17
8236.65 1.9751e-17
8239.95 1.8755e-17
8243.24 1.8191e-17
8246.54 1.7751e-17
8249.84 1.7553e-17
8253.13 1.8377e-17
8256.43 1.6714e-17
8259.72 1.4314e-17
8263.02 1.4048e-17
8266.32 1.5839e-17
8269.61 1.7978e-17
8272.91 1.7386e-17
8276.2 1.6577e-17
8279.5 1.9812e-17
8282.8 1.8742e-17
8286.09 1.2853e-17
8289.39 1.0345e-17
8292.68 9.193e-18
8295.98 1.0046e-17
8299.28 9.8708e-18
8302.57 5.1871e-18
8305.87 4.8446e-19
8309.16 1.6852e-18
8312.46 6.2344e-18
8315.75 1.1377e-17
8319.05 1.4135e-17
8322.35 1.3815e-17
8325.64 1.3214e-17
8328.94 1.7446e-17
8332.23 2.3218e-17
8335.53 2.7218e-17
8338.83 2.3434e-17
8342.12 1.5967e-17
8345.42 1.0282e-17
8348.71 6.7485e-18
8352.01 7.8558e-18
8355.31 1.2969e-17
8358.6 1.6315e-17
8361.9 1.5715e-17
8365.19 1.5167e-17
8368.49 1.7183e-17
8371.79 2.1769e-17
8375.08 2.3315e-17
8378.38 2.2773e-17
8381.67 2.392e-17
8384.97 2.6361e-17
8388.27 2.826e-17
8391.56 3.4362e-17
8394.86 3.145e-17
8398.15 1.7313e-17
8401.45 4.4051e-18
8404.75 4.5597e-18
8408.04 1.3584e-17
8411.34 1.4946e-17
8414.63 1.1434e-17
8417.93 7.6951e-18
8421.23 4.0885e-18
8424.52 2.3371e-18
8427.82 6.5832e-18
8431.11 9.7426e-18
8434.41 1.1919e-17
8437.71 1.6969e-17
8441.0 2.1218e-17
8444.3 1.7348e-17
8447.59 1.0481e-17
8450.89 1.3159e-17
8454.19 1.969e-17
8457.48 2.2332e-17
8460.78 1.8535e-17
8464.07 1.4561e-17
8467.37 1.6632e-17
8470.67 2.2998e-17
8473.96 2.8465e-17
8477.26 2.9267e-17
8480.55 2.8691e-17
8483.85 2.6231e-17
8487.15 2.2079e-17
8490.44 1.5313e-17
8493.74 9.8527e-18
8497.03 7.3679e-18
8500.33 6.7687e-18
8503.63 6.763e-18
8506.92 4.3184e-18
8510.22 1.5904e-18
8513.51 3.3728e-18
8516.81 6.5651e-18
8520.11 8.2006e-18
8523.4 7.6734e-18
8526.7 9.3244e-18
8529.99 1.3259e-17
8533.29 1.4243e-17
8536.59 1.2376e-17
8539.88 1.3239e-17
8543.18 1.3657e-17
8546.47 1.6235e-17
8549.77 2.2283e-17
8553.07 2.5038e-17
8556.36 2.508e-17
8559.66 2.6337e-17
8562.95 2.9075e-17
8566.25 3.3063e-17
8569.55 3.9844e-17
8572.84 4.594e-17
8576.14 4.6953e-17
8579.43 4.6102e-17
8582.73 4.3006e-17
8586.03 3.8244e-17
8589.32 3.7037e-17
8592.62 3.7717e-17
8595.91 3.7994e-17
8599.21 3.7198e-17
8602.51 3.9152e-17
8605.8 4.0503e-17
8609.1 3.6655e-17
8612.39 3.9142e-17
8615.69 4.0111e-17
8618.98 2.8401e-17
8622.28 2.2027e-17
8625.58 2.1756e-17
8628.87 1.5459e-17
8632.17 8.0834e-18
8635.46 3.2435e-18
8638.76 1.0671e-18
8642.06 1.2063e-18
8645.35 3.0043e-18
8648.65 5.1701e-18
8651.94 7.097e-18
8655.24 6.6724e-18
8658.54 8.3809e-18
8661.83 1.4398e-17
8665.13 1.6858e-17
8668.42 1.9095e-17
8671.72 1.9451e-17
8675.02 1.8049e-17
8678.31 2.0226e-17
8681.61 2.1177e-17
8684.9 2.2437e-17
8688.2 2.4113e-17
8691.5 2.3467e-17
8694.79 2.3139e-17
8698.09 2.5223e-17
8701.38 2.7163e-17
8704.68 2.8266e-17
8707.98 2.9133e-17
8711.27 2.8657e-17
8714.57 3.0203e-17
8717.86 3.8033e-17
8721.16 4.5962e-17
8724.46 4.901e-17
8727.75 5.1371e-17
8731.05 5.3417e-17
8734.34 5.2978e-17
8737.64 4.782e-17
8740.94 4.1799e-17
8744.23 4.0513e-17
8747.53 4.2741e-17
8750.82 4.6977e-17
8754.12 4.6522e-17
8757.42 4.4819e-17
8760.71 5.2623e-17
8764.01 6.0576e-17
8767.3 5.7852e-17
8770.6 5.2847e-17
8773.9 4.6635e-17
8777.19 4.111e-17
8780.49 4.6107e-17
8783.78 5.0621e-17
8787.08 4.6146e-17
8790.38 4.2388e-17
8793.67 3.9413e-17
8796.97 3.4359e-17
8892.55 1.46e-17
8893.55 1.6640380585946618e-17
8894.55 1.664038042623001e-17
8895.55 1.6640380266513403e-17
8896.55 1.66403801067968e-17
8897.55 1.664037994708019e-17
8898.55 1.6640379787363594e-17
8899.55 1.6640379627646994e-17
8900.55 1.6640379467930397e-17
8901.55 1.6640379308213797e-17
8902.55 1.6640379148497204e-17
8903.55 1.6640378988780613e-17
8904.55 1.6640378829064016e-17
8905.55 1.664037866934743e-17
8906.55 1.6640378509630835e-17
8907.55 1.664037834991425e-17
8908.55 1.6640378190197666e-17
8909.55 1.664037803048108e-17
8910.55 1.6640377870764494e-17
8911.55 1.6640377711047912e-17
8912.55 1.6640377551331337e-17
8913.55 1.6640377391614752e-17
8914.55 1.664037723189818e-17
8915.55 1.6640377072181602e-17
8916.55 1.664037691246503e-17
8917.55 1.6640376752748458e-17
8918.55 1.6640376593031885e-17
8919.55 1.6640376433315313e-17
8920.55 1.6640376273598747e-17
8921.55 1.6640376113882184e-17
8922.55 1.6640375954165615e-17
8923.55 1.6640375794449055e-17
8924.55 1.6640375634732492e-17
8925.55 1.6640375475015932e-17
8926.55 1.6640375315299373e-17
8927.55 1.6640375155582816e-17
8928.55 1.6640374995866265e-17
8929.55 1.6640374836149705e-17
8930.55 1.6640374676433158e-17
8931.55 1.6640374516716604e-17
8932.55 1.6640374357000057e-17
8933.55 1.6640374197283506e-17
8934.55 1.6640374037566958e-17
8935.55 1.6640373877850414e-17
8936.55 1.664037371813387e-17
8937.55 1.6640373558417334e-17
8938.55 1.664037339870079e-17
8939.55 1.6640373238984255e-17
8940.55 1.664037307926771e-17
8941.55 1.6640372919551178e-17
8942.55 1.6640372759834646e-17
8943.55 1.6640372600118114e-17
8944.55 1.6640372440401582e-17
8945.55 1.664037228068505e-17
8946.55 1.6640372120968527e-17
8947.55 1.6640371961251995e-17
8948.55 1.6640371801535472e-17
8949.55 1.6640371641818952e-17
8950.55 1.6640371482102426e-17
8951.55 1.6640371322385906e-17
8952.55 1.664037116266939e-17
8953.55 1.6640371002952873e-17
8954.55 1.6640370843236353e-17
8955.55 1.6640370683519842e-17
8956.55 1.6640370523803326e-17
8957.55 1.6640370364086818e-17
8958.55 1.6640370204370308e-17
8959.55 1.6640370044653797e-17
8960.55 1.6640369884937293e-17
8961.55 1.6640369725220788e-17
8962.55 1.6640369565504287e-17
8963.55 1.664036940578778e-17
8964.55 1.6640369246071284e-17
8965.55 1.664036908635478e-17
8966.55 1.6640368926638288e-17
8967.55 1.6640368766921793e-17
8968.55 1.6640368607205298e-17
8969.55 1.6640368447488806e-17
8970.55 1.664036828777231e-17
8971.55 1.6640368128055825e-17
8972.55 1.6640367968339332e-17
8973.55 1.664036780862285e-17
8974.55 1.664036764890636e-17
8975.55 1.664036748918988e-17
8976.55 1.6640367329473398e-17
8977.55 1.6640367169756918e-17
8978.55 1.664036701004044e-17
8979.55 1.6640366850323962e-17
8980.55 1.6640366690607488e-17
8981.55 1.664036653089101e-17
8982.55 1.6640366371174538e-17
8983.55 1.6640366211458065e-17
8984.55 1.66403660517416e-17
8985.55 1.6640365892025127e-17
8986.55 1.6640365732308662e-17
8987.55 1.6640365572592195e-17
8988.55 1.6640365412875734e-17
8989.55 1.6640365253159276e-17
8990.55 1.6640365093442808e-17
8991.55 1.6640364933726353e-17
8992.55 1.6640364774009892e-17
8993.55 1.664036461429344e-17
8994.55 1.6640364454576985e-17
8995.55 1.6640364294860533e-17
8996.55 1.664036413514408e-17
8997.55 1.664036397542763e-17
8998.55 1.6640363815711186e-17
8999.55 1.6640363655994734e-17
