# wavelength flux
3300.0 8.734697328152375e-17
3301.0 8.746782131363823e-17
3302.0 8.758882411624287e-17
3303.0 8.770998184927827e-17
3304.0 8.783129467272993e-17
3305.0 8.795276274662806e-17
3306.0 8.807438623104709e-17
3307.0 8.81961652861051e-17
3308.0 8.831810007196365e-17
3309.0 8.844019074882717e-17
3310.0 8.856243747694261e-17
3311.0 8.868484041659892e-17
3312.0 8.880739972812675e-17
3313.0 8.893011557189795e-17
3314.0 8.9052988108325e-17
3315.0 8.917601749786081e-17
3316.0 8.929920390099815e-17
3317.0 8.942254747826919e-17
3318.0 8.954604839024517e-17
3319.0 8.966970679753576e-17
3320.0 8.979352286078891e-17
3321.0 8.991749674068996e-17
3322.0 9.004162859796166e-17
3323.0 9.016591859336346e-17
3324.0 9.029036688769109e-17
3325.0 9.041497364177615e-17
3326.0 9.053973901648557e-17
3327.0 9.066466317272129e-17
3328.0 9.078974627141961e-17
3329.0 9.091498847355089e-17
3330.0 9.104038994011905e-17
3331.0 9.116595083216105e-17
3332.0 9.129167131074649e-17
3333.0 9.141755153697706e-17
3334.0 9.154359167198619e-17
3335.0 9.166979187693839e-17
3336.0 9.179615231302897e-17
3337.0 9.192267314148347e-17
3338.0 9.204935452355724e-17
3339.0 9.217619662053482e-17
3340.0 9.230319959372963e-17
3341.0 9.243036360448342e-17
3342.0 9.255768881416565e-17
3343.0 9.268517538417332e-17
3344.0 9.281282347593013e-17
3345.0 9.294063325088624e-17
3346.0 9.306860487051765e-17
3347.0 9.31967384963258e-17
3348.0 9.332503428983697e-17
3349.0 9.345349241260181e-17
3350.0 9.358211302619491e-17
3351.0 9.371089629221421e-17
3352.0 9.38398423722806e-17
3353.0 9.396895142803731e-17
3354.0 9.409822362114946e-17
3355.0 9.422765911330354e-17
3356.0 9.435725806620686e-17
3357.0 9.448702064158713e-17
3358.0 9.461694700119189e-17
3359.0 9.474703730678796e-17
3360.0 9.487729172016098e-17
3361.0 9.500771040311493e-17
3362.0 9.513829351747142e-17
3363.0 9.526904122506938e-17
3364.0 9.539995368776444e-17
3365.0 9.553103106742847e-17
3366.0 9.566227352594885e-17
3367.0 9.579368122522825e-17
3368.0 9.592525432718388e-17
3369.0 9.605699299374693e-17
3370.0 9.618889738686217e-17
3371.0 9.63209676684874e-17
3372.0 9.64532040005928e-17
3373.0 9.658560654516048e-17
3374.0 9.671817546418393e-17
3375.0 9.685091091966745e-17
3376.0 9.698381307362555e-17
3377.0 9.71168820880825e-17
3378.0 9.725011812507173e-17
3379.0 9.738352134663534e-17
3380.0 9.751709191482341e-17
3381.0 9.765082999169353e-17
3382.0 9.778473573931035e-17
3383.0 9.791880931974471e-17
3384.0 9.805305089507338e-17
3385.0 9.818746062737839e-17
3386.0 9.832203867874649e-17
3387.0 9.845678521126843e-17
3388.0 9.859170038703863e-17
3389.0 9.872678436815448e-17
3390.0 9.886203731671565e-17
3391.0 9.899745939482374e-17
3392.0 9.913305076458163e-17
3393.0 9.92688115880928e-17
3394.0 9.940474202746082e-17
3395.0 9.954084224478885e-17
3396.0 9.967711240217891e-17
3397.0 9.981355266173122e-17
3398.0 9.995016318554395e-17
3399.0 1.0008694413571232e-16
3400.0 1.0022389567432813e-16
3401.0 1.0036101796347908e-16
3402.0 1.0049831116524832e-16
3403.0 1.0063577544171374e-16
3404.0 1.0077341095494727e-16
3405.0 1.0091121786701455e-16
3406.0 1.0104919633997412e-16
3407.0 1.011873465358768e-16
3408.0 1.0132566861676525e-16
3409.0 1.0146416274467318e-16
3410.0 1.0160282908162485e-16
3411.0 1.0174166778963431e-16
3412.0 1.01880679030705e-16
3413.0 1.0201986296682896e-16
3414.0 1.021592197599863e-16
3415.0 1.0229874957214448e-16
3416.0 1.0243845256525778e-16
3417.0 1.0257832890126669e-16
3418.0 1.0271837874209706e-16
3419.0 1.0285860224965978e-16
3420.0 1.0299899958584994e-16
3421.0 1.031395709125463e-16
3422.0 1.0328031639161052e-16
3423.0 1.0342123618488673e-16
3424.0 1.0356233045420063e-16
3425.0 1.0370359936135906e-16
3426.0 1.0384504306814918e-16
3427.0 1.0398666173633808e-16
3428.0 1.041284555276718e-16
3429.0 1.0427042460387493e-16
3430.0 1.044125691266498e-16
3431.0 1.0455488925767602e-16
3432.0 1.046973851586095e-16
3433.0 1.0484005699108211e-16
3434.0 1.0498290491670088e-16
3435.0 1.0512592909704728e-16
3436.0 1.0526912969367671e-16
3437.0 1.0541250686811763e-16
3438.0 1.055560607818711e-16
3439.0 1.0569979159640986e-16
3440.0 1.0584369947317794e-16
3441.0 1.0598778457358974e-16
3442.0 1.0613204705902953e-16
3443.0 1.0627648709085064e-16
3444.0 1.0642110483037485e-16
3445.0 1.0656590043889156e-16
3446.0 1.067108740776574e-16
3447.0 1.0685602590789521e-16
3448.0 1.070013560907936e-16
3449.0 1.0714686478750609e-16
3450.0 1.0729255215915054e-16
3451.0 1.0743841836680832e-16
3452.0 1.0758446357152363e-16
3453.0 1.07730687934303e-16
3454.0 1.0787709161611424e-16
3455.0 1.080236747778861e-16
3456.0 1.0817043758050727e-16
3457.0 1.0831738018482578e-16
3458.0 1.0846450275164836e-16
3459.0 1.0861180544173954e-16
3460.0 1.087592884158211e-16
3461.0 1.0890695183457133e-16
3462.0 1.0905479585862417e-16
3463.0 1.0920282064856868e-16
3464.0 1.0935102636494816e-16
3465.0 1.0949941316825954e-16
3466.0 1.0964798121895245e-16
3467.0 1.0979673067742874e-16
3468.0 1.0994566170404162e-16
3469.0 1.1009477445909486e-16
3470.0 1.1024406910284224e-16
3471.0 1.1039354579548652e-16
3472.0 1.1054320469717908e-16
3473.0 1.1069304596801871e-16
3474.0 1.1084306976805126e-16
3475.0 1.1099327625726874e-16
3476.0 1.111436655956085e-16
3477.0 1.1129423794295258e-16
3478.0 1.114449934591269e-16
3479.0 1.1159593230390052e-16
3480.0 1.1174705463698483e-16
3481.0 1.1189836061803283e-16
3482.0 1.1204985040663841e-16
3483.0 1.1220152416233548e-16
3484.0 1.123533820445973e-16
3485.0 1.1250542421283558e-16
3486.0 1.126576508263999e-16
3487.0 1.1281006204457661e-16
3488.0 1.1296265802658845e-16
3489.0 1.1311543893159345e-16
3490.0 1.1326840491868437e-16
3491.0 1.134215561468877e-16
3492.0 1.1357489277516301e-16
3493.0 1.1372841496240226e-16
3494.0 1.138821228674286e-16
3495.0 1.1403601664899614e-16
3496.0 1.1419009646578866e-16
3497.0 1.1434436247641908e-16
3498.0 1.1449881483942862e-16
3499.0 1.1465345371328594e-16
3500.0 1.148082792563864e-16
3501.0 1.1496329162705106e-16
3502.0 1.151184909835262e-16
3503.0 1.1527387748398217e-16
3504.0 1.1542945128651283e-16
3505.0 1.1558521254913462e-16
3506.0 1.1574116142978569e-16
3507.0 1.1589729808632522e-16
3508.0 1.160536226765324e-16
3509.0 1.1621013535810577e-16
3510.0 1.163668362886623e-16
3511.0 1.1652372562573666e-16
3512.0 1.166808035267803e-16
3513.0 1.1683807014916053e-16
3514.0 1.1699552565015992e-16
3515.0 1.1715317018697516e-16
3516.0 1.173110039167165e-16
3517.0 1.1746902699640674e-16
3518.0 1.176272395829804e-16
3519.0 1.1778564183328295e-16
3520.0 1.1794423390406974e-16
3521.0 1.181030159520056e-16
3522.0 1.1826198813366328e-16
3523.0 1.184211506055233e-16
3524.0 1.1858050352397264e-16
3525.0 1.1874004704530415e-16
3526.0 1.1889978132571535e-16
3527.0 1.1905970652130794e-16
3528.0 1.1921982278808668e-16
3529.0 1.1938013028195847e-16
3530.0 1.1954062915873179e-16
3531.0 1.1970131957411548e-16
3532.0 1.1986220168371806e-16
3533.0 1.2002327564304675e-16
3534.0 1.2018454160750667e-16
3535.0 1.2034599973239977e-16
3536.0 1.2050765017292422e-16
3537.0 1.2066949308417328e-16
3538.0 1.2083152862113455e-16
3539.0 1.2099375693868892e-16
3540.0 1.2115617819160991e-16
3541.0 1.2131879253456252e-16
3542.0 1.2148160012210237e-16
3543.0 1.2164460110867498e-16
3544.0 1.2180779564861465e-16
3545.0 1.2197118389614365e-16
3546.0 1.2213476600537128e-16
3547.0 1.2229854213029304e-16
3548.0 1.2246251242478952e-16
3549.0 1.2262667704262556e-16
3550.0 1.2279103613744945e-16
3551.0 1.2295558986279188e-16
3552.0 1.2312033837206503e-16
3553.0 1.2328528181856168e-16
3554.0 1.2345042035545418e-16
3555.0 1.2361575413579368e-16
3556.0 1.2378128331250896e-16
3557.0 1.2394700803840572e-16
3558.0 1.2411292846616553e-16
3559.0 1.242790447483448e-16
3560.0 1.244453570373741e-16
3561.0 1.246118654855569e-16
3562.0 1.2477857024506887e-16
3563.0 1.2494547146795656e-16
3564.0 1.2511256930613696e-16
3565.0 1.252798639113962e-16
3566.0 1.2544735543538858e-16
3567.0 1.2561504402963575e-16
3568.0 1.257829298455257e-16
3569.0 1.2595101303431178e-16
3570.0 1.2611929374711156e-16
3571.0 1.262877721349062e-16
3572.0 1.2645644834853918e-16
3573.0 1.2662532253871552e-16
3574.0 1.267943948560006e-16
3575.0 1.2696366545081942e-16
3576.0 1.2713313447345532e-16
3577.0 1.2730280207404924e-16
3578.0 1.2747266840259857e-16
3579.0 1.2764273360895634e-16
3580.0 1.2781299784282998e-16
3581.0 1.279834612537806e-16
3582.0 1.2815412399122168e-16
3583.0 1.2832498620441833e-16
3584.0 1.2849604804248612e-16
3585.0 1.2866730965439015e-16
3586.0 1.2883877118894405e-16
3587.0 1.2901043279480888e-16
3588.0 1.2918229462049225e-16
3589.0 1.2935435681434715e-16
3590.0 1.2952661952457113e-16
3591.0 1.296990828992049e-16
3592.0 1.2987174708613185e-16
3593.0 1.3004461223307653e-16
3594.0 1.3021767848760393e-16
3595.0 1.303909459971183e-16
3596.0 1.305644149088621e-16
3597.0 1.3073808536991518e-16
3598.0 1.3091195752719325e-16
3599.0 1.310860315274475e-16
3600.0 1.3126030751726312e-16
3601.0 1.314347856430582e-16
3602.0 1.3160946605108308e-16
3603.0 1.3178434888741883e-16
3604.0 1.3195943429797661e-16
3605.0 1.3213472242849617e-16
3606.0 1.3231021342454524e-16
3607.0 1.324859074315182e-16
3608.0 1.3266180459463511e-16
3609.0 1.3283790505894057e-16
3610.0 1.3301420896930274e-16
3611.0 1.3319071647041222e-16
3612.0 1.3336742770678093e-16
3613.0 1.335443428227411e-16
3614.0 1.337214619624442e-16
3615.0 1.3389878526985989e-16
3616.0 1.3407631288877474e-16
3617.0 1.3425404496279138e-16
3618.0 1.3443198163532738e-16
3619.0 1.3461012304961382e-16
3620.0 1.3478846934869476e-16
3621.0 1.3496702067542578e-16
3622.0 1.3514577717247285e-16
3623.0 1.353247389823114e-16
3624.0 1.3550390624722528e-16
3625.0 1.3568327910930518e-16
3626.0 1.3586285771044823e-16
3627.0 1.360426421923563e-16
3628.0 1.362226326965352e-16
3629.0 1.3640282936429345e-16
3630.0 1.365832323367412e-16
3631.0 1.367638417547891e-16
3632.0 1.369446577591471e-16
3633.0 1.3712568049032348e-16
3634.0 1.373069100886236e-16
3635.0 1.3748834669414877e-16
3636.0 1.3766999044679526e-16
3637.0 1.3785184148625297e-16
3638.0 1.3803389995200445e-16
3639.0 1.3821616598332356e-16
3640.0 1.3839863971927452e-16
3641.0 1.3858132129871077e-16
3642.0 1.387642108602737e-16
3643.0 1.3894730854239154e-16
3644.0 1.3913061448327823e-16
3645.0 1.393141288209323e-16
3646.0 1.3949785169313553e-16
3647.0 1.3968178323745198e-16
3648.0 1.3986592359122696e-16
3649.0 1.400502728915854e-16
3650.0 1.4023483127543118e-16
3651.0 1.4041959887944559e-16
3652.0 1.406045758400864e-16
3653.0 1.407897622935865e-16
3654.0 1.4097515837595288e-16
3655.0 1.411607642229654e-16
3656.0 1.413465799701756e-16
3657.0 1.4153260575290544e-16
3658.0 1.417188417062462e-16
3659.0 1.4190528796505742e-16
3660.0 1.4209194466396527e-16
3661.0 1.4227881193736183e-16
3662.0 1.4246588991940378e-16
3663.0 1.4265317874401095e-16
3664.0 1.428406785448654e-16
3665.0 1.4302838945541012e-16
3666.0 1.432163116088478e-16
3667.0 1.4340444513813956e-16
3668.0 1.435927901760039e-16
3669.0 1.4378134685491533e-16
3670.0 1.4397011530710336e-16
3671.0 1.44159095664551e-16
3672.0 1.4434828805899377e-16
3673.0 1.445376926219184e-16
3674.0 1.4472730948456142e-16
3675.0 1.4491713877790834e-16
3676.0 1.4510718063269203e-16
3677.0 1.4529743517939174e-16
3678.0 1.4548790254823165e-16
3679.0 1.4567858286917984e-16
3680.0 1.45869476271947e-16
3681.0 1.4606058288598493e-16
3682.0 1.462519028404857e-16
3683.0 1.4644343626438011e-16
3684.0 1.4663518328633663e-16
3685.0 1.4682714403475996e-16
3686.0 1.4701931863778993e-16
3687.0 1.4721170722330018e-16
3688.0 1.474043099188968e-16
3689.0 1.4759712685191726e-16
3690.0 1.4779015814942905e-16
3691.0 1.4798340393822842e-16
3692.0 1.48176864344839e-16
3693.0 1.483705394955109e-16
3694.0 1.4856442951621888e-16
3695.0 1.487585345326614e-16
3696.0 1.4895285467025943e-16
3697.0 1.49147390054155e-16
3698.0 1.4934214080920993e-16
3699.0 1.4953710706000456e-16
3700.0 1.4973228893083648e-16
3701.0 1.4992768654571938e-16
3702.0 1.5012330002838118e-16
3703.0 1.5031912950226363e-16
3704.0 1.5051517509052037e-16
3705.0 1.5071143691601566e-16
3706.0 1.509079151013234e-16
3707.0 1.5110460976872557e-16
3708.0 1.5130152104021108e-16
3709.0 1.5149864903747412e-16
3710.0 1.516959938819134e-16
3711.0 1.5189355569463035e-16
3712.0 1.5209133459642806e-16
3713.0 1.5228933070780984e-16
3714.0 1.524875441489781e-16
3715.0 1.5268597503983255e-16
3716.0 1.5288462349996946e-16
3717.0 1.5308348964868003e-16
3718.0 1.5328257360494902e-16
3719.0 1.5348187548745356e-16
3720.0 1.5368139541456163e-16
3721.0 1.53881133504331e-16
3722.0 1.5408108987450755e-16
3723.0 1.542812646425242e-16
3724.0 1.5448165792549944e-16
3725.0 1.5468226984023604e-16
3726.0 1.548831005032196e-16
3727.0 1.550841500306173e-16
3728.0 1.5528541853827663e-16
3729.0 1.5548690614172357e-16
3730.0 1.5568861295616195e-16
3731.0 1.5589053909647146e-16
3732.0 1.560926846772067e-16
3733.0 1.5629504981259554e-16
3734.0 1.5649763461653788e-16
3735.0 1.5670043920260442e-16
3736.0 1.569034636840348e-16
3737.0 1.5710670817373677e-16
3738.0 1.5731017278428464e-16
3739.0 1.575138576279177e-16
3740.0 1.5771776281653915e-16
3741.0 1.579218884617144e-16
3742.0 1.5812623467467e-16
3743.0 1.583308015662919e-16
3744.0 1.5853558924712438e-16
3745.0 1.5874059782736853e-16
3746.0 1.5894582741688087e-16
3747.0 1.5915127812517177e-16
3748.0 1.593569500614044e-16
3749.0 1.5956284333439315e-16
3750.0 1.5976895805260194e-16
3751.0 1.599752943241434e-16
3752.0 1.6018185225677698e-16
3753.0 1.6038863195790778e-16
3754.0 1.6059563353458502e-16
3755.0 1.6080285709350071e-16
3756.0 1.6101030274098825e-16
3757.0 1.612179705830207e-16
3758.0 1.6142586072520986e-16
3759.0 1.6163397327280443e-16
3760.0 1.6184230833068893e-16
3761.0 1.6205086600338192e-16
3762.0 1.6225964639503478e-16
3763.0 1.6246864960943036e-16
3764.0 1.6267787574998113e-16
3765.0 1.6288732491972826e-16
3766.0 1.6309699722133994e-16
3767.0 1.6330689275710986e-16
3768.0 1.6351701162895592e-16
3769.0 1.6372735393841862e-16
3770.0 1.639379197866599e-16
3771.0 1.6414870927446123e-16
3772.0 1.6435972250222266e-16
3773.0 1.64570959569961e-16
3774.0 1.6478242057730862e-16
3775.0 1.6499410562351164e-16
3776.0 1.6520601480742893e-16
3777.0 1.6541814822753037e-16
3778.0 1.6563050598189522e-16
3779.0 1.6584308816821105e-16
3780.0 1.660558948837721e-16
3781.0 1.6626892622547773e-16
3782.0 1.664821822898309e-16
3783.0 1.6669566317293703e-16
3784.0 1.669093689705021e-16
3785.0 1.6712329977783137e-16
3786.0 1.6733745568982796e-16
3787.0 1.6755183680099133e-16
3788.0 1.6776644320541563e-16
3789.0 1.6798127499678846e-16
3790.0 1.6819633226838918e-16
3791.0 1.6841161511308761e-16
3792.0 1.6862712362334223e-16
3793.0 1.688428578911991e-16
3794.0 1.6905881800828995e-16
3795.0 1.6927500406583109e-16
3796.0 1.6949141615462143e-16
3797.0 1.6970805436504148e-16
3798.0 1.6992491878705148e-16
3799.0 1.7014200951018993e-16
3800.0 1.7035932662357232e-16
3801.0 1.7057687021588936e-16
3802.0 1.7079464037540568e-16
3803.0 1.7101263718995805e-16
3804.0 1.7123086074695421e-16
3805.0 1.7144931113337087e-16
3806.0 1.716679884357527e-16
3807.0 1.7188689274021057e-16
3808.0 1.721060241324199e-16
3809.0 1.7232538269761944e-16
3810.0 1.7254496852060946e-16
3811.0 1.7276478168575032e-16
3812.0 1.7298482227696097e-16
3813.0 1.732050903777174e-16
3814.0 1.734255860710511e-16
3815.0 1.7364630943954748e-16
3816.0 1.7386726056534444e-16
3817.0 1.740884395301307e-16
3818.0 1.7430984641514433e-16
3819.0 1.745314813011711e-16
3820.0 1.7475334426854304e-16
3821.0 1.7497543539713705e-16
3822.0 1.7519775476637303e-16
3823.0 1.7542030245521234e-16
3824.0 1.7564307854215657e-16
3825.0 1.7586608310524581e-16
3826.0 1.7608931622205672e-16
3827.0 1.7631277796970175e-16
3828.0 1.765364684248269e-16
3829.0 1.7676038766361036e-16
3830.0 1.769845357617612e-16
3831.0 1.772089127945174e-16
3832.0 1.774335188366446e-16
3833.0 1.7765835396243416e-16
3834.0 1.778834182457022e-16
3835.0 1.781087117597873e-16
3836.0 1.7833423457754941e-16
3837.0 1.7855998677136827e-16
3838.0 1.7878596841314153e-16
3839.0 1.7901217957428347e-16
3840.0 1.7923862032572302e-16
3841.0 1.7946529073790283e-16
3842.0 1.79692190880777e-16
3843.0 1.7991932082380998e-16
3844.0 1.801466806359747e-16
3845.0 1.803742703857511e-16
3846.0 1.806020901411245e-16
3847.0 1.8083013996958399e-16
3848.0 1.810584199381209e-16
3849.0 1.8128693011322722e-16
3850.0 1.8151567056089384e-16
3851.0 1.8174464134660913e-16
3852.0 1.8197384253535731e-16
3853.0 1.8220327419161677e-16
3854.0 1.8243293637935835e-16
3855.0 1.826628291620441e-16
3856.0 1.8289295260262542e-16
3857.0 1.8312330676354138e-16
3858.0 1.8335389170671728e-16
3859.0 1.8358470749356308e-16
3860.0 1.8381575418497161e-16
3861.0 1.8404703184131682e-16
3862.0 1.8427854052245274e-16
3863.0 1.8451028028771132e-16
3864.0 1.8474225119590094e-16
3865.0 1.849744533053049e-16
3866.0 1.8520688667367979e-16
3867.0 1.8543955135825367e-16
3868.0 1.856724474157247e-16
3869.0 1.8590557490225933e-16
3870.0 1.861389338734909e-16
3871.0 1.863725243845177e-16
3872.0 1.8660634648990158e-16
3873.0 1.8684040024366614e-16
3874.0 1.870746856992952e-16
3875.0 1.8730920290973135e-16
3876.0 1.8754395192737392e-16
3877.0 1.8777893280407764e-16
3878.0 1.8801414559115086e-16
3879.0 1.88249590339354e-16
3880.0 1.8848526709889785e-16
3881.0 1.8872117591944204e-16
3882.0 1.8895731685009306e-16
3883.0 1.891936899394033e-16
3884.0 1.8943029523536839e-16
3885.0 1.896671327854266e-16
3886.0 1.8990420263645664e-16
3887.0 1.9014150483477581e-16
3888.0 1.9037903942613902e-16
3889.0 1.906168064557366e-16
3890.0 1.9085480596819261e-16
3891.0 1.9109303800756362e-16
3892.0 1.9133150261733687e-16
3893.0 1.9157019984042837e-16
3894.0 1.9180912971918143e-16
3895.0 1.920482922953651e-16
3896.0 1.922876876101725e-16
3897.0 1.9252731570421883e-16
3898.0 1.9276717661754012e-16
3899.0 1.9300727038959146e-16
3899.4 1.1427e-17
3903.9 6.6832e-17
3908.41 1.2292e-16
3912.91 2.1958e-16
3917.42 2.5317e-16
3921.92 1.4318e-16
3926.42 1.1689e-16
3930.93 6.6684e-17
3935.43 8.8695e-17
3939.94 1.5798e-16
3944.44 1.3913e-16
3948.95 9.682e-17
3953.45 2.1508e-16
3957.95 2.1481e-16
3962.46 1.3131e-16
3966.96 1.4598e-16
3971.47 1.6398e-16
3975.97 2.567e-16
3980.48 3.0256e-16
3984.98 3.3321e-16
3989.48 3.611e-16
3993.99 3.3435e-16
3998.49 3.5723e-16
4003.0 2.6833e-16
4007.5 2.9263e-16
4012.01 3.368e-16
4016.51 2.8289e-16
4021.01 2.5675e-16
4025.52 2.3575e-16
4030.02 1.9081e-16
4034.53 2.3431e-16
4039.03 2.79e-16
4043.54 2.049e-16
4048.04 1.494e-16
4052.54 1.294e-16
4057.05 1.218e-16
4061.55 1.174e-16
4066.06 1.5664e-16
4070.56 1.978e-16
4075.07 2.3339e-16
4079.57 2.3319e-16
4084.07 3.259e-16
4088.58 4.2638e-16
4093.08 4.7339e-16
4097.59 4.6072e-16
4102.09 4.3498e-16
4106.6 4.1785e-16
4111.1 4.3275e-16
4115.6 4.3886e-16
4120.11 4.4424e-16
4124.61 4.1859e-16
4129.12 3.7605e-16
4133.62 3.266e-16
4138.13 3.8822e-16
4142.63 3.453e-16
4147.13 3.3552e-16
4151.64 3.4447e-16
4156.14 3.0789e-16
4160.65 2.5441e-16
4165.15 2.3758e-16
4169.66 1.9801e-16
4174.16 1.8329e-16
4178.66 1.6707e-16
4183.17 1.6331e-16
4187.67 1.5411e-16
4192.18 1.4349e-16
4196.68 1.2864e-16
4201.19 1.1513e-16
4205.69 1.2601e-16
4210.19 1.3944e-16
4214.7 1.9396e-16
4219.2 1.903e-16
4223.71 2.05e-16
4228.21 2.1973e-16
4232.72 1.9987e-16
4237.22 2.2099e-16
4241.73 2.4962e-16
4246.23 2.9732e-16
4250.73 3.1511e-16
4255.24 3.3752e-16
4259.74 3.846e-16
4264.25 4.0858e-16
4268.75 3.6521e-16
4273.26 3.602e-16
4277.76 2.6944e-16
4282.26 2.0096e-16
4286.77 1.5243e-16
4291.27 1.4836e-16
4295.78 1.451e-16
4300.28 1.5919e-16
4304.79 1.6162e-16
4309.29 1.5681e-16
4313.79 1.6921e-16
4318.3 2.0318e-16
4322.8 2.0328e-16
4327.31 2.0812e-16
4331.81 1.9855e-16
4336.32 2.1505e-16
4340.82 2.322e-16
4345.32 2.3278e-16
4349.83 2.703e-16
4354.33 2.8276e-16
4358.84 2.8628e-16
4363.34 3.0372e-16
4367.85 2.902e-16
4372.35 2.6728e-16
4376.85 1.8626e-16
4381.36 1.6431e-16
4385.86 1.8275e-16
4390.37 1.7936e-16
4394.87 1.7664e-16
4399.38 2.0336e-16
4403.88 2.341e-16
4408.38 2.4931e-16
4412.89 2.525e-16
4417.39 2.5737e-16
4421.9 2.5617e-16
4426.4 2.5235e-16
4430.91 2.642e-16
4435.41 2.4484e-16
4439.91 2.1232e-16
4444.42 2.0347e-16
4448.92 2.2705e-16
4453.43 2.3912e-16
4457.93 2.191e-16
4462.44 2.3577e-16
4466.94 2.6014e-16
4471.44 2.8188e-16
4475.95 3.2534e-16
4480.45 3.7773e-16
4484.96 3.6747e-16
4489.46 3.4679e-16
4493.97 2.9948e-16
4498.47 2.6614e-16
4502.97 2.5289e-16
4507.48 2.6572e-16
4511.98 2.558e-16
4516.49 2.2584e-16
4520.99 1.8306e-16
4525.5 1.5941e-16
4530.0 1.3711e-16
4534.5 1.2944e-16
4539.01 1.3392e-16
4543.51 1.4179e-16
4548.02 1.5897e-16
4552.52 1.5623e-16
4557.03 1.6976e-16
4561.53 1.7475e-16
4566.04 1.9781e-16
4570.54 2.4021e-16
4575.04 2.5808e-16
4579.55 3.1947e-16
4584.05 3.6043e-16
4588.56 3.771e-16
4593.06 4.3301e-16
4597.57 4.9544e-16
4602.07 5.6031e-16
4606.57 6.4567e-16
4611.08 7.1954e-16
4615.58 7.2695e-16
4620.09 6.8462e-16
4624.59 5.7845e-16
4629.1 5.2017e-16
4633.6 4.725e-16
4638.1 4.6668e-16
4642.61 5.1819e-16
4647.11 5.9433e-16
4651.62 6.1832e-16
4656.12 6.2705e-16
4660.63 6.0791e-16
4665.13 5.4558e-16
4669.63 5.1503e-16
4674.14 5.0702e-16
4678.64 5.4621e-16
4683.15 6.0426e-16
4687.65 6.5884e-16
4692.16 6.9296e-16
4696.66 7.1529e-16
4701.16 6.9575e-16
4705.67 6.91e-16
4710.17 6.5059e-16
4714.68 6.2344e-16
4719.18 6.1954e-16
4723.69 6.2789e-16
4728.19 6.4337e-16
4732.69 6.3297e-16
4737.2 6.3425e-16
4741.7 6.2087e-16
4746.21 6.4865e-16
4750.71 6.7897e-16
4755.22 6.8151e-16
4759.72 6.6834e-16
4764.22 6.1483e-16
4768.73 5.7214e-16
4773.23 5.6721e-16
4777.74 5.6537e-16
4782.24 5.8534e-16
4786.75 5.8094e-16
4791.25 5.7382e-16
4795.75 5.9169e-16
4800.26 5.5646e-16
4804.76 5.1017e-16
4809.27 4.8699e-16
4813.77 5.1474e-16
4818.28 5.8195e-16
4822.78 6.0384e-16
4827.28 6.2523e-16
4831.79 6.5339e-16
4836.29 6.7257e-16
4840.8 6.8469e-16
4845.3 6.8034e-16
4849.81 6.2963e-16
4854.31 5.0575e-16
4858.81 4.2101e-16
4863.32 3.9421e-16
4867.82 4.175e-16
4872.33 4.8387e-16
4876.83 5.4284e-16
4881.34 5.5557e-16
4885.84 6.0492e-16
4890.34 6.4749e-16
4894.85 5.9669e-16
4899.35 5.0016e-16
4903.86 4.1575e-16
4908.36 3.2971e-16
4912.87 2.5553e-16
4917.37 2.0264e-16
4921.88 1.7707e-16
4926.38 1.9135e-16
4930.88 2.4586e-16
4935.39 3.3437e-16
4939.89 4.6602e-16
4944.4 6.225e-16
4948.9 7.6689e-16
4953.41 8.737e-16
4957.91 9.1214e-16
4962.41 9.2041e-16
4966.92 9.3056e-16
4971.42 9.2197e-16
4975.93 8.9971e-16
4980.43 8.9339e-16
4984.94 8.7513e-16
4989.44 8.4778e-16
4993.94 7.8724e-16
4998.45 6.9631e-16
5002.95 5.9672e-16
5007.46 4.723e-16
5011.96 3.6912e-16
5016.47 3.1863e-16
5020.97 3.2359e-16
5025.47 4.0547e-16
5029.98 5.6452e-16
5034.48 6.9888e-16
5038.99 7.8627e-16
5043.49 8.1971e-16
5048.0 8.2969e-16
5052.5 8.9802e-16
5057.0 9.231e-16
5061.51 8.9152e-16
5066.01 8.7086e-16
5070.52 8.1705e-16
5075.02 7.483e-16
5079.53 6.8839e-16
5084.03 6.3569e-16
5088.53 6.2521e-16
5093.04 6.1579e-16
5097.54 6.2208e-16
5102.05 6.4131e-16
5106.55 6.4665e-16
5111.06 6.3891e-16
5115.56 6.6274e-16
5120.06 6.4148e-16
5124.57 5.942e-16
5129.07 5.5738e-16
5133.58 5.3037e-16
5138.08 5.2731e-16
5142.59 5.7223e-16
5147.09 5.8593e-16
5151.59 5.596e-16
5156.1 4.8357e-16
5160.6 3.9129e-16
5165.11 3.1388e-16
5169.61 2.9692e-16
5174.12 3.0424e-16
5178.62 3.28e-16
5183.12 3.5762e-16
5187.63 3.8754e-16
5192.13 4.1069e-16
5196.64 4.5702e-16
5201.14 5.1688e-16
5205.65 5.6894e-16
5210.15 5.9508e-16
5214.65 6.0074e-16
5219.16 6.0626e-16
5223.66 5.7895e-16
5228.17 5.2554e-16
5232.67 4.893e-16
5237.18 4.8102e-16
5241.68 5.0608e-16
5246.18 5.6369e-16
5250.69 6.2893e-16
5255.19 6.7068e-16
5259.7 6.718e-16
5264.2 6.5248e-16
5268.71 5.8306e-16
5273.21 5.2849e-16
5277.72 5.0038e-16
5282.22 4.7844e-16
5286.72 5.1555e-16
5291.23 5.8375e-16
5295.73 6.6471e-16
5300.24 7.2014e-16
5304.74 7.3364e-16
5309.25 6.7556e-16
5313.75 5.7888e-16
5318.25 5.1374e-16
5322.76 4.8403e-16
5327.26 4.804e-16
5331.77 5.0447e-16
5336.27 5.2899e-16
5340.78 5.732e-16
5345.28 6.2698e-16
5349.78 6.6564e-16
5354.29 7.2589e-16
5358.79 7.4151e-16
5363.3 7.3962e-16
5367.8 7.0129e-16
5372.31 6.5176e-16
5376.81 6.482e-16
5381.31 6.7075e-16
5385.82 6.7491e-16
5390.32 6.919e-16
5394.83 7.216e-16
5399.33 7.3278e-16
5403.84 7.3212e-16
5408.34 7.3975e-16
5412.84 7.1562e-16
5417.35 6.7344e-16
5421.85 6.5922e-16
5426.36 6.5613e-16
5430.86 6.4524e-16
5435.37 6.5604e-16
5439.87 6.9549e-16
5444.37 7.2615e-16
5448.88 7.8717e-16
5453.38 8.1086e-16
5457.89 8.1374e-16
5462.39 7.9777e-16
5466.9 7.955e-16
5471.4 8.1831e-16
5475.9 7.9249e-16
5480.41 7.6792e-16
5484.91 7.3632e-16
5489.42 7.232e-16
5493.92 6.9755e-16
5498.43 6.9691e-16
5502.93 6.834e-16
5507.43 6.7592e-16
5511.94 6.7971e-16
5516.44 6.5724e-16
5520.95 6.3452e-16
5525.45 6.0124e-16
5529.96 5.5529e-16
5534.46 5.3083e-16
5538.96 5.2885e-16
5543.47 5.846e-16
5547.97 6.5143e-16
5552.48 7.1876e-16
5556.98 7.9014e-16
5561.49 8.2838e-16
5565.99 8.2161e-16
5570.49 8.3963e-16
5575.0 8.1505e-16
5579.5 7.8191e-16
5584.01 7.7115e-16
5588.51 7.4863e-16
5593.02 7.2876e-16
5597.52 7.3152e-16
5602.03 7.3152e-16
5606.53 7.3227e-16
5611.03 7.1476e-16
5615.54 7.1947e-16
5620.04 7.2061e-16
5624.55 7.03e-16
5629.05 6.8092e-16
5633.56 6.7765e-16
5638.06 6.5636e-16
5642.56 6.2865e-16
5647.07 5.9884e-16
5651.57 5.5485e-16
5656.08 5.3045e-16
5660.58 4.997e-16
5665.09 4.598e-16
5669.59 4.693e-16
5674.09 4.9545e-16
5678.6 5.3597e-16
5683.1 6.0125e-16
5687.61 6.5557e-16
5692.11 6.7522e-16
5696.62 6.8499e-16
5701.12 7.148e-16
5705.62 7.41e-16
5710.13 7.5548e-16
5714.63 7.5164e-16
5719.14 7.4176e-16
5723.64 7.4356e-16
5728.15 7.3504e-16
5732.65 7.145e-16
5737.15 7.0859e-16
5741.66 7.135e-16
5746.16 7.1435e-16
5750.67 7.2083e-16
5755.17 7.1515e-16
5759.68 6.9518e-16
5764.18 6.9522e-16
5768.68 6.9373e-16
5773.19 6.7845e-16
5777.69 6.7967e-16
5782.2 6.8111e-16
5786.7 6.7784e-16
5791.21 6.7844e-16
5795.71 6.7217e-16
5800.21 6.7475e-16
5804.72 6.7072e-16
5809.22 6.4726e-16
5813.73 6.4004e-16
5818.23 6.4983e-16
5822.74 6.3883e-16
5827.24 6.2997e-16
5831.74 6.3309e-16
5836.25 6.3581e-16
5840.75 6.0944e-16
5845.26 6.0137e-16
5849.76 5.9638e-16
5854.27 5.8255e-16
5858.77 5.6507e-16
5863.27 5.5614e-16
5867.78 5.6605e-16
5872.28 5.3202e-16
5876.79 4.6701e-16
5881.29 3.6171e-16
5885.8 3.0545e-16
5890.3 2.8168e-16
5894.8 2.8442e-16
5899.31 3.2207e-16
5903.81 4.3641e-16
5908.32 5.9334e-16
5912.82 7.3516e-16
5917.33 8.4477e-16
5921.83 9.1912e-16
5926.33 9.5246e-16
5930.84 9.7243e-16
5935.34 9.7528e-16
5939.85 9.6193e-16
5944.35 9.3605e-16
5948.86 9.15e-16
5953.36 8.659e-16
5957.87 8.2286e-16
5962.37 8.0236e-16
5966.87 7.7308e-16
5971.38 7.4974e-16
5975.88 7.1961e-16
5980.39 7.0834e-16
5984.89 7.0512e-16
5989.4 6.8875e-16
5993.9 6.681e-16
5998.4 6.5707e-16
6002.91 6.7459e-16
6007.41 6.9244e-16
6011.92 6.8065e-16
6016.42 6.9576e-16
6020.93 7.0933e-16
6025.43 7.0351e-16
6029.93 7.0688e-16
6034.44 6.9482e-16
6038.94 6.7276e-16
6043.45 6.6989e-16
6047.95 6.7895e-16
6052.46 6.8275e-16
6056.96 6.8516e-16
6061.46 6.7436e-16
6065.97 6.6263e-16
6070.47 6.6308e-16
6074.98 6.6462e-16
6079.48 6.6458e-16
6083.99 6.6453e-16
6088.49 6.4975e-16
6092.99 6.4132e-16
6097.5 6.2244e-16
6102.0 6.2318e-16
6106.51 6.1681e-16
6111.01 5.7068e-16
6115.52 5.1784e-16
6120.02 4.7969e-16
6124.52 4.3847e-16
6129.03 3.8422e-16
6133.53 3.5694e-16
6138.04 3.5447e-16
6142.54 3.5894e-16
6147.05 3.7276e-16
6151.55 4.1243e-16
6156.05 4.7779e-16
6160.56 5.6209e-16
6165.06 6.431e-16
6169.57 7.1206e-16
6174.07 7.5707e-16
6178.58 8.0673e-16
6183.08 8.2079e-16
6187.58 8.2497e-16
6192.09 8.3186e-16
6196.59 8.1881e-16
6201.1 7.881e-16
6205.6 7.6981e-16
6210.11 7.5667e-16
6214.61 7.3393e-16
6219.11 7.1986e-16
6223.62 6.9438e-16
6228.12 6.6971e-16
6232.63 6.7054e-16
6237.13 6.5332e-16
6241.64 6.1093e-16
6246.14 5.7033e-16
6250.64 5.3356e-16
6255.15 5.1166e-16
6259.65 5.3604e-16
6264.16 5.9924e-16
6268.66 6.5234e-16
6273.17 6.8662e-16
6277.67 7.0012e-16
6282.17 7.1153e-16
6286.68 7.1076e-16
6291.18 7.0311e-16
6295.69 6.8659e-16
6300.19 6.7881e-16
6304.7 6.7749e-16
6309.2 6.7863e-16
6313.71 6.9263e-16
6318.21 6.6474e-16
6322.71 6.6353e-16
6327.22 6.7781e-16
6331.72 6.8288e-16
6336.23 6.7284e-16
6340.73 6.7262e-16
6345.24 6.6172e-16
6349.74 6.6111e-16
6354.24 6.509e-16
6358.75 6.3108e-16
6363.25 6.3348e-16
6367.76 6.3176e-16
6372.26 6.4514e-16
6376.77 6.5162e-16
6381.27 6.3442e-16
6385.77 6.3688e-16
6390.28 6.4178e-16
6394.78 6.4211e-16
6399.29 6.5303e-16
6403.79 6.6029e-16
6408.3 6.5839e-16
6412.8 6.4617e-16
6417.3 6.384e-16
6421.81 6.2466e-16
6426.31 6.0111e-16
6430.82 5.909e-16
6435.32 5.9254e-16
6439.83 5.9204e-16
6444.33 5.9247e-16
6448.83 5.7665e-16
6453.34 5.5055e-16
6457.84 5.3741e-16
6462.35 4.8712e-16
6466.85 4.5302e-16
6471.36 4.5356e-16
6475.86 4.6275e-16
6480.36 4.6623e-16
6484.87 4.5765e-16
6489.37 4.4819e-16
6493.88 4.3703e-16
6498.38 4.3312e-16
6502.89 4.4449e-16
6507.39 4.8415e-16
6511.89 5.2824e-16
6516.4 5.7426e-16
6520.9 6.1981e-16
6525.41 6.7018e-16
6529.91 7.2162e-16
6534.42 7.6974e-16
6538.92 8.0199e-16
6543.42 7.9216e-16
6547.93 7.4e-16
6552.43 6.5275e-16
6556.94 5.6337e-16
6561.44 5.266e-16
6565.95 5.663e-16
6570.45 6.9523e-16
6574.95 8.9938e-16
6579.46 1.0977e-15
6583.96 1.2545e-15
6588.47 1.362e-15
6592.97 1.4377e-15
6597.48 1.5759e-15
6601.98 1.6643e-15
6606.48 1.5325e-15
6610.99 1.293e-15
6615.49 1.1491e-15
6620.0 1.1097e-15
6624.5 1.0533e-15
6629.01 9.5985e-16
6633.51 8.8214e-16
6638.02 8.3614e-16
6642.52 7.9616e-16
6647.02 7.7289e-16
6651.53 7.4122e-16
6656.03 7.1883e-16
6660.54 7.066e-16
6665.04 6.7188e-16
6669.55 6.5334e-16
6674.05 6.5642e-16
6678.55 6.4297e-16
6683.06 6.2395e-16
6687.56 6.114e-16
6692.07 6.043e-16
6696.57 6.149e-16
6701.08 6.2943e-16
6705.58 6.203e-16
6710.08 6.2743e-16
6714.59 6.3779e-16
6719.09 6.3214e-16
6723.6 6.2236e-16
6728.1 6.0825e-16
6732.61 6.0855e-16
6737.11 6.1184e-16
6741.61 5.963e-16
6746.12 5.9948e-16
6750.62 6.2832e-16
6755.13 6.6226e-16
6759.63 6.5171e-16
6764.14 6.315e-16
6768.64 6.3924e-16
6773.14 6.4879e-16
6777.65 6.1967e-16
6782.15 6.0289e-16
6786.66 6.0306e-16
6791.16 5.924e-16
6795.67 5.8817e-16
6800.17 5.8739e-16
6804.67 5.838e-16
6809.18 5.895e-16
6813.68 5.8981e-16
6818.19 5.8423e-16
6822.69 5.9209e-16
6827.2 5.9092e-16
6831.7 5.9448e-16
6836.2 5.9347e-16
6840.71 5.7885e-16
6845.21 5.8345e-16
6849.72 5.8984e-16
6854.22 5.8486e-16
6858.73 5.9371e-16
6863.23 6.0719e-16
6867.73 6.3018e-16
6872.24 6.2125e-16
6876.74 6.0218e-16
6881.25 6.0642e-16
6885.75 5.9505e-16
6890.26 5.933e-16
6894.76 5.9033e-16
6899.26 5.8806e-16
6903.77 5.8038e-16
6908.27 5.8576e-16
6912.78 5.8865e-16
6917.28 5.7448e-16
6921.79 5.7248e-16
6926.29 5.829e-16
6930.79 5.8432e-16
6935.3 5.7793e-16
6939.8 5.872e-16
6944.31 5.8781e-16
6948.81 5.747e-16
6953.32 5.6883e-16
6957.82 5.6454e-16
6962.32 5.7394e-16
6966.83 5.8739e-16
6971.33 5.8324e-16
6975.84 5.7473e-16
6980.34 5.6771e-16
6984.85 5.7328e-16
6989.35 5.7818e-16
6993.86 5.6938e-16
6998.36 5.7358e-16
7002.86 5.5895e-16
7007.37 5.3235e-16
7011.87 5.3131e-16
7016.38 5.2914e-16
7020.88 5.3416e-16
7025.39 5.5676e-16
7029.89 5.8183e-16
7034.39 5.8423e-16
7038.9 5.8135e-16
7043.4 6.0674e-16
7047.91 6.1068e-16
7052.41 5.8483e-16
7056.92 5.7833e-16
7061.42 5.79e-16
7065.92 5.6402e-16
7070.43 5.7104e-16
7074.93 5.604e-16
7079.44 5.5684e-16
7083.94 5.7017e-16
7088.45 5.7555e-16
7092.95 5.6491e-16
7097.45 5.7392e-16
7101.96 5.8516e-16
7106.46 5.809e-16
7110.97 5.6946e-16
7115.47 5.6905e-16
7119.98 5.6619e-16
7124.48 5.7043e-16
7128.98 5.6005e-16
7133.49 5.5488e-16
7137.99 5.6113e-16
7142.5 5.5822e-16
7147.0 5.5948e-16
7151.51 5.6507e-16
7156.01 5.6013e-16
7160.51 5.6479e-16
7165.02 5.7153e-16
7169.52 5.4494e-16
7174.03 5.4148e-16
7178.53 5.549e-16
7183.04 5.629e-16
7187.54 5.5506e-16
7192.04 5.4881e-16
7196.55 5.4832e-16
7201.05 5.4693e-16
7205.56 5.6404e-16
7210.06 5.6486e-16
7214.57 5.5312e-16
7219.07 5.4099e-16
7223.57 5.3316e-16
7228.08 5.1206e-16
7232.58 5.1799e-16
7237.09 5.5463e-16
7241.59 5.7538e-16
7246.1 5.872e-16
7250.6 6.0824e-16
7255.1 6.1487e-16
7259.61 6.0107e-16
7264.11 5.9545e-16
7268.62 5.9092e-16
7273.12 5.9272e-16
7277.63 5.911e-16
7282.13 5.617e-16
7286.63 5.5627e-16
7291.14 5.5367e-16
7295.64 5.6824e-16
7300.15 5.6489e-16
7304.65 5.5736e-16
7309.16 5.6696e-16
7313.66 5.7387e-16
7318.16 5.577e-16
7322.67 5.7073e-16
7327.17 5.7778e-16
7331.68 5.8699e-16
7336.18 6.0115e-16
7340.69 6.0572e-16
7345.19 6.0861e-16
7349.7 6.2892e-16
7354.2 6.3308e-16
7358.7 6.1779e-16
7363.21 6.0582e-16
7367.71 6.0134e-16
7372.22 6.0482e-16
7376.72 5.9872e-16
7381.23 5.8832e-16
7385.73 5.8217e-16
7390.23 5.6762e-16
7394.74 5.6547e-16
7399.24 5.7171e-16
7403.75 5.5728e-16
7408.25 5.5047e-16
7412.76 5.4625e-16
7417.26 5.4094e-16
7421.76 5.4766e-16
7426.27 5.4521e-16
7430.77 5.4372e-16
7435.28 5.38e-16
7439.78 5.2993e-16
7444.29 5.3393e-16
7448.79 5.3163e-16
7453.29 5.1118e-16
7457.8 5.0485e-16
7462.3 4.997e-16
7466.81 4.7959e-16
7471.31 4.7922e-16
7475.82 5.0102e-16
7480.32 5.1535e-16
7484.82 5.2312e-16
7489.33 5.3458e-16
7493.83 5.5005e-16
7498.34 5.6498e-16
7502.84 5.611e-16
7507.35 5.654e-16
7511.85 5.7271e-16
7516.35 5.5682e-16
7520.86 5.4599e-16
7525.36 5.3453e-16
7529.87 5.3247e-16
7534.37 5.2581e-16
7538.88 5.2543e-16
7543.38 5.2381e-16
7547.88 5.3157e-16
7552.39 5.3159e-16
7556.89 5.3949e-16
7561.4 5.3748e-16
7565.9 5.3004e-16
7570.41 5.2101e-16
7574.91 5.2281e-16
7579.41 5.3386e-16
7583.92 5.3093e-16
7588.42 5.2912e-16
7592.93 5.1401e-16
7597.43 4.9125e-16
7601.94 4.7445e-16
7606.44 4.7378e-16
7610.94 5.1105e-16
7615.45 5.2707e-16
7619.95 5.242e-16
7624.46 5.1566e-16
7628.96 4.8563e-16
7633.47 4.8868e-16
7637.97 5.0065e-16
7642.47 4.9904e-16
7646.98 4.8097e-16
7651.48 4.6999e-16
7655.99 4.768e-16
7660.49 4.7395e-16
7665.0 4.7459e-16
7669.5 4.875e-16
7674.0 4.9356e-16
7678.51 4.7725e-16
7683.01 4.7547e-16
7687.52 4.9071e-16
7692.02 5.0017e-16
7696.53 5.0458e-16
7701.03 5.077e-16
7705.54 5.164e-16
7710.04 5.0801e-16
7714.54 5.0046e-16
7719.05 4.843e-16
7723.55 4.6876e-16
7728.06 4.5937e-16
7732.56 4.9046e-16
7737.07 5.1277e-16
7741.57 5.1995e-16
7746.07 5.4318e-16
7750.58 5.6725e-16
7755.08 5.5882e-16
7759.59 5.3444e-16
7764.09 5.2439e-16
7768.6 5.2822e-16
7773.1 5.2681e-16
7777.6 5.1335e-16
7782.11 4.9314e-16
7786.61 4.829e-16
7791.12 4.7992e-16
7795.62 4.7993e-16
7800.13 4.9484e-16
7804.63 5.0229e-16
7809.13 5.0298e-16
7813.64 5.0701e-16
7818.14 5.2812e-16
7822.65 5.2506e-16
7827.15 4.9367e-16
7831.66 4.9772e-16
7836.16 5.0037e-16
7840.66 4.9035e-16
7845.17 4.9755e-16
7849.67 4.9506e-16
7854.18 4.7513e-16
7858.68 4.7616e-16
7863.19 4.8649e-16
7867.69 4.9793e-16
7872.19 4.8806e-16
7876.7 4.846e-16
7881.2 4.8214e-16
7885.71 4.7914e-16
7890.21 4.7848e-16
7894.72 4.6663e-16
7899.22 4.8047e-16
7903.72 4.8712e-16
7908.23 4.7005e-16
7912.73 4.7598e-16
7917.24 4.8634e-16
7921.74 4.8418e-16
7926.25 4.8525e-16
7930.75 4.9747e-16
7935.25 4.8445e-16
7939.76 4.9295e-16
7944.26 4.8685e-16
7948.77 4.7724e-16
7953.27 4.8926e-16
7957.78 4.8054e-16
7962.28 4.7001e-16
7966.78 4.7052e-16
7971.29 4.883e-16
7975.79 5.0448e-16
7980.3 4.9376e-16
7984.8 4.8035e-16
7989.31 4.8916e-16
7993.81 4.9268e-16
7998.31 4.7574e-16
8002.82 4.6728e-16
8007.32 4.7281e-16
8011.83 4.7375e-16
8016.33 4.7203e-16
8020.84 4.8471e-16
8025.34 4.99e-16
8029.85 4.7627e-16
8034.35 4.761e-16
8038.85 4.8291e-16
8043.36 4.767e-16
8047.86 4.7311e-16
8052.37 4.6633e-16
8056.87 4.7244e-16
8061.38 4.7996e-16
8065.88 4.6194e-16
8070.38 4.5331e-16
8074.89 4.635e-16
8079.39 4.7906e-16
8083.9 4.7859e-16
8088.4 4.7644e-16
8092.91 4.7462e-16
8097.41 4.6268e-16
8101.91 4.6326e-16
8106.42 4.6192e-16
8110.92 4.4747e-16
8115.43 4.4866e-16
8119.93 4.5664e-16
8124.44 4.5548e-16
8128.94 4.4773e-16
8133.44 4.4057e-16
8137.95 4.5199e-16
8142.45 4.4994e-16
8146.96 4.4813e-16
8151.46 4.4466e-16
8155.97 4.3137e-16
8160.47 4.2125e-16
8164.97 4.3235e-16
8169.48 4.4824e-16
8173.98 4.4794e-16
8178.49 4.3869e-16
8182.99 4.2895e-16
8187.5 4.291e-16
8192.0 4.3768e-16
8196.5 4.1034e-16
8201.01 3.8488e-16
8205.51 3.84e-16
8210.02 3.8753e-16
8214.52 3.9694e-16
8219.03 4.1188e-16
8223.53 4.0314e-16
8228.03 4.0124e-16
8232.54 4.3127e-16
8237.04 4.2686e-16
8241.55 4.4606e-16
8246.05 4.6977e-16
8250.56 4.6745e-16
8255.06 4.6697e-16
8259.56 4.5697e-16
8264.07 4.371e-16
8268.57 4.2903e-16
8273.08 4.2767e-16
8277.58 4.2835e-16
8282.09 4.4775e-16
8286.59 4.4237e-16
8291.09 4.3784e-16
8295.6 4.6077e-16
8300.1 4.4575e-16
8304.61 4.5824e-16
8309.11 4.75e-16
8313.62 4.5212e-16
8318.12 4.4126e-16
8322.62 4.3724e-16
8327.13 4.4021e-16
8331.63 4.5258e-16
8336.14 4.3758e-16
8340.64 4.1835e-16
8345.15 4.2829e-16
8349.65 3.9643e-16
8354.15 3.8095e-16
8358.66 3.7968e-16
8363.16 3.8098e-16
8367.67 3.6162e-16
8372.17 3.6073e-16
8376.68 3.6028e-16
8381.18 3.3238e-16
8385.69 2.8465e-16
8390.19 2.6456e-16
8394.69 2.3611e-16
8399.2 1.9092e-16
8403.7 1.3818e-16
8408.21 1.0155e-16
8412.71 9.0803e-17
8417.22 7.3595e-17
8421.72 6.0533e-17
8426.22 5.4657e-17
8430.73 3.9202e-17
8435.23 4.1453e-17
8439.74 4.9374e-17
8444.24 4.6125e-17
8448.75 5.6387e-17
8453.25 6.6475e-17
8457.75 5.2955e-17
8462.26 6.7227e-17
8466.76 5.8246e-17
8471.27 5.8299e-17
8475.77 7.1107e-17
8480.28 9.0416e-17
8484.78 1.0038e-16
8489.28 1.0393e-16
8493.79 1.1261e-16
8498.29 1.3188e-16
8502.8 1.5737e-16
8507.3 1.6247e-16
8511.81 1.7034e-16
8516.31 1.7936e-16
8520.81 1.8814e-16
8525.32 2.125e-16
8529.82 2.3805e-16
8534.33 2.4798e-16
8538.83 2.4867e-16
8543.34 2.5496e-16
8547.84 2.5478e-16
8552.34 2.4997e-16
8556.85 2.5237e-16
8561.35 2.3771e-16
8565.86 2.1536e-16
8570.36 2.2093e-16
8574.87 2.0572e-16
8579.37 1.8026e-16
8583.87 2.0088e-16
8588.38 2.1895e-16
8592.88 2.1779e-16
8597.39 2.1515e-16
8601.89 2.3303e-16
8606.4 2.3797e-16
8610.9 2.5968e-16
8615.4 2.761e-16
8619.91 2.7314e-16
8624.41 2.7793e-16
8628.92 3.0066e-16
8633.42 3.1125e-16
8637.93 3.1445e-16
8642.43 3.4541e-16
8646.93 3.7129e-16
8651.44 3.9264e-16
8655.94 4.196e-16
8660.45 4.2163e-16
8664.95 4.5299e-16
8669.46 5.061e-16
8673.96 5.5525e-16
8678.46 6.122e-16
8682.97 6.8386e-16
8687.47 7.433e-16
8691.98 8.1121e-16
8696.48 8.7338e-16
8700.99 8.9011e-16
8705.49 9.2811e-16
8709.99 9.6445e-16
8714.5 9.6418e-16
8719.0 9.3052e-16
8723.51 9.1264e-16
8728.01 9.3425e-16
8732.52 9.6477e-16
8737.02 9.603e-16
8741.53 9.5115e-16
8746.03 9.1174e-16
8750.53 8.8791e-16
8755.04 8.8083e-16
8759.54 8.5639e-16
8764.05 8.2316e-16
8768.55 7.7323e-16
8773.06 7.6712e-16
8777.56 7.9302e-16
8782.06 7.6231e-16
8786.57 7.3321e-16
8791.07 7.4909e-16
8795.58 7.1402e-16
8800.08 7.0004e-16
8804.59 6.6486e-16
8809.09 6.4412e-16
8813.59 6.4645e-16
8818.1 6.4183e-16
8822.6 6.0265e-16
8827.11 5.7104e-16
8831.61 5.5996e-16
8836.12 5.5659e-16
8840.62 5.5528e-16
8845.12 5.4463e-16
8849.63 5.3496e-16
8854.13 5.1721e-16
8858.64 4.9937e-16
8863.14 4.8303e-16
8867.65 4.627e-16
8872.15 4.4397e-16
8876.65 4.3094e-16
8881.16 4.2818e-16
8885.66 4.3104e-16
8890.17 4.1216e-16
8894.67 4.0488e-16
8899.18 4.2135e-16
8903.68 4.1142e-16
8908.18 4.2325e-16
8912.69 4.3684e-16
8917.19 4.2423e-16
8921.7 3.8038e-16
8926.2 3.7202e-16
8930.71 3.7195e-16
8935.21 3.5404e-16
8939.71 3.2148e-16
8944.22 3.2768e-16
8948.72 3.1581e-16
8953.23 3.2493e-16
8957.73 3.3226e-16
8962.24 3.2646e-16
8966.74 3.5828e-16
8971.24 3.69e-16
8975.75 3.6906e-16
8980.25 3.8114e-16
8984.76 3.6605e-16
8989.26 3.4489e-16
8993.77 3.5209e-16
8998.27 3.7748e-16
9002.77 3.7565e-16
9007.28 3.6159e-16
9011.78 3.6515e-16
9016.29 3.6907e-16
9020.79 3.7357e-16
9025.3 3.68e-16
9029.8 3.6232e-16
9034.3 3.8437e-16
9038.81 3.8839e-16
9043.31 3.8892e-16
9047.82 4.1677e-16
9052.32 4.2625e-16
9056.83 4.3757e-16
9061.33 4.5256e-16
9065.84 4.3836e-16
9070.34 4.1432e-16
9074.84 3.9969e-16
9079.35 4.1973e-16
9083.85 4.1239e-16
9088.36 3.7572e-16
9092.86 3.4475e-16
9097.37 3.3674e-16
9101.87 3.4819e-16
9106.37 3.8239e-16
9110.88 3.7545e-16
9115.38 3.502e-16
9119.89 3.6152e-16
9124.39 3.7291e-16
9128.9 3.7374e-16
9133.4 3.7419e-16
9137.9 3.9291e-16
9142.41 4.0907e-16
9146.91 4.1799e-16
9151.42 3.8545e-16
9155.92 3.6423e-16
9160.43 3.6771e-16
9164.93 3.547e-16
9169.43 3.755e-16
9173.94 3.7688e-16
9178.44 3.4715e-16
9182.95 3.4147e-16
9187.45 3.7262e-16
9191.96 3.7451e-16
9196.46 3.6268e-16
9200.96 3.5583e-16
9205.47 3.3961e-16
9209.97 3.604e-16
9214.48 3.4344e-16
9218.98 3.2946e-16
9223.49 3.0234e-16
9227.99 2.9563e-16
9232.49 2.8692e-16
9237.0 2.8538e-16
9241.5 2.8714e-16
9246.01 2.8189e-16
9250.51 2.6591e-16
9255.02 2.8195e-16
9259.52 3.1203e-16
9264.02 3.1178e-16
9268.53 3.2111e-16
9273.03 3.312e-16
9277.54 3.4185e-16
9282.04 3.5038e-16
9286.55 3.8042e-16
9291.05 3.8395e-16
9295.55 3.6926e-16
9300.06 3.7499e-16
9304.56 3.7599e-16
9309.07 3.5667e-16
9313.57 3.2509e-16
9318.08 3.2126e-16
9322.58 3.2514e-16
9327.08 3.1206e-16
9331.59 2.883e-16
9336.09 3.0604e-16
9340.6 3.2472e-16
9345.1 2.9794e-16
9349.61 3.2599e-16
9354.11 3.2693e-16
9358.61 3.0736e-16
9363.12 3.2745e-16
9367.62 3.0603e-16
9372.13 2.7301e-16
9376.63 2.5707e-16
9381.14 2.6304e-16
9385.64 2.968e-16
9390.14 3.0301e-16
9394.65 3.0743e-16
9399.15 3.0818e-16
9403.66 2.7485e-16
9408.16 2.5751e-16
9412.67 3.1252e-16
9417.17 3.3557e-16
9421.68 2.789e-16
9426.18 2.474e-16
9430.68 2.5214e-16
9435.19 2.8894e-16
9439.69 3.1755e-16
9444.2 2.9007e-16
9448.7 2.8916e-16
9453.21 2.563e-16
9457.71 2.8387e-16
9462.21 3.205e-16
9466.72 2.9715e-16
9471.22 3.0043e-16
9475.73 3.0631e-16
9480.23 2.8242e-16
9484.74 2.9988e-16
9489.24 3.4153e-16
9493.74 3.414e-16
9498.25 3.1412e-16
9502.75 2.8307e-16
9507.26 2.7883e-16
9511.76 2.8623e-16
9516.27 2.7964e-16
9520.77 2.8468e-16
9525.27 2.7013e-16
9529.78 2.2622e-16
9534.28 2.6096e-16
9538.79 3.3516e-16
9543.29 3.5012e-16
9547.8 3.4414e-16
9552.3 3.1175e-16
9556.8 2.4773e-16
9561.31 2.2988e-16
9565.81 1.9475e-16
9570.32 1.9096e-16
9574.82 2.6052e-16
9579.33 3.0379e-16
9583.83 2.9833e-16
9588.33 2.9574e-16
9592.84 2.8674e-16
9597.34 2.6809e-16
9601.85 2.8326e-16
9606.35 2.9319e-16
9610.86 2.8322e-16
9615.36 2.5089e-16
9619.86 2.2745e-16
9624.37 2.6417e-16
9628.87 2.6109e-16
9633.38 2.499e-16
9637.88 2.4351e-16
9642.39 2.3228e-16
9646.89 2.2942e-16
9651.39 2.4369e-16
9655.9 2.3115e-16
9660.4 2.3855e-16
9664.91 2.4868e-16
9669.41 2.2388e-16
9673.92 2.1419e-16
9678.42 2.5427e-16
9682.92 2.4009e-16
9687.43 2.1973e-16
9691.93 2.2632e-16
9696.44 1.9586e-16
9700.94 1.8312e-16
9705.45 2.2338e-16
9709.95 2.2793e-16
9714.45 2.4123e-16
9718.96 2.8896e-16
9723.46 2.7329e-16
9727.97 2.5672e-16
9732.47 2.8259e-16
9736.98 2.5865e-16
9741.48 2.6883e-16
9745.98 2.9045e-16
9750.49 2.798e-16
9754.99 2.8055e-16
9759.5 2.6991e-16
9764.0 2.5681e-16
9768.51 2.3735e-16
9773.01 2.4643e-16
9777.52 2.6131e-16
9782.02 2.8341e-16
9786.52 3.1698e-16
9791.03 2.7834e-16
9795.53 2.475e-16
9800.04 2.7708e-16
9804.54 2.61e-16
9809.05 2.5768e-16
9813.55 2.5001e-16
9818.05 2.214e-16
9822.56 2.2506e-16
9827.06 2.5544e-16
9831.57 2.4883e-16
9836.07 2.0609e-16
9840.58 2.0443e-16
9845.08 2.2067e-16
9849.58 2.5597e-16
9854.09 2.5149e-16
9858.59 2.1749e-16
9863.1 2.1084e-16
9867.6 2.0729e-16
9872.11 2.293e-16
9876.61 1.8284e-16
9881.11 1.7087e-16
9885.62 2.1685e-16
9890.12 2.1908e-16
9894.63 2.1345e-16
9899.13 2.2175e-16
9903.64 1.8927e-16
9908.14 1.8903e-16
9912.64 1.9147e-16
9917.15 1.7776e-16
9921.65 1.9011e-16
9926.16 2.343e-16
9930.66 1.917e-16
9935.17 1.8741e-16
9939.67 1.9298e-16
9944.17 2.3112e-16
9948.68 2.9364e-16
9953.18 2.4592e-16
9957.69 1.4531e-16
9962.19 1.7025e-16
9966.7 2.2498e-16
9971.2 1.8611e-16
9975.7 1.8922e-16
9980.21 2.2515e-16
9984.71 2.217e-16
9989.22 1.8782e-16
9993.72 1.9021e-16
9998.23 1.7917e-16
10002.73 1.7733e-16
10007.23 1.7863e-16
10011.74 2.0272e-16
10016.24 1.4874e-16
10020.75 1.563e-16
10025.25 1.544e-16
10029.76 1.9828e-16
10034.26 2.1484e-16
10038.76 1.6815e-16
10043.27 1.4569e-16
10047.77 1.3865e-16
10052.28 1.4757e-16
10056.78 1.7501e-16
10061.29 1.4665e-16
10065.79 1.1983e-16
10070.29 9.8188e-17
10074.8 1.4559e-16
10079.3 1.263e-16
10083.81 1.3094e-16
10088.31 1.0882e-16
10092.82 1.2502e-16
10097.32 2.0742e-16
10101.83 1.9386e-16
10106.33 1.5888e-16
10110.83 1.3232e-16
10115.34 1.4737e-16
10119.84 1.7014e-16
10124.35 1.672e-16
10128.85 1.272e-16
10133.36 1.2392e-16
10137.86 1.3412e-16
10142.36 1.5178e-16
10146.87 1.4079e-16
10151.37 1.231e-16
10155.88 1.7364e-16
10160.38 1.3771e-16
10164.89 7.0558e-17
10169.39 1.4326e-16
10173.89 1.3393e-16
10178.4 1.1805e-16
10182.9 1.3807e-16
10187.41 8.3465e-17
10191.91 9.7771e-17
10196.42 4.9913e-17
10200.92 6.9159e-17
10205.42 1.0886e-16
10209.93 1.2136e-16
10214.43 1.1412e-16
10218.94 1.1642e-16
10223.44 1.4278e-16
10227.95 1.1434e-16
10232.45 9.542e-17
10236.95 7.5915e-17
10241.46 1.054e-16
10245.96 1.0538e-16
10250.47 6.0733e-17
