5070.28 6.3086e-17
5072.92 4.6017e-17
5075.57 4.0355e-17
5078.21 5.2279e-17
5080.86 5.0098e-17
5083.50 4.9933e-17
5086.15 5.9665e-17
5088.79 5.07e-17
5091.44 3.7888e-17
5094.08 2.5794e-17
5096.73 2.8016e-17
5099.37 4.8505e-17
5102.02 6.5513e-17
5104.66 5.4868e-17
5107.31 5.3567e-17
5109.95 6.3564e-17
5112.60 4.8634e-17
5115.25 3.9887e-17
5117.89 5.2447e-17
5120.54 5.5384e-17
5123.18 5.3691e-17
5125.83 5.0924e-17
5128.47 5.2191e-17
5131.12 4.8635e-17
5133.76 4.0665e-17
5136.41 3.6813e-17
5139.05 3.5168e-17
5141.70 4.1864e-17
5144.34 4.4516e-17
5146.99 4.5363e-17
5149.63 4.8655e-17
5152.28 4.9859e-17
5154.92 4.757e-17
5157.57 3.7849e-17
5160.21 3.1432e-17
5162.86 3.4328e-17
5165.50 3.8827e-17
5168.15 3.8011e-17
5170.79 3.2248e-17
5173.44 3.0674e-17
5176.08 3.147e-17
5178.73 3.7304e-17
5181.38 3.7704e-17
5184.02 3.3387e-17
5186.67 3.4234e-17
5189.31 3.42e-17
5191.96 3.0395e-17
5194.60 3.4543e-17
5197.25 3.4833e-17
5199.89 2.8936e-17
5202.54 2.9047e-17
5205.18 4.0857e-17
5207.83 3.6131e-17
5210.47 3.1655e-17
5213.12 3.2799e-17
5215.76 3.5993e-17
5218.41 3.3267e-17
5221.05 3.2737e-17
5223.70 4.2219e-17
5226.34 4.6582e-17
5228.99 3.5852e-17
5231.63 3.6985e-17
5234.28 3.9789e-17
5236.92 3.7765e-17
5239.57 3.6623e-17
5242.21 3.7829e-17
5244.86 3.5621e-17
5247.51 3.1623e-17
5250.15 2.916e-17
5252.80 3.106e-17
5255.44 4.1213e-17
5258.09 4.6108e-17
5260.73 4.1772e-17
5263.38 4.36e-17
5266.02 4.8805e-17
5268.67 4.9075e-17
5271.31 4.5466e-17
5273.96 4.3258e-17
5276.60 4.2962e-17
5279.25 4.0061e-17
5281.89 4.2106e-17
5284.54 5.2022e-17
5287.18 5.1976e-17
5289.83 3.8188e-17
5292.47 3.8166e-17
5295.12 4.4779e-17
5297.76 4.4214e-17
5300.41 4.4908e-17
5303.05 4.2832e-17
5305.70 4.6573e-17
5308.34 4.9551e-17
5310.99 4.9505e-17
5313.64 4.9119e-17
5316.28 4.4401e-17
5318.93 4.4394e-17
5321.57 4.674e-17
5324.22 4.6178e-17
5326.86 5.0439e-17
5329.51 5.3503e-17
5332.15 4.9046e-17
5334.80 5.1114e-17
5337.44 5.1129e-17
5340.09 4.8195e-17
5342.73 4.9267e-17
5345.38 4.9739e-17
5348.02 5.3702e-17
5350.67 5.7273e-17
5353.31 5.3632e-17
5355.96 4.9615e-17
5358.60 4.7824e-17
5361.25 5.1313e-17
5363.89 4.7975e-17
5366.54 4.358e-17
5369.18 4.6327e-17
5371.83 4.9865e-17
5374.47 4.6037e-17
5377.12 4.052e-17
5379.77 4.5223e-17
5382.41 4.9546e-17
5385.06 4.7216e-17
5387.70 4.7879e-17
5390.35 4.8292e-17
5392.99 4.8659e-17
5395.64 5.1645e-17
5398.28 5.2383e-17
5400.93 5.3435e-17
5403.57 5.1657e-17
5406.22 5.3337e-17
5408.86 5.478e-17
5411.51 5.028e-17
5414.15 5.0562e-17
5416.80 4.915e-17
5419.44 4.9834e-17
5422.09 5.1897e-17
5424.73 5.1753e-17
5427.38 5.4759e-17
5430.02 6.0068e-17
5432.67 5.4657e-17
5435.31 4.9132e-17
5437.96 5.0365e-17
5440.60 5.0842e-17
5443.25 4.7122e-17
5445.90 5.3061e-17
5448.54 6.5409e-17
5451.19 5.8221e-17
5453.83 5.5219e-17
5456.48 5.7157e-17
5459.12 4.5187e-17
5461.77 3.9175e-17
5464.41 4.7964e-17
5467.06 5.5233e-17
5469.70 5.5925e-17
5472.35 5.4829e-17
5474.99 5.6767e-17
5477.64 6.11e-17
5480.28 5.3256e-17
5482.93 4.9456e-17
5485.57 5.4112e-17
5488.22 5.2421e-17
5490.86 5.1781e-17
5493.51 5.8628e-17
5496.15 5.0702e-17
5498.80 4.677e-17
5501.44 5.6277e-17
5504.09 6.0721e-17
5506.73 5.6955e-17
5509.38 5.2108e-17
5512.03 5.3688e-17
5514.67 5.3699e-17
5517.32 5.2065e-17
5519.96 5.0525e-17
5522.61 5.1179e-17
5525.25 5.0629e-17
5527.90 5.1372e-17
5530.54 5.3134e-17
5533.19 5.1585e-17
5535.83 5.3886e-17
5538.48 5.3299e-17
5541.12 4.5644e-17
5543.77 4.3425e-17
5546.41 4.2695e-17
5549.06 4.3548e-17
5551.70 4.8309e-17
5554.35 4.8657e-17
5556.99 4.8337e-17
5559.64 4.062e-17
5562.28 3.7904e-17
5564.93 4.2251e-17
5567.57 3.859e-17
5570.22 3.0078e-17
5572.86 3.1464e-17
5575.51 5.2098e-17
5578.15 7.0439e-17
5580.80 7.4259e-17
5583.45 7.346e-17
5586.09 6.6587e-17
5588.74 5.5328e-17
5591.38 5.5391e-17
5594.03 6.3341e-17
5596.67 6.2417e-17
5599.32 5.9436e-17
5601.96 5.1076e-17
5604.61 5.2813e-17
5607.25 5.3312e-17
5609.90 4.6506e-17
5612.54 5.0487e-17
5615.19 5.364e-17
5617.83 5.6412e-17
5620.48 5.9849e-17
5623.12 5.713e-17
5625.77 4.7868e-17
5628.41 5.0163e-17
5631.06 5.541e-17
5633.70 4.8995e-17
5636.35 4.3048e-17
5638.99 4.5448e-17
5641.64 4.6721e-17
5644.28 4.6722e-17
5646.93 4.8763e-17
5649.58 4.5644e-17
5652.22 4.2985e-17
5654.87 4.7647e-17
5657.51 4.7347e-17
5660.16 4.4286e-17
5662.80 4.3804e-17
5665.45 4.1577e-17
5668.09 4.5317e-17
5670.74 4.7911e-17
5673.38 4.5756e-17
5676.03 3.8599e-17
5678.67 3.3425e-17
5681.32 3.2862e-17
5683.96 3.3368e-17
5686.61 3.2875e-17
5689.25 3.1891e-17
5691.90 2.6749e-17
5694.54 2.7423e-17
5697.19 2.9964e-17
5699.83 3.1318e-17
5702.48 3.4018e-17
5705.12 2.9809e-17
5707.77 2.9895e-17
5710.41 2.9143e-17
5713.06 2.5871e-17
5715.71 2.9584e-17
5718.35 2.871e-17
5721.00 2.6937e-17
5723.64 2.6167e-17
5726.29 2.2478e-17
5728.93 2.1022e-17
5731.58 2.6037e-17
5734.22 2.866e-17
5736.87 3.0572e-17
5739.51 3.0395e-17
5742.16 3.063e-17
5744.80 3.0697e-17
5747.45 3.4407e-17
5750.09 3.3669e-17
5752.74 2.9416e-17
5755.38 3.3932e-17
5758.03 3.3075e-17
5760.67 3.1825e-17
5763.32 3.1194e-17
5765.96 2.8459e-17
5768.61 2.2901e-17
5771.25 2.4931e-17
5773.90 2.7624e-17
5776.54 2.8544e-17
5779.19 2.8379e-17
5781.84 3.0284e-17
5784.48 2.3998e-17
5787.13 2.5046e-17
5789.77 2.7734e-17
5792.42 3.0811e-17
5795.06 3.0498e-17
5797.71 2.8391e-17
5800.35 3.3561e-17
5803.00 3.546e-17
5805.64 3.4649e-17
5808.29 2.829e-17
5810.93 2.358e-17
5813.58 2.3361e-17
5816.22 2.5427e-17
5818.87 2.4677e-17
5821.51 2.4833e-17
5824.16 2.3245e-17
5826.80 1.8894e-17
5829.45 2.1991e-17
5832.09 2.7858e-17
5834.74 2.9175e-17
5837.38 2.6867e-17
5840.03 2.0201e-17
5842.67 1.7924e-17
5845.32 2.6353e-17
5847.97 2.3636e-17
5850.61 1.318e-17
5853.26 1.0265e-17
5855.90 1.3989e-17
5858.55 1.4585e-17
5861.19 1.1637e-17
5863.84 1.7209e-17
5866.48 2.3697e-17
5869.13 1.5029e-17
5871.77 1.5061e-17
5874.42 2.0207e-17
5877.06 1.7674e-17
5879.71 1.6044e-17
5882.35 1.4912e-17
5885.00 5.1552e-18
5887.64 2.244e-18
5890.29 1.1403e-17
5892.93 2.0167e-17
5895.58 2.5461e-17
5898.22 1.7589e-17
5900.87 1.2509e-17
5903.51 1.7479e-17
5906.16 2.2255e-17
5908.80 2.4768e-17
5911.45 3.0204e-17
5914.10 3.0557e-17
5916.74 2.7116e-17
5919.39 2.6147e-17
5922.03 2.8095e-17
5924.68 2.5828e-17
5927.32 2.4889e-17
5929.97 2.9334e-17
5932.61 3.2327e-17
5935.26 3.5638e-17
5937.90 3.7952e-17
5940.55 3.2133e-17
5943.19 3.9319e-17
5945.84 4.685e-17
5948.48 4.7441e-17
5951.13 5.7563e-17
5953.77 6.4125e-17
5956.42 6.1316e-17
5959.06 6.5341e-17
5961.71 6.4009e-17
5964.35 5.9768e-17
5967.00 6.223e-17
5969.64 6.3997e-17
5972.29 6.555e-17
5974.93 6.563e-17
5977.58 6.3369e-17
5980.23 6.465e-17
5982.87 6.6035e-17
5985.52 6.714e-17
5988.16 6.8414e-17
5990.81 7.0979e-17
5993.45 6.9436e-17
5996.10 6.2898e-17
5998.74 6.5573e-17
6001.39 7.0015e-17
6004.03 7.0441e-17
6006.68 6.8035e-17
6009.32 6.9504e-17
6011.97 7.2101e-17
6014.61 6.6968e-17
6017.26 6.3215e-17
6019.90 6.4816e-17
6022.55 6.2194e-17
6025.19 6.4093e-17
6027.84 6.4363e-17
6030.48 6.0091e-17
6033.13 5.488e-17
6035.77 6.3505e-17
6038.42 6.9092e-17
6041.06 6.2081e-17
6043.71 5.4017e-17
6046.36 5.1929e-17
6049.00 5.0224e-17
6051.65 4.787e-17
6054.29 4.9054e-17
6056.94 5.2607e-17
6059.58 5.2285e-17
6062.23 5.3319e-17
6064.87 4.8883e-17
6067.52 4.6859e-17
6070.16 4.4856e-17
6072.81 4.0711e-17
6075.45 4.2827e-17
6078.10 4.1885e-17
6080.74 4.2221e-17
6083.39 4.0156e-17
6086.03 3.467e-17
6088.68 2.8741e-17
6091.32 2.971e-17
6093.97 3.2153e-17
6096.61 3.5861e-17
6099.26 3.7616e-17
6101.90 3.3208e-17
6104.55 2.708e-17
6107.19 2.8868e-17
6109.84 3.0114e-17
6112.48 2.8275e-17
6115.13 2.987e-17
6117.78 2.8123e-17
6120.42 2.3929e-17
6123.07 2.8928e-17
6125.71 3.194e-17
6128.36 3.0452e-17
6131.00 3.3764e-17
6133.65 3.3995e-17
6136.29 3.082e-17
6138.94 2.878e-17
6141.58 2.9379e-17
6144.23 3.2009e-17
6146.87 3.0249e-17
6149.52 2.6799e-17
6152.16 2.9305e-17
6154.81 2.992e-17
6157.45 2.9665e-17
6160.10 2.7596e-17
6162.74 2.5872e-17
6165.39 3.2287e-17
6168.03 3.5037e-17
6170.68 2.5704e-17
6173.32 2.104e-17
6175.97 2.4023e-17
6178.61 2.1426e-17
6181.26 2.6764e-17
6183.91 3.1396e-17
6186.55 2.5127e-17
6189.20 2.5269e-17
6191.84 2.8815e-17
6194.49 2.9085e-17
6197.13 2.6498e-17
6199.78 3.24e-17
6202.42 3.9788e-17
6205.07 3.8703e-17
6207.71 3.5308e-17
6210.36 3.3597e-17
6213.00 3.3837e-17
6215.65 3.81e-17
6218.29 4.2788e-17
6220.94 4.4407e-17
6223.58 4.6361e-17
6226.23 4.5734e-17
6228.87 4.1691e-17
6231.52 3.8723e-17
6234.16 3.7077e-17
6236.81 4.201e-17
6239.45 4.2054e-17
6242.10 3.6476e-17
6244.74 3.8568e-17
6247.39 4.394e-17
6250.04 4.1909e-17
6252.68 3.953e-17
6255.33 3.8409e-17
6257.97 3.816e-17
6260.62 3.9816e-17
6263.26 3.8533e-17
6265.91 3.9603e-17
6268.55 3.9228e-17
6271.20 3.3056e-17
6273.84 3.7036e-17
6276.49 4.0578e-17
6279.13 3.4283e-17
6281.78 3.1194e-17
6284.42 3.4854e-17
6287.07 4.0098e-17
6289.71 4.4065e-17
6292.36 4.0579e-17
6295.00 3.4247e-17
6297.65 3.3276e-17
6300.29 4.2521e-17
6302.94 4.8335e-17
6305.58 4.7306e-17
6308.23 4.7368e-17
6310.87 4.5284e-17
6313.52 4.9106e-17
6316.17 4.8874e-17
6318.81 4.5347e-17
6321.46 4.5484e-17
6324.10 4.0191e-17
6326.75 3.8552e-17
6329.39 4.2771e-17
6332.04 4.4027e-17
6334.68 4.377e-17
6337.33 4.788e-17
6339.97 4.6517e-17
6342.62 4.1954e-17
6345.26 4.4388e-17
6347.91 4.4753e-17
6350.55 4.4091e-17
6353.20 4.339e-17
6355.84 4.0053e-17
6358.49 4.0652e-17
6361.13 4.2477e-17
6363.78 4.2941e-17
6366.42 4.2696e-17
6369.07 4.4716e-17
6371.71 4.4676e-17
6374.36 4.1289e-17
6377.00 4.0715e-17
6379.65 4.2413e-17
6382.30 4.2235e-17
6384.94 3.9593e-17
6387.59 3.7859e-17
6390.23 3.5254e-17
6392.88 3.4366e-17
6395.52 4.1721e-17
6398.17 4.3582e-17
6400.81 3.5612e-17
6403.46 3.3614e-17
6406.10 3.5747e-17
6408.75 3.5978e-17
6411.39 3.258e-17
6414.04 3.231e-17
6416.68 3.6966e-17
6419.33 3.8732e-17
6421.97 3.8798e-17
6424.62 3.4038e-17
6427.26 2.9158e-17
6429.91 3.0854e-17
6432.55 3.4018e-17
6435.20 3.5658e-17
6437.84 3.6766e-17
6440.49 3.7047e-17
6443.13 3.5728e-17
6445.78 3.699e-17
6448.43 4.014e-17
6451.07 3.7758e-17
6453.72 3.5126e-17
6456.36 3.8289e-17
6459.01 4.0983e-17
6461.65 3.9061e-17
6464.30 3.7816e-17
6466.94 3.5646e-17
6469.59 3.2352e-17
6472.23 3.4712e-17
6474.88 4.0817e-17
6477.52 4.4427e-17
6480.17 4.0104e-17
6482.81 3.4268e-17
6485.46 3.5066e-17
6488.10 3.9244e-17
6490.75 3.8611e-17
6493.39 3.6609e-17
6496.04 3.7156e-17
6498.68 4.5035e-17
6501.33 5.2723e-17
6503.97 4.3961e-17
6506.62 4.0309e-17
6509.26 4.8391e-17
6511.91 4.9655e-17
6514.56 4.7389e-17
6517.20 4.6085e-17
6519.85 4.2726e-17
6522.49 4.6036e-17
6525.14 5.1505e-17
6527.78 4.9611e-17
6530.43 4.7343e-17
6533.07 5.0591e-17
6535.72 5.2134e-17
6538.36 4.8676e-17
6541.01 5.2534e-17
6543.65 5.0996e-17
6546.30 4.6479e-17
6548.94 5.618e-17
6551.59 5.9634e-17
6554.23 5.4054e-17
6556.88 5.7214e-17
6559.52 6.1466e-17
6562.17 5.8859e-17
6564.81 5.3755e-17
6567.46 5.5403e-17
6570.10 5.7831e-17
6572.75 5.25e-17
6575.39 4.9247e-17
6578.04 5.1314e-17
6580.69 5.3962e-17
6583.33 5.3567e-17
6585.98 5.3722e-17
6588.62 6.04e-17
6591.27 6.2209e-17
6593.91 5.8226e-17
6596.56 6.2355e-17
6599.20 6.285e-17
6601.85 5.7377e-17
6604.49 5.4227e-17
6607.14 5.6156e-17
6609.78 5.7533e-17
6612.43 5.6605e-17
6615.07 5.0659e-17
6617.72 4.7853e-17
6620.36 5.1072e-17
6623.01 5.1345e-17
6625.65 5.0968e-17
6628.30 5.0227e-17
6630.94 5.0072e-17
6633.59 5.0877e-17
6636.23 4.724e-17
6638.88 4.5546e-17
6641.52 5.0216e-17
6644.17 5.3728e-17
6646.81 5.1809e-17
6649.46 5.1313e-17
6652.11 6.0375e-17
6654.75 6.2974e-17
6657.40 5.6012e-17
6660.04 4.839e-17
6662.69 4.218e-17
6665.33 4.3341e-17
6667.98 4.6828e-17
6670.62 3.1825e-17
6673.27 1.725e-18
6691.78 4.0051e-17
6710.30 3.2106e-17
6712.94 3.2456e-17
6715.59 3.3996e-17
6718.24 3.359e-17
6720.88 3.1849e-17
6723.53 3.0015e-17
6726.17 2.9436e-17
6728.82 2.9721e-17
6731.46 2.9187e-17
6734.11 3.4239e-17
6736.75 3.9559e-17
6739.40 3.9343e-17
6742.04 3.6002e-17
6744.69 3.2925e-17
6747.33 3.6211e-17
6749.98 3.4906e-17
6752.62 3.2285e-17
6755.27 3.2417e-17
6757.91 3.3806e-17
6760.56 3.4786e-17
6763.20 3.5508e-17
6765.85 3.6366e-17
6768.49 4.0453e-17
6771.14 4.6576e-17
6773.78 5.0412e-17
6776.43 4.6897e-17
6779.07 4.4465e-17
6781.72 4.57e-17
6784.37 4.998e-17
6787.01 5.0003e-17
6789.66 4.69e-17
6792.30 4.5685e-17
6794.95 4.5676e-17
6797.59 4.6415e-17
6800.24 4.9754e-17
6802.88 5.1533e-17
6805.53 4.9337e-17
6808.17 4.0274e-17
6810.82 3.6109e-17
6813.46 4.4081e-17
6816.11 4.7194e-17
6818.75 4.3354e-17
6821.40 4.2401e-17
6824.04 4.2352e-17
6826.69 4.5488e-17
6829.33 3.9543e-17
6831.98 1.7261e-17
6834.62 6.7779e-18
6837.27 3.3075e-18
6839.91 4.356e-18
6842.56 2.1788e-17
6845.20 3.2351e-17
6847.85 2.223e-17
6850.50 1.3759e-17
6853.14 1.4559e-17
6855.79 1.7417e-17
6858.43 1.9229e-17
6861.08 2.3237e-17
6863.72 2.8155e-17
6866.37 2.7416e-17
6869.01 2.1238e-17
6871.66 1.883e-17
6874.30 2.3507e-17
6876.95 2.4824e-17
6879.59 2.5387e-17
6882.24 2.7351e-17
6884.88 1.8959e-17
6887.53 1.197e-17
6890.17 1.5343e-17
6892.82 1.888e-17
6895.46 2.3095e-17
6898.11 2.5809e-17
6900.75 2.1991e-17
6903.40 1.5555e-17
6906.04 1.4547e-17
6908.69 2.2891e-17
6911.33 2.2023e-17
6913.98 1.3422e-17
6916.63 1.2798e-17
6919.27 1.2527e-17
6921.92 1.2699e-17
6924.56 1.8743e-17
6927.21 1.9011e-17
6929.85 1.4942e-17
6932.50 1.7241e-17
6935.14 2.0504e-17
6937.79 2.0198e-17
6940.43 1.9881e-17
6943.08 1.2327e-17
6945.72 7.4196e-18
6948.37 2.0805e-17
6951.01 2.5891e-17
6953.66 1.3669e-17
6956.30 8.2051e-18
6958.95 9.7115e-18
6961.59 1.6481e-17
6964.24 2.0833e-17
6966.88 1.7835e-17
6969.53 1.5994e-17
6972.17 1.8976e-17
6974.82 2.1295e-17
6977.46 2.1207e-17
6980.11 2.1465e-17
6982.76 2.3383e-17
6985.40 1.7357e-17
6988.05 1.2034e-17
6990.69 1.5136e-17
6993.34 1.5117e-17
6995.98 1.0444e-17
6998.63 9.1031e-18
7001.27 1.0904e-17
7003.92 1.0079e-17
7006.56 9.6818e-18
7009.21 1.2233e-17
7011.85 1.7643e-17
7014.50 1.8678e-17
7017.14 1.4961e-17
7019.79 1.2018e-17
7022.43 1.0009e-17
7025.08 9.5817e-18
7027.72 7.1334e-18
7030.37 1.4477e-17
7033.01 1.8167e-17
7035.66 1.2132e-17
7038.30 1.2227e-17
7040.95 1.5425e-17
7043.59 1.2254e-17
7046.24 9.4222e-18
7048.89 1.1758e-17
7051.53 1.3371e-17
7054.18 7.0925e-18
7056.82 9.4104e-18
7059.47 1.7605e-17
7062.11 1.6659e-17
7064.76 1.4339e-17
7067.40 1.2007e-17
7070.05 1.8336e-17
7072.69 2.1737e-17
7075.34 1.7247e-17
7077.98 1.7494e-17
7080.63 1.4455e-17
7083.27 1.4222e-17
7085.92 1.6916e-17
7088.56 1.7526e-17
7091.21 1.6424e-17
7093.85 2.0337e-17
7096.50 2.6878e-17
7099.14 2.8263e-17
7101.79 2.533e-17
7104.43 2.5806e-17
7107.08 2.9754e-17
7109.72 3.8052e-17
7112.37 4.0689e-17
7115.02 3.7755e-17
7117.66 3.7674e-17
7120.31 4.1608e-17
7122.95 4.9805e-17
7125.60 4.7882e-17
7128.24 4.6113e-17
7130.89 4.5726e-17
7133.53 4.7346e-17
7136.18 5.2203e-17
7138.82 5.7411e-17
7141.47 5.7658e-17
7144.11 5.8101e-17
7146.76 6.3379e-17
7149.40 7.0788e-17
7152.05 7.0697e-17
7154.69 7.1449e-17
7157.34 7.8978e-17
7159.98 7.9104e-17
7162.63 7.663e-17
7165.27 7.6078e-17
7167.92 7.9294e-17
7170.56 8.7814e-17
7173.21 8.9662e-17
7175.85 8.1953e-17
7178.50 8.15e-17
7181.14 8.1092e-17
7183.79 7.9696e-17
7186.44 7.6751e-17
7189.08 7.5334e-17
7191.73 7.8238e-17
7194.37 8.6981e-17
7197.02 8.3131e-17
7199.66 6.9854e-17
7202.31 6.6604e-17
7204.95 7.5296e-17
7207.60 7.8815e-17
7210.24 8.1189e-17
7212.89 8.1488e-17
7215.53 7.6749e-17
7218.18 7.8121e-17
7220.82 8.3071e-17
7223.47 7.6228e-17
7226.11 7.4694e-17
7228.76 7.0478e-17
7231.40 6.0444e-17
7234.05 5.9833e-17
7236.69 5.9373e-17
7239.34 5.7417e-17
7241.98 5.4069e-17
7244.63 4.9158e-17
7247.27 4.9538e-17
7249.92 5.1458e-17
7252.57 4.6622e-17
7255.21 4.885e-17
7257.86 4.3829e-17
7260.50 3.7686e-17
7263.15 3.8455e-17
7265.79 3.7109e-17
7268.44 3.9806e-17
7271.08 4.3498e-17
7273.73 4.3849e-17
7276.37 3.6314e-17
7279.02 3.0494e-17
7281.66 3.3829e-17
7284.31 4.149e-17
7286.95 4.1994e-17
7289.60 3.6664e-17
7292.24 3.235e-17
7294.89 2.7483e-17
7297.53 2.7367e-17
7300.18 2.6329e-17
7302.82 2.4443e-17
7305.47 3.1083e-17
7308.11 3.3842e-17
7310.76 3.5145e-17
7313.40 4.1404e-17
7316.05 4.1202e-17
7318.70 3.5657e-17
7321.34 3.0373e-17
7323.99 3.2246e-17
7326.63 3.4124e-17
7329.28 3.7588e-17
7331.92 4.5192e-17
7334.57 4.0146e-17
7337.21 2.8544e-17
7339.86 3.0921e-17
7342.50 4.5865e-17
7345.15 5.1626e-17
7347.79 5.3607e-17
7350.44 4.9987e-17
7353.08 4.0152e-17
7355.73 4.0557e-17
7358.37 4.5531e-17
7361.02 5.0497e-17
7363.66 4.3261e-17
7366.31 3.2373e-17
7368.95 3.3249e-17
7371.60 4.7595e-17
7374.24 4.9418e-17
7376.89 4.1207e-17
7379.53 4.0928e-17
7382.18 4.2616e-17
7384.83 4.8301e-17
7387.47 4.8086e-17
7390.12 4.5161e-17
7392.76 4.7205e-17
7395.41 5.0185e-17
7398.05 5.1826e-17
7400.70 5.4971e-17
7403.34 5.9881e-17
7405.99 6.3965e-17
7408.63 6.0699e-17
7411.28 5.1717e-17
7413.92 5.0568e-17
7416.57 5.7163e-17
7419.21 5.7862e-17
7421.86 5.9529e-17
7424.50 5.5068e-17
7427.15 4.8475e-17
7429.79 5.7598e-17
7432.44 6.2675e-17
7435.08 6.25e-17
7437.73 5.4886e-17
7440.37 4.7567e-17
7443.02 4.7774e-17
7445.66 5.0436e-17
7448.31 5.0493e-17
7450.96 4.7693e-17
7453.60 5.1413e-17
7456.25 5.6615e-17
7458.89 5.4773e-17
7461.54 5.2203e-17
7464.18 4.8809e-17
7466.83 4.9021e-17
7469.47 4.9749e-17
7472.12 4.6352e-17
7474.76 4.6679e-17
7477.41 3.9996e-17
7480.05 4.0292e-17
7482.70 4.4252e-17
7485.34 4.0689e-17
7487.99 4.0494e-17
7490.63 4.1483e-17
7493.28 4.1955e-17
7495.92 3.7713e-17
7498.57 3.8043e-17
7501.21 4.4067e-17
7503.86 4.4178e-17
7506.50 4.5576e-17
7509.15 4.626e-17
7511.79 4.3756e-17
7514.44 3.997e-17
7517.09 3.6064e-17
7519.73 3.8391e-17
7522.38 4.7486e-17
7525.02 5.0594e-17
7527.67 4.9627e-17
7530.31 4.9365e-17
7532.96 4.6544e-17
7535.60 4.5264e-17
7538.25 4.3447e-17
7540.89 3.8388e-17
7543.54 3.5101e-17
7546.18 3.4227e-17
7548.83 3.5648e-17
7551.47 3.8333e-17
7554.12 3.8128e-17
7556.76 3.59e-17
7559.41 3.7539e-17
7562.05 4.4422e-17
7564.70 4.6102e-17
7567.34 4.0287e-17
7569.99 4.0447e-17
7572.63 4.4114e-17
7575.28 4.4181e-17
7577.92 4.5544e-17
7580.57 4.3503e-17
7583.22 4.3783e-17
7585.86 4.665e-17
7588.51 4.5479e-17
7591.15 4.5374e-17
7593.80 3.9468e-17
7596.44 3.292e-17
7599.09 3.2848e-17
7601.73 4.2251e-17
7604.38 4.667e-17
7607.02 3.5709e-17
7609.67 3.1715e-17
7612.31 3.8728e-17
7614.96 3.8653e-17
7617.60 2.9112e-17
7620.25 2.5878e-17
7622.89 2.4008e-17
7625.54 2.8541e-17
7628.18 3.6217e-17
7630.83 3.1457e-17
7633.47 3.4345e-17
7636.12 3.6219e-17
7638.76 2.7376e-17
7641.41 1.9844e-17
7644.05 1.7902e-17
7646.70 2.8426e-17
7649.35 3.6857e-17
7651.99 3.4182e-17
7654.64 2.8796e-17
7657.28 2.9501e-17
7659.93 3.1578e-17
7662.57 2.5061e-17
7665.22 1.9893e-17
7667.86 2.2064e-17
7670.51 2.0913e-17
7673.15 2.3041e-17
7675.80 2.848e-17
7678.44 2.2701e-17
7681.09 1.7762e-17
7683.73 2.6417e-17
7686.38 3.1108e-17
7689.02 2.3568e-17
7691.67 1.8698e-17
7694.31 1.9304e-17
7696.96 1.7929e-17
7699.60 1.6375e-17
7702.25 1.8584e-17
7704.89 1.5092e-17
7707.54 1.2533e-17
7710.18 1.4313e-17
7712.83 1.4519e-17
7715.47 2.1445e-17
7718.12 2.3753e-17
7720.77 1.474e-17
7723.41 2.0957e-17
7726.06 3.1687e-17
7728.70 2.8315e-17
7731.35 2.6299e-17
7733.99 2.4688e-17
7736.64 1.8353e-17
7739.28 1.3474e-17
7741.93 9.8208e-18
7744.57 9.0753e-18
7747.22 1.9294e-17
7749.86 3.5662e-17
7752.51 3.7056e-17
7755.15 2.8142e-17
7757.80 2.6535e-17
7760.44 2.2527e-17
7763.09 2.0883e-17
7765.73 2.5876e-17
7768.38 2.815e-17
7771.02 2.7254e-17
7773.67 1.9017e-17
7776.31 8.6362e-18
7778.96 1.442e-17
7781.60 2.3711e-17
7784.25 2.9276e-17
7786.90 2.4655e-17
7789.54 2.8569e-17
7792.19 2.9723e-17
7794.83 2.2216e-17
7797.48 2.7182e-17
7800.12 2.9653e-17
7802.77 2.6412e-17
7805.41 2.2018e-17
7808.06 2.3354e-17
7810.70 2.3774e-17
7813.35 2.9436e-17
7815.99 2.2992e-17
7818.64 1.2803e-17
7821.28 1.2181e-17
7823.93 1.749e-17
7826.57 2.6343e-17
7829.22 3.6644e-17
7831.86 3.1213e-17
7834.51 2.2238e-17
7837.15 2.3247e-17
7839.80 1.672e-17
7842.44 8.1499e-18
7845.09 1.0761e-17
7847.73 1.8333e-17
7850.38 2.2955e-17
7853.03 1.8804e-17
7855.67 1.9841e-17
7858.32 3.5779e-17
7860.96 4.0461e-17
7863.61 2.4476e-17
7866.25 2.0929e-17
7868.90 3.1442e-17
7871.54 3.0764e-17
7874.19 3.5147e-17
7876.83 4.3064e-17
7879.48 3.8435e-17
7882.12 3.089e-17
7884.77 2.3657e-17
7887.41 2.5251e-17
7890.06 3.2624e-17
7892.70 3.3046e-17
7895.35 3.5587e-17
7897.99 3.3438e-17
7900.64 3.5456e-17
7903.28 3.4318e-17
7905.93 2.3627e-17
7908.57 2.3016e-17
7911.22 3.1497e-17
7913.86 2.9455e-17
7916.51 2.9329e-17
7919.16 2.8845e-17
7921.80 3.1296e-17
7924.45 3.5683e-17
7927.09 3.9525e-17
7929.74 4.4158e-17
7932.38 5.1128e-17
7935.03 4.9776e-17
7937.67 4.344e-17
7940.32 3.7327e-17
7942.96 2.8286e-17
7945.61 2.6558e-17
7948.25 2.028e-17
7950.90 1.572e-17
7953.54 1.5369e-17
7956.19 1.9509e-17
7958.83 2.8426e-17
7961.48 3.171e-17
7964.12 2.8616e-17
7966.77 3.5308e-17
7969.41 4.6827e-17
7972.06 4.2188e-17
7974.70 3.055e-17
7977.35 2.116e-17
7979.99 1.6608e-17
7982.64 2.0653e-17
7985.29 2.3534e-17
7987.93 2.1032e-17
7990.58 2.5059e-17
7993.22 3.4519e-17
7995.87 3.9766e-17
7998.51 3.5069e-17
8001.16 2.2172e-17
8003.80 2.0592e-17
8006.45 2.22e-17
8009.09 2.2938e-17
8011.74 2.1583e-17
8014.38 2.0251e-17
8017.03 1.8264e-17
8019.67 2.2517e-17
8022.32 2.8816e-17
8024.96 3.8768e-17
8027.61 2.2771e-17
8030.25 1.951e-17
8032.90 2.4764e-17
8035.54 2.025e-17
8038.19 1.5719e-17
8040.83 1.8986e-17
8043.48 1.3884e-17
8046.12 9.3777e-18
8048.77 1.7041e-17
8051.42 2.5284e-17
8054.06 2.0489e-17
8056.71 1.4044e-17
8059.35 1.1826e-17
8062.00 9.4547e-18
8064.64 8.3626e-18
8067.29 1.0588e-17
8069.93 1.3168e-17
8072.58 1.4592e-17
8075.22 1.4971e-17
8077.87 1.3342e-17
8080.51 1.9341e-17
8083.16 2.232e-17
8085.80 1.3757e-17
8088.45 1.3188e-17
8091.09 1.1029e-17
8093.74 4.3342e-18
8096.38 1.7469e-17
8099.03 3.0864e-17
8101.67 2.2095e-17
8104.32 2.3081e-17
8106.96 2.0247e-17
8109.61 1.4322e-17
8112.25 2.0377e-17
8114.90 1.7465e-17
8117.55 1.5198e-17
8120.19 1.1296e-17
8122.84 1.9171e-17
8125.48 2.3281e-17
8128.13 2.3642e-17
8130.77 1.6742e-17
8133.42 1.0571e-17
8136.06 8.3324e-18
8138.71 9.2331e-18
8141.35 9.9249e-18
8144.00 1.7895e-17
8146.64 1.9866e-17
8149.29 1.4999e-17
8151.93 1.1724e-17
8154.58 1.0273e-17
8157.22 1.3188e-17
8159.87 1.2154e-17
8162.51 1.0628e-17
8165.16 9.5173e-18
8167.80 5.5564e-18
8170.45 9.2445e-18
8173.09 1.1794e-17
8175.74 1.2507e-17
8178.38 1.2318e-17
8181.03 1.2686e-17
8183.68 1.8332e-17
8186.32 1.4348e-17
8188.97 6.369e-18
8191.61 4.0662e-18
8194.26 4.9142e-18
8196.90 1.5024e-17
8199.55 1.9129e-17
8202.19 1.1545e-17
8204.84 1.1608e-17
8207.48 1.0766e-17
8210.13 1.4198e-17
8241.87 8.8433e-18
8244.51 1.3584e-17
8247.16 1.5394e-17
8249.80 1.1645e-17
8252.45 7.6845e-18
8255.10 8.705e-18
8257.74 8.034e-18
8260.39 5.1601e-18
8263.03 6.3534e-18
8265.68 1.225e-17
8268.32 1.0869e-17
8270.97 5.3248e-18
8284.19 3.7424e-18
8286.84 1.147e-17
8289.48 2.1164e-17
8292.13 2.2202e-17
8294.77 1.8596e-17
8297.42 8.6838e-18
8300.06 1.6185e-17
8302.71 1.4349e-17
8305.35 1.3602e-17
8308.00 1.7819e-17
8310.64 1.8019e-17
8313.29 6.1852e-18
8315.93 8.2085e-18
8318.58 1.8446e-17
8321.23 2.2117e-17
8323.87 1.5506e-17
8326.52 1.5952e-18
8329.16 4.3119e-19
8331.81 1.2442e-17
8334.45 2.2279e-17
8337.10 2.7763e-17
8339.74 3.4991e-17
8342.39 2.2039e-17
8345.03 1.1208e-17
8347.68 4.2555e-17
8350.32 6.5181e-17
8352.97 5.9159e-17
8355.61 4.6661e-17
8358.26 4.0702e-17
8360.90 3.843e-17
8363.55 2.9855e-17
8366.19 2.2186e-17
8368.84 1.3474e-17
8371.48 1.7325e-17
8374.13 1.9504e-17
8376.77 1.5166e-17
8379.42 1.5389e-17
8382.06 3.0143e-17
8384.71 3.16e-17
8387.36 3.2035e-17
8390.00 2.4152e-17
8392.65 2.2444e-17
8395.29 2.5993e-17
8397.94 2.4601e-17
8400.58 2.2334e-17
8403.23 1.6716e-17
8405.87 1.7811e-17
8408.52 1.9727e-17
8442.90 1.0021e-17
8445.55 1.5435e-17
8448.19 1.2011e-17
8450.84 1.4101e-17
8453.49 1.6676e-17
8456.13 2.5733e-17
8458.78 3.0485e-17
8461.42 2.4364e-17
8464.07 6.5732e-18
8466.71 1.6047e-17
8469.36 3.6579e-17
8472.00 3.2693e-17
8474.65 2.2724e-17
8477.29 1.5838e-17
8479.94 1.3511e-17
8482.58 1.7332e-17
8485.23 2.156e-17
8487.87 2.2342e-17
8490.52 1.6705e-17
8493.16 1.5325e-17
8495.81 2.1501e-17
8498.45 1.9161e-17
8501.10 1.422e-17
8503.74 1.9112e-17
8506.39 2.6282e-17
8509.03 4.2781e-17
8511.68 4.6644e-17
8514.32 3.6295e-17
8516.97 2.8254e-17
8519.62 2.2485e-17
8522.26 1.9826e-17
8524.91 1.8792e-17
8527.55 1.6799e-17
8530.20 1.5778e-17
8532.84 1.9135e-17
8535.49 2.8281e-17
8538.13 3.2552e-17
8540.78 2.8217e-17
8543.42 2.7495e-17
8546.07 3.2756e-17
8548.71 3.4658e-17
8551.36 3.3045e-17
8554.00 3.7823e-17
8556.65 4.4425e-17
8559.29 4.9418e-17
8561.94 5.5245e-17
8564.58 5.2168e-17
8567.23 5.4245e-17
8569.87 5.7492e-17
8572.52 4.9532e-17
8575.16 5.1768e-17
8577.81 7.196e-17
8580.45 7.5197e-17
8583.10 6.354e-17
8585.75 7.0287e-17
8588.39 7.4163e-17
8591.04 6.5707e-17
8593.68 6.32e-17
8596.33 7.6923e-17
8598.97 8.467e-17
8601.62 8.0556e-17
8604.26 8.3278e-17
8606.91 9.1702e-17
8609.55 9.3844e-17
8612.20 9.0788e-17
8614.84 8.4909e-17
8617.49 8.3583e-17
8620.13 9.0866e-17
8622.78 9.8916e-17
8625.42 9.7748e-17
8628.07 8.7163e-17
8630.71 9.2123e-17
8633.36 1.1085e-16
8636.00 1.2018e-16
8638.65 1.1534e-16
8641.29 1.0745e-16
8643.94 1.0281e-16
8646.58 1.017e-16
8649.23 1.144e-16
8651.88 1.2612e-16
8654.52 1.3694e-16
8657.17 1.4083e-16
8659.81 1.2342e-16
8662.46 1.0994e-16
8665.10 1.0777e-16
8667.75 1.3068e-16
8670.39 1.5664e-16
8673.04 1.491e-16
8675.68 1.3885e-16
8678.33 1.4275e-16
8680.97 1.4235e-16
8683.62 1.3518e-16
8686.26 1.2278e-16
8688.91 1.1202e-16
8691.55 1.1817e-16
8694.20 1.2938e-16
8696.84 1.3194e-16
8699.49 1.28e-16
8702.13 1.2383e-16
8704.78 1.2649e-16
8707.42 1.2477e-16
8710.07 1.2008e-16
8712.71 1.1258e-16
8715.36 9.7925e-17
8718.01 9.4299e-17
8720.65 1.0305e-16
8723.30 1.1233e-16
8725.94 1.0718e-16
8728.59 9.7628e-17
8731.23 9.6315e-17
8733.88 9.1105e-17
8736.52 8.3686e-17
8739.17 8.3839e-17
8741.81 8.5046e-17
8744.46 8.5989e-17
8747.10 9.4057e-17
8749.75 9.6936e-17
8752.39 9.6179e-17
8755.04 1.0147e-16
8757.68 1.0566e-16
8760.33 9.9246e-17
8762.97 9.1863e-17
8765.62 9.1839e-17
8768.26 8.0955e-17
8770.91 7.0523e-17
8773.55 7.1555e-17
8776.20 6.7967e-17
8778.84 7.606e-17
8781.49 1.0019e-16
8784.13 1.1537e-16
8786.78 1.1456e-16
8789.43 1.0558e-16
8792.07 1.0213e-16
8794.72 1.0788e-16
8797.36 1.0194e-16
8800.01 1.0154e-16
8802.65 1.1565e-16
8805.30 1.1232e-16
8807.94 9.6299e-17
8810.59 9.6489e-17
8813.23 1.0844e-16
8815.88 1.187e-16
8818.52 1.1615e-16
8821.17 9.6605e-17
8823.81 8.8494e-17
8826.46 1.0426e-16
8829.10 1.2345e-16
8831.75 1.4595e-16
8834.39 1.6597e-16
8837.04 1.596e-16
8839.68 1.2758e-16
8842.33 1.0324e-16
8844.97 1.1162e-16
8847.62 1.2915e-16
8850.26 1.2722e-16
8852.91 1.1291e-16
8855.56 1.0472e-16
8858.20 9.8903e-17
8860.85 9.3989e-17
8863.49 9.7259e-17
8866.14 1.0705e-16
8868.78 1.0773e-16
8871.43 1.0609e-16
8874.07 1.0256e-16
8876.72 1.0205e-16
8879.36 9.2775e-17
8882.01 7.4022e-17
8884.65 8.6007e-17
8887.30 1.0465e-16
8889.94 1.0465e-16
8892.59 1.1381e-16
8895.23 1.0439e-16
8897.88 7.3806e-17
8900.52 5.7837e-17
8903.17 4.8284e-17
8905.81 4.0105e-17
8908.46 5.3748e-17
8911.10 7.1542e-17
8913.75 6.12e-17
8916.39 7.1811e-17
8919.04 8.642e-17
8921.69 5.7461e-17
8924.33 2.8658e-17
8926.98 4.1797e-17
8929.62 5.0624e-17
8932.27 4.6232e-17
8934.91 3.6087e-17
8937.56 3.2998e-17
8940.20 3.8907e-17
8942.85 5.7311e-17
8945.49 6.8194e-17
8948.14 6.6771e-17
8950.78 8.3181e-17
8953.43 9.1527e-17
8956.07 8.4713e-17
8958.72 7.3841e-17
8961.36 4.8831e-17
8964.01 1.9894e-17
8966.65 5.9889e-18
8969.30 2.2527e-17
8971.94 3.1922e-17
8974.59 3.6451e-17
9016.91 1.2158e-17
9019.56 2.1874e-17
9022.20 2.7538e-17
9024.85 2.1906e-17
9027.49 2.0452e-17
9125.37 9.6036e-18
9128.01 1.4365e-17
9130.66 9.802e-18
9133.30 7.1886e-19
