# MJD flux flux_err filter
56154.220 3.9425e-15 1.1402e-17 BessellU
56155.220 3.6963e-15 5.3203e-18 BessellU
56158.230 3.1029e-15 1.1027e-17 BessellU
56165.280 1.1582e-15 3.0771e-18 BessellU
56168.200 9.903e-16 3.9061e-18 BessellU
56171.080 8.4677e-16 4.4079e-18 BessellU
56173.090 6.4829e-16 2.4878e-18 BessellU
56176.130 6.0781e-16 2.71e-18 BessellU
56196.200 2.6289e-16 1.4306e-18 BessellU
56202.010 2.5809e-16 1.7147e-18 BessellU
56204.210 2.3756e-16 1.9988e-18 BessellU
56208.040 2.3756e-16 2.5699e-18 BessellU
56211.050 1.9942e-16 1.186e-18 BessellU
56221.060 1.3545e-16 6.2996e-19 BessellU
56154.220 6.349e-15 9.1995e-18 BessellB
56155.220 6.349e-15 1.8399e-17 BessellB
56157.910 5.7156e-15 1.1028e-17 BessellB
56159.310 4.8162e-15 1.7104e-17 BessellB
56160.300 5.3297e-15 2.6691e-17 BessellB
56165.280 4.0804e-15 1.4322e-17 BessellB
56168.200 3.7906e-15 5.2946e-18 BessellB
56171.080 3.3939e-15 1.4113e-17 BessellB
56173.090 3.1239e-15 8.6107e-18 BessellB
56176.130 3.1239e-15 8.6107e-18 BessellB
56179.340 2.746e-15 1.1253e-17 BessellB
56180.920 2.6224e-15 7.1422e-18 BessellB
56181.590 2.3917e-15 3.2366e-18 BessellB
56186.200 2.3698e-15 1.1217e-17 BessellB
56194.870 2.1813e-15 2.9335e-18 BessellB
56196.200 2.1613e-15 8.7145e-18 BessellB
56202.105 1.9935e-15 4.1659e-18 BessellB
56204.210 1.848e-15 4.916e-18 BessellB
56208.040 2.0263e-15 1.0847e-17 BessellB
56211.050 1.8143e-15 4.8203e-18 BessellB
56212.190 1.6395e-15 6.4902e-18 BessellB
56217.150 1.5802e-15 7.2803e-18 BessellB
56220.420 1.4019e-15 4.5773e-18 BessellB
56221.060 1.4679e-15 2.8845e-18 BessellB
56232.130 1.2098e-15 7.0425e-18 BessellB
56242.130 9.0929e-16 5.7748e-18 BessellB
56246.960 6.8977e-16 4.3051e-18 BessellB
56250.190 4.685e-16 2.5696e-18 BessellB
56253.080 4.1563e-16 2.5146e-18 BessellB
56266.930 2.5044e-16 2.9403e-18 BessellB
56268.940 2.284e-16 2.0004e-18 BessellB
56270.950 2.0831e-16 1.5727e-18 BessellB
56282.940 1.8998e-16 2.1949e-18 BessellB
56290.000 1.5802e-16 1.8064e-18 BessellB
56302.810 1.3763e-16 2.3415e-18 BessellB
56331.000 1.2098e-16 6.1298e-19 BessellB
56346.000 1.1877e-16 6.6796e-19 BessellB
56154.220 4.2999e-15 6.3062e-18 BessellV
56155.220 4.1064e-15 1.2004e-17 BessellV
56158.053 3.9791e-15 6.8636e-18 BessellV
56159.310 3.8856e-15 1.1313e-17 BessellV
56160.300 4.1064e-15 1.8006e-17 BessellV
56165.280 3.85e-15 1.1202e-17 BessellV
56168.200 3.5437e-15 5.1245e-18 BessellV
56171.080 3.6767e-15 1.5993e-17 BessellV
56173.090 3.643e-15 1.0557e-17 BessellV
56176.130 3.6096e-15 1.3067e-17 BessellV
56179.340 3.292e-15 1.4206e-17 BessellV
56180.920 3.1729e-15 6.8279e-18 BessellV
56181.590 3.1438e-15 4.5072e-18 BessellV
56186.200 3.292e-15 1.4206e-17 BessellV
56190.240 3.2319e-15 6.964e-18 BessellV
56194.870 3.292e-15 4.7353e-18 BessellV
56196.200 3.6096e-15 1.3067e-17 BessellV
56199.290 3.5437e-15 7.6867e-18 BessellV
56202.105 3.387e-15 7.629e-18 BessellV
56204.210 3.2319e-15 6.964e-18 BessellV
56208.040 3.2618e-15 1.8755e-17 BessellV
56211.050 3.115e-15 8.9259e-18 BessellV
56212.190 2.9475e-15 1.4722e-17 BessellV
56217.150 2.9475e-15 1.2619e-17 BessellV
56220.420 2.7891e-15 9.9114e-18 BessellV
56232.130 2.3413e-15 1.3149e-17 BessellV
56237.120 2.0205e-15 4.2117e-18 BessellV
56242.130 1.6499e-15 9.0438e-18 BessellV
56246.960 1.3227e-15 8.9276e-18 BessellV
56248.140 1.131e-15 3.0215e-18 BessellV
56250.190 9.1508e-16 4.8212e-18 BessellV
56253.080 4.937e-16 3.1244e-18 BessellV
56266.930 4.3397e-16 5.4485e-18 BessellV
56268.940 3.9579e-16 3.7054e-18 BessellV
56270.950 3.6096e-16 2.912e-18 BessellV
56282.940 3.0023e-16 3.6842e-18 BessellV
56290.000 2.4972e-16 3.0302e-18 BessellV
56302.810 2.2775e-16 4.1223e-18 BessellV
56305.660 2.2775e-16 4.1223e-18 BessellV
56331.000 1.4773e-16 6.9488e-19 BessellV
56346.000 1.2866e-16 6.7539e-19 BessellV
56352.000 1.2866e-16 8.2547e-19 BessellV
56154.220 2.6504e-15 3.8949e-18 BessellR
56155.220 2.5782e-15 3.7811e-18 BessellR
56158.125 2.5617e-15 1.7942e-18 BessellR
56159.310 2.7378e-15 5.2e-18 BessellR
56160.300 2.8092e-15 4.9912e-18 BessellR
56165.280 2.7221e-15 4.824e-18 BessellR
56168.200 2.4849e-15 3.6345e-18 BessellR
56171.080 2.5782e-15 3.7811e-18 BessellR
56173.090 2.4849e-15 3.6345e-18 BessellR
56176.130 2.5782e-15 5.0865e-18 BessellR
56179.340 2.6504e-15 7.7898e-18 BessellR
56180.920 2.6997e-15 1.9863e-18 BessellR
56181.590 2.6261e-15 5.7848e-18 BessellR
56186.200 2.5372e-15 5.2695e-18 BessellR
56190.240 2.395e-15 5.2404e-18 BessellR
56194.870 2.6504e-15 1.9474e-18 BessellR
56196.200 2.6797e-15 4.1846e-18 BessellR
56199.290 2.501e-15 3.0514e-18 BessellR
56202.137 2.4325e-15 2.9968e-18 BessellR
56204.210 2.5407e-15 3.9628e-18 BessellR
56208.040 2.4849e-15 3.6345e-18 BessellR
56211.050 2.395e-15 1.7468e-18 BessellR
56212.190 2.3761e-15 2.8899e-18 BessellR
56217.150 2.2663e-15 4.9388e-18 BessellR
56220.420 2.6749e-15 7.8672e-18 BessellR
56221.060 2.2556e-15 3.2136e-18 BessellR
56223.520 2.1643e-15 3.1339e-18 BessellR
56226.450 2.1444e-15 3.103e-18 BessellR
56232.130 1.9898e-15 3.452e-18 BessellR
56237.120 1.7889e-15 2.1364e-18 BessellR
56242.130 1.5603e-15 1.8397e-18 BessellR
56246.960 1.2115e-15 1.6835e-18 BessellR
56248.140 1.2803e-15 4.465e-18 BessellR
56250.190 8.7519e-16 1.1056e-18 BessellR
56253.080 6.3782e-16 1.17e-18 BessellR
56266.930 4.7349e-16 2.1618e-18 BessellR
56268.940 4.1239e-16 2.6658e-18 BessellR
56270.950 3.7611e-16 2.4169e-18 BessellR
56277.990 3.4301e-16 2.1912e-18 BessellR
56282.940 3.7611e-16 4.8337e-18 BessellR
56290.000 3.1283e-16 1.9867e-18 BessellR
56302.810 2.853e-16 1.8014e-18 BessellR
56305.660 2.9875e-16 5.6754e-18 BessellR
56331.000 2.6261e-16 1.3196e-18 BessellR
56346.000 2.5079e-16 2.356e-18 BessellR
56352.000 2.1248e-16 1.1854e-18 BessellR
56154.220 1.2176e-15 1.7737e-18 BessellI
56155.220 1.2176e-15 1.7737e-18 BessellI
56158.125 1.2188e-15 8.298e-19 BessellI
56159.310 1.469e-15 4.2264e-18 BessellI
56160.300 1.3144e-15 3.2291e-18 BessellI
56165.280 1.2632e-15 2.7678e-18 BessellI
56168.200 1.1953e-15 1.7389e-18 BessellI
56171.080 1.1844e-15 1.7219e-18 BessellI
56173.090 1.2064e-15 1.7562e-18 BessellI
56176.130 1.3174e-15 2.6003e-18 BessellI
56179.340 1.7997e-15 2.6639e-18 BessellI
56180.920 1.7599e-15 1.3172e-18 BessellI
56181.590 1.7278e-15 3.8741e-18 BessellI
56186.200 1.4329e-15 1.5211e-18 BessellI
56190.240 1.37e-15 2.6282e-18 BessellI
56194.870 1.8599e-15 1.3978e-18 BessellI
56196.200 1.335e-15 2.9369e-18 BessellI
56199.290 1.7611e-15 1.2047e-18 BessellI
56202.137 1.5689e-15 1.8295e-18 BessellI
56204.210 1.4819e-15 1.5816e-18 BessellI
56208.040 1.3724e-15 2.0168e-18 BessellI
56211.050 1.3106e-15 9.5979e-19 BessellI
56212.190 1.6532e-15 2.0867e-18 BessellI
56217.150 1.2402e-15 2.7136e-18 BessellI
56220.420 1.9297e-15 4.3629e-18 BessellI
56221.060 1.4603e-15 1.5599e-18 BessellI
56223.520 1.2867e-15 2.823e-18 BessellI
56226.450 1.2176e-15 2.6605e-18 BessellI
56232.130 1.6349e-15 2.4338e-18 BessellI
56237.120 1.0558e-15 1.2925e-18 BessellI
56242.130 9.2536e-16 1.119e-18 BessellI
56246.960 7.2692e-16 1.0206e-18 BessellI
56248.140 9.7608e-16 2.7987e-18 BessellI
56250.190 5.102e-16 6.5629e-19 BessellI
56253.080 3.6714e-16 6.5187e-19 BessellI
56266.930 2.7892e-16 1.2843e-18 BessellI
56268.940 2.5674e-16 1.6796e-18 BessellI
56270.950 2.3415e-16 1.5226e-18 BessellI
56277.990 1.9475e-16 1.2515e-18 BessellI
56290.000 1.6199e-16 1.0288e-18 BessellI
56302.810 1.4774e-16 9.328e-19 BessellI
56305.660 2.2361e-16 4.3493e-18 BessellI
56331.000 1.9837e-16 1.021e-18 BessellI
56346.000 1.491e-16 8.4778e-19 BessellI
56352.000 1.4109e-16 7.9941e-19 BessellI
