# MJD flux flux_err filter
54552.348 5.230299999999999e-16 1.3363999999999999e-18 BessellU
54553.364 4.981099999999999e-16 1.2532e-18 BessellU
54554.174000000006 4.2887000000000005e-16 1.0422000000000001e-18 BessellU
54555.899000000005 3.7168e-16 8.8122e-19 BessellU
54557.325999999994 2.9624e-16 8.8413e-19 BessellU
54558.28599999999 3.0821e-16 1.0726000000000002e-18 BessellU
54559.3 2.3634e-16 7.0996000000000015e-19 BessellU
54564.177 1.7063e-16 7.4405e-19 BessellU
54565.28599999999 1.5483e-16 6.6223e-19 BessellU
54566.215 1.5189e-16 8.8896e-19 BessellU
54569.233 1.7707999999999999e-16 1.5268e-18 BessellU
54570.200999999994 1.3567e-16 1.4750999999999998e-18 BessellU
54572.202000000005 7.6097e-17 8.3472e-19 BessellU
54582.15900000001 4.7534e-17 5.444399999999999e-19 BessellU
54584.309 6.67e-17 8.435799999999998e-19 BessellU
54585.2 5.4889e-17 5.2452e-19 BessellU
54586.246 4.7133000000000003e-17 5.3185e-19 BessellU
54592.139 5.0407e-17 5.9721e-19 BessellU
54593.252 4.8151e-17 5.3341e-19 BessellU
54594.359000000004 4.2536999999999995e-17 5.769300000000001e-19 BessellU
54599.157999999996 3.4716e-17 5.199399999999999e-19 BessellU
54622.195 4.2871000000000006e-17 7.4525e-19 BessellU
54629.176 1.9041e-17 3.3387e-19 BessellU
54552.342000000004 5.691e-16 7.0196e-19 BessellB
54553.358 5.2935e-16 6.1754e-19 BessellB
54554.169 5.0404e-16 6.171000000000001e-19 BessellB
54555.5 4.7725e-16 8.8809e-19 BessellB
54556.288 4.8612e-16 6.2354e-19 BessellB
54557.32 4.5982e-16 5.5981e-19 BessellB
54558.28 4.0221999999999996e-16 5.100199999999999e-19 BessellB
54559.295 4.2164000000000003e-16 5.744699999999999e-19 BessellB
54564.172 3.4087e-16 5.298399999999999e-19 BessellB
54565.280999999995 3.1929e-16 5.324000000000001e-19 BessellB
54566.209 3.0838999999999997e-16 6.048e-19 BessellB
54569.227999999996 2.7791e-16 6.4016e-19 BessellB
54570.195 3.0754e-16 9.1369e-19 BessellB
54572.199 2.9913e-16 1.1356999999999999e-18 BessellB
54575.314000000006 2.6326e-16 2.3559e-18 BessellB
54576.261 2.4159999999999997e-16 9.341000000000001e-19 BessellB
54579.212999999996 2.1269e-16 5.5651e-19 BessellB
54582.154 1.9244e-16 4.2274999999999993e-19 BessellB
54584.303 1.7681e-16 4.1193999999999997e-19 BessellB
54585.194 1.7305e-16 3.7784e-19 BessellB
54586.24 1.7619e-16 3.7495e-19 BessellB
54592.133 1.5452e-16 3.8811e-19 BessellB
54593.247 1.4807999999999998e-16 3.7104e-19 BessellB
54594.352999999996 1.5388e-16 3.6446e-19 BessellB
54597.219000000005 1.5932e-16 4.737500000000001e-19 BessellB
54599.153 1.6458e-16 4.526e-19 BessellB
54603.227999999996 1.3253999999999998e-16 8.325299999999999e-19 BessellB
54615.195 1.0049e-16 3.5832e-19 BessellB
54618.195 8.152e-17 3.0530000000000002e-19 BessellB
54622.187999999995 8.162500000000001e-17 3.3044e-19 BessellB
54629.17 6.3507e-17 4.2093e-19 BessellB
54636.183 8.4036e-17 1.0848e-18 BessellB
54676.154 3.6856e-17 5.795499999999999e-19 BessellB
54552.33900000001 3.7999999999999996e-16 4.4948e-19 BessellV
54553.355 3.7888e-16 4.7166e-19 BessellV
54554.166 3.8073000000000003e-16 4.504100000000001e-19 BessellV
54555.496 3.7999999999999996e-16 5.559399999999999e-19 BessellV
54556.285 3.8724e-16 4.3445e-19 BessellV
54557.317 3.9139999999999996e-16 4.6381999999999995e-19 BessellV
54558.277 3.8734999999999997e-16 4.5872e-19 BessellV
54559.291 3.7773e-16 4.4663e-19 BessellV
54564.168 3.5239e-16 4.367100000000001e-19 BessellV
54565.277 3.4306999999999997e-16 4.4568e-19 BessellV
54566.205 3.3631000000000004e-16 4.4675000000000005e-19 BessellV
54569.224 3.1473e-16 5.229e-19 BessellV
54570.192 3.3507e-16 6.209399999999999e-19 BessellV
54572.195 2.9647e-16 3.998699999999999e-19 BessellV
54574.225999999995 3.0419e-16 6.911100000000001e-19 BessellV
54575.310999999994 2.8609e-16 5.863e-19 BessellV
54576.258 2.8438e-16 4.1737e-19 BessellV
54579.209 2.7574e-16 3.871e-19 BessellV
54582.15 2.6467e-16 3.7063e-19 BessellV
54584.299000000006 2.5804999999999997e-16 3.7649000000000005e-19 BessellV
54585.19 2.5394e-16 3.7014000000000003e-19 BessellV
54586.236 2.5134e-16 3.6611999999999993e-19 BessellV
54592.13 2.2696e-16 3.2856e-19 BessellV
54593.242999999995 2.2263000000000003e-16 3.2192e-19 BessellV
54594.349 2.2138e-16 3.3335e-19 BessellV
54597.215 2.1142e-16 3.4286e-19 BessellV
54599.149000000005 2.1284e-16 3.4531e-19 BessellV
54603.224 2.0467e-16 3.6808999999999996e-19 BessellV
54615.191 1.6974e-16 3.0690000000000003e-19 BessellV
54618.192 1.6755e-16 2.9774999999999997e-19 BessellV
54622.184 1.4092e-16 2.6442e-19 BessellV
54629.166 1.21e-16 2.9534e-19 BessellV
54633.193 7.4285e-17 3.0227e-19 BessellV
54636.18 7.0831e-17 3.6329e-19 BessellV
54676.151 2.1579999999999998e-17 2.9811e-19 BessellV
54552.335999999996 3.2458e-16 3.6536000000000002e-19 SDSS_r
54553.352 3.2868e-16 3.9082e-19 SDSS_r
54554.163 3.3519000000000003e-16 3.7805e-19 SDSS_r
54555.492999999995 3.3872e-16 4.672500000000001e-19 SDSS_r
54556.282 3.4353e-16 4.3118e-19 SDSS_r
54557.314000000006 3.4697e-16 3.9218000000000006e-19 SDSS_r
54558.274000000005 3.4735e-16 3.9265000000000003e-19 SDSS_r
54559.288 3.47e-16 3.7042999999999996e-19 SDSS_r
54564.165 3.3872e-16 3.9291e-19 SDSS_r
54565.274000000005 3.3337e-16 3.7586999999999997e-19 SDSS_r
54566.202000000005 3.3319e-16 3.9652000000000003e-19 SDSS_r
54568.115 3.179e-16 4.5663e-19 SDSS_r
54569.221 3.2191e-16 4.0239000000000004e-19 SDSS_r
54570.189000000006 3.0665e-16 4.203899999999999e-19 SDSS_r
54572.192 3.0468e-16 3.7955999999999997e-19 SDSS_r
54574.223 3.1287e-16 6.4417e-19 SDSS_r
54575.308 2.9783e-16 5.7427e-19 SDSS_r
54576.255 3.0513e-16 3.8015e-19 SDSS_r
54579.206 2.8445e-16 3.3520000000000005e-19 SDSS_r
54582.147000000004 2.8359e-16 3.3412e-19 SDSS_r
54584.295999999995 2.6943e-16 3.4975e-19 SDSS_r
54586.233 2.6861000000000004e-16 3.2372e-19 SDSS_r
54592.127 2.5844e-16 3.0276e-19 SDSS_r
54593.24 2.5254e-16 2.8764e-19 SDSS_r
54594.346 2.4618000000000004e-16 3.0266e-19 SDSS_r
54597.212 2.3938e-16 2.9379000000000005e-19 SDSS_r
54599.14599999999 2.374e-16 2.9122e-19 SDSS_r
54603.221 2.2197e-16 3.0506e-19 SDSS_r
54608.142 2.1566000000000001e-16 3.0245000000000003e-19 SDSS_r
54615.187999999995 2.0493e-16 2.8650999999999996e-19 SDSS_r
54618.189000000006 1.9178e-16 2.7866e-19 SDSS_r
54622.181 1.7958e-16 2.4365e-19 SDSS_r
54629.163 1.5143e-16 2.1693e-19 SDSS_r
54633.19 1.1753e-16 3.6283e-19 SDSS_r
54636.177 1.1554e-16 4.954399999999999e-19 SDSS_r
54676.152 3.9276e-17 2.9614999999999996e-19 SDSS_r
54552.333 1.9623999999999999e-16 2.8029000000000003e-19 SDSS_i
54553.349 1.9149e-16 2.6121e-19 SDSS_i
54554.16 1.9950000000000001e-16 2.8524e-19 SDSS_i
54555.49 1.9851000000000002e-16 2.8373e-19 SDSS_i
54556.279 2.0716000000000002e-16 2.7107e-19 SDSS_i
54557.310999999994 2.0257e-16 2.773e-19 SDSS_i
54558.27099999999 2.072e-16 2.9694e-19 SDSS_i
54559.285 2.0579e-16 2.6916e-19 SDSS_i
54564.162000000004 2.0708000000000003e-16 2.8385999999999997e-19 SDSS_i
54565.27099999999 2.0752000000000002e-16 2.7804e-19 SDSS_i
54566.199 2.0381e-16 2.7276000000000003e-19 SDSS_i
54568.112 1.9633e-16 2.9262e-19 SDSS_i
54569.218 1.986e-16 2.5919e-19 SDSS_i
54570.185999999994 1.9412e-16 3.373e-19 SDSS_i
54572.189000000006 1.8696999999999998e-16 2.6625999999999996e-19 SDSS_i
54574.22 1.8375e-16 3.8639000000000004e-19 SDSS_i
54575.305 1.8190999999999998e-16 3.5418e-19 SDSS_i
54576.252 1.8755999999999998e-16 2.6714000000000003e-19 SDSS_i
54579.203 1.7405e-16 2.5748e-19 SDSS_i
54582.144 1.7647999999999999e-16 2.6131000000000004e-19 SDSS_i
54584.293 1.7084999999999998e-16 2.3143e-19 SDSS_i
54585.184 1.6821e-16 2.5868e-19 SDSS_i
54586.23 1.6792e-16 2.4787e-19 SDSS_i
54590.234000000004 1.5652e-16 2.5881e-19 SDSS_i
54592.124 1.4967e-16 2.4680999999999994e-19 SDSS_i
54593.237 1.5448e-16 2.3631e-19 SDSS_i
54594.343 1.529e-16 2.4310999999999996e-19 SDSS_i
54597.209 1.4879e-16 2.3618000000000003e-19 SDSS_i
54599.143 1.4725e-16 2.4256999999999997e-19 SDSS_i
54603.218 1.4125e-16 2.3208999999999997e-19 SDSS_i
54608.139 1.2773e-16 2.4724e-19 SDSS_i
54615.185 1.1891e-16 1.8620000000000002e-19 SDSS_i
54618.185999999994 1.1763e-16 2.0885e-19 SDSS_i
54622.178 1.0643e-16 1.7829e-19 SDSS_i
54629.16 8.9847e-17 1.9689e-19 SDSS_i
54633.187000000005 7.343499999999999e-17 2.9227e-19 SDSS_i
54636.174000000006 6.8413e-17 2.5521000000000003e-19 SDSS_i
54676.144 2.1350999999999997e-17 1.9462e-19 SDSS_i
