4383.56 1.6394e-16
4386.41 -6.4596e-17
4389.26 2.1843e-16
4392.12 1.3866e-16
4394.97 -1.2347e-16
4397.82 -9.8201e-17
4400.68 -3.5918e-17
4403.53 -2.3678e-16
4406.38 -9.9325e-17
4409.23 -6.0613e-17
4412.09 1.3973e-16
4414.94 8.9495e-17
4417.79 -9.1148e-17
4420.65 2.1537e-16
4423.50 1.3168e-16
4426.35 -4.6751e-18
4429.20 3.0062e-17
4432.06 -7.5121e-17
4434.91 9.855e-17
4437.76 1.7272e-16
4440.62 3.5383e-16
4443.47 -3.0474e-16
4446.32 -5.1392e-17
4449.17 -2.0091e-17
4452.03 1.5537e-16
4454.88 7.343e-17
4457.73 1.597e-16
4460.58 4.8048e-17
4463.44 7.1068e-17
4466.29 -4.6536e-17
4469.14 3.917e-16
4472.00 -4.6769e-17
4474.85 7.8583e-17
4477.70 1.5621e-16
4480.55 9.3599e-17
4483.41 -1.2031e-16
4486.26 4.6305e-17
4489.11 9.9087e-17
4491.97 -5.4352e-18
4494.82 2.1051e-16
4497.67 2.2893e-17
4500.52 8.7693e-17
4503.38 -2.2578e-17
4506.23 -4.3067e-17
4509.08 7.0984e-17
4511.94 -6.2054e-17
4514.79 1.8036e-16
4517.64 2.94e-17
4520.49 1.5764e-16
4523.35 -4.8185e-17
4526.20 1.3794e-16
4529.05 6.9717e-18
4531.90 1.3685e-16
4534.76 -5.253e-17
4537.61 -2.4979e-17
4540.46 -2.932e-17
4543.32 1.1566e-16
4546.17 9.5877e-17
4549.02 -1.7351e-16
4551.87 9.2218e-17
4554.73 5.9827e-18
4557.58 6.6872e-17
4560.43 2.507e-16
4563.29 5.0793e-17
4566.14 1.1202e-16
4568.99 1.1741e-16
4571.84 1.9933e-17
4574.70 2.1592e-16
4577.55 1.3354e-16
4580.40 -2.76e-17
4583.26 1.5599e-16
4586.11 4.3153e-17
4588.96 4.1502e-16
4591.81 1.5335e-16
4594.67 2.7392e-16
4597.52 4.0867e-16
4600.37 3.7289e-16
4603.23 5.4073e-16
4606.08 4.6812e-16
4608.93 6.0349e-16
4611.78 4.6923e-16
4614.64 2.9983e-16
4617.49 3.3895e-16
4620.34 1.5485e-16
4623.19 1.3676e-16
4626.05 2.3082e-16
4628.90 2.9536e-16
4631.75 2.6676e-16
4634.61 4.2435e-16
4637.46 2.8728e-16
4640.31 6.5406e-17
4643.16 3.4794e-16
4646.02 4.7139e-16
4648.87 2.4454e-16
4651.72 3.3949e-16
4654.58 4.0003e-16
4657.43 1.8945e-16
4660.28 2.8603e-16
4663.13 2.7768e-16
4665.99 2.7695e-16
4668.84 3.5613e-16
4671.69 5.5663e-17
4674.55 2.2313e-16
4677.40 3.6825e-16
4680.25 4.9944e-16
4683.10 5.3129e-16
4685.96 4.8595e-16
4688.81 5.6462e-16
4691.66 4.1119e-16
4694.52 5.5114e-16
4697.37 6.1628e-16
4700.22 4.184e-16
4703.07 2.4173e-16
4705.93 3.3249e-16
4708.78 1.9792e-16
4711.63 3.1672e-16
4714.48 3.613e-16
4717.34 5.9691e-16
4720.19 5.2012e-16
4723.04 4.1214e-16
4725.90 5.3757e-16
4728.75 5.3238e-16
4731.60 4.5346e-16
4734.45 4.5422e-16
4737.31 2.7759e-16
4740.16 5.1698e-16
4743.01 6.9388e-16
4745.87 4.5848e-16
4748.72 4.1273e-16
4751.57 4.5873e-16
4754.42 4.6037e-16
4757.28 3.1184e-16
4760.13 3.2738e-16
4762.98 1.5044e-16
4765.84 3.7327e-16
4768.69 3.7474e-16
4771.54 3.9617e-16
4774.39 3.8525e-16
4777.25 3.4054e-16
4780.10 2.5252e-16
4782.95 3.8326e-16
4785.81 2.4872e-16
4788.66 2.7157e-16
4791.51 3.3977e-16
4794.36 3.2309e-16
4797.22 3.5277e-16
4800.07 4.0024e-16
4802.92 1.9709e-16
4805.77 1.4125e-16
4808.63 3.0966e-16
4811.48 4.2022e-16
4814.33 3.4805e-16
4817.19 3.466e-16
4820.04 4.8243e-16
4822.89 4.1234e-16
4825.74 3.4088e-16
4828.60 3.3481e-16
4831.45 3.2347e-16
4834.30 4.5313e-16
4837.16 4.92e-16
4840.01 4.9853e-16
4842.86 3.1694e-16
4845.71 3.5487e-16
4848.57 2.6845e-16
4851.42 2.6017e-16
4854.27 2.2218e-16
4857.13 1.5928e-16
4859.98 1.4396e-16
4862.83 4.6135e-17
4865.68 1.8741e-16
4868.54 2.7049e-16
4871.39 1.4789e-16
4874.24 2.6688e-16
4877.10 2.3279e-16
4879.95 7.7473e-17
4882.80 1.7236e-16
4885.65 1.4255e-16
4888.51 3.0904e-16
4891.36 2.8767e-16
4894.21 3.398e-16
4897.06 2.7628e-16
4899.92 3.5891e-16
4902.77 1.6288e-16
4905.62 1.6486e-16
4908.48 1.0237e-16
4911.33 2.079e-16
4914.18 1.4183e-16
4917.03 4.2534e-17
4919.89 4.6988e-17
4922.74 2.0118e-16
4925.59 1.0193e-16
4928.45 1.3465e-16
4931.30 2.2951e-16
4934.15 4.3359e-16
4937.00 5.0603e-16
4939.86 5.905e-16
4942.71 7.8268e-16
4945.56 9.7853e-16
4948.42 7.7494e-16
4951.27 1.0336e-15
4954.12 9.8101e-16
4956.97 9.4463e-16
4959.83 7.406e-16
4962.68 6.8563e-16
4965.53 5.9882e-16
4968.38 9.8796e-16
4971.24 8.377e-16
4974.09 7.9602e-16
4976.94 6.9163e-16
4979.80 7.9321e-16
4982.65 5.7399e-16
4985.50 6.1816e-16
4988.35 5.1933e-16
4991.21 4.4448e-16
4994.06 4.5141e-16
4996.91 2.2274e-16
4999.77 2.4299e-16
5002.62 1.2321e-16
5005.47 8.9806e-17
5008.32 -6.1783e-18
5011.18 1.5292e-16
5014.03 3.6273e-16
5016.88 2.1755e-16
5019.74 2.5384e-16
5022.59 3.6368e-16
5025.44 4.5146e-16
5028.29 4.6355e-16
5031.15 2.6241e-16
5034.00 5.3796e-16
5036.85 4.7725e-16
5039.71 7.4412e-16
5042.56 8.0121e-16
5045.41 8.1393e-16
5048.26 8.2276e-16
5051.12 8.8748e-16
5053.97 9.6195e-16
5056.82 8.8835e-16
5059.67 9.1266e-16
5062.53 8.7137e-16
5065.38 7.1685e-16
5068.23 7.8818e-16
5071.09 6.3813e-16
5073.94 5.1134e-16
5076.79 4.0031e-16
5079.64 5.2964e-16
5082.50 3.3387e-16
5085.35 4.1094e-16
5088.20 3.4752e-16
5091.06 3.7219e-16
5093.91 4.235e-16
5096.76 3.1772e-16
5099.61 5.0734e-16
5102.47 6.9729e-16
5105.32 5.7109e-16
5108.17 6.2873e-16
5111.03 5.4492e-16
5113.88 5.7878e-16
5116.73 4.9498e-16
5119.58 3.8346e-16
5122.44 2.566e-16
5125.29 3.0996e-16
5128.14 3.639e-16
5131.00 3.2423e-16
5133.85 3.6414e-16
5136.70 4.4077e-16
5139.55 4.2281e-16
5142.41 4.6717e-16
5145.26 3.5593e-16
5148.11 3.1014e-16
5150.96 2.0223e-16
5153.82 1.5778e-16
5156.67 1.0991e-17
5159.52 1.8424e-16
5162.38 1.2542e-16
5165.23 1.5351e-16
5168.08 1.8705e-16
5170.93 2.7861e-16
5173.79 3.0617e-16
5176.64 3.4501e-16
5179.49 2.7019e-16
5182.35 2.6771e-16
5185.20 2.3766e-16
5188.05 2.3519e-16
5190.90 3.7606e-16
5193.76 4.6775e-16
5196.61 4.0762e-16
5199.46 3.7728e-16
5202.32 2.1591e-16
5205.17 5.1414e-16
5208.02 4.2141e-16
5210.87 3.7892e-16
5213.73 3.6148e-16
5216.58 3.6834e-16
5219.43 4.1215e-16
5222.29 3.3184e-16
5225.14 3.1375e-16
5227.99 4.0597e-16
5230.84 2.8726e-16
5233.70 4.5282e-16
5236.55 4.1137e-16
5239.40 3.685e-16
5242.25 3.4636e-16
5245.11 3.3816e-16
5247.96 4.5146e-16
5250.81 5.2023e-16
5253.67 3.2927e-16
5256.52 2.9094e-16
5259.37 2.2725e-16
5262.22 2.4962e-16
5265.08 1.9165e-16
5267.93 3.5357e-16
5270.78 4.6281e-16
5273.64 3.9285e-16
5276.49 3.4832e-16
5279.34 6.0675e-16
5282.19 4.5792e-16
5285.05 5.9187e-16
5287.90 6.1165e-16
5290.75 7.1825e-16
5293.61 7.4762e-16
5296.46 7.1573e-16
5299.31 7.0841e-16
5302.16 6.9792e-16
5305.02 5.3176e-16
5307.87 4.2478e-16
5310.72 4.1947e-16
5313.57 3.7478e-16
5316.43 2.4927e-16
5319.28 2.3259e-16
5322.13 3.2604e-16
5324.99 4.0431e-16
5327.84 2.5097e-16
5330.69 3.8461e-16
5333.54 3.9994e-16
5336.40 4.8186e-16
5339.25 5.7051e-16
5342.10 5.6912e-16
5344.96 6.4298e-16
5347.81 5.7811e-16
5350.66 6.7632e-16
5353.51 6.5612e-16
5356.37 5.6883e-16
5359.22 5.0257e-16
5362.07 4.8052e-16
5364.93 4.9561e-16
5367.78 5.4006e-16
5370.63 4.3988e-16
5373.48 3.9951e-16
5376.34 5.8959e-16
5379.19 4.7199e-16
5382.04 4.2914e-16
5384.90 4.8566e-16
5387.75 5.0506e-16
5390.60 5.039e-16
5393.45 5.0554e-16
5396.31 6.6832e-16
5399.16 6.1113e-16
5402.01 6.0339e-16
5404.86 5.2753e-16
5407.72 6.0566e-16
5410.57 4.6812e-16
5413.42 4.7748e-16
5416.28 4.4185e-16
5419.13 4.3281e-16
5421.98 4.9694e-16
5424.83 3.829e-16
5427.69 4.4577e-16
5430.54 4.6256e-16
5433.39 5.424e-16
5436.25 5.6096e-16
5439.10 6.5145e-16
5441.95 6.397e-16
5444.80 6.6308e-16
5447.66 6.7135e-16
5450.51 8.419e-16
5453.36 9.1748e-16
5456.22 8.4583e-16
5459.07 1.111e-15
5461.92 9.0625e-16
5464.77 9.9794e-16
5467.63 9.7452e-16
5470.48 9.5519e-16
5473.33 9.0092e-16
5476.19 8.2835e-16
5479.04 7.1685e-16
5481.89 7.7938e-16
5484.74 7.1396e-16
5487.60 7.8548e-16
5490.45 6.9708e-16
5493.30 6.4987e-16
5496.15 6.2437e-16
5499.01 5.8527e-16
5501.86 5.8023e-16
5504.71 6.7781e-16
5507.57 7.1837e-16
5510.42 6.0733e-16
5513.27 6.2618e-16
5516.12 6.0931e-16
5518.98 5.8131e-16
5521.83 4.3166e-16
5524.68 4.7333e-16
5527.54 4.9354e-16
5530.39 4.66e-16
5533.24 4.7871e-16
5536.09 6.0559e-16
5538.95 6.9571e-16
5541.80 8.2037e-16
5544.65 9.3645e-16
5547.51 1.0013e-15
5550.36 1.0848e-15
5553.21 1.1583e-15
5556.06 1.1874e-15
5558.92 1.1545e-15
5561.77 1.2274e-15
5564.62 1.2001e-15
5567.48 1.1377e-15
5570.33 1.0792e-15
5573.18 1.0101e-15
5576.03 9.7021e-16
5578.89 7.8415e-16
5581.74 8.1822e-16
5584.59 9.6965e-16
5587.44 9.0065e-16
5590.30 7.5809e-16
5593.15 8.5484e-16
5596.00 8.5383e-16
5598.86 8.7735e-16
5601.71 8.9742e-16
5604.56 1.0325e-15
5607.41 8.6118e-16
5610.27 8.2617e-16
5613.12 8.2681e-16
5615.97 8.8007e-16
5618.83 8.686e-16
5621.68 8.1518e-16
5624.53 7.7454e-16
5627.38 7.2074e-16
5630.24 7.9137e-16
5633.09 6.5222e-16
5635.94 5.8612e-16
5638.80 4.8832e-16
5641.65 5.2076e-16
5644.50 4.6749e-16
5647.35 4.1107e-16
5650.21 3.7067e-16
5653.06 3.1151e-16
5655.91 3.0667e-16
5658.77 3.2578e-16
5661.62 3.4247e-16
5664.47 4.0533e-16
5667.32 5.3768e-16
5670.18 5.5657e-16
5673.03 5.8936e-16
5675.88 6.3989e-16
5678.73 7.2525e-16
5681.59 8.6331e-16
5684.44 8.0814e-16
5687.29 8.6963e-16
5690.15 1.0049e-15
5693.00 1.0514e-15
5695.85 1.038e-15
5698.70 1.0488e-15
5701.56 1.1451e-15
5704.41 1.1735e-15
5707.26 1.0879e-15
5710.12 1.0998e-15
5712.97 9.7514e-16
5715.82 1.1321e-15
5718.67 1.0253e-15
5721.53 1.0005e-15
5724.38 9.763e-16
5727.23 8.8307e-16
5730.08 8.4844e-16
5732.94 8.7208e-16
5735.79 8.0378e-16
5738.64 9.2866e-16
5741.50 8.9644e-16
5744.35 9.7937e-16
5747.20 8.8655e-16
5750.05 9.7319e-16
5752.91 9.1975e-16
5755.76 9.0273e-16
5758.61 1.0034e-15
5761.47 8.1545e-16
5764.32 8.9504e-16
5767.17 8.4234e-16
5770.02 7.9921e-16
5772.88 8.484e-16
5775.73 9.3384e-16
5778.58 7.643e-16
5781.44 7.9309e-16
5784.29 7.2156e-16
5787.14 6.6564e-16
5789.99 6.3455e-16
5792.85 7.8333e-16
5795.70 8.2291e-16
5798.55 8.3605e-16
5801.41 7.9525e-16
5804.26 7.4308e-16
5807.11 7.393e-16
5809.96 8.1158e-16
5812.82 7.1391e-16
5815.67 6.4494e-16
5818.52 6.9339e-16
5821.38 6.2263e-16
5824.23 6.5271e-16
5827.08 5.5714e-16
5829.93 4.3788e-16
5832.79 4.1627e-16
5835.64 4.0888e-16
5838.49 3.8723e-16
5841.34 3.2887e-16
5844.20 2.3499e-16
5847.05 2.1218e-16
5849.90 2.1237e-16
5852.76 1.9866e-16
5855.61 3.5719e-16
5858.46 3.7034e-16
5861.31 3.7246e-16
5864.17 3.0251e-16
5867.02 2.3502e-16
5869.87 3.5922e-16
5872.73 2.607e-16
5875.58 2.5043e-16
5878.43 3.524e-16
5881.28 3.8709e-16
5884.14 4.1188e-16
5886.99 4.4466e-16
5889.84 5.0962e-16
5892.70 6.0517e-16
5895.55 6.6246e-16
5898.40 8.0092e-16
5901.25 9.2669e-16
5904.11 1.0518e-15
5906.96 1.2881e-15
5909.81 1.368e-15
5912.67 1.2946e-15
5915.52 1.3319e-15
5918.37 1.3707e-15
5921.22 1.4445e-15
5924.08 1.4978e-15
5926.93 1.436e-15
5929.78 1.4805e-15
5932.63 1.4691e-15
5935.49 1.4225e-15
5938.34 1.3693e-15
5941.19 1.3719e-15
5944.05 1.4033e-15
5946.90 1.315e-15
5949.75 1.2636e-15
5952.60 1.1783e-15
5955.46 1.1487e-15
5958.31 1.1603e-15
5961.16 1.0536e-15
5964.02 1.0663e-15
5966.87 1.0251e-15
5969.72 1.0553e-15
5972.57 1.0731e-15
5975.43 1.0864e-15
5978.28 9.6807e-16
5981.13 9.2152e-16
5983.99 9.5038e-16
5986.84 8.9675e-16
5989.69 8.466e-16
5992.54 8.3714e-16
5995.40 8.3413e-16
5998.25 9.1012e-16
6001.10 9.869e-16
6003.96 9.6789e-16
6006.81 1.0333e-15
6009.66 1.0599e-15
6012.51 1.1e-15
6015.37 1.0676e-15
6018.22 1.0846e-15
6021.07 1.0729e-15
6023.92 9.2705e-16
6026.78 9.1355e-16
6029.63 9.0182e-16
6032.48 8.8062e-16
6035.34 9.47e-16
6038.19 9.6748e-16
6041.04 9.4997e-16
6043.89 9.8748e-16
6046.75 9.9046e-16
6049.60 9.4512e-16
6052.45 9.1951e-16
6055.31 9.207e-16
6058.16 9.0724e-16
6061.01 9.6312e-16
6063.86 9.2034e-16
6066.72 9.3234e-16
6069.57 9.7435e-16
6072.42 8.9324e-16
6075.28 9.1086e-16
6078.13 9.4065e-16
6080.98 9.2559e-16
6083.83 8.3409e-16
6086.69 7.9296e-16
6089.54 8.1675e-16
6092.39 8.8486e-16
6095.24 9.4205e-16
6098.10 9.5638e-16
6100.95 9.1723e-16
6103.80 8.7972e-16
6106.66 8.5909e-16
6109.51 8.2024e-16
6112.36 7.4096e-16
6115.21 5.9029e-16
6118.07 4.7444e-16
6120.92 3.6122e-16
6123.77 3.2064e-16
6126.63 3.4322e-16
6129.48 2.5628e-16
6132.33 2.2108e-16
6135.18 3.0876e-16
6138.04 4.2047e-16
6140.89 4.4745e-16
6143.74 4.4788e-16
6146.60 5.8527e-16
6149.45 7.1774e-16
6152.30 7.9624e-16
6155.15 9.3393e-16
6158.01 1.1205e-15
6160.86 1.1793e-15
6163.71 1.0944e-15
6166.56 1.1652e-15
6169.42 1.3463e-15
6172.27 1.3229e-15
6175.12 1.2893e-15
6177.98 1.3209e-15
6180.83 1.2853e-15
6183.68 1.249e-15
6186.53 1.2228e-15
6189.39 1.1561e-15
6192.24 1.1544e-15
6195.09 1.1501e-15
6197.95 1.0892e-15
6200.80 1.0505e-15
6203.65 9.8432e-16
6206.50 9.2445e-16
6209.36 9.3779e-16
6212.21 9.0732e-16
6215.06 9.2262e-16
6217.92 8.9231e-16
6220.77 8.6868e-16
6223.62 8.0745e-16
6226.47 7.7014e-16
6229.33 7.0972e-16
6232.18 6.4469e-16
6235.03 5.5923e-16
6237.89 6.3107e-16
6240.74 4.9031e-16
6243.59 4.3435e-16
6246.44 5.6277e-16
6249.30 6.8265e-16
6252.15 7.569e-16
6255.00 7.9068e-16
6257.85 8.319e-16
6260.71 9.9718e-16
6263.56 1.0334e-15
6266.41 1.1065e-15
6269.27 1.1555e-15
6272.12 1.0969e-15
6274.97 1.0655e-15
6277.82 9.2018e-16
6280.68 8.8668e-16
6283.53 1.0199e-15
6286.38 9.2637e-16
6289.24 9.3018e-16
6292.09 9.8967e-16
6294.94 9.0321e-16
6297.79 8.7767e-16
6300.65 8.9499e-16
6303.50 9.2731e-16
6306.35 8.3418e-16
6309.21 8.3165e-16
6312.06 9.1954e-16
6314.91 9.2906e-16
6317.76 8.922e-16
6320.62 7.8666e-16
6323.47 8.992e-16
6326.32 9.5076e-16
6329.18 9.5908e-16
6332.03 9.8727e-16
6334.88 9.6208e-16
6337.73 9.8251e-16
6340.59 1.071e-15
6343.44 9.5713e-16
6346.29 9.6202e-16
6349.15 9.2881e-16
6352.00 8.0866e-16
6354.85 8.2538e-16
6357.70 8.1998e-16
6360.56 9.0319e-16
6363.41 9.347e-16
6366.26 8.4242e-16
6369.11 8.1163e-16
6371.97 7.6766e-16
6374.82 8.0132e-16
6377.67 8.2368e-16
6380.53 8.6651e-16
6383.38 8.23e-16
6386.23 8.9063e-16
6389.08 9.4625e-16
6391.94 9.4334e-16
6394.79 1.0099e-15
6397.64 1.0125e-15
6400.50 1.0043e-15
6403.35 9.3352e-16
6406.20 8.2593e-16
6409.05 8.7707e-16
6411.91 8.0736e-16
6414.76 6.1972e-16
6417.61 6.365e-16
6420.47 6.0124e-16
6423.32 6.687e-16
6426.17 6.9158e-16
6429.02 6.4223e-16
6431.88 6.9623e-16
6434.73 6.3699e-16
6437.58 6.7025e-16
6440.44 7.4267e-16
6443.29 6.6501e-16
6446.14 6.0253e-16
6448.99 5.188e-16
6451.85 4.9955e-16
6454.70 5.1809e-16
6457.55 4.3963e-16
6460.40 4.9606e-16
6463.26 5.7301e-16
6466.11 6.0555e-16
6468.96 6.324e-16
6471.82 5.9449e-16
6474.67 5.2699e-16
6477.52 5.104e-16
6480.37 4.447e-16
6483.23 3.9462e-16
6486.08 3.9977e-16
6488.93 3.7669e-16
6491.79 3.4517e-16
6494.64 3.7745e-16
6497.49 3.7357e-16
6500.34 5.3623e-16
6503.20 5.5402e-16
6506.05 6.685e-16
6508.90 6.6573e-16
6511.75 7.297e-16
6514.61 7.7052e-16
6517.46 8.2243e-16
6520.31 9.4852e-16
6523.17 1.0748e-15
6526.02 1.1778e-15
6528.87 1.2306e-15
6531.72 1.3371e-15
6534.58 1.3722e-15
6537.43 1.3722e-15
6540.28 1.3883e-15
6543.14 1.3249e-15
6545.99 1.3069e-15
6548.84 1.1491e-15
6551.69 1.0257e-15
6554.55 9.2802e-16
6557.40 8.4383e-16
6560.25 8.3752e-16
6563.11 8.5205e-16
6565.96 9.3235e-16
6568.81 1.2099e-15
6571.66 1.5377e-15
6574.52 1.6429e-15
6577.37 1.941e-15
6580.22 1.9609e-15
6583.08 1.7957e-15
6585.93 1.8124e-15
6588.78 1.6662e-15
6591.63 1.5284e-15
6594.49 1.5256e-15
6597.34 1.4692e-15
6600.19 1.2727e-15
6603.04 1.194e-15
6605.90 1.1854e-15
6608.75 1.0917e-15
6611.60 1.092e-15
6614.46 1.085e-15
6617.31 1.1207e-15
6620.16 1.2573e-15
6623.01 1.2127e-15
6625.87 1.2276e-15
6628.72 1.2244e-15
6631.57 1.2197e-15
6634.43 1.2827e-15
6637.28 1.21e-15
6640.13 1.1665e-15
6642.98 1.069e-15
6645.84 1.0262e-15
6648.69 1.1009e-15
6651.54 1.1067e-15
6654.40 1.0669e-15
6657.25 1.0108e-15
6660.10 9.8544e-16
6662.95 1.0241e-15
6665.81 9.7076e-16
6668.66 9.3797e-16
6671.51 8.4314e-16
6674.37 8.9249e-16
6677.22 9.2868e-16
6680.07 9.3379e-16
6682.92 9.5516e-16
6685.78 8.5814e-16
6688.63 8.4583e-16
6691.48 9.4734e-16
6694.33 9.4554e-16
6697.19 9.6465e-16
6700.04 1.0483e-15
6702.89 9.8396e-16
6705.75 9.6398e-16
6708.60 9.9472e-16
6711.45 9.9437e-16
6714.30 9.4757e-16
6717.16 8.3517e-16
6720.01 8.2622e-16
6722.86 8.5622e-16
6725.72 8.3128e-16
6728.57 9.1158e-16
6731.42 9.0909e-16
6734.27 9.4409e-16
6737.13 8.7157e-16
6739.98 8.1041e-16
6742.83 9.0706e-16
6745.69 8.706e-16
6748.54 9.3152e-16
6751.39 8.1613e-16
6754.24 9.8039e-16
6757.10 8.7313e-16
6759.95 8.2223e-16
6762.80 8.412e-16
6765.66 9.1735e-16
6768.51 9.0973e-16
6771.36 8.9727e-16
6774.21 8.3344e-16
6777.07 8.4199e-16
6779.92 8.8125e-16
6782.77 8.0033e-16
6785.62 8.1326e-16
6788.48 7.8e-16
6791.33 7.6201e-16
6794.18 7.1463e-16
6797.04 7.7456e-16
6799.89 7.9565e-16
6802.74 8.1515e-16
6805.59 8.2372e-16
6808.45 8.8396e-16
6811.30 9.1553e-16
6814.15 8.9063e-16
6817.01 9.2503e-16
6819.86 9.4339e-16
6822.71 8.6005e-16
6825.56 8.577e-16
6828.42 9.2233e-16
6831.27 8.4238e-16
6834.12 8.72e-16
6836.98 8.8827e-16
6839.83 8.2451e-16
6842.68 8.4298e-16
6845.53 8.4831e-16
6848.39 8.3201e-16
6851.24 8.7953e-16
6854.09 8.6556e-16
6856.94 9.0801e-16
6859.80 8.8454e-16
6862.65 8.155e-16
6865.50 9.0475e-16
6868.36 9.0729e-16
6871.21 8.5797e-16
6874.06 9.3468e-16
6876.91 9.3421e-16
6879.77 9.7346e-16
6882.62 8.7958e-16
6885.47 8.5745e-16
6888.33 8.4989e-16
6891.18 9.1238e-16
6894.03 9.1316e-16
6896.88 8.7116e-16
6899.74 8.424e-16
6902.59 8.4446e-16
6905.44 8.51e-16
6908.30 8.6552e-16
6911.15 8.2324e-16
6914.00 8.5032e-16
6916.85 9.2055e-16
6919.71 9.0783e-16
6922.56 9.0512e-16
6925.41 8.6442e-16
6928.27 9.0434e-16
6931.12 9.3381e-16
6933.97 8.6231e-16
6936.82 8.5077e-16
6939.68 8.8877e-16
6942.53 7.9936e-16
6945.38 8.5681e-16
6948.23 9.312e-16
6951.09 8.7729e-16
6953.94 8.9993e-16
6956.79 8.8848e-16
6959.65 8.827e-16
6962.50 9.3108e-16
6965.35 9.1023e-16
6968.20 9.4589e-16
6971.06 8.2969e-16
6973.91 8.5207e-16
6976.76 8.9381e-16
6979.62 8.6035e-16
6982.47 8.458e-16
6985.32 8.3556e-16
6988.17 8.5562e-16
6991.03 7.9833e-16
6993.88 7.3854e-16
6996.73 7.07e-16
6999.59 6.5731e-16
7002.44 6.953e-16
7005.29 7.0012e-16
7008.14 7.8276e-16
7011.00 8.8701e-16
7013.85 8.3612e-16
7016.70 9.0291e-16
7019.56 9.6729e-16
7022.41 9.5983e-16
7025.26 1.0512e-15
7028.11 9.6023e-16
7030.97 1.0066e-15
7033.82 1.0205e-15
7036.67 1.0392e-15
7039.52 1.0316e-15
7042.38 9.9896e-16
7045.23 9.4148e-16
7048.08 9.5651e-16
7050.94 9.4035e-16
7053.79 9.5484e-16
7056.64 9.0193e-16
7059.49 8.8538e-16
7062.35 8.8602e-16
7065.20 8.9809e-16
7068.05 8.6342e-16
7070.91 8.306e-16
7073.76 8.758e-16
7076.61 9.3056e-16
7079.46 8.5387e-16
7082.32 8.4453e-16
7085.17 9.2341e-16
7088.02 9.0024e-16
7090.88 8.7865e-16
7093.73 8.3422e-16
7096.58 9.7689e-16
7099.43 9.0558e-16
7102.29 9.0411e-16
7105.14 8.927e-16
7107.99 8.9531e-16
7110.85 8.615e-16
7113.70 9.0169e-16
7116.55 8.5158e-16
7119.40 8.7751e-16
7122.26 8.5473e-16
7125.11 8.4951e-16
7127.96 8.2361e-16
7130.81 8.4723e-16
7133.67 8.7419e-16
7136.52 8.7876e-16
7139.37 9.0682e-16
7142.23 8.8918e-16
7145.08 9.2926e-16
7147.93 8.87e-16
7150.78 7.9685e-16
7153.64 9.028e-16
7156.49 8.6136e-16
7159.34 9.1161e-16
7162.20 8.5605e-16
7165.05 9.3909e-16
7167.90 9.6127e-16
7170.75 9.5664e-16
7173.61 9.4436e-16
7176.46 9.5307e-16
7179.31 9.5426e-16
7182.17 8.3467e-16
7185.02 9.4603e-16
7187.87 9.1036e-16
7190.72 8.8042e-16
7193.58 9.6584e-16
7196.43 9.8371e-16
7199.28 9.3308e-16
7202.14 8.7054e-16
7204.99 8.4597e-16
7207.84 9.0176e-16
7210.69 8.4202e-16
7213.55 7.6645e-16
7216.40 7.7588e-16
7219.25 7.2734e-16
7222.10 7.6579e-16
7224.96 8.1488e-16
7227.81 8.1111e-16
7230.66 9.5542e-16
7233.52 1.0749e-15
7236.37 1.1864e-15
7239.22 1.1189e-15
7242.07 1.1641e-15
7244.93 1.277e-15
7247.78 1.2686e-15
7250.63 1.1731e-15
7253.49 1.1668e-15
7256.34 1.114e-15
7259.19 9.7388e-16
7262.04 1.009e-15
7264.90 1.0269e-15
7267.75 9.8146e-16
7270.60 9.2534e-16
7273.46 8.953e-16
7276.31 9.7289e-16
7279.16 9.8064e-16
7282.01 9.433e-16
7284.87 9.0527e-16
7287.72 8.5269e-16
7290.57 1.0035e-15
7293.42 9.2451e-16
7296.28 1.0412e-15
7299.13 1.0314e-15
7301.98 9.2345e-16
7304.84 9.2705e-16
7307.69 9.8584e-16
7310.54 9.3371e-16
7313.39 9.0849e-16
7316.25 9.743e-16
7319.10 1.0508e-15
7321.95 1.0775e-15
7324.81 1.0819e-15
7327.66 1.1504e-15
7330.51 1.2326e-15
7333.36 1.2815e-15
7336.22 1.2873e-15
7339.07 1.3104e-15
7341.92 1.3261e-15
7344.78 1.3453e-15
7347.63 1.2703e-15
7350.48 1.2262e-15
7353.33 1.1464e-15
7356.19 1.1268e-15
7359.04 1.0898e-15
7361.89 1.0144e-15
7364.75 1.1549e-15
7367.60 1.1254e-15
7370.45 1.1322e-15
7373.30 1.1083e-15
7376.16 1.1204e-15
7379.01 1.1625e-15
7381.86 1.1414e-15
7384.71 1.0315e-15
7387.57 9.6138e-16
7390.42 9.8852e-16
7393.27 9.7793e-16
7396.13 1.0038e-15
7398.98 1.0041e-15
7401.83 1.0737e-15
7404.68 9.448e-16
7407.54 9.5502e-16
7410.39 9.9474e-16
7413.24 9.5057e-16
7416.10 9.0084e-16
7418.95 9.6984e-16
7421.80 9.4021e-16
7424.65 8.5913e-16
7427.51 8.8946e-16
7430.36 9.366e-16
7433.21 9.801e-16
7436.07 1.0199e-15
7438.92 1.002e-15
7441.77 9.3694e-16
7444.62 9.0961e-16
7447.48 9.0961e-16
7450.33 9.2546e-16
7453.18 9.1532e-16
7456.04 8.1607e-16
7458.89 8.4147e-16
7461.74 9.0858e-16
7464.59 8.6844e-16
7467.45 9.2928e-16
7470.30 9.1685e-16
7473.15 1.0479e-15
7476.00 1.0787e-15
7478.86 1.1779e-15
7481.71 1.2469e-15
7484.56 1.1692e-15
7487.42 1.3008e-15
7490.27 1.3161e-15
7493.12 1.185e-15
7495.97 1.2709e-15
7498.83 1.2188e-15
7501.68 1.2417e-15
7504.53 1.2548e-15
7507.39 1.1991e-15
7510.24 1.063e-15
7513.09 1.1372e-15
7515.94 1.0896e-15
7518.80 1.0858e-15
7521.65 1.034e-15
7524.50 1.0196e-15
7527.36 1.0639e-15
7530.21 9.5091e-16
7533.06 9.3236e-16
7535.91 1.0329e-15
7538.77 1.0906e-15
7541.62 1.0454e-15
7544.47 1.0654e-15
7547.33 1.1687e-15
7550.18 1.2149e-15
7553.03 1.1867e-15
7555.88 1.2142e-15
7558.74 1.1701e-15
7561.59 1.1784e-15
7564.44 1.054e-15
7567.29 1.124e-15
7570.15 1.0751e-15
7573.00 1.0636e-15
7575.85 1.0742e-15
7578.71 1.0228e-15
7581.56 9.8709e-16
7584.41 1.0001e-15
7587.26 1.0532e-15
7590.12 1.0562e-15
7592.97 9.7861e-16
7595.82 9.8508e-16
7598.68 1.1011e-15
7601.53 1.1893e-15
7604.38 1.0621e-15
7607.23 9.7528e-16
7610.09 1.0235e-15
7612.94 1.1041e-15
7615.79 9.9984e-16
7618.65 1.0124e-15
7621.50 1.028e-15
7624.35 1.0278e-15
7627.20 1.0659e-15
7630.06 1.0517e-15
7632.91 1.0466e-15
7635.76 1.0474e-15
7638.61 9.7446e-16
7641.47 8.9366e-16
7644.32 9.6246e-16
7647.17 8.4438e-16
7650.03 9.3874e-16
7652.88 8.5826e-16
7655.73 8.8824e-16
7658.58 8.8356e-16
7661.44 8.6732e-16
7664.29 8.1298e-16
7667.14 9.0519e-16
7670.00 9.3499e-16
7672.85 1.0104e-15
7675.70 1.1388e-15
7678.55 1.099e-15
7681.41 1.0524e-15
7684.26 1.1038e-15
7687.11 1.0634e-15
7689.97 9.8408e-16
7692.82 1.0476e-15
7695.67 9.8582e-16
7698.52 9.5928e-16
7701.38 9.3475e-16
7704.23 8.6982e-16
7707.08 8.3316e-16
7709.94 8.2986e-16
7712.79 7.786e-16
7715.64 7.8677e-16
7718.49 9.1994e-16
7721.35 1.0229e-15
7724.20 1.1405e-15
7727.05 1.132e-15
7729.90 1.1921e-15
7732.76 1.2339e-15
7735.61 1.4233e-15
7738.46 1.4172e-15
7741.32 1.2997e-15
7744.17 1.4206e-15
7747.02 1.3772e-15
7749.87 1.3456e-15
7752.73 1.306e-15
7755.58 1.1947e-15
7758.43 1.135e-15
7761.29 1.1251e-15
7764.14 1.1188e-15
7766.99 9.8493e-16
7769.84 9.1157e-16
7772.70 8.1494e-16
7775.55 6.5865e-16
7778.40 6.8049e-16
7781.26 6.8215e-16
7784.11 7.4957e-16
7786.96 7.9364e-16
7789.81 8.4965e-16
7792.67 9.5875e-16
7795.52 1.011e-15
7798.37 1.0493e-15
7801.23 1.1204e-15
7804.08 1.1729e-15
7806.93 1.142e-15
7809.78 1.1051e-15
7812.64 1.1558e-15
7815.49 1.1724e-15
7818.34 1.0985e-15
7821.19 1.1076e-15
7824.05 1.1536e-15
7826.90 1.1075e-15
7829.75 1.0174e-15
7832.61 1.0017e-15
7835.46 9.9247e-16
7838.31 1.0088e-15
7841.16 1.0034e-15
7844.02 9.5317e-16
7846.87 1.0234e-15
7849.72 9.0854e-16
7852.58 1.0442e-15
7855.43 1.0232e-15
7858.28 9.7985e-16
7861.13 1.0263e-15
7863.99 1.0271e-15
7866.84 1.0526e-15
7869.69 9.8655e-16
7872.55 9.73e-16
7875.40 1.0656e-15
7878.25 9.983e-16
7881.10 9.1916e-16
7883.96 8.5569e-16
7886.81 8.8001e-16
7889.66 9.7958e-16
7892.52 9.1423e-16
7895.37 9.9767e-16
7898.22 1.0628e-15
7901.07 1.016e-15
7903.93 1.0619e-15
7906.78 1.0346e-15
7909.63 1.0292e-15
7912.48 1.0956e-15
7915.34 1.0178e-15
7918.19 1.0299e-15
7921.04 1.1473e-15
7923.90 1.0844e-15
7926.75 9.9935e-16
7929.60 1.1246e-15
7932.45 1.0941e-15
7935.31 1.0693e-15
7938.16 1.1007e-15
7941.01 1.1061e-15
7943.87 1.0986e-15
7946.72 1.0081e-15
7949.57 1.0074e-15
7952.42 1.0963e-15
7955.28 1.0158e-15
7958.13 9.5762e-16
7960.98 1.0212e-15
7963.84 1.0222e-15
7966.69 9.1248e-16
7969.54 1.009e-15
7972.39 1.0457e-15
7975.25 1.0511e-15
7978.10 1.0376e-15
7980.95 1.0321e-15
7983.81 1.0575e-15
7986.66 1.0083e-15
7989.51 1.0472e-15
7992.36 1.1302e-15
7995.22 1.1553e-15
7998.07 1.0714e-15
8000.92 1.0384e-15
8003.77 9.8611e-16
8006.63 1.0507e-15
8009.48 1.1194e-15
8012.33 1.0462e-15
8015.19 9.8184e-16
8018.04 9.6037e-16
8020.89 1.0001e-15
8023.74 1.094e-15
8026.60 9.3242e-16
8029.45 1.0016e-15
8032.30 1.059e-15
8035.16 1.0207e-15
8038.01 1.0031e-15
8040.86 9.5986e-16
8043.71 9.7705e-16
8046.57 1.0554e-15
8049.42 1.1105e-15
8052.27 1.0864e-15
8055.12 1.0303e-15
8057.98 1.0503e-15
8060.83 1.0848e-15
8063.68 9.9385e-16
8066.54 1.0046e-15
8069.39 1.0415e-15
8072.24 1.0135e-15
8075.09 9.6395e-16
8077.95 1.0245e-15
8080.80 1.0286e-15
8083.65 9.5131e-16
8086.51 1.0049e-15
8089.36 1.0552e-15
8092.21 1.0033e-15
8095.06 9.7624e-16
8097.92 1.0507e-15
8100.77 1.0539e-15
8103.62 1.0377e-15
8106.48 1.0249e-15
8109.33 9.5353e-16
8112.18 9.803e-16
8115.03 1.0204e-15
8117.89 1.0134e-15
8120.74 1.0722e-15
8123.59 1.0364e-15
8126.45 9.378e-16
8129.30 9.684e-16
8132.15 1.0613e-15
8135.00 9.6016e-16
8137.86 9.5333e-16
8140.71 1.0468e-15
8143.56 1.0632e-15
8146.42 9.9041e-16
8149.27 1.0325e-15
8152.12 1.0892e-15
8154.97 8.4714e-16
8157.83 9.8571e-16
8160.68 9.9397e-16
8163.53 1.0846e-15
8166.38 1.0532e-15
8169.24 9.997e-16
8172.09 1.0207e-15
8174.94 9.6356e-16
8177.80 9.1753e-16
8180.65 9.4575e-16
8183.50 8.6501e-16
8186.35 8.3894e-16
8189.21 8.1614e-16
8192.06 7.1544e-16
8194.91 7.4859e-16
8197.77 7.7398e-16
8200.62 6.8411e-16
8203.47 6.8722e-16
8206.32 7.3273e-16
8209.18 7.8536e-16
8212.03 8.386e-16
8214.88 8.7757e-16
8217.74 8.7752e-16
8220.59 9.5906e-16
8223.44 9.7428e-16
8226.29 1.0136e-15
8229.15 1.0445e-15
8232.00 9.7039e-16
8234.85 1.003e-15
8237.71 1.1276e-15
8240.56 9.7446e-16
8243.41 1.0479e-15
8246.26 9.7569e-16
8249.12 9.1083e-16
8251.97 9.9616e-16
8254.82 9.6037e-16
8257.67 1.0205e-15
8260.53 1.0213e-15
8263.38 8.4893e-16
8266.23 8.7871e-16
8269.09 9.7887e-16
8271.94 9.8894e-16
8274.79 8.4026e-16
8277.64 9.7434e-16
8280.50 1.0533e-15
8283.35 9.6049e-16
8286.20 9.467e-16
8289.06 9.9763e-16
8291.91 9.9775e-16
8294.76 9.9526e-16
8297.61 9.9906e-16
8300.47 1.004e-15
8303.32 9.227e-16
8306.17 9.0236e-16
8309.03 8.8814e-16
8311.88 8.6272e-16
8314.73 8.2721e-16
8317.58 8.4857e-16
8320.44 9.9292e-16
8323.29 9.7754e-16
8326.14 9.3069e-16
8329.00 9.0551e-16
8331.85 8.6224e-16
8334.70 8.594e-16
8337.55 8.6072e-16
8340.41 8.8846e-16
8343.26 8.8685e-16
8346.11 9.0549e-16
8348.96 8.8334e-16
8351.82 9.4229e-16
8354.67 9.746e-16
8357.52 9.1973e-16
8360.38 1.0145e-15
8363.23 1.0128e-15
8366.08 9.5479e-16
8368.93 1.0073e-15
8371.79 1.0767e-15
8374.64 1.0469e-15
8377.49 1.0527e-15
8380.35 1.088e-15
8383.20 1.0825e-15
8386.05 9.3631e-16
8388.90 9.0389e-16
8391.76 9.1035e-16
8394.61 9.1988e-16
8397.46 9.7487e-16
8400.32 1.0301e-15
8403.17 9.8138e-16
8406.02 9.7841e-16
8408.87 9.8661e-16
8411.73 9.5817e-16
8414.58 1.0489e-15
8417.43 9.7535e-16
8420.29 8.2883e-16
8423.14 8.6759e-16
8425.99 8.2861e-16
8428.84 6.6142e-16
8431.70 6.4227e-16
8434.55 5.3691e-16
8437.40 4.3683e-16
8440.25 3.2499e-16
8443.11 3.3637e-16
8445.96 2.3272e-16
8448.81 1.3044e-16
8451.67 2.1601e-16
8454.52 1.5704e-16
8457.37 2.5259e-16
8460.22 1.8038e-16
8463.08 1.8343e-16
8465.93 8.8575e-17
8468.78 5.6092e-17
8471.64 1.0579e-16
8474.49 9.6214e-17
8477.34 1.2424e-16
8480.19 8.9897e-17
8483.05 2.2129e-16
8485.90 1.6787e-16
8488.75 1.6607e-16
8491.61 1.8895e-16
8494.46 1.6405e-16
8497.31 1.3673e-16
8500.16 1.694e-16
8503.02 3.0737e-16
8505.87 3.3225e-16
8508.72 2.3668e-16
8511.58 2.9198e-16
8514.43 3.5924e-16
8517.28 3.3156e-16
8520.13 3.6777e-16
8522.99 4.2837e-16
8525.84 4.1384e-16
8528.69 4.997e-16
8531.54 5.744e-16
8534.40 6.2895e-16
8537.25 6.4703e-16
8540.10 6.8148e-16
8542.96 8.0751e-16
8545.81 9.4677e-16
8548.66 1.0206e-15
8551.51 1.0625e-15
8554.37 1.1683e-15
8557.22 1.3136e-15
8560.07 1.434e-15
8562.93 1.5026e-15
8565.78 1.6545e-15
8568.63 1.7894e-15
8571.48 1.7787e-15
8574.34 1.7903e-15
8577.19 1.8722e-15
8580.04 1.8316e-15
8582.90 1.7559e-15
8585.75 1.6788e-15
8588.60 1.5929e-15
8591.45 1.4364e-15
8594.31 1.2999e-15
8597.16 1.1159e-15
8600.01 9.8966e-16
8602.86 9.1765e-16
8605.72 8.2865e-16
8608.57 7.5564e-16
8611.42 7.0227e-16
8614.28 6.2311e-16
8617.13 5.6069e-16
8619.98 5.6711e-16
8622.83 5.2747e-16
8625.69 5.145e-16
8628.54 4.956e-16
8631.39 4.6707e-16
8634.25 4.8194e-16
8637.10 5.0255e-16
8639.95 4.9398e-16
8642.80 5.595e-16
8645.66 5.9505e-16
8648.51 6.1292e-16
8651.36 7.254e-16
8654.21 7.0446e-16
8657.07 6.7811e-16
8659.92 7.2664e-16
8662.77 7.813e-16
8665.63 9.3515e-16
8668.48 9.5914e-16
8671.33 1.0712e-15
8674.18 1.1013e-15
8677.04 1.2003e-15
8679.89 1.4266e-15
8682.74 1.6181e-15
8685.60 1.6525e-15
8688.45 1.7182e-15
8691.30 1.7882e-15
8694.15 2.0039e-15
8697.01 1.9914e-15
8699.86 1.9192e-15
8702.71 2.0593e-15
8705.57 2.142e-15
8708.42 2.1685e-15
8711.27 2.3648e-15
8714.12 2.2288e-15
8716.98 2.2362e-15
8719.83 2.3462e-15
8722.68 2.3277e-15
8725.54 2.2497e-15
8728.39 2.2345e-15
8731.24 2.2562e-15
8734.09 2.2432e-15
8736.95 2.1881e-15
8739.80 2.0484e-15
8742.65 2.0434e-15
8745.50 2.0512e-15
8748.36 1.9551e-15
8751.21 1.9459e-15
8754.06 1.8165e-15
8756.92 1.8966e-15
8759.77 1.9154e-15
8762.62 1.8607e-15
8765.47 1.8185e-15
8768.33 1.7146e-15
8771.18 1.6915e-15
8774.03 1.5774e-15
8776.89 1.7588e-15
8779.74 1.656e-15
8782.59 1.5516e-15
8785.44 1.6197e-15
8788.30 1.503e-15
8791.15 1.2957e-15
8794.00 1.3571e-15
8796.86 1.3876e-15
8799.71 1.4528e-15
8802.56 1.3782e-15
8805.41 1.3306e-15
8808.27 1.4035e-15
8811.12 1.1195e-15
8813.97 1.0776e-15
8816.83 1.1201e-15
8819.68 1.1174e-15
8822.53 1.116e-15
8825.38 1.1038e-15
8828.24 1.0803e-15
8831.09 1.1626e-15
8833.94 1.1612e-15
8836.79 1.2316e-15
8839.65 1.0872e-15
8842.50 1.0894e-15
8845.35 1.1035e-15
8848.21 1.0348e-15
8851.06 1.0227e-15
8853.91 9.4136e-16
8856.76 1.0709e-15
8859.62 1.1366e-15
8862.47 1.1486e-15
8865.32 1.1064e-15
8868.18 1.1421e-15
8871.03 1.2058e-15
8873.88 1.2126e-15
8876.73 1.1829e-15
8879.59 1.1722e-15
8882.44 1.1231e-15
8885.29 1.1081e-15
8888.15 1.1503e-15
8891.00 1.0319e-15
8893.85 1.1176e-15
8896.70 1.1132e-15
8899.56 1.1751e-15
8902.41 1.1737e-15
8905.26 1.1278e-15
8908.12 1.1294e-15
8910.97 1.0574e-15
8913.82 1.0039e-15
8916.67 1.0969e-15
8919.53 1.0339e-15
8922.38 8.9544e-16
8925.23 8.6048e-16
8928.08 8.2882e-16
8930.94 8.6634e-16
8933.79 6.9976e-16
8936.64 6.7716e-16
8939.50 7.8244e-16
8942.35 6.5018e-16
8945.20 5.3343e-16
8948.05 7.0267e-16
8950.91 8.7657e-16
8953.76 8.1942e-16
8956.61 8.3798e-16
8959.47 1.0128e-15
8962.32 1.0388e-15
8965.17 8.2268e-16
8968.02 9.7703e-16
8970.88 1.1657e-15
8973.73 9.2594e-16
8976.58 8.7047e-16
8979.44 9.5546e-16
8982.29 9.4152e-16
8985.14 1.0058e-15
8987.99 1.0349e-15
8990.85 9.1842e-16
8993.70 8.294e-16
8996.55 8.5469e-16
8999.41 8.4913e-16
9002.26 9.1618e-16
9005.11 8.2014e-16
9007.96 8.8181e-16
9010.82 9.5191e-16
9013.67 9.0543e-16
9016.52 8.5966e-16
9019.38 8.4824e-16
9022.23 1.0211e-15
9025.08 1.1147e-15
9027.93 9.9829e-16
9030.79 8.9461e-16
9033.64 9.4928e-16
9036.49 9.1412e-16
9039.34 8.298e-16
9042.20 9.1075e-16
9045.05 8.8276e-16
9047.90 9.3966e-16
9050.76 8.4194e-16
9053.61 8.2018e-16
9056.46 9.1649e-16
9059.31 7.5692e-16
9062.17 7.7147e-16
9065.02 6.0436e-16
9067.87 5.4522e-16
9070.73 7.5928e-16
9073.58 6.1194e-16
9076.43 5.1276e-16
9079.28 6.615e-16
9082.14 6.6937e-16
