3508.64 4.167e-16
3511.53 2.8781e-16
3514.42 1.5542e-17
3517.31 -5.1706e-18
3520.20 -1.7148e-16
3523.08 -3.7691e-16
3525.97 -1.5769e-16
3528.86 4.0706e-16
3531.75 -4.8526e-16
3534.64 -4.8015e-16
3537.53 1.3582e-16
3540.41 1.2369e-16
3543.30 6.6037e-16
3546.19 -1.5583e-16
3549.08 -2.8542e-16
3551.97 1.2327e-16
3554.86 -1.1514e-16
3557.74 1.6745e-16
3560.63 -1.7787e-17
3563.52 -2.8276e-16
3566.41 1.1969e-16
3569.30 -2.0487e-16
3572.19 5.7783e-17
3575.07 -3.165e-16
3577.96 3.0633e-16
3580.85 3.0213e-16
3583.74 1.6004e-16
3586.63 3.4474e-16
3589.52 3.4325e-16
3592.40 -2.0015e-16
3595.29 3.0589e-16
3598.18 -8.2385e-16
3601.07 4.776e-17
3603.96 -3.9291e-16
3606.85 7.0272e-17
3609.73 -7.6757e-16
3612.62 1.6149e-16
3615.51 9.4667e-17
3618.40 4.9468e-17
3621.29 4.5918e-17
3624.17 -4.0052e-16
3627.06 -4.2591e-17
3629.95 1.998e-16
3632.84 -8.5502e-18
3635.73 2.2142e-16
3638.62 -9.5028e-17
3641.50 3.9058e-16
3644.39 2.1017e-16
3647.28 4.1741e-16
3650.17 2.4482e-16
3653.06 8.4733e-16
3655.95 1.127e-16
3658.83 -1.9076e-16
3661.72 5.6424e-16
3664.61 5.1881e-16
3667.50 3.751e-16
3670.39 1.9698e-16
3673.28 6.2051e-17
3676.16 -2.2683e-17
3679.05 -1.1749e-16
3681.94 1.0753e-16
3684.83 2.2528e-16
3687.72 -1.1118e-16
3690.61 2.0869e-16
3693.49 -4.368e-16
3696.38 -3.7304e-16
3699.27 -2.3041e-16
3702.16 3.0836e-17
3705.05 3.6068e-17
3707.94 -6.0118e-16
3710.82 -2.2936e-16
3713.71 -3.3164e-16
3716.60 2.6341e-16
3719.49 -2.7628e-16
3722.38 -1.7945e-16
3725.26 -2.5846e-16
3728.15 2.2622e-16
3731.04 -1.5594e-16
3733.93 -3.8135e-16
3736.82 2.0626e-16
3739.71 -2.7719e-16
3742.59 -5.6788e-16
3745.48 -1.5978e-17
3748.37 -2.6414e-16
3751.26 2.4836e-16
3754.15 -1.028e-16
3757.04 5.4963e-17
3759.92 -8.9424e-17
3762.81 2.9285e-17
3765.70 1.0474e-16
3768.59 5.3637e-17
3771.48 1.1095e-16
3774.37 5.8869e-18
3777.25 9.8165e-17
3780.14 3.499e-16
3783.03 8.5497e-17
3785.92 1.4739e-17
3788.81 1.6867e-16
3791.70 2.1257e-16
3794.58 6.1007e-17
3797.47 1.6384e-16
3800.36 2.2556e-16
3803.25 3.159e-16
3806.14 5.5088e-16
3809.03 5.203e-17
3811.91 1.7401e-16
3814.80 4.0669e-16
3817.69 2.8975e-16
3820.58 2.926e-16
3823.47 4.9482e-17
3826.35 3.3508e-16
3829.24 3.8855e-17
3832.13 3.5757e-16
3835.02 3.2663e-16
3837.91 -7.4333e-17
3840.80 7.1674e-17
3843.68 5.5264e-16
3846.57 7.1864e-17
3849.46 1.5911e-17
3852.35 2.5063e-16
3855.24 2.2891e-16
3858.13 5.405e-16
3861.01 3.3718e-17
3863.90 5.1575e-17
3866.79 3.8109e-16
3869.68 7.6256e-17
3872.57 3.6111e-16
3875.46 1.7274e-16
3878.34 2.283e-16
3881.23 4.5227e-16
3884.12 -1.0319e-16
3887.01 5.2936e-16
3889.90 -1.1873e-16
3892.79 1.2998e-16
3895.67 2.534e-16
3898.56 3.0426e-17
3901.45 -1.8578e-16
3904.34 -1.7993e-17
3907.23 -1.1652e-16
3910.12 4.5255e-17
3913.00 -2.6771e-16
3915.89 -1.8311e-16
3918.78 -3.6657e-16
3921.67 3.0309e-16
3924.56 2.1369e-17
3927.45 -3.4494e-17
3930.33 -1.4557e-16
3933.22 2.4597e-16
3936.11 1.7228e-16
3939.00 -3.1513e-17
3941.89 4.56e-16
3944.77 3.4062e-16
3947.66 2.5964e-16
3950.55 2.5498e-16
3953.44 2.5367e-16
3956.33 3.4777e-16
3959.22 2.3255e-16
3962.10 5.9638e-16
3964.99 3.7671e-16
3967.88 1.728e-16
3970.77 3.4531e-16
3973.66 1.0814e-16
3976.55 7.6781e-16
3979.43 1.7017e-16
3982.32 3.6578e-16
3985.21 2.8632e-16
3988.10 3.1683e-16
3990.99 3.1333e-16
3993.88 8.0997e-17
3996.76 2.4062e-16
3999.65 1.7677e-16
4002.54 -2.9369e-17
4005.43 9.9919e-17
4008.32 1.7578e-16
4011.21 1.3777e-16
4014.09 3.1853e-16
4016.98 5.2219e-16
4019.87 5.7591e-16
4022.76 3.0101e-16
4025.65 2.8257e-16
4028.54 1.1915e-16
4031.42 5.3478e-16
4034.31 1.1276e-16
4037.20 3.833e-16
4040.09 2.6789e-16
4042.98 2.7785e-16
4045.86 1.6488e-16
4048.75 2.3985e-16
4051.64 4.7849e-16
4054.53 4.235e-16
4057.42 3.4895e-16
4060.31 2.7824e-16
4063.19 6.8035e-17
4066.08 3.9659e-16
4068.97 4.4673e-16
4071.86 5.7764e-16
4074.75 5.6582e-16
4077.64 6.0022e-16
4080.52 5.4005e-16
4083.41 6.7378e-16
4086.30 4.7326e-16
4089.19 2.6461e-16
4092.08 5.0795e-16
4094.97 5.4727e-16
4097.85 4.9352e-16
4100.74 3.8372e-16
4103.63 2.8907e-16
4106.52 3.3757e-16
4109.41 5.3696e-16
4112.30 3.24e-16
4115.18 2.1484e-16
4118.07 4.52e-17
4120.96 1.668e-16
4123.85 5.4759e-16
4126.74 1.7117e-16
4129.63 2.2241e-17
4132.51 2.9195e-16
4135.40 1.9664e-16
4138.29 2.968e-16
4141.18 1.7439e-16
4144.07 1.7767e-16
4146.96 -2.0306e-17
4149.84 5.9292e-17
4152.73 3.8808e-16
4155.62 1.9977e-16
4158.51 3.6336e-16
4161.40 2.4573e-16
4164.28 3.8961e-16
4167.17 2.158e-16
4170.06 5.3833e-16
4172.95 4.867e-16
4175.84 4.1302e-16
4178.73 3.2987e-16
4181.61 5.1866e-16
4184.50 2.8271e-16
4187.39 2.6064e-16
4190.28 4.6631e-16
4193.17 1.2437e-16
4196.06 2.1462e-16
4198.94 1.8761e-16
4201.83 1.0041e-16
4204.72 3.5274e-16
4207.61 1.8394e-16
4210.50 1.811e-16
4213.39 1.2838e-16
4216.27 8.8993e-17
4219.16 1.7827e-16
4222.05 2.3934e-16
4224.94 3.3526e-16
4227.83 1.2258e-16
4230.72 2.4267e-17
4233.60 1.9861e-16
4236.49 2.1732e-16
4239.38 3.2752e-16
4242.27 1.9424e-16
4245.16 4.463e-16
4248.05 3.2494e-16
4250.93 2.7127e-16
4253.82 4.8632e-17
4256.71 1.46e-16
4259.60 7.5583e-17
4262.49 1.2373e-16
4265.38 3.7186e-17
4268.26 2.8385e-16
4271.15 9.9515e-18
4274.04 -3.8419e-17
4276.93 8.2012e-17
4279.82 1.4687e-16
4282.70 -2.7616e-17
4285.59 -8.5584e-17
4288.48 -2.8441e-17
4291.37 6.5009e-18
4294.26 1.2961e-16
4297.15 -1.4252e-17
4300.03 1.6249e-16
4302.92 -3.8289e-17
4305.81 2.2309e-16
4308.70 1.4994e-16
4311.59 2.3041e-16
4314.48 6.6377e-17
4317.36 1.4122e-16
4320.25 6.2616e-18
4323.14 3.8465e-16
4326.03 4.162e-16
4328.92 1.8223e-16
4331.81 7.5797e-17
4334.69 2.8882e-16
4337.58 3.8848e-16
4340.47 1.2411e-16
4343.36 2.2156e-16
4346.25 2.0179e-16
4349.14 2.2511e-16
4352.02 2.6268e-16
4354.91 8.3971e-17
4357.80 1.4355e-16
4360.69 2.9017e-16
4363.58 5.5813e-17
4366.47 1.0201e-16
4369.35 1.0824e-16
4372.24 6.4904e-17
4375.13 9.4151e-17
4378.02 1.6792e-16
4380.91 1.7688e-16
4383.79 2.8646e-16
4386.68 -1.3701e-16
4389.57 3.4139e-16
4392.46 1.3023e-16
4395.35 3.0754e-16
4398.24 3.4881e-16
4401.12 2.3185e-16
4404.01 3.995e-16
4406.90 5.093e-16
4409.79 2.708e-16
4412.68 1.8107e-16
4415.57 9.7318e-17
4418.45 2.931e-16
4421.34 3.072e-16
4424.23 3.5384e-16
4427.12 1.9742e-16
4430.01 1.0533e-16
4432.90 2.8722e-16
4435.78 2.649e-16
4438.67 1.7646e-16
4441.56 3.7954e-16
4444.45 -1.9623e-18
4447.34 5.3925e-16
4450.23 2.8101e-16
4453.11 2.9825e-16
4456.00 3.6178e-16
4458.89 4.7424e-16
4461.78 3.4305e-16
4464.67 3.2038e-16
4467.56 1.0216e-16
4470.44 3.293e-16
4473.33 2.9751e-16
4476.22 4.2775e-16
4479.11 6.1602e-17
4482.00 2.3243e-16
4484.88 8.9389e-17
4487.77 2.3296e-16
4490.66 3.1898e-16
4493.55 2.0944e-16
4496.44 -1.4786e-17
4499.33 2.7555e-16
4502.21 3.01e-16
4505.10 3.4576e-16
4507.99 2.2116e-16
4510.88 2.4208e-17
4513.77 -7.0428e-17
4516.66 1.3873e-16
4519.54 4.3264e-17
4522.43 1.5388e-16
4525.32 1.415e-16
4528.21 7.4166e-17
4531.10 2.2932e-16
4533.99 1.6213e-16
4536.87 5.6764e-17
4539.76 8.0077e-17
4542.65 9.3173e-17
4545.54 5.2504e-17
4548.43 4.2566e-16
4551.32 3.7135e-16
4554.20 3.2906e-16
4557.09 1.2708e-16
4559.98 1.1904e-16
4562.87 2.6802e-16
4565.76 4.031e-16
4568.65 3.297e-16
4571.53 4.1601e-16
4574.42 4.7407e-16
4577.31 8.1301e-16
4580.20 3.7503e-16
4583.09 6.295e-16
4585.98 7.1264e-16
4588.86 7.624e-16
4591.75 6.6584e-16
4594.64 5.7006e-16
4597.53 6.2438e-16
4600.42 5.6116e-16
4603.30 5.4185e-16
4606.19 6.5754e-16
4609.08 3.3097e-16
4611.97 5.6247e-16
4614.86 4.3091e-16
4617.75 6.851e-16
4620.63 5.8362e-16
4623.52 5.3583e-16
4626.41 7.0556e-16
4629.30 8.5251e-16
4632.19 5.1097e-16
4635.08 7.1279e-16
4637.96 5.418e-16
4640.85 5.6428e-16
4643.74 5.0214e-16
4646.63 6.8753e-16
4649.52 5.8487e-16
4652.41 4.7185e-16
4655.29 7.1115e-16
4658.18 6.8932e-16
4661.07 6.8195e-16
4663.96 9.4648e-16
4666.85 8.4515e-16
4669.74 8.3813e-16
4672.62 8.9577e-16
4675.51 5.3489e-16
4678.40 8.0154e-16
4681.29 7.7573e-16
4684.18 6.9642e-16
4687.07 8.0606e-16
4689.95 5.9813e-16
4692.84 7.1296e-16
4695.73 8.1582e-16
4698.62 5.8796e-16
4701.51 6.698e-16
4704.40 6.7901e-16
4707.28 9.3767e-16
4710.17 7.2036e-16
4713.06 6.9368e-16
4715.95 7.8605e-16
4718.84 8.0571e-16
4721.72 8.0118e-16
4724.61 7.8203e-16
4727.50 6.0466e-16
4730.39 6.7846e-16
4733.28 8.2426e-16
4736.17 6.7782e-16
4739.05 6.9002e-16
4741.94 6.6445e-16
4744.83 5.4825e-16
4747.72 6.2804e-16
4750.61 5.5086e-16
4753.50 5.0571e-16
4756.38 4.5088e-16
4759.27 3.4817e-16
4762.16 5.8701e-16
4765.05 6.6804e-16
4767.94 4.9023e-16
4770.83 3.7136e-16
4773.71 5.7255e-16
4776.60 5.2187e-16
4779.49 4.6769e-16
4782.38 4.1776e-16
4785.27 3.9314e-16
4788.16 5.1106e-16
4791.04 4.1996e-16
4793.93 4.5254e-16
4796.82 2.7816e-16
4799.71 4.4917e-16
4802.60 3.2523e-16
4805.48 3.8575e-16
4808.37 4.3996e-16
4811.26 4.1617e-16
4814.15 4.5883e-16
4817.04 4.2414e-16
4819.93 5.1072e-16
4822.81 3.1793e-16
4825.70 4.626e-16
4828.59 3.7133e-16
4831.48 3.6116e-16
4834.37 3.7491e-16
4837.26 1.8203e-16
4840.14 3.6079e-16
4843.03 5.098e-16
4845.92 4.14e-16
4848.81 4.9245e-16
4851.70 6.8316e-16
4854.59 5.3687e-16
4857.47 5.3747e-16
4860.36 6.3846e-16
4863.25 7.2238e-16
4866.14 6.2558e-16
4869.03 7.6584e-16
4871.92 9.7625e-16
4874.80 6.269e-16
4877.69 6.2884e-16
4880.58 7.3809e-16
4883.47 6.5519e-16
4886.36 5.1809e-16
4889.25 5.4853e-16
4892.13 5.0814e-16
4895.02 3.9179e-16
4897.91 4.8891e-16
4900.80 4.1645e-16
4903.69 4.9312e-16
4906.58 5.5097e-16
4909.46 6.6504e-16
4912.35 6.4022e-16
4915.24 7.903e-16
4918.13 7.9111e-16
4921.02 7.7056e-16
4923.90 8.8957e-16
4926.79 1.2147e-15
4929.68 8.6834e-16
4932.57 1.1124e-15
4935.46 1.0916e-15
4938.35 8.6703e-16
4941.23 1.0574e-15
4944.12 1.1217e-15
4947.01 9.23e-16
4949.90 9.1237e-16
4952.79 1.0605e-15
4955.68 1.1051e-15
4958.56 7.0816e-16
4961.45 9.171e-16
4964.34 8.5002e-16
4967.23 8.7281e-16
4970.12 5.7833e-16
4973.01 6.7225e-16
4975.89 6.3285e-16
4978.78 4.7384e-16
4981.67 5.3783e-16
4984.56 2.0641e-16
4987.45 3.2032e-16
4990.34 3.9272e-16
4993.22 3.823e-16
4996.11 5.4211e-16
4999.00 4.5887e-16
5001.89 5.5193e-16
5004.78 4.4121e-16
5007.67 6.1717e-16
5010.55 6.9554e-16
5013.44 8.9621e-16
5016.33 7.9558e-16
5019.22 9.1789e-16
5022.11 1.0841e-15
5025.00 8.9731e-16
5027.88 1.1088e-15
5030.77 1.0559e-15
5033.66 1.032e-15
5036.55 1.0775e-15
5039.44 1.0079e-15
5042.32 1.1412e-15
5045.21 9.9222e-16
5048.10 8.6672e-16
5050.99 9.1087e-16
5053.88 1.0352e-15
5056.77 8.6018e-16
5059.65 9.306e-16
5062.54 8.2693e-16
5065.43 9.8023e-16
5068.32 9.3261e-16
5071.21 9.5558e-16
5074.10 1.0469e-15
5076.98 7.4144e-16
5079.87 8.4781e-16
5082.76 8.2213e-16
5085.65 8.4849e-16
5088.54 8.6843e-16
5091.43 8.8035e-16
5094.31 9.3464e-16
5097.20 7.5899e-16
5100.09 6.4805e-16
5102.98 5.5692e-16
5105.87 7.7506e-16
5108.76 6.7533e-16
5111.64 7.0219e-16
5114.53 7.5691e-16
5117.42 7.0633e-16
5120.31 6.578e-16
5123.20 3.429e-16
5126.08 5.0434e-16
5128.97 3.8252e-16
5131.86 2.6e-16
5134.75 3.8687e-16
5137.64 3.9305e-16
5140.53 3.5478e-16
5143.42 2.8631e-16
5146.30 4.1922e-16
5149.19 4.7525e-16
5152.08 2.9511e-16
5154.97 4.0953e-16
5157.86 4.2576e-16
5160.74 4.4126e-16
5163.63 7.389e-16
5166.52 5.3041e-16
5169.41 5.6308e-16
5172.30 5.99e-16
5175.19 6.5647e-16
5178.07 7.8888e-16
5180.96 8.2516e-16
5183.85 8.5255e-16
5186.74 8.1626e-16
5189.63 8.3571e-16
5192.52 9.6765e-16
5195.40 8.8529e-16
5198.29 7.5447e-16
5201.18 7.1417e-16
5204.07 8.3441e-16
5206.96 8.3387e-16
5209.85 7.6603e-16
5212.73 6.6672e-16
5215.62 7.9981e-16
5218.51 5.728e-16
5221.40 7.4684e-16
5224.29 7.5627e-16
5227.18 8.5695e-16
5230.06 7.6542e-16
5232.95 7.0076e-16
5235.84 8.1075e-16
5238.73 8.4303e-16
5241.62 7.9154e-16
5244.50 7.752e-16
5247.39 6.7818e-16
5250.28 6.3136e-16
5253.17 7.2665e-16
5256.06 6.4647e-16
5258.95 6.891e-16
5261.83 7.5528e-16
5264.72 9.4941e-16
5267.61 7.8374e-16
5270.50 7.8819e-16
5273.39 8.9093e-16
5276.28 7.6018e-16
5279.16 6.2077e-16
5282.05 7.6483e-16
5284.94 7.7122e-16
5287.83 5.5303e-16
5290.72 7.2842e-16
5293.61 7.1661e-16
5296.49 7.923e-16
5299.38 7.8493e-16
5302.27 8.7716e-16
5305.16 7.6741e-16
5308.05 6.6096e-16
5310.94 8.3659e-16
5313.82 8.8522e-16
5316.71 8.9917e-16
5319.60 1.0029e-15
5322.49 1.0009e-15
5325.38 8.3213e-16
5328.27 1.1432e-15
5331.15 9.0815e-16
5334.04 1.0327e-15
5336.93 9.6501e-16
5339.82 8.0622e-16
5342.71 8.9283e-16
5345.60 9.5456e-16
5348.48 1.0208e-15
5351.37 9.3714e-16
5354.26 1.0696e-15
5357.15 1.1807e-15
5360.04 1.0153e-15
5362.92 1.1739e-15
5365.81 1.0657e-15
5368.70 9.893e-16
5371.59 1.0683e-15
5374.48 1.0745e-15
5377.37 9.6684e-16
5380.25 9.6566e-16
5383.14 9.5e-16
5386.03 9.5856e-16
5388.92 8.7557e-16
5391.81 9.079e-16
5394.70 7.4037e-16
5397.58 9.4385e-16
5400.47 9.6016e-16
5403.36 1.0076e-15
5406.25 8.8506e-16
5409.14 1.0292e-15
5412.03 1.1248e-15
5414.91 1.0658e-15
5417.80 1.092e-15
5420.69 9.6621e-16
5423.58 9.0852e-16
5426.47 1.076e-15
5429.36 1.1459e-15
5432.24 1.15e-15
5435.13 1.2632e-15
5438.02 1.3086e-15
5440.91 1.0832e-15
5443.80 1.0562e-15
5446.69 1.1482e-15
5449.57 9.9022e-16
5452.46 1.0051e-15
5455.35 1.0997e-15
5458.24 9.9399e-16
5461.13 1.0621e-15
5464.02 9.2992e-16
5466.90 1.0341e-15
5469.79 1.0447e-15
5472.68 1.0558e-15
5475.57 9.6031e-16
5478.46 9.8895e-16
5481.34 8.8378e-16
5484.23 9.5904e-16
5487.12 1.0027e-15
5490.01 8.6842e-16
5492.90 1.0155e-15
5495.79 9.0067e-16
5498.67 9.4559e-16
5501.56 9.6388e-16
5504.45 7.6063e-16
5507.34 9.1142e-16
5510.23 7.9962e-16
5513.12 8.5157e-16
5516.00 9.7416e-16
5518.89 1.0001e-15
5521.78 9.6984e-16
5524.67 9.7669e-16
5527.56 1.1312e-15
5530.45 1.123e-15
5533.33 1.1817e-15
5536.22 1.2982e-15
5539.11 1.1835e-15
5542.00 1.1819e-15
5544.89 1.1504e-15
5547.78 1.2917e-15
5550.66 1.0916e-15
5553.55 1.1739e-15
5556.44 1.1597e-15
5559.33 1.1054e-15
5562.22 1.0849e-15
5565.10 1.1305e-15
5567.99 1.0391e-15
5570.88 1.0493e-15
5573.77 1.1947e-15
5576.66 1.0496e-15
5579.55 1.0002e-15
5582.43 1.0327e-15
5585.32 1.0343e-15
5588.21 1.1377e-15
5591.10 1.1305e-15
5593.99 1.0874e-15
5596.88 1.1181e-15
5599.76 9.7075e-16
5602.65 9.8736e-16
5605.54 9.1775e-16
5608.43 9.5203e-16
5611.32 9.8687e-16
5614.21 9.4826e-16
5617.09 1.1032e-15
5619.98 8.7772e-16
5622.87 8.5948e-16
5625.76 7.8774e-16
5628.65 7.9732e-16
5631.54 8.9676e-16
5634.42 7.636e-16
5637.31 8.1924e-16
5640.20 8.0269e-16
5643.09 6.895e-16
5645.98 8.1111e-16
5648.87 7.4806e-16
5651.75 9.9037e-16
5654.64 8.8526e-16
5657.53 9.8413e-16
5660.42 9.8981e-16
5663.31 8.7814e-16
5666.20 9.7076e-16
5669.08 9.0814e-16
5671.97 1.1813e-15
5674.86 1.0839e-15
5677.75 1.0312e-15
5680.64 9.9748e-16
5683.52 1.159e-15
5686.41 1.1023e-15
5689.30 1.111e-15
5692.19 1.1765e-15
5695.08 1.0688e-15
5697.97 1.1183e-15
5700.85 1.0051e-15
5703.74 9.9066e-16
5706.63 1.0076e-15
5709.52 1.0181e-15
5712.41 1.0991e-15
5715.30 1.1115e-15
5718.18 1.0365e-15
5721.07 1.1001e-15
5723.96 1.0798e-15
5726.85 8.9309e-16
5729.74 1.0505e-15
5732.63 1.0144e-15
5735.51 1.0637e-15
5738.40 1.0124e-15
5741.29 9.1665e-16
5744.18 1.1001e-15
5747.07 1.062e-15
5749.96 9.7538e-16
5752.84 1.076e-15
5755.73 1.0897e-15
5758.62 1.1318e-15
5761.51 1.0835e-15
5764.40 8.6111e-16
5767.29 8.356e-16
5770.17 8.9394e-16
5773.06 9.0653e-16
5775.95 1.0118e-15
5778.84 9.662e-16
5781.73 9.5795e-16
5784.62 9.8962e-16
5787.50 1.0769e-15
5790.39 9.2104e-16
5793.28 9.6763e-16
5796.17 1.0475e-15
5799.06 9.9117e-16
5801.94 9.9598e-16
5804.83 9.904e-16
5807.72 9.9601e-16
5810.61 1.0184e-15
5813.50 1.0653e-15
5816.39 9.573e-16
5819.27 8.0563e-16
5822.16 9.4564e-16
5825.05 8.5037e-16
5827.94 1.0296e-15
5830.83 1.0215e-15
5833.72 9.043e-16
5836.60 9.0259e-16
5839.49 8.5943e-16
5842.38 7.4716e-16
5845.27 7.5659e-16
5848.16 7.0465e-16
5851.05 7.5717e-16
5853.93 5.5483e-16
5856.82 6.0991e-16
5859.71 6.2138e-16
5862.60 4.7772e-16
5865.49 6.5058e-16
5868.38 6.2113e-16
5871.26 6.614e-16
5874.15 7.7265e-16
5877.04 8.9381e-16
5879.93 9.4292e-16
5882.82 9.6245e-16
5885.71 1.1127e-15
5888.59 1.1589e-15
5891.48 1.0814e-15
5894.37 1.1062e-15
5897.26 1.1068e-15
5900.15 1.3976e-15
5903.03 1.3265e-15
5905.92 1.3211e-15
5908.81 1.2014e-15
5911.70 1.0327e-15
5914.59 1.0216e-15
5917.48 1.2051e-15
5920.36 1.2191e-15
5923.25 1.2527e-15
5926.14 1.3907e-15
5929.03 1.3764e-15
5931.92 1.2598e-15
5934.81 1.2377e-15
5937.69 1.1827e-15
5940.58 1.2905e-15
5943.47 1.2445e-15
5946.36 1.1947e-15
5949.25 1.181e-15
5952.14 1.1994e-15
5955.02 1.1903e-15
5957.91 1.1346e-15
5960.80 1.0181e-15
5963.69 1.0892e-15
5966.58 1.131e-15
5969.47 1.1499e-15
5972.35 1.0676e-15
5975.24 1.1594e-15
5978.13 1.1043e-15
5981.02 1.1967e-15
5983.91 1.1869e-15
5986.80 1.2046e-15
5989.68 1.1163e-15
5992.57 1.1245e-15
5995.46 1.1316e-15
5998.35 1.05e-15
6001.24 1.2081e-15
6004.12 1.2513e-15
6007.01 1.2209e-15
6009.90 1.1479e-15
6012.79 1.1207e-15
6015.68 1.2904e-15
6018.57 1.2812e-15
6021.45 1.1777e-15
6024.34 1.2014e-15
6027.23 1.1408e-15
6030.12 1.075e-15
6033.01 1.1103e-15
6035.90 1.1149e-15
6038.78 1.133e-15
6041.67 1.0532e-15
6044.56 1.1289e-15
6047.45 1.045e-15
6050.34 1.011e-15
6053.23 1.012e-15
6056.11 1.1194e-15
6059.00 1.0352e-15
6061.89 9.6995e-16
6064.78 1.0796e-15
6067.67 1.1821e-15
6070.56 1.1262e-15
6073.44 1.134e-15
6076.33 1.0896e-15
6079.22 1.1454e-15
6082.11 1.061e-15
6085.00 1.0872e-15
6087.89 1.2046e-15
6090.77 1.1536e-15
6093.66 1.1566e-15
6096.55 1.0637e-15
6099.44 1.0627e-15
6102.33 1.0799e-15
6105.22 1.181e-15
6108.10 1.1043e-15
6110.99 9.846e-16
6113.88 1.0731e-15
6116.77 9.6065e-16
6119.66 9.1432e-16
6122.54 8.9383e-16
6125.43 9.623e-16
6128.32 1.0669e-15
6131.21 1.0693e-15
6134.10 1.1985e-15
6136.99 1.1303e-15
6139.87 1.0657e-15
6142.76 1.0375e-15
6145.65 1.0744e-15
6148.54 1.1339e-15
6151.43 1.24e-15
6154.32 1.2539e-15
6157.20 1.2503e-15
6160.09 1.2044e-15
6162.98 1.087e-15
6165.87 1.2445e-15
6168.76 1.2732e-15
6171.65 1.3271e-15
6174.53 1.1212e-15
6177.42 1.2267e-15
6180.31 1.2527e-15
6183.20 1.1121e-15
6186.09 1.1043e-15
6188.98 1.1838e-15
6191.86 1.1827e-15
6194.75 1.0031e-15
6197.64 1.0392e-15
6200.53 1.1531e-15
6203.42 1.0136e-15
6206.31 9.2741e-16
6209.19 1.0233e-15
6212.08 1.0018e-15
6214.97 9.2062e-16
6217.86 9.8802e-16
6220.75 9.066e-16
6223.63 9.0947e-16
6226.52 9.4333e-16
6229.41 9.7922e-16
6232.30 9.9711e-16
6235.19 1.0296e-15
6238.08 1.208e-15
6240.96 1.1181e-15
6243.85 1.0588e-15
6246.74 1.1436e-15
6249.63 1.1462e-15
6252.52 1.1752e-15
6255.41 1.1814e-15
6258.29 1.1495e-15
6261.18 1.2747e-15
6264.07 1.1972e-15
6266.96 1.2784e-15
6269.85 1.3084e-15
6272.74 1.1976e-15
6275.62 1.2211e-15
6278.51 1.1939e-15
6281.40 1.1237e-15
6284.29 1.0907e-15
6287.18 1.139e-15
6290.07 1.1958e-15
6292.95 1.0919e-15
6295.84 1.0922e-15
6298.73 1.0917e-15
6301.62 9.4772e-16
6304.51 9.8207e-16
6307.40 1.0349e-15
6310.28 1.1002e-15
6313.17 1.0631e-15
6316.06 9.816e-16
6318.95 1.0846e-15
6321.84 1.0115e-15
6324.73 9.9744e-16
6327.61 1.1191e-15
6330.50 1.145e-15
6333.39 1.0056e-15
6336.28 8.8773e-16
6339.17 1.0412e-15
6342.05 9.9692e-16
6344.94 9.778e-16
6347.83 1.0193e-15
6350.72 9.7494e-16
6353.61 1.1001e-15
6356.50 1.0957e-15
6359.38 1.0031e-15
6362.27 1.1133e-15
6365.16 1.0842e-15
6368.05 1.0125e-15
6370.94 1.0513e-15
6373.83 1.0233e-15
6376.71 1.1201e-15
6379.60 1.0576e-15
6382.49 1.0985e-15
6385.38 1.0307e-15
6388.27 1.0416e-15
6391.16 9.7715e-16
6394.04 8.5375e-16
6396.93 8.0901e-16
6399.82 9.0301e-16
6402.71 9.3191e-16
6405.60 9.6722e-16
6408.49 9.2536e-16
6411.37 8.4728e-16
6414.26 7.6665e-16
6417.15 7.4687e-16
6420.04 8.0712e-16
6422.93 6.6118e-16
6425.81 6.3526e-16
6428.70 6.8217e-16
6431.59 5.7522e-16
6434.48 5.1101e-16
6437.37 5.5317e-16
6440.26 5.7119e-16
6443.15 5.8468e-16
6446.03 4.7408e-16
6448.92 5.748e-16
6451.81 5.6732e-16
6454.70 5.7846e-16
6457.59 6.0294e-16
6460.47 5.3585e-16
6463.36 4.5097e-16
6466.25 4.0602e-16
6469.14 4.2791e-16
6472.03 4.352e-16
6474.92 4.4755e-16
6477.80 3.9879e-16
6480.69 3.7728e-16
6483.58 3.3083e-16
6486.47 3.4913e-16
6489.36 3.9419e-16
6492.25 3.7996e-16
6495.13 4.3523e-16
6498.02 4.2415e-16
6500.91 4.7138e-16
6503.80 5.0383e-16
6506.69 4.8912e-16
6509.58 5.1368e-16
6512.46 4.4709e-16
6515.35 6.3587e-16
6518.24 7.0028e-16
6521.13 8.049e-16
6524.02 8.5878e-16
6526.91 9.0091e-16
6529.79 1.1385e-15
6532.68 1.1896e-15
6535.57 1.3088e-15
6538.46 1.6015e-15
6541.35 1.7985e-15
6544.23 1.8384e-15
6547.12 1.8634e-15
6550.01 1.9847e-15
6552.90 1.9964e-15
6555.79 2.0603e-15
6558.68 2.2177e-15
6561.56 2.2837e-15
6564.45 2.1506e-15
6567.34 2.3664e-15
6570.23 2.4392e-15
6573.12 2.383e-15
6576.01 2.2454e-15
6578.89 2.2637e-15
6581.78 2.196e-15
6584.67 2.223e-15
6587.56 2.2483e-15
6590.45 2.0632e-15
6593.34 2.0537e-15
6596.22 2.1424e-15
6599.11 2.2026e-15
6602.00 2.0937e-15
6604.89 2.1922e-15
6607.78 2.0313e-15
6610.67 1.9432e-15
6613.55 1.9625e-15
6616.44 1.885e-15
6619.33 1.836e-15
6622.22 1.842e-15
6625.11 1.9157e-15
6628.00 1.7115e-15
6630.88 1.8397e-15
6633.77 1.7418e-15
6636.66 1.8052e-15
6639.55 1.6164e-15
6642.44 1.6541e-15
6645.33 1.6247e-15
6648.21 1.5114e-15
6651.10 1.632e-15
6653.99 1.6246e-15
6656.88 1.4421e-15
6659.77 1.3888e-15
6662.65 1.3607e-15
6665.54 1.494e-15
6668.43 1.4684e-15
6671.32 1.4337e-15
6674.21 1.3305e-15
6677.10 1.3779e-15
6679.98 1.3337e-15
6682.87 1.2525e-15
6685.76 1.2571e-15
6688.65 1.3484e-15
6691.54 1.3047e-15
6694.43 1.2743e-15
6697.31 1.32e-15
6700.20 1.3689e-15
6703.09 1.289e-15
6705.98 1.2296e-15
6708.87 1.2125e-15
6711.76 1.3012e-15
6714.64 1.3825e-15
6717.53 1.0979e-15
6720.42 1.1764e-15
6723.31 1.1404e-15
6726.20 1.1864e-15
6729.09 1.0942e-15
6731.97 1.118e-15
6734.86 1.1331e-15
6737.75 1.1012e-15
6740.64 1.1242e-15
6743.53 1.0915e-15
6746.42 1.1543e-15
6749.30 1.1375e-15
6752.19 1.1168e-15
6755.08 1.1356e-15
6757.97 1.1061e-15
6760.86 1.1432e-15
6763.75 1.0777e-15
6766.63 1.0924e-15
6769.52 1.1033e-15
6772.41 1.1485e-15
6775.30 1.2177e-15
6778.19 1.0821e-15
6781.07 1.1113e-15
6783.96 1.065e-15
6786.85 9.8769e-16
6789.74 1.0925e-15
6792.63 1.0869e-15
6795.52 1.1294e-15
6798.40 1.0678e-15
6801.29 1.2168e-15
6804.18 1.1383e-15
6807.07 1.055e-15
6809.96 1.155e-15
6812.85 1.0887e-15
6815.73 1.1522e-15
6818.62 1.0955e-15
6821.51 1.0884e-15
6824.40 1.1653e-15
6827.29 1.1413e-15
6830.18 1.1055e-15
6833.06 1.0792e-15
6835.95 1.0921e-15
6838.84 1.1385e-15
6841.73 1.0608e-15
6844.62 1.1702e-15
6847.51 1.1125e-15
6850.39 1.2154e-15
6853.28 1.1012e-15
6856.17 1.2173e-15
6859.06 1.1574e-15
6861.95 1.2118e-15
6864.83 1.1851e-15
6867.72 1.2277e-15
6870.61 1.0672e-15
6873.50 1.1012e-15
6876.39 1.2246e-15
6879.28 1.0901e-15
6882.17 1.1536e-15
6885.05 1.1587e-15
6887.94 1.1174e-15
6890.83 1.1654e-15
6893.72 1.1579e-15
6896.61 1.079e-15
6899.49 1.1598e-15
6902.38 1.1844e-15
6905.27 1.045e-15
6908.16 1.0095e-15
6911.05 1.1225e-15
6913.94 1.0811e-15
6916.82 9.9376e-16
6919.71 1.1224e-15
6922.60 1.1073e-15
6925.49 1.0714e-15
6928.38 1.1539e-15
6931.27 1.1714e-15
6934.15 1.149e-15
6937.04 1.0196e-15
6939.93 1.1698e-15
6942.82 1.2116e-15
6945.71 1.1993e-15
6948.60 1.0207e-15
6951.48 1.1082e-15
6954.37 1.1276e-15
6957.26 9.8497e-16
6960.15 1.0743e-15
6963.04 1.1218e-15
6965.93 1.2078e-15
6968.81 1.1589e-15
6971.70 1.1035e-15
6974.59 1.1988e-15
6977.48 1.0884e-15
6980.37 1.0543e-15
6983.25 1.0431e-15
6986.14 1.1787e-15
6989.03 1.0533e-15
6991.92 1.1046e-15
6994.81 1.0446e-15
6997.70 1.2254e-15
7000.58 1.0971e-15
7003.47 1.2258e-15
7006.36 1.2066e-15
7009.25 1.222e-15
7012.14 1.1914e-15
7015.03 1.1528e-15
7017.91 1.2276e-15
7020.80 1.2573e-15
7023.69 1.2054e-15
7026.58 1.2226e-15
7029.47 1.2313e-15
7032.36 1.1696e-15
7035.24 1.1964e-15
7038.13 1.237e-15
7041.02 1.233e-15
7043.91 1.1892e-15
7046.80 1.1858e-15
7049.69 1.1492e-15
7052.57 1.0989e-15
7055.46 1.065e-15
7058.35 1.1228e-15
7061.24 1.217e-15
7064.13 1.2329e-15
7067.02 1.1717e-15
7069.90 1.1002e-15
7072.79 1.1431e-15
7075.68 1.0589e-15
7078.57 1.1574e-15
7081.46 1.15e-15
7084.35 1.165e-15
7087.23 1.1915e-15
7090.12 1.1568e-15
7093.01 1.0904e-15
7095.90 1.1264e-15
7098.79 1.1116e-15
7101.67 1.0132e-15
7104.56 1.1519e-15
7107.45 1.1599e-15
7110.34 1.102e-15
7113.23 1.177e-15
7116.12 1.2948e-15
7119.00 1.1003e-15
7121.89 1.1511e-15
7124.78 1.1546e-15
7127.67 1.0905e-15
7130.56 1.112e-15
7133.45 1.1078e-15
7136.33 1.1938e-15
7139.22 1.1728e-15
7142.11 1.1432e-15
7145.00 1.1953e-15
7147.89 1.1483e-15
7150.78 1.0925e-15
7153.66 1.1354e-15
7156.55 1.1514e-15
7159.44 1.0739e-15
7162.33 1.1375e-15
7165.22 1.1618e-15
7168.11 1.1653e-15
7170.99 1.1791e-15
7173.88 1.1929e-15
7176.77 9.0135e-16
7179.66 1.0422e-15
7182.55 1.0886e-15
7185.44 1.1497e-15
7188.32 1.026e-15
7191.21 1.1021e-15
7194.10 1.2512e-15
7196.99 1.1634e-15
7199.88 1.0976e-15
7202.77 1.2124e-15
7205.65 1.2326e-15
7208.54 1.0623e-15
7211.43 1.1336e-15
7214.32 1.2226e-15
7217.21 1.3032e-15
7220.09 1.2699e-15
7222.98 1.243e-15
7225.87 1.1827e-15
7228.76 1.2539e-15
7231.65 1.2317e-15
7234.54 1.231e-15
7237.42 1.3122e-15
7240.31 1.2503e-15
7243.20 1.2532e-15
7246.09 1.288e-15
7248.98 1.1953e-15
7251.87 1.1769e-15
7254.75 1.1515e-15
7257.64 1.1065e-15
7260.53 1.0591e-15
7263.42 1.1851e-15
7266.31 1.0264e-15
7269.20 1.1144e-15
7272.08 1.2169e-15
7274.97 1.1682e-15
7277.86 1.1282e-15
7280.75 1.3097e-15
7283.64 1.2374e-15
7286.53 1.2266e-15
7289.41 1.1971e-15
7292.30 1.2343e-15
7295.19 1.242e-15
7298.08 1.206e-15
7300.97 1.3165e-15
7303.85 1.33e-15
7306.74 1.2486e-15
7309.63 1.2108e-15
7312.52 1.2433e-15
7315.41 1.3065e-15
7318.30 1.36e-15
7321.18 1.3147e-15
7324.07 1.22e-15
7326.96 1.3646e-15
7329.85 1.2649e-15
7332.74 1.3982e-15
7335.63 1.2986e-15
7338.51 1.3726e-15
7341.40 1.4022e-15
7344.29 1.3531e-15
7347.18 1.2616e-15
7350.07 1.2453e-15
7352.96 1.2049e-15
7355.84 1.266e-15
7358.73 1.252e-15
7361.62 1.257e-15
7364.51 1.173e-15
7367.40 1.2456e-15
7370.29 1.2438e-15
7373.17 1.2519e-15
7376.06 1.2195e-15
7378.95 1.2408e-15
7381.84 1.3198e-15
7384.73 1.2944e-15
7387.62 1.2121e-15
7390.50 1.2327e-15
7393.39 1.1612e-15
7396.28 1.2423e-15
7399.17 1.2009e-15
7402.06 1.21e-15
7404.95 1.2197e-15
7407.83 1.0908e-15
7410.72 1.1302e-15
7413.61 1.287e-15
7416.50 1.2465e-15
7419.39 1.1018e-15
7422.27 1.1945e-15
7425.16 1.256e-15
7428.05 1.2409e-15
7430.94 1.2203e-15
7433.83 1.1419e-15
7436.72 1.2715e-15
7439.60 1.2944e-15
7442.49 1.2242e-15
7445.38 1.2349e-15
7448.27 1.1379e-15
7451.16 1.1468e-15
7454.05 1.1924e-15
7456.93 1.2584e-15
7459.82 1.3859e-15
7462.71 1.3433e-15
7465.60 1.2933e-15
7468.49 1.3294e-15
7471.38 1.3403e-15
7474.26 1.3107e-15
7477.15 1.3606e-15
7480.04 1.2861e-15
7482.93 1.3712e-15
7485.82 1.3029e-15
7488.71 1.0984e-15
7491.59 1.3442e-15
7494.48 1.2886e-15
7497.37 1.3082e-15
7500.26 1.3947e-15
7503.15 1.3591e-15
7506.04 1.2863e-15
7508.92 1.3041e-15
7511.81 1.2549e-15
7514.70 1.351e-15
7517.59 1.3833e-15
7520.48 1.2599e-15
7523.36 1.272e-15
7526.25 1.3214e-15
7529.14 1.2322e-15
7532.03 1.2986e-15
7534.92 1.3414e-15
7537.81 1.3346e-15
7540.69 1.3628e-15
7543.58 1.3775e-15
7546.47 1.2043e-15
7549.36 1.1253e-15
7552.25 1.4425e-15
7555.14 1.3108e-15
7558.02 1.4244e-15
7560.91 1.1767e-15
7563.80 1.2227e-15
7566.69 1.2734e-15
7569.58 1.185e-15
7572.47 1.2219e-15
7575.35 1.1871e-15
7578.24 1.0996e-15
7581.13 1.2105e-15
7584.02 1.1475e-15
7586.91 1.2219e-15
7589.80 1.2802e-15
7592.68 1.3751e-15
7595.57 1.3402e-15
7598.46 1.3589e-15
7601.35 1.2404e-15
7604.24 1.4303e-15
7607.13 1.3359e-15
7610.01 1.2585e-15
7612.90 1.1257e-15
7615.79 1.3613e-15
7618.68 1.312e-15
7621.57 1.1894e-15
7624.46 1.3014e-15
7627.34 1.1791e-15
7630.23 1.0987e-15
7633.12 1.184e-15
7636.01 1.3802e-15
7638.90 1.2777e-15
7641.78 1.1893e-15
7644.67 1.2352e-15
7647.56 1.3118e-15
7650.45 1.3708e-15
7653.34 1.417e-15
7656.23 1.1959e-15
7659.11 1.1793e-15
7662.00 1.3529e-15
7664.89 1.1809e-15
7667.78 1.213e-15
7670.67 1.2818e-15
7673.56 1.1741e-15
7676.44 1.3106e-15
7679.33 1.1814e-15
7682.22 1.1144e-15
7685.11 1.2636e-15
7688.00 1.2675e-15
7690.89 1.2074e-15
7693.77 1.1887e-15
7696.66 1.2408e-15
7699.55 1.3082e-15
7702.44 1.2967e-15
7705.33 1.3714e-15
7708.22 1.3159e-15
7711.10 1.2972e-15
7713.99 1.4476e-15
7716.88 1.2317e-15
7719.77 1.2602e-15
7722.66 1.3092e-15
7725.55 1.3288e-15
7728.43 1.1975e-15
7731.32 1.0699e-15
7734.21 1.1681e-15
7737.10 1.0088e-15
7739.99 1.0461e-15
7742.88 1.063e-15
7745.76 9.7079e-16
7748.65 9.8422e-16
7751.54 9.1575e-16
7754.43 1.1157e-15
7757.32 1.1466e-15
7760.20 1.1177e-15
7763.09 1.094e-15
7765.98 1.2217e-15
7768.87 1.2561e-15
7771.76 1.3705e-15
7774.65 1.2816e-15
7777.53 1.3521e-15
7780.42 1.4864e-15
7783.31 1.3405e-15
7786.20 1.4353e-15
7789.09 1.4463e-15
7791.98 1.3181e-15
7794.86 1.376e-15
7797.75 1.2389e-15
7800.64 1.239e-15
7803.53 1.2997e-15
7806.42 1.4364e-15
7809.31 1.3581e-15
7812.19 1.3335e-15
7815.08 1.3344e-15
7817.97 1.3241e-15
7820.86 1.3411e-15
7823.75 1.2894e-15
7826.64 1.3787e-15
7829.52 1.2898e-15
7832.41 1.2993e-15
7835.30 1.4036e-15
7838.19 1.2687e-15
7841.08 1.1542e-15
7843.96 1.3729e-15
7846.85 1.2955e-15
7849.74 1.2465e-15
7852.63 1.1686e-15
7855.52 1.3963e-15
7858.41 1.4138e-15
7861.29 1.2293e-15
7864.18 1.1911e-15
7867.07 1.328e-15
7869.96 1.4949e-15
7872.85 1.3845e-15
7875.74 1.1328e-15
7878.62 1.2672e-15
7881.51 1.3925e-15
7884.40 1.2139e-15
7887.29 1.2082e-15
7890.18 1.236e-15
7893.07 1.2833e-15
7895.95 1.289e-15
7898.84 1.4442e-15
7901.73 1.3296e-15
7904.62 1.3548e-15
7907.51 1.431e-15
7910.40 1.3515e-15
7913.28 1.3479e-15
7916.17 1.268e-15
7919.06 1.1994e-15
7921.95 1.2183e-15
7924.84 1.3063e-15
7927.73 1.3935e-15
7930.61 1.42e-15
7933.50 1.2562e-15
7936.39 1.285e-15
7939.28 1.3441e-15
7942.17 1.267e-15
7945.06 1.1819e-15
7947.94 1.3045e-15
7950.83 1.3453e-15
7953.72 1.2651e-15
7956.61 1.2354e-15
7959.50 1.1447e-15
7962.38 1.1782e-15
7965.27 1.3579e-15
7968.16 1.3205e-15
7971.05 1.3225e-15
7973.94 1.3733e-15
7976.83 1.2451e-15
7979.71 1.4122e-15
7982.60 1.2771e-15
7985.49 1.3907e-15
7988.38 1.3244e-15
7991.27 1.2104e-15
7994.16 1.2569e-15
7997.04 1.1876e-15
7999.93 1.1277e-15
8002.82 1.1916e-15
8005.71 1.2006e-15
8008.60 1.3189e-15
8011.49 1.2318e-15
8014.37 1.2057e-15
8017.26 1.3138e-15
8020.15 1.3715e-15
8023.04 1.2029e-15
8025.93 1.2552e-15
8028.82 1.316e-15
8031.70 1.2578e-15
8034.59 1.2041e-15
8037.48 1.2912e-15
8040.37 1.2676e-15
8043.26 1.2703e-15
8046.15 1.3458e-15
8049.03 1.1368e-15
8051.92 1.3773e-15
8054.81 1.3178e-15
8057.70 1.2247e-15
8060.59 1.2819e-15
8063.48 1.2182e-15
8066.36 1.2609e-15
8069.25 1.3318e-15
8072.14 1.289e-15
8075.03 1.2624e-15
8077.92 1.349e-15
8080.80 1.4527e-15
8083.69 1.3761e-15
8086.58 1.2476e-15
8089.47 1.2042e-15
8092.36 1.311e-15
8095.25 1.2021e-15
8098.13 1.2082e-15
8101.02 1.357e-15
8103.91 1.4062e-15
8106.80 1.2389e-15
8109.69 1.2085e-15
8112.58 1.3644e-15
8115.46 1.3929e-15
8118.35 1.3512e-15
8121.24 1.2849e-15
8124.13 1.2507e-15
8127.02 1.2716e-15
8129.91 1.2304e-15
8132.79 1.2098e-15
8135.68 1.1491e-15
8138.57 1.0955e-15
8141.46 1.2537e-15
8144.35 1.4018e-15
8147.24 1.2007e-15
8150.12 1.1236e-15
8153.01 1.1053e-15
8155.90 1.0606e-15
8158.79 1.1402e-15
8161.68 1.1186e-15
8164.56 1.1569e-15
8167.45 9.6625e-16
8170.34 1.0975e-15
8173.23 1.2226e-15
8176.12 1.1368e-15
8179.01 1.2394e-15
8181.90 1.3386e-15
8184.78 1.0739e-15
8187.67 1.1536e-15
8190.56 1.1246e-15
8193.45 1.096e-15
8196.34 1.0861e-15
8199.22 1.1032e-15
8202.11 1.1469e-15
8205.00 1.0881e-15
8207.89 9.7426e-16
8210.78 1.0976e-15
8213.67 1.1431e-15
8216.55 1.054e-15
8219.44 1.1901e-15
8222.33 1.1396e-15
8225.22 1.0799e-15
8228.11 1.0601e-15
8231.00 1.115e-15
8233.88 1.1842e-15
8236.77 1.2204e-15
8239.66 1.1484e-15
8242.55 1.13e-15
8245.44 1.1958e-15
8248.33 1.1589e-15
8251.21 1.1327e-15
8254.10 1.0161e-15
8256.99 1.1994e-15
8259.88 1.2379e-15
8262.77 1.109e-15
8265.66 1.0038e-15
8268.54 1.1958e-15
8271.43 1.1833e-15
8274.32 1.0777e-15
8277.21 1.1256e-15
8280.10 1.1239e-15
8282.99 1.2056e-15
8285.87 1.2223e-15
8288.76 1.1778e-15
8291.65 1.2506e-15
8294.54 1.2824e-15
8297.43 1.2307e-15
8300.31 1.0466e-15
8303.20 1.0227e-15
8306.09 1.0892e-15
8308.98 1.1068e-15
8311.87 1.2731e-15
8314.76 1.1698e-15
8317.64 1.075e-15
8320.53 1.2835e-15
8323.42 1.1715e-15
8326.31 1.216e-15
8329.20 1.3369e-15
8332.09 1.2136e-15
8334.97 1.1384e-15
8337.86 1.12e-15
8340.75 1.0195e-15
8343.64 1.0815e-15
8346.53 1.0298e-15
8349.42 1.1134e-15
8352.30 1.2255e-15
8355.19 1.2815e-15
8358.08 1.2342e-15
8360.97 1.1446e-15
8363.86 1.0874e-15
8366.75 1.1936e-15
8369.63 1.1984e-15
8372.52 1.0347e-15
8375.41 1.088e-15
8378.30 1.0855e-15
8381.19 9.045e-16
8384.08 9.0522e-16
8386.96 9.3689e-16
8389.85 9.3967e-16
8392.74 8.7459e-16
8395.63 8.0324e-16
8398.52 7.7817e-16
8401.41 6.3185e-16
8404.29 4.5178e-16
8407.18 4.0294e-16
8410.07 3.6911e-16
8412.96 3.2324e-16
8415.85 2.8897e-16
8418.73 3.0235e-16
8421.62 2.5282e-16
8424.51 2.0752e-16
8427.40 3.1677e-16
8430.29 2.2565e-16
8433.18 2.2601e-16
8436.06 1.8527e-16
8438.95 2.1773e-16
8441.84 6.6568e-17
8444.73 1.7389e-16
8447.62 2.9621e-16
8450.51 1.925e-16
8453.39 2.4638e-16
8456.28 2.1158e-16
8459.17 1.9135e-16
8462.06 2.0537e-16
8464.95 2.6527e-16
8467.84 1.4694e-16
8470.72 2.4186e-16
8473.61 3.2559e-16
8476.50 2.4165e-16
8479.39 3.2683e-16
8482.28 4.8008e-16
8485.17 4.2539e-16
8488.05 3.7158e-16
8490.94 4.4084e-16
8493.83 4.6298e-16
8496.72 5.3501e-16
8499.61 5.7915e-16
8502.50 6.0759e-16
8505.38 7.5041e-16
8508.27 7.863e-16
8511.16 7.4786e-16
8514.05 8.6603e-16
8516.94 9.8059e-16
8519.82 8.9722e-16
8522.71 1.0588e-15
8525.60 1.2304e-15
8528.49 1.2903e-15
8531.38 1.3179e-15
8534.27 1.2097e-15
8537.15 1.3329e-15
8540.04 1.4233e-15
8542.93 1.4126e-15
8545.82 1.4246e-15
8548.71 1.4431e-15
8551.60 1.3597e-15
8554.48 1.2894e-15
8557.37 1.3412e-15
8560.26 1.2785e-15
8563.15 1.1172e-15
8566.04 1.165e-15
8568.93 1.0504e-15
8571.81 9.6034e-16
8574.70 8.8891e-16
8577.59 8.4377e-16
8580.48 8.0057e-16
8583.37 8.0426e-16
8586.25 6.9274e-16
8589.14 6.5893e-16
8592.03 6.6161e-16
8594.92 6.6206e-16
8597.81 6.002e-16
8600.70 5.8685e-16
8603.58 6.1863e-16
8606.47 6.8906e-16
8609.36 6.4093e-16
8612.25 6.6606e-16
8615.14 7.1491e-16
8618.03 6.7535e-16
8620.92 6.6639e-16
8623.80 7.12e-16
8626.69 7.6584e-16
8629.58 8.8305e-16
8632.47 1.051e-15
8635.36 1.0088e-15
8638.24 9.7321e-16
8641.13 1.1165e-15
8644.02 1.2652e-15
8646.91 1.2535e-15
8649.80 1.4094e-15
8652.69 1.46e-15
8655.57 1.2311e-15
8658.46 1.6041e-15
8661.35 1.6433e-15
8664.24 1.5411e-15
8667.13 1.587e-15
8670.02 1.8019e-15
8672.90 1.9049e-15
8675.79 1.8998e-15
8678.68 1.8594e-15
8681.57 2.0555e-15
8684.46 1.9494e-15
8687.35 1.8854e-15
8690.23 1.8843e-15
8693.12 1.9327e-15
8696.01 2.0413e-15
8698.90 2.0714e-15
8701.79 2.1276e-15
8704.67 2.1852e-15
8707.56 2.0822e-15
8710.45 1.9822e-15
8713.34 1.9721e-15
8716.23 1.9508e-15
8719.12 1.9732e-15
8722.00 2.1022e-15
8724.89 1.967e-15
8727.78 1.9562e-15
8730.67 1.7287e-15
8733.56 1.7912e-15
8736.45 1.8411e-15
8739.33 1.8372e-15
8742.22 1.8389e-15
8745.11 1.9398e-15
8748.00 1.865e-15
8750.89 1.763e-15
8753.78 1.7788e-15
8756.66 1.8083e-15
8759.55 1.8547e-15
8762.44 1.9287e-15
8765.33 1.8407e-15
8768.22 1.695e-15
8771.11 1.7868e-15
8773.99 1.6433e-15
8776.88 1.7682e-15
8779.77 1.6232e-15
8782.66 1.5927e-15
8785.55 1.7556e-15
8788.44 1.6595e-15
8791.32 1.5893e-15
8794.21 1.7772e-15
8797.10 1.7092e-15
8799.99 1.5811e-15
8802.88 1.4818e-15
8805.77 1.5701e-15
8808.65 1.4615e-15
8811.54 1.3881e-15
8814.43 1.586e-15
8817.32 1.6143e-15
8820.21 1.6024e-15
8823.09 1.6364e-15
8825.98 1.4482e-15
8828.87 1.3588e-15
8831.76 1.1458e-15
8834.65 1.1766e-15
8837.54 1.1533e-15
8840.42 1.2261e-15
8843.31 1.3529e-15
8846.20 1.2891e-15
8849.09 1.1042e-15
8851.98 1.0854e-15
8854.87 1.1509e-15
8857.75 1.2806e-15
8860.64 1.2398e-15
8863.53 1.1176e-15
8866.42 1.2364e-15
8869.31 1.3662e-15
8872.20 1.2196e-15
8875.08 1.2268e-15
8877.97 1.1698e-15
8880.86 1.1071e-15
8883.75 1.0366e-15
8886.64 9.635e-16
8889.53 1.0093e-15
8892.41 1.1451e-15
8895.30 1.075e-15
8898.19 9.6292e-16
8901.08 8.3624e-16
8903.97 8.2246e-16
8906.86 7.8722e-16
8909.74 1.0899e-15
8912.63 1.1185e-15
8915.52 9.3272e-16
8918.41 9.7234e-16
8921.30 1.0107e-15
8924.19 1.0369e-15
8927.07 1.0358e-15
8929.96 1.0505e-15
8932.85 1.1931e-15
8935.74 1.1293e-15
8938.63 1.0906e-15
8941.51 1.3513e-15
8944.40 1.2271e-15
8947.29 1.0956e-15
8950.18 1.2362e-15
8953.07 1.3038e-15
8955.96 1.2235e-15
8958.84 1.2686e-15
8961.73 1.2199e-15
8964.62 1.1164e-15
8967.51 1.1152e-15
8970.40 1.151e-15
8973.29 1.2827e-15
8976.17 1.4034e-15
8979.06 1.2615e-15
8981.95 1.4664e-15
8984.84 1.412e-15
8987.73 1.0611e-15
8990.62 1.1074e-15
8993.50 9.8357e-16
8996.39 9.9405e-16
8999.28 1.1039e-15
9002.17 1.1347e-15
9005.06 1.0898e-15
9007.95 1.0036e-15
9010.83 1.0909e-15
9013.72 1.0755e-15
9016.61 1.0656e-15
9019.50 1.2305e-15
9022.39 1.1186e-15
9025.28 9.4206e-16
9028.16 9.2736e-16
9031.05 9.167e-16
9033.94 9.8811e-16
9036.83 9.3947e-16
9039.72 8.2873e-16
9042.61 9.2698e-16
9045.49 8.8765e-16
9048.38 8.1636e-16
9051.27 8.2279e-16
9054.16 8.7487e-16
9057.05 9.2682e-16
9059.93 9.7783e-16
9062.82 8.8482e-16
9065.71 8.2072e-16
9068.60 8.1116e-16
9071.49 9.7257e-16
9074.38 7.4587e-16
9077.26 6.812e-16
9080.15 8.1041e-16
9083.04 6.7229e-16
9085.93 7.1898e-16
9088.82 7.0662e-16
9091.71 5.8878e-16
9094.59 5.403e-16
9097.48 6.1204e-16
9100.37 6.1894e-16
9103.26 6.2596e-16
9106.15 6.3311e-16
9109.04 6.4038e-16
9111.92 6.478e-16
9114.81 6.5543e-16
9117.70 6.6321e-16
9120.59 6.7113e-16
9123.48 6.7919e-16
9126.37 6.8741e-16
9129.25 6.9578e-16
9132.14 7.043e-16
9135.03 7.1299e-16
9137.92 7.2184e-16
9140.81 7.3086e-16
