# wavelength flux
3302.28601 5.29468e-18
3305.28049 5.53874e-18
3308.28499 6.66393e-18
3311.27948 7.57406e-18
3314.28398 7.02734e-18
3317.27847 6.27583e-18
3320.28297 6.83593e-18
3323.27745 6.66725e-18
3326.28195 6.90562e-18
3329.28645 6.22929e-18
3332.28094 5.72423e-18
3335.28544 6.29434e-18
3338.27992 6.51678e-18
3341.28442 6.95489e-18
3344.27891 7.18131e-18
3347.28341 6.37143e-18
3350.27789 6.66751e-18
3353.28239 7.54912e-18
3356.28689 7.54614e-18
3359.28138 7.04321e-18
3362.28588 7.31770e-18
3365.28036 7.48229e-18
3368.28486 7.55277e-18
3371.27935 7.70004e-18
3374.28385 8.02301e-18
3377.27833 7.83228e-18
3380.28283 7.55902e-18
3383.28733 8.05906e-18
3386.28182 8.34760e-18
3389.28632 8.38151e-18
3392.28080 8.25523e-18
3395.28530 7.73716e-18
3398.27979 7.50746e-18
3401.28429 8.49436e-18
3404.27877 8.51672e-18
3407.28327 8.42672e-18
3410.28777 8.14514e-18
3413.28226 8.46788e-18
3416.28676 9.06238e-18
3419.28124 8.77215e-18
3422.28574 8.81270e-18
3425.28023 8.96241e-18
3428.28473 8.99402e-18
3431.27921 7.98350e-18
3434.28371 7.60585e-18
3437.28821 8.13985e-18
3440.28270 9.00123e-18
3443.28720 8.84183e-18
3446.28168 8.87055e-18
3449.28618 9.24181e-18
3452.28067 9.01579e-18
3455.28517 8.38739e-18
3458.27965 7.77335e-18
3461.28415 8.55088e-18
3464.28865 8.60536e-18
3467.28314 8.37708e-18
3470.28764 7.90434e-18
3473.28212 8.70774e-18
3476.28662 8.82510e-18
3479.28111 8.54252e-18
3482.28561 8.08334e-18
3485.28009 8.44912e-18
3488.28459 8.65004e-18
3491.28909 8.55089e-18
3494.28358 8.57581e-18
3497.28808 8.57048e-18
3500.28256 8.51602e-18
3503.28706 8.64186e-18
3506.28155 8.27195e-18
3509.28605 8.39614e-18
3512.28053 8.73528e-18
3515.28503 8.57108e-18
3518.28953 8.31258e-18
3521.28402 7.95325e-18
3524.28852 8.15457e-18
3527.28300 8.63085e-18
3530.28750 8.70159e-18
3533.28199 8.38699e-18
3536.28649 7.88039e-18
3539.28097 8.09173e-18
3542.28547 8.07346e-18
3545.28997 7.89938e-18
3548.28445 8.10563e-18
3551.28895 7.93083e-18
3554.28344 7.73543e-18
3557.28794 7.65293e-18
3560.28242 7.44732e-18
3563.28692 7.54445e-18
3566.28141 7.40366e-18
3569.28591 7.33162e-18
3572.29041 7.54568e-18
3575.28490 7.64383e-18
3578.28940 7.70322e-18
3581.28388 7.80488e-18
3584.28838 7.73006e-18
3587.28287 7.44932e-18
3590.28737 7.57955e-18
3593.28185 7.93993e-18
3596.28635 7.59337e-18
3599.29085 7.47335e-18
3602.28534 7.56403e-18
3605.28984 7.67521e-18
3608.28432 7.82554e-18
3611.28882 7.87894e-18
3614.28330 7.83328e-18
3617.28780 7.93930e-18
3620.28229 8.39854e-18
3623.28679 8.64816e-18
3626.29129 8.80058e-18
3629.28578 9.07820e-18
3632.29028 9.14858e-18
3635.28476 9.26340e-18
3638.28926 9.46757e-18
3641.28375 9.67678e-18
3644.28825 9.80546e-18
3647.28273 9.96806e-18
3650.28723 1.02154e-17
3653.29173 1.03502e-17
3656.28622 1.05802e-17
3659.29072 1.09859e-17
3662.28520 1.14453e-17
3665.28970 1.16059e-17
3668.28418 1.18333e-17
3671.28868 1.21335e-17
3674.28317 1.21793e-17
3677.28767 1.20782e-17
3680.29217 1.20940e-17
3683.28666 1.19485e-17
3686.29116 1.21255e-17
3689.28564 1.23490e-17
3692.29014 1.25184e-17
3695.28463 1.26846e-17
3698.28913 1.30181e-17
3701.28361 1.32321e-17
3704.28811 1.32713e-17
3707.28260 1.31209e-17
3710.28710 1.25485e-17
3713.29160 1.25627e-17
3716.28608 1.24526e-17
3719.29058 1.19073e-17
3722.28507 1.16361e-17
3725.28957 1.12901e-17
3728.28405 1.11160e-17
3731.28855 1.11281e-17
3734.29305 1.07458e-17
3737.28754 1.03731e-17
3740.29204 1.00377e-17
3743.28652 9.73124e-18
3746.29102 9.59712e-18
3749.28551 9.24257e-18
3752.29001 8.95184e-18
3755.28449 8.89918e-18
3758.28899 8.82612e-18
3761.28348 8.43680e-18
3764.28798 8.20120e-18
3767.29248 8.07393e-18
3770.28696 8.03416e-18
3773.29146 8.10693e-18
3776.28595 8.01471e-18
3779.29045 7.89982e-18
3782.28493 8.09614e-18
3785.28943 8.05306e-18
3788.28392 8.02769e-18
3791.28842 8.17773e-18
3794.29292 8.18177e-18
3797.28740 8.20614e-18
3800.29190 8.22562e-18
3803.28639 8.16340e-18
3806.29089 8.43625e-18
3809.28537 8.64072e-18
3812.28987 8.77037e-18
3815.28436 9.03455e-18
3818.28886 9.39667e-18
3821.29336 9.59604e-18
3824.28784 9.87270e-18
3827.29234 1.01319e-17
3830.28683 1.06710e-17
3833.29133 1.10953e-17
3836.28581 1.14022e-17
3839.29031 1.18327e-17
3842.28480 1.21861e-17
3845.28930 1.25911e-17
3848.29380 1.30914e-17
3851.28828 1.35343e-17
3854.29278 1.41458e-17
3857.28727 1.43468e-17
3860.29177 1.49060e-17
3863.28625 1.55369e-17
3866.29075 1.58605e-17
3869.28523 1.64345e-17
3872.28973 1.65146e-17
3875.29423 1.65326e-17
3878.28872 1.71013e-17
3881.29322 1.75237e-17
3884.28771 1.80391e-17
3887.29221 1.83446e-17
3890.28669 1.85947e-17
3893.29119 1.90073e-17
3896.28568 1.94847e-17
3899.29018 1.97294e-17
3902.29468 2.00406e-17
3905.28916 2.01900e-17
3908.29366 2.02903e-17
3911.28814 2.03468e-17
3914.29264 2.05784e-17
3917.28713 2.08334e-17
3920.29163 2.08963e-17
3923.28611 2.09582e-17
3926.29061 2.07286e-17
3929.29511 2.04352e-17
3932.28960 2.02933e-17
3935.29410 2.01801e-17
3938.28859 1.98433e-17
3941.29309 1.97300e-17
3944.28757 1.95902e-17
3947.29207 1.96583e-17
3950.28656 1.98829e-17
3953.29106 1.98535e-17
3956.29556 1.99836e-17
3959.29004 2.01388e-17
3962.29454 2.01339e-17
3965.28903 2.01032e-17
3968.29353 1.99832e-17
3971.28801 1.99527e-17
3974.29251 1.98979e-17
3977.28699 2.01721e-17
3980.29149 2.02353e-17
3983.29599 2.00502e-17
3986.29048 1.98836e-17
3989.29498 1.97529e-17
3992.28947 1.98606e-17
3995.29397 2.05132e-17
3998.28845 2.04272e-17
4001.29295 2.01574e-17
4004.28744 2.02213e-17
4007.29194 1.99206e-17
4010.29644 2.00750e-17
4013.29092 2.01014e-17
4016.29542 1.96628e-17
4019.28991 1.92817e-17
4022.29441 1.91044e-17
4025.28889 1.89919e-17
4028.29339 1.90588e-17
4031.28788 1.89702e-17
4034.29238 1.87114e-17
4037.29688 1.85022e-17
4040.29136 1.83021e-17
4043.29586 1.78292e-17
4046.29035 1.77952e-17
4049.29485 1.77738e-17
4052.28933 1.73154e-17
4055.29383 1.71664e-17
4058.28832 1.73109e-17
4061.29282 1.72913e-17
4064.29732 1.69264e-17
4067.29180 1.67526e-17
4070.29630 1.65843e-17
4073.29079 1.62951e-17
4076.29529 1.58134e-17
4079.28977 1.55313e-17
4082.29427 1.52260e-17
4085.28876 1.50840e-17
4088.29326 1.52631e-17
4091.29776 1.49228e-17
4094.29224 1.46996e-17
4097.29674 1.45945e-17
4100.29122 1.43017e-17
4103.29572 1.41256e-17
4106.29021 1.40745e-17
4109.29471 1.38808e-17
4112.28920 1.36350e-17
4115.29370 1.33262e-17
4118.28818 1.33711e-17
4121.29268 1.31734e-17
4124.29718 1.28900e-17
4127.29166 1.27292e-17
4130.29616 1.27307e-17
4133.29065 1.26972e-17
4136.29515 1.25496e-17
4139.28964 1.24473e-17
4142.29414 1.24600e-17
4145.29864 1.22909e-17
4148.29312 1.20078e-17
4151.29762 1.18063e-17
4154.29210 1.18361e-17
4157.29660 1.17749e-17
4160.29109 1.17203e-17
4163.29559 1.18371e-17
4166.29008 1.17507e-17
4169.29458 1.16214e-17
4172.28906 1.15889e-17
4175.29356 1.15275e-17
4178.29806 1.16064e-17
4181.29255 1.18405e-17
4184.29705 1.19172e-17
4187.29153 1.19744e-17
4190.29603 1.21652e-17
4193.29052 1.22438e-17
4196.29502 1.23994e-17
4199.28950 1.23449e-17
4202.29400 1.24084e-17
4205.29850 1.25319e-17
4208.29299 1.27826e-17
4211.29749 1.28664e-17
4214.29197 1.27374e-17
4217.29647 1.28928e-17
4220.29096 1.33040e-17
4223.29546 1.37417e-17
4226.28994 1.37777e-17
4229.29444 1.37140e-17
4232.29894 1.38943e-17
4235.29342 1.42066e-17
4238.29792 1.45366e-17
4241.29241 1.46382e-17
4244.29691 1.47043e-17
4247.29140 1.49526e-17
4250.29590 1.52732e-17
4253.29038 1.53357e-17
4256.29488 1.52773e-17
4259.29938 1.55268e-17
4262.29386 1.59096e-17
4265.29836 1.58603e-17
4268.29285 1.62293e-17
4271.29735 1.63818e-17
4274.29184 1.63558e-17
4277.29634 1.63802e-17
4280.29082 1.65932e-17
4283.29532 1.64580e-17
4286.29982 1.64294e-17
4289.29431 1.66112e-17
4292.29881 1.67321e-17
4295.29329 1.67081e-17
4298.29779 1.68866e-17
4301.29228 1.70581e-17
4304.29678 1.70238e-17
4307.29126 1.68932e-17
4310.29576 1.66775e-17
4313.30026 1.65236e-17
4316.29475 1.63742e-17
4319.29925 1.62679e-17
4322.29373 1.60311e-17
4325.29823 1.58442e-17
4328.29272 1.56790e-17
4331.29722 1.55737e-17
4334.29170 1.54336e-17
4337.29620 1.53389e-17
4340.30070 1.52112e-17
4343.29518 1.48963e-17
4346.29968 1.46565e-17
4349.29417 1.45461e-17
4352.29867 1.42777e-17
4355.29316 1.40821e-17
4358.29766 1.38796e-17
4361.29214 1.36213e-17
4364.29664 1.35263e-17
4367.30114 1.34519e-17
4370.29563 1.33873e-17
4373.30013 1.32652e-17
4376.29461 1.32689e-17
4379.29911 1.32553e-17
4382.29360 1.32189e-17
4385.29810 1.30580e-17
4388.29258 1.29553e-17
4391.29708 1.31191e-17
4394.30158 1.31283e-17
4397.29607 1.30679e-17
4400.30057 1.30897e-17
4403.29505 1.31322e-17
4406.29955 1.33266e-17
4409.29403 1.36373e-17
4412.29853 1.39388e-17
4415.29302 1.39531e-17
4418.29752 1.41158e-17
4421.30202 1.44976e-17
4424.29651 1.47145e-17
4427.30101 1.48433e-17
4430.29549 1.50843e-17
4433.29999 1.54773e-17
4436.29447 1.56158e-17
4439.29897 1.58345e-17
4442.29346 1.60393e-17
4445.29796 1.62877e-17
4448.30246 1.64611e-17
4451.29695 1.66875e-17
4454.30145 1.69239e-17
4457.29593 1.70727e-17
4460.30043 1.73126e-17
4463.29491 1.76298e-17
4466.29941 1.78807e-17
4469.29390 1.80712e-17
4472.29840 1.82913e-17
4475.30290 1.89012e-17
4478.29739 1.90258e-17
4481.30189 1.90917e-17
4484.29637 1.93425e-17
4487.30087 1.96303e-17
4490.29536 1.97819e-17
4493.29986 2.00661e-17
4496.29434 2.00610e-17
4499.29884 2.02027e-17
4502.30334 2.06464e-17
4505.29783 2.07236e-17
4508.30233 2.07161e-17
4511.29681 2.10409e-17
4514.30131 2.13475e-17
4517.29579 2.13951e-17
4520.30030 2.11279e-17
4523.29478 2.08158e-17
4526.29928 2.08069e-17
4529.30378 2.08628e-17
4532.29827 2.07368e-17
4535.30277 2.07157e-17
4538.29725 2.06630e-17
4541.30175 2.07685e-17
4544.29623 2.09569e-17
4547.30073 2.05979e-17
4550.29522 2.04715e-17
4553.29972 2.06079e-17
4556.30422 2.05628e-17
4559.29871 2.02684e-17
4562.30321 2.01859e-17
4565.29769 1.99367e-17
4568.30219 1.94851e-17
4571.29668 1.92513e-17
4574.30118 1.92220e-17
4577.29566 1.92253e-17
4580.30016 1.90682e-17
4583.30466 1.87980e-17
4586.29915 1.85949e-17
4589.30365 1.84676e-17
4592.29813 1.80373e-17
4595.30263 1.78688e-17
4598.29712 1.77924e-17
4601.30162 1.75947e-17
4604.29610 1.74447e-17
4607.30060 1.73338e-17
4610.30510 1.69925e-17
4613.29959 1.67777e-17
4616.30409 1.66892e-17
4619.29857 1.64945e-17
4622.30307 1.63083e-17
4625.29756 1.60215e-17
4628.30206 1.56255e-17
4631.29654 1.53490e-17
4634.30104 1.51142e-17
4637.29553 1.48173e-17
4640.30003 1.45680e-17
4643.30453 1.42838e-17
4646.29901 1.40429e-17
4649.30351 1.37645e-17
4652.29799 1.35918e-17
4655.30249 1.33739e-17
4658.29698 1.31505e-17
4661.30148 1.29912e-17
4664.29597 1.28808e-17
4667.30047 1.28838e-17
4670.30497 1.29242e-17
4673.29945 1.27695e-17
4676.30395 1.28283e-17
4679.29844 1.29378e-17
4682.30294 1.30308e-17
4685.29742 1.31604e-17
4688.30192 1.34565e-17
4691.29641 1.35790e-17
4694.30091 1.36126e-17
4697.30541 1.37156e-17
4700.29989 1.39535e-17
4703.30439 1.42253e-17
4706.29888 1.42551e-17
4709.30338 1.44206e-17
4712.29786 1.46257e-17
4715.30236 1.47412e-17
4718.29684 1.48391e-17
4721.30134 1.50114e-17
4724.30584 1.50233e-17
4727.30033 1.50644e-17
4730.30483 1.50993e-17
4733.29932 1.50784e-17
4736.30382 1.51661e-17
4739.29830 1.53329e-17
4742.30280 1.54978e-17
4745.29728 1.56056e-17
4748.30178 1.57027e-17
4751.30628 1.58750e-17
4754.30077 1.60436e-17
4757.30527 1.62348e-17
4760.29976 1.64079e-17
4763.30426 1.65421e-17
4766.29874 1.67732e-17
4769.30324 1.69401e-17
4772.29773 1.69024e-17
4775.30222 1.70448e-17
4778.30672 1.71827e-17
4781.30121 1.73477e-17
4784.30571 1.75130e-17
4787.30020 1.74847e-17
4790.30470 1.74859e-17
4793.29918 1.75721e-17
4796.30368 1.75062e-17
4799.29817 1.75182e-17
4802.30267 1.75193e-17
4805.30717 1.72982e-17
4808.30165 1.74468e-17
4811.30615 1.75049e-17
4814.30064 1.73768e-17
4817.30514 1.71743e-17
4820.29962 1.70117e-17
4823.30412 1.69592e-17
4826.29860 1.69712e-17
4829.30310 1.68301e-17
4832.30760 1.66313e-17
4835.30209 1.68237e-17
4838.30659 1.70134e-17
4841.30108 1.70813e-17
4844.30558 1.72219e-17
4847.30006 1.73182e-17
4850.30456 1.74103e-17
4853.29904 1.74097e-17
4856.30354 1.74271e-17
4859.30804 1.74117e-17
4862.30253 1.76163e-17
4865.30703 1.77199e-17
4868.30152 1.78613e-17
4871.30602 1.80676e-17
4874.30050 1.83210e-17
4877.30500 1.82338e-17
4880.29949 1.82386e-17
4883.30399 1.82137e-17
4886.30849 1.81383e-17
4889.30297 1.82667e-17
4892.30747 1.83917e-17
4895.30196 1.85448e-17
4898.30646 1.87195e-17
4901.30094 1.87601e-17
4904.30544 1.88912e-17
4907.29993 1.88624e-17
4910.30443 1.87809e-17
4913.30893 1.89296e-17
4916.30341 1.89310e-17
4919.30791 1.88672e-17
4922.30240 1.86979e-17
4925.30690 1.85672e-17
4928.30138 1.86834e-17
4931.30588 1.86917e-17
4934.30037 1.85081e-17
4937.30487 1.83399e-17
4940.30937 1.82137e-17
4943.30385 1.81305e-17
4946.30835 1.79715e-17
4949.30284 1.76942e-17
4952.30734 1.74617e-17
4955.30182 1.72017e-17
4958.30632 1.69931e-17
4961.30080 1.67354e-17
4964.30530 1.63529e-17
4967.30980 1.62287e-17
4970.30429 1.60546e-17
4973.30879 1.58039e-17
4976.30328 1.58607e-17
4979.30778 1.56594e-17
4982.30226 1.56156e-17
4985.30676 1.56955e-17
4988.30125 1.55458e-17
4991.30575 1.55386e-17
4994.31025 1.55236e-17
4997.30473 1.54447e-17
5000.30923 1.53370e-17
5003.30372 1.54245e-17
5006.30822 1.54569e-17
5009.30270 1.54594e-17
5012.30720 1.55079e-17
5015.30169 1.55202e-17
5018.30619 1.55948e-17
5021.31069 1.56107e-17
5024.30517 1.56572e-17
5027.30967 1.58414e-17
5030.30416 1.58480e-17
5033.30866 1.56936e-17
5036.30314 1.58783e-17
5039.30764 1.59429e-17
5042.30213 1.58354e-17
5045.30663 1.59568e-17
5048.31113 1.61917e-17
5051.30561 1.62781e-17
5054.31011 1.63074e-17
5057.30459 1.63749e-17
5060.30909 1.63422e-17
5063.30358 1.62543e-17
5066.30808 1.63232e-17
5069.30256 1.63871e-17
5072.30706 1.64375e-17
5075.31156 1.64519e-17
5078.30605 1.64394e-17
5081.31055 1.64507e-17
5084.30504 1.65186e-17
5087.30954 1.65139e-17
5090.30402 1.65320e-17
5093.30852 1.66592e-17
5096.30301 1.67967e-17
5099.30751 1.68113e-17
5102.31201 1.67982e-17
5105.30649 1.67315e-17
5108.31099 1.67451e-17
5111.30548 1.67298e-17
5114.30998 1.66813e-17
5117.30446 1.66985e-17
5120.30896 1.67003e-17
5123.30345 1.66206e-17
5126.30795 1.66444e-17
5129.30243 1.66504e-17
5132.30693 1.66474e-17
5135.31143 1.68077e-17
5138.30591 1.69052e-17
5141.31041 1.69722e-17
5144.30490 1.70308e-17
5147.30940 1.70832e-17
5150.30389 1.71973e-17
5153.30839 1.72781e-17
5156.30287 1.73239e-17
5159.30737 1.73214e-17
5162.31187 1.74377e-17
5165.30635 1.76117e-17
5168.31085 1.75961e-17
5171.30534 1.76512e-17
5174.30984 1.77383e-17
5177.30433 1.79046e-17
5180.30883 1.79926e-17
5183.30331 1.80804e-17
5186.30781 1.81061e-17
5189.31231 1.81462e-17
5192.30680 1.84258e-17
5195.31130 1.85262e-17
5198.30578 1.84422e-17
5201.31028 1.85745e-17
5204.30477 1.88094e-17
5207.30927 1.88540e-17
5210.30375 1.87629e-17
5213.30825 1.87566e-17
5216.31275 1.88803e-17
5219.30724 1.88979e-17
5222.31174 1.89393e-17
5225.30622 1.90032e-17
5228.31072 1.90062e-17
5231.30521 1.91016e-17
5234.30971 1.90933e-17
5237.30419 1.90606e-17
5240.30869 1.91043e-17
5243.31319 1.92472e-17
5246.30768 1.93480e-17
5249.31218 1.93233e-17
5252.30666 1.94053e-17
5255.31116 1.93875e-17
5258.30565 1.92454e-17
5261.31015 1.92277e-17
5264.30463 1.91490e-17
5267.30913 1.91564e-17
5270.31363 1.91398e-17
5273.30811 1.90819e-17
5276.31261 1.90069e-17
5279.30710 1.90046e-17
5282.31160 1.89629e-17
5285.30609 1.88475e-17
5288.31059 1.87919e-17
5291.30507 1.87521e-17
5294.30957 1.87357e-17
5297.31407 1.86563e-17
5300.30856 1.87190e-17
5303.31306 1.86209e-17
5306.30754 1.84312e-17
5309.31204 1.84992e-17
5312.30653 1.85886e-17
5315.31103 1.84668e-17
5318.30551 1.83201e-17
5321.31001 1.82787e-17
5324.31451 1.82302e-17
5327.30900 1.81404e-17
5330.31350 1.80539e-17
5333.30798 1.79527e-17
5336.31248 1.78145e-17
5339.30697 1.78958e-17
5342.31147 1.79568e-17
5345.30595 1.78944e-17
5348.31045 1.78439e-17
5351.31495 1.78138e-17
5354.30944 1.77795e-17
5357.31394 1.77444e-17
5360.30842 1.78260e-17
5363.31292 1.78088e-17
5366.30741 1.77002e-17
5369.31191 1.76960e-17
5372.30639 1.76306e-17
5375.31089 1.76382e-17
5378.31539 1.76327e-17
5381.30987 1.73816e-17
5384.31437 1.72927e-17
5387.30886 1.72982e-17
5390.31336 1.74025e-17
5393.30785 1.72889e-17
5396.31235 1.72104e-17
5399.30683 1.72732e-17
5402.31133 1.72311e-17
5405.31583 1.71420e-17
5408.31032 1.70120e-17
5411.31482 1.69125e-17
5414.30930 1.68623e-17
5417.31380 1.67830e-17
5420.30829 1.67154e-17
5423.31279 1.67150e-17
5426.30727 1.67199e-17
5429.31177 1.66658e-17
5432.31627 1.65301e-17
5435.31076 1.64695e-17
5438.31526 1.65061e-17
5441.30974 1.64352e-17
5444.31424 1.63024e-17
5447.30872 1.61500e-17
5450.31322 1.60015e-17
5453.30771 1.59482e-17
5456.31221 1.59427e-17
5459.31671 1.58971e-17
5462.31120 1.58005e-17
5465.31570 1.57159e-17
5468.31018 1.56180e-17
5471.31468 1.54053e-17
5474.30916 1.51885e-17
5477.31366 1.51760e-17
5480.30815 1.52078e-17
5483.31265 1.50175e-17
5486.31715 1.48325e-17
5489.31164 1.48535e-17
5492.31614 1.48889e-17
5495.31062 1.49254e-17
5498.31512 1.49248e-17
5501.30961 1.48409e-17
5504.31411 1.48754e-17
5507.30859 1.48671e-17
5510.31309 1.47587e-17
5513.31759 1.46575e-17
5516.31208 1.45859e-17
5519.31658 1.45059e-17
5522.31106 1.45011e-17
5525.31556 1.44344e-17
5528.31005 1.43412e-17
5531.31455 1.42896e-17
5534.30903 1.42554e-17
5537.31353 1.42047e-17
5540.31803 1.41976e-17
5543.31252 1.43008e-17
5546.31702 1.43928e-17
5549.31150 1.43031e-17
5552.31600 1.42973e-17
5555.31048 1.43575e-17
5558.31498 1.43570e-17
5561.30947 1.43604e-17
5564.31397 1.44089e-17
5567.31847 1.43581e-17
5570.31296 1.42969e-17
5573.31746 1.42946e-17
5576.31194 1.42966e-17
5579.31644 1.42571e-17
5582.31092 1.40961e-17
5585.31542 1.40309e-17
5588.30991 1.39381e-17
5591.31441 1.38706e-17
5594.31891 1.39053e-17
5597.31340 1.38927e-17
5600.31790 1.38382e-17
5603.31238 1.37713e-17
5606.31688 1.37182e-17
5609.31137 1.35849e-17
5612.31587 1.35021e-17
5615.31035 1.34876e-17
5618.31485 1.34135e-17
5621.31935 1.33678e-17
5624.31384 1.33959e-17
5627.31834 1.35185e-17
5630.31282 1.36207e-17
5633.31732 1.35535e-17
5636.31181 1.34497e-17
5639.31631 1.35371e-17
5642.31079 1.36125e-17
5645.31529 1.35756e-17
5648.30978 1.35020e-17
5651.31428 1.34852e-17
5654.31878 1.34106e-17
5657.31326 1.33252e-17
5660.31776 1.33821e-17
5663.31225 1.34598e-17
5666.31675 1.34735e-17
5669.31123 1.34651e-17
5672.31573 1.34966e-17
5675.31022 1.34480e-17
5678.31472 1.34043e-17
5681.31922 1.34089e-17
5684.31370 1.33960e-17
5687.31820 1.34646e-17
5690.31268 1.34982e-17
5693.31718 1.34595e-17
5696.31167 1.34424e-17
5699.31617 1.34877e-17
5702.31066 1.35402e-17
5705.31516 1.36726e-17
5708.31966 1.37340e-17
5711.31414 1.37075e-17
5714.31864 1.36505e-17
5717.31313 1.37093e-17
5720.31763 1.37222e-17
5723.31211 1.36439e-17
5726.31661 1.36230e-17
5729.31110 1.36254e-17
5732.31560 1.36458e-17
5735.32010 1.36970e-17
5738.31458 1.36580e-17
5741.31908 1.36049e-17
5744.31357 1.36763e-17
5747.31807 1.37065e-17
5750.31255 1.37442e-17
5753.31705 1.38565e-17
5756.31153 1.38306e-17
5759.31603 1.37656e-17
5762.32053 1.38541e-17
5765.31502 1.39592e-17
5768.31952 1.40099e-17
5771.31401 1.39457e-17
5774.31851 1.39552e-17
5777.31299 1.40399e-17
5780.31749 1.40916e-17
5783.31197 1.41504e-17
5786.31647 1.41690e-17
5789.32097 1.41833e-17
5792.31546 1.42307e-17
5795.31996 1.42974e-17
5798.31445 1.42769e-17
5801.31894 1.42940e-17
5804.31343 1.43266e-17
5807.31793 1.43810e-17
5810.31242 1.44383e-17
5813.31692 1.44190e-17
5816.32142 1.43951e-17
5819.31590 1.44152e-17
5822.32040 1.44778e-17
5825.31489 1.45072e-17
5828.31939 1.44935e-17
5831.31387 1.44580e-17
5834.31837 1.44047e-17
5837.31286 1.44099e-17
5840.31736 1.44730e-17
5843.32186 1.44598e-17
5846.31634 1.44079e-17
5849.32084 1.44744e-17
5852.31533 1.44958e-17
5855.31983 1.43858e-17
5858.31431 1.43159e-17
5861.31881 1.43455e-17
5864.31329 1.43771e-17
5867.31779 1.43971e-17
5870.32229 1.43753e-17
5873.31678 1.42976e-17
5876.32128 1.42360e-17
5879.31577 1.41838e-17
5882.32027 1.41447e-17
5885.31475 1.40989e-17
5888.31925 1.39854e-17
5891.31373 1.38432e-17
5894.31823 1.37575e-17
5897.32273 1.36835e-17
5900.31722 1.36192e-17
5903.32172 1.36617e-17
5906.31621 1.37383e-17
5909.32071 1.38714e-17
5912.31519 1.39088e-17
5915.31969 1.38352e-17
5918.31418 1.37610e-17
5921.31868 1.37676e-17
5924.32318 1.38038e-17
5927.31766 1.38344e-17
5930.32216 1.38405e-17
5933.31665 1.38495e-17
5936.32115 1.38432e-17
5939.31563 1.37695e-17
5942.32013 1.36753e-17
5945.31462 1.36170e-17
5948.31912 1.35597e-17
5951.32362 1.35306e-17
5954.31810 1.35472e-17
5957.32260 1.34884e-17
5960.31709 1.34516e-17
5963.32159 1.34347e-17
5966.31607 1.34323e-17
5969.32057 1.34271e-17
5972.31506 1.33457e-17
5975.31956 1.32805e-17
5978.32406 1.32981e-17
5981.31854 1.32674e-17
5984.32304 1.31955e-17
5987.31753 1.31274e-17
5990.32203 1.31024e-17
5993.31651 1.31131e-17
5996.32101 1.31132e-17
5999.31549 1.30847e-17
6002.31999 1.30371e-17
6005.32449 1.29958e-17
6008.31898 1.29205e-17
6011.32348 1.28905e-17
6014.31797 1.29362e-17
6017.32247 1.29650e-17
6020.31695 1.28931e-17
6023.32145 1.28550e-17
6026.31594 1.28268e-17
6029.32044 1.27417e-17
6032.32494 1.27188e-17
6035.31942 1.27138e-17
6038.32392 1.26734e-17
6041.31841 1.26574e-17
6044.32291 1.27045e-17
6047.31739 1.27573e-17
6050.32189 1.26725e-17
6053.31638 1.25985e-17
6056.32088 1.26342e-17
6059.32538 1.26099e-17
6062.31986 1.25429e-17
6065.32436 1.25379e-17
6068.31884 1.25049e-17
6071.32334 1.24400e-17
6074.31783 1.24341e-17
6077.32233 1.24583e-17
6080.31682 1.25026e-17
6083.32132 1.24896e-17
6086.32582 1.24151e-17
6089.32030 1.23427e-17
6092.32480 1.22292e-17
6095.31928 1.21099e-17
6098.32378 1.20206e-17
6101.31827 1.19216e-17
6104.32277 1.17463e-17
6107.31726 1.15845e-17
6110.32176 1.14378e-17
6113.32626 1.12462e-17
6116.32074 1.10829e-17
6119.32524 1.09782e-17
6122.31973 1.08582e-17
6125.32423 1.07202e-17
6128.31871 1.05983e-17
6131.32321 1.04604e-17
6134.31770 1.03510e-17
6137.32220 1.02271e-17
6140.31668 1.00464e-17
6143.32118 9.92057e-18
6146.32568 9.81046e-18
6149.32017 9.68325e-18
6152.32467 9.55311e-18
6155.31915 9.42549e-18
6158.32365 9.30348e-18
6161.31814 9.20410e-18
6164.32264 9.08630e-18
6167.31712 8.95643e-18
6170.32162 8.87815e-18
6173.32612 8.82407e-18
6176.32060 8.71762e-18
6179.32510 8.61958e-18
6182.31959 8.52748e-18
6185.32409 8.42649e-18
6188.31858 8.39016e-18
6191.32308 8.30728e-18
6194.31756 8.21626e-18
6197.32206 8.21233e-18
6200.32656 8.21897e-18
6203.32104 8.16640e-18
6206.32554 8.08579e-18
6209.32003 8.04400e-18
6212.32453 8.05211e-18
6215.31902 8.03410e-18
6218.32352 8.03031e-18
6221.31800 8.04620e-18
6224.32250 8.07255e-18
6227.32700 8.06670e-18
6230.32149 8.04680e-18
6233.32599 8.03828e-18
6236.32047 8.04550e-18
6239.32497 8.06043e-18
6242.31946 8.11755e-18
6245.32396 8.20975e-18
6248.31844 8.22628e-18
6251.32294 8.22557e-18
6254.32744 8.24884e-18
6257.32193 8.21985e-18
6260.32643 8.25133e-18
6263.32091 8.26390e-18
6266.32541 8.24312e-18
6269.31990 8.29399e-18
6272.32440 8.29962e-18
6275.31888 8.24736e-18
6278.32338 8.19342e-18
6281.32788 8.23320e-18
6284.32236 8.38871e-18
6287.32686 8.52528e-18
6290.32135 8.64271e-18
6293.32585 8.77172e-18
6296.32034 8.91497e-18
6299.32484 9.09053e-18
6302.31932 9.26202e-18
6305.32382 9.45884e-18
6308.32832 9.68131e-18
6311.32281 9.90147e-18
6314.32730 1.01345e-17
6317.32179 1.03240e-17
6320.32629 1.05397e-17
6323.32078 1.08008e-17
6326.32528 1.11187e-17
6329.31976 1.14416e-17
6332.32426 1.16755e-17
6335.32876 1.19181e-17
6338.32325 1.21764e-17
6341.32775 1.24047e-17
6344.32223 1.26745e-17
6347.32673 1.29956e-17
6350.32122 1.32474e-17
6353.32572 1.34907e-17
6356.32020 1.38121e-17
6359.32470 1.41246e-17
6362.32920 1.43488e-17
6365.32369 1.45397e-17
6368.32819 1.47918e-17
6371.32267 1.49849e-17
6374.32717 1.52226e-17
6377.32166 1.55325e-17
6380.32616 1.58647e-17
6383.32064 1.61030e-17
6386.32514 1.62647e-17
6389.32964 1.64095e-17
6392.32413 1.66336e-17
6395.32863 1.68725e-17
6398.32311 1.70418e-17
6401.32761 1.72265e-17
6404.32209 1.74102e-17
6407.32659 1.75763e-17
6410.32108 1.77508e-17
6413.32558 1.79225e-17
6416.33008 1.80811e-17
6419.32457 1.82006e-17
6422.32907 1.83392e-17
6425.32355 1.84994e-17
6428.32805 1.86926e-17
6431.32254 1.88961e-17
6434.32704 1.90841e-17
6437.32152 1.92454e-17
6440.32602 1.92790e-17
6443.33052 1.92390e-17
6446.32501 1.92010e-17
6449.32951 1.91946e-17
6452.32399 1.92952e-17
6455.32849 1.93865e-17
6458.32298 1.94404e-17
6461.32748 1.94482e-17
6464.32196 1.94981e-17
6467.32646 1.95547e-17
6470.33096 1.95735e-17
6473.32545 1.95865e-17
6476.32995 1.96391e-17
6479.32443 1.96630e-17
6482.32893 1.96968e-17
6485.32341 1.98092e-17
6488.32791 1.99103e-17
6491.32240 1.99323e-17
6494.32690 1.99637e-17
6497.33140 1.99325e-17
6500.32589 1.98214e-17
6503.33039 1.98057e-17
6506.32487 1.98062e-17
6509.32937 1.98180e-17
6512.32385 1.97782e-17
6515.32835 1.97303e-17
6518.32284 1.96942e-17
6521.32734 1.97305e-17
6524.33184 1.97800e-17
6527.32633 1.96770e-17
6530.33083 1.95150e-17
6533.32531 1.94035e-17
6536.32981 1.93634e-17
6539.32430 1.93825e-17
6542.32880 1.94119e-17
6545.32328 1.93634e-17
6548.32778 1.92685e-17
6551.32227 1.91589e-17
6554.32677 1.90632e-17
6557.33127 1.90578e-17
6560.32575 1.90312e-17
6563.33025 1.90153e-17
6566.32474 1.90514e-17
6569.32924 1.90720e-17
6572.32372 1.89946e-17
6575.32822 1.89064e-17
6578.33272 1.88313e-17
6581.32721 1.86726e-17
6584.33171 1.85175e-17
6587.32619 1.84458e-17
6590.33069 1.84381e-17
6593.32517 1.84660e-17
6596.32967 1.84684e-17
6599.32416 1.84207e-17
6602.32866 1.83295e-17
6605.33316 1.82347e-17
6608.32765 1.81300e-17
6611.33215 1.80232e-17
6614.32663 1.79675e-17
6617.33113 1.79259e-17
6620.32562 1.78567e-17
6623.33012 1.78206e-17
6626.32460 1.78240e-17
6629.32910 1.77751e-17
6632.33360 1.75999e-17
6635.32809 1.73928e-17
6638.33259 1.71980e-17
6641.32707 1.71511e-17
6644.33157 1.70185e-17
6647.32606 1.65999e-17
6650.33056 1.66395e-17
6653.32504 1.68372e-17
6656.32954 1.67777e-17
6659.32403 1.67171e-17
6662.32853 1.66003e-17
6665.33303 1.64328e-17
6668.32751 1.64870e-17
6671.33201 1.65224e-17
6674.32650 1.63852e-17
6677.33100 1.63405e-17
6680.32548 1.63092e-17
6683.32998 1.61620e-17
6686.32447 1.59788e-17
6689.32897 1.57868e-17
6692.33347 1.56359e-17
6695.32795 1.56092e-17
6698.33245 1.56686e-17
6701.32694 1.56390e-17
6704.33144 1.55356e-17
6707.32592 1.53466e-17
6710.33042 1.51506e-17
6713.32491 1.50820e-17
6716.32941 1.50651e-17
6719.33391 1.49631e-17
6722.32839 1.49152e-17
6725.33289 1.48524e-17
6728.32738 1.47533e-17
6731.33188 1.46372e-17
6734.32636 1.45276e-17
6737.33086 1.44054e-17
6740.32535 1.42866e-17
6743.32985 1.42058e-17
6746.33435 1.41551e-17
6749.32883 1.41193e-17
6752.33333 1.40780e-17
6755.32782 1.40488e-17
6758.33232 1.39731e-17
6761.32680 1.39212e-17
6764.33130 1.38448e-17
6767.32578 1.37677e-17
6770.33029 1.36578e-17
6773.33479 1.35735e-17
6776.32927 1.35876e-17
6779.33377 1.35634e-17
6782.32826 1.34820e-17
6785.33276 1.33296e-17
6788.32724 1.32332e-17
6791.33174 1.31551e-17
6794.32622 1.30474e-17
6797.33072 1.29802e-17
6800.33522 1.30036e-17
6803.32971 1.29622e-17
6806.33421 1.28599e-17
6809.32870 1.28275e-17
6812.33320 1.28104e-17
6815.32768 1.27777e-17
6818.33218 1.27026e-17
6821.32667 1.26134e-17
6824.33117 1.25465e-17
6827.33566 1.24783e-17
6830.33015 1.24854e-17
6833.33465 1.24847e-17
6836.32914 1.23676e-17
6839.33364 1.23147e-17
6842.32812 1.22430e-17
6845.33262 1.21365e-17
6848.32711 1.20792e-17
6851.33161 1.20793e-17
6854.33611 1.20269e-17
6857.33059 1.20023e-17
6860.33509 1.20475e-17
6863.32958 1.18965e-17
6866.33408 1.15512e-17
6869.32856 1.13756e-17
6872.33306 1.15102e-17
6875.32755 1.17175e-17
6878.33205 1.17059e-17
6881.33655 1.15692e-17
6884.33103 1.15535e-17
6887.33553 1.15190e-17
6890.33002 1.13556e-17
6893.33452 1.13153e-17
6896.32900 1.13463e-17
6899.33350 1.12069e-17
6902.32798 1.10624e-17
6905.33248 1.09822e-17
6908.33698 1.09153e-17
6911.33147 1.09470e-17
6914.33597 1.09897e-17
6917.33046 1.09991e-17
6920.33496 1.09794e-17
6923.32944 1.09303e-17
6926.33394 1.08557e-17
6929.32843 1.08171e-17
6932.33293 1.08359e-17
6935.32741 1.08300e-17
6938.33191 1.07746e-17
6941.33641 1.07639e-17
6944.33090 1.07770e-17
6947.33540 1.06997e-17
6950.32988 1.06658e-17
6953.33438 1.06274e-17
6956.32887 1.05699e-17
6959.33337 1.05018e-17
6962.33787 1.04383e-17
6965.33235 1.04205e-17
6968.33685 1.04201e-17
6971.33134 1.04734e-17
6974.33584 1.05524e-17
6977.33032 1.05407e-17
6980.33482 1.04839e-17
6983.32931 1.04247e-17
6986.33381 1.03639e-17
6989.33831 1.02389e-17
6992.33279 1.00902e-17
6995.33729 1.00849e-17
6998.33178 1.01812e-17
7001.33628 1.02049e-17
7004.33076 1.01801e-17
7007.33526 1.02023e-17
7010.32975 1.01861e-17
7013.33425 1.00772e-17
7016.33875 9.96760e-18
7019.33323 9.87483e-18
7022.33773 9.82955e-18
7025.33222 9.87831e-18
7028.33672 9.93378e-18
7031.33120 1.00300e-17
7034.33570 1.00642e-17
7037.33019 1.00201e-17
7040.33469 9.96402e-18
7043.32917 9.87218e-18
7046.33367 9.72364e-18
7049.33817 9.61762e-18
7052.33266 9.62399e-18
7055.33716 9.71111e-18
7058.33164 9.79112e-18
7061.33614 9.80702e-18
7064.33063 9.80157e-18
7067.33513 9.77854e-18
7070.32961 9.69037e-18
7073.33411 9.56502e-18
7076.33861 9.45305e-18
7079.33309 9.44761e-18
7082.33759 9.47434e-18
7085.33208 9.50987e-18
7088.33658 9.56727e-18
7091.33107 9.63825e-18
7094.33557 9.65051e-18
7097.33005 9.59120e-18
7100.33455 9.48987e-18
7103.33905 9.45066e-18
7106.33353 9.44910e-18
7109.33803 9.37680e-18
7112.33252 9.31406e-18
7115.33702 9.32790e-18
7118.33151 9.38675e-18
7121.33601 9.46878e-18
7124.34051 9.52108e-18
7127.33499 9.49609e-18
7130.33949 9.47663e-18
7133.33398 9.44653e-18
7136.33848 9.33720e-18
7139.33296 9.32350e-18
7142.33746 9.32201e-18
7145.33195 9.25182e-18
7148.33645 9.20887e-18
7151.33093 9.25388e-18
7154.33543 9.32847e-18
7157.33993 9.34255e-18
7160.33442 9.28272e-18
7163.33892 9.22164e-18
7166.33340 9.12883e-18
7169.33790 9.07116e-18
7172.33239 9.06270e-18
7175.33689 9.08013e-18
7178.33137 9.13323e-18
7181.33587 9.13460e-18
7184.34037 9.06979e-18
7187.33486 9.10428e-18
7190.33936 9.15769e-18
7193.33384 9.06975e-18
7196.33834 8.97657e-18
7199.33283 8.93363e-18
7202.33733 8.85095e-18
7205.33181 8.77536e-18
7208.33631 8.87124e-18
7211.34081 8.91070e-18
7214.33529 8.87251e-18
7217.33979 8.91366e-18
7220.33428 8.94337e-18
7223.33878 8.92414e-18
7226.33327 8.91646e-18
7229.33777 8.88580e-18
7232.33225 8.74065e-18
7235.33675 8.70115e-18
7238.34125 8.71425e-18
7241.33574 8.71088e-18
7244.34024 8.75362e-18
7247.33472 8.74596e-18
7250.33922 8.63150e-18
7253.33371 8.62930e-18
7256.33821 8.74244e-18
7259.33269 8.79150e-18
7262.33719 8.79937e-18
7265.34169 8.70035e-18
7268.33618 8.57094e-18
7271.34068 8.48537e-18
7274.33516 8.43244e-18
7277.33966 8.42985e-18
7280.33415 8.60002e-18
7283.33865 8.70623e-18
7286.33313 8.66851e-18
7289.33763 8.63874e-18
7292.34213 8.63268e-18
7295.33662 8.58016e-18
7298.34112 8.49492e-18
7301.33560 8.45083e-18
7304.34010 8.42031e-18
7307.33459 8.38603e-18
7310.33909 8.36043e-18
7313.33357 8.37267e-18
7316.33807 8.44452e-18
7319.34257 8.55222e-18
7322.33705 8.65018e-18
7325.34155 8.70989e-18
7328.33604 8.71801e-18
7331.34054 8.63251e-18
7334.33503 8.50682e-18
7337.33953 8.41706e-18
7340.33401 8.37749e-18
7343.33851 8.42794e-18
7346.34301 8.53267e-18
7349.33750 8.59792e-18
7352.34200 8.64835e-18
7355.33648 8.65575e-18
7358.34098 8.61278e-18
7361.33547 8.50048e-18
7364.33997 8.39413e-18
7367.33445 8.32541e-18
7370.33895 8.29816e-18
7373.34345 8.32767e-18
7376.33794 8.40035e-18
7379.34244 8.47459e-18
7382.33692 8.57190e-18
7385.34142 8.68282e-18
7388.33591 8.67682e-18
7391.34041 8.59640e-18
7394.33489 8.52012e-18
7397.33939 8.35417e-18
7400.34389 8.27476e-18
7403.33838 8.27041e-18
7406.34288 8.26498e-18
7409.33736 8.22081e-18
7412.34186 8.25649e-18
7415.33634 8.33761e-18
7418.34084 8.41883e-18
7421.33533 8.43703e-18
7424.33983 8.38311e-18
7427.33432 8.31996e-18
7430.33882 8.27832e-18
7433.34332 8.19729e-18
7436.33780 8.07986e-18
7439.34230 8.00519e-18
7442.33679 7.99694e-18
7445.34129 8.08628e-18
7448.33577 8.20026e-18
7451.34027 8.21030e-18
7454.33476 8.19242e-18
7457.33926 8.17798e-18
7460.34376 8.11196e-18
7463.33824 8.01551e-18
7466.34274 7.95886e-18
7469.33723 7.87124e-18
7472.34173 7.71904e-18
7475.33621 7.69712e-18
7478.34071 7.77589e-18
7481.34521 7.85714e-18
7484.33970 7.96746e-18
7487.34420 8.01053e-18
7490.33868 8.00547e-18
7493.34318 7.94485e-18
7496.33767 7.86060e-18
7499.34217 7.82926e-18
7502.33665 7.75652e-18
7505.34115 7.64168e-18
7508.34565 7.59940e-18
7511.34014 7.66765e-18
7514.34464 7.82200e-18
7517.33912 7.95940e-18
7520.34362 7.99710e-18
7523.33810 7.90702e-18
7526.34260 7.78032e-18
7529.33709 7.72055e-18
7532.34159 7.68746e-18
7535.33608 7.63998e-18
7538.34058 7.57160e-18
7541.34508 7.62206e-18
7544.33956 7.74128e-18
7547.34406 7.80311e-18
7550.33855 7.82218e-18
7553.34305 7.89672e-18
7556.33753 8.00845e-18
7559.34203 8.03477e-18
7562.33652 7.93349e-18
7565.34102 7.80900e-18
7568.34552 7.76937e-18
7571.34000 7.75866e-18
7574.34450 7.70668e-18
7577.33899 7.77513e-18
7580.34349 7.92973e-18
7583.33797 7.95110e-18
7586.34247 7.99908e-18
7589.33696 8.02411e-18
7592.34146 7.98102e-18
7595.34596 7.90757e-18
7598.34044 7.81103e-18
7601.34494 7.72774e-18
7604.33943 7.60544e-18
7607.34393 7.52145e-18
7610.33841 7.49485e-18
7613.34291 7.70811e-18
7616.33740 8.04881e-18
7619.34190 8.16494e-18
7622.34640 8.04799e-18
7625.34088 7.91620e-18
7628.34538 7.84265e-18
7631.33986 7.80891e-18
7634.34436 7.75743e-18
7637.33885 7.63008e-18
7640.34335 7.48152e-18
7643.34785 7.43086e-18
7646.34234 7.47339e-18
7649.34684 7.50536e-18
7652.34132 7.54950e-18
7655.34582 7.56764e-18
7658.34031 7.54040e-18
7661.34481 7.64140e-18
7664.33929 7.73999e-18
7667.34379 7.69619e-18
7670.33828 7.66769e-18
7673.34278 7.68719e-18
7676.34728 7.69079e-18
7679.34176 7.64459e-18
7682.34626 7.56968e-18
7685.34075 7.52405e-18
7688.34525 7.48496e-18
7691.33973 7.47627e-18
7694.34423 7.46056e-18
7697.33872 7.37599e-18
7700.34322 7.31261e-18
7703.34772 7.30743e-18
7706.34220 7.34371e-18
7709.34670 7.44769e-18
7712.34119 7.52397e-18
7715.34569 7.55204e-18
7718.34017 7.61623e-18
7721.34467 7.69172e-18
7724.33916 7.69233e-18
7727.34366 7.67880e-18
7730.34816 7.65145e-18
7733.34264 7.56533e-18
7736.34714 7.51367e-18
7739.34163 7.50764e-18
7742.34613 7.45686e-18
7745.34061 7.38070e-18
7748.34511 7.33264e-18
7751.33960 7.31593e-18
7754.34410 7.34834e-18
7757.34860 7.46887e-18
7760.34308 7.59404e-18
7763.34758 7.68399e-18
7766.34207 7.77218e-18
7769.34657 7.78940e-18
7772.34105 7.73492e-18
7775.34555 7.69030e-18
7778.34004 7.62943e-18
7781.34454 7.50726e-18
7784.34904 7.36491e-18
7787.34352 7.29307e-18
7790.34802 7.30515e-18
7793.34251 7.28355e-18
7796.34701 7.19364e-18
7799.34149 7.15157e-18
7802.34599 7.22657e-18
7805.34047 7.31970e-18
7808.34497 7.42434e-18
7811.34947 7.55690e-18
7814.34396 7.56134e-18
7817.34846 7.41583e-18
7820.34295 7.28919e-18
7823.34745 7.19058e-18
7826.34193 7.07497e-18
7829.34643 7.01755e-18
7832.34091 7.05577e-18
7835.34541 7.14819e-18
7838.34991 7.24496e-18
7841.34440 7.30288e-18
7844.34890 7.30964e-18
7847.34339 7.31416e-18
7850.34789 7.33278e-18
7853.34237 7.33964e-18
7856.34687 7.33158e-18
7859.34136 7.26606e-18
7862.34586 7.10868e-18
7865.35036 6.95957e-18
7868.34484 6.85455e-18
7871.34934 6.84244e-18
7874.34383 6.94203e-18
7877.34833 7.10896e-18
7880.34281 7.19039e-18
7883.34731 7.07089e-18
7886.34180 6.93118e-18
7889.34630 6.89514e-18
7892.35080 6.96554e-18
7895.34528 7.05207e-18
7898.34978 6.95929e-18
7901.34427 6.77752e-18
7904.34877 6.67943e-18
7907.34325 6.66660e-18
7910.34775 6.69835e-18
7913.34224 6.70865e-18
7916.34674 6.63927e-18
7919.34122 6.57082e-18
7922.34572 6.61651e-18
7925.35022 6.67384e-18
7928.34471 6.77373e-18
7931.34921 6.82137e-18
7934.34369 6.78103e-18
7937.34819 6.72661e-18
7940.34267 6.62351e-18
7943.34717 6.51223e-18
7946.34166 6.41986e-18
7949.34616 6.30883e-18
7952.35066 6.23451e-18
7955.34515 6.28155e-18
7958.34965 6.41007e-18
7961.34413 6.54680e-18
7964.34863 6.64052e-18
7967.34312 6.63579e-18
7970.34762 6.58713e-18
7973.34210 6.54665e-18
7976.34660 6.49223e-18
7979.35110 6.34828e-18
7982.34559 6.20992e-18
7985.35009 6.15979e-18
7988.34457 6.08236e-18
7991.34907 6.08590e-18
7994.34356 6.15648e-18
7997.34806 6.16354e-18
8000.35256 6.17612e-18
8003.34704 6.24148e-18
8006.35154 6.33093e-18
8009.34603 6.42624e-18
8012.35053 6.46296e-18
8015.34501 6.40984e-18
8018.34951 6.34171e-18
8021.34400 6.29976e-18
8024.34850 6.22457e-18
8027.35300 6.08136e-18
8030.34748 5.94159e-18
8033.35198 5.87537e-18
8036.34647 5.83614e-18
8039.35097 5.79359e-18
8042.34545 5.79544e-18
8045.34995 5.80045e-18
8048.34443 5.77738e-18
8051.34893 5.83169e-18
8054.34342 5.89086e-18
8057.34792 5.88754e-18
8060.35242 5.83971e-18
8063.34691 5.77144e-18
8066.35141 5.67970e-18
8069.34589 5.60385e-18
8072.35039 5.57684e-18
8075.34488 5.48188e-18
8078.34938 5.29380e-18
8081.34386 5.14048e-18
8084.34836 5.03457e-18
8087.35286 4.90024e-18
8090.34735 4.77437e-18
8093.35185 4.70009e-18
8096.34633 4.62786e-18
8099.35083 4.56263e-18
8102.34532 4.51399e-18
8105.34982 4.50855e-18
8108.34430 4.47481e-18
8111.34880 4.43254e-18
8114.35330 4.40734e-18
8117.34778 4.41071e-18
8120.35228 4.39580e-18
8123.34677 4.29209e-18
8126.35127 4.18524e-18
8129.34576 4.10191e-18
8132.35026 3.99601e-18
8135.34474 3.83908e-18
8138.34924 3.70375e-18
8141.35374 3.63441e-18
8144.34822 3.55027e-18
8147.35272 3.42528e-18
8150.34721 3.32891e-18
8153.35171 3.24924e-18
8156.34620 3.15941e-18
8159.35070 3.11924e-18
8162.34518 3.11409e-18
8165.34968 3.12456e-18
8168.35418 3.18776e-18
8171.34867 3.22616e-18
8174.35317 3.23629e-18
8177.34765 3.20982e-18
8180.35215 3.21767e-18
8183.34664 3.25923e-18
8186.35114 3.24558e-18
8189.34562 3.21354e-18
8192.35012 3.15849e-18
8195.35462 3.09895e-18
8198.34910 3.08362e-18
8201.35361 3.08669e-18
8204.34809 3.07124e-18
8207.35259 3.05443e-18
8210.34707 3.04419e-18
8213.35158 3.02478e-18
8216.34606 2.99836e-18
8219.35056 2.97610e-18
8222.35506 2.93444e-18
8225.34955 2.85547e-18
8228.35405 2.82482e-18
8231.34853 2.89470e-18
8234.35303 3.00237e-18
8237.34752 3.10191e-18
8240.35202 3.18418e-18
8243.34650 3.24598e-18
8246.35100 3.34146e-18
8249.35550 3.41210e-18
8252.34999 3.40848e-18
8255.35448 3.38022e-18
8258.34897 3.30991e-18
8261.35347 3.23319e-18
8264.34795 3.19500e-18
8267.35246 3.15295e-18
8270.34694 3.10374e-18
8273.35144 3.05231e-18
8276.35594 2.97258e-18
8279.35043 2.93123e-18
8282.35493 2.99142e-18
8285.34941 3.07963e-18
8288.35391 3.15979e-18
8291.34840 3.25951e-18
8294.35289 3.33940e-18
8297.34738 3.40697e-18
8300.35188 3.45034e-18
8303.35638 3.49743e-18
8306.35087 3.50185e-18
8309.35536 3.47901e-18
8312.34985 3.45227e-18
8315.35435 3.43735e-18
8318.34884 3.38996e-18
8321.35333 3.40706e-18
8324.34782 3.49666e-18
8327.35232 3.54285e-18
8330.35682 3.57319e-18
8333.35131 3.62435e-18
8336.35581 3.73043e-18
8339.35029 3.82781e-18
8342.35479 3.89130e-18
8345.34928 4.00864e-18
8348.35378 4.13205e-18
8351.34826 4.23077e-18
8354.35276 4.27752e-18
8357.34725 4.33246e-18
8360.35174 4.39276e-18
8363.35625 4.44251e-18
8366.35073 4.48671e-18
8369.35523 4.55295e-18
8372.34972 4.55801e-18
8375.35421 4.55486e-18
8378.34870 4.55700e-18
8381.35320 4.58019e-18
8384.34769 4.62413e-18
8387.35219 4.68394e-18
8390.35669 4.74535e-18
8393.35117 4.79186e-18
8396.35567 4.84172e-18
8399.35016 4.89850e-18
8402.35466 4.97665e-18
8405.34914 5.11420e-18
8408.35364 5.26706e-18
8411.34813 5.38326e-18
8414.35263 5.50491e-18
8417.35713 5.61014e-18
8420.35161 5.62476e-18
8423.35611 5.58821e-18
8426.35059 5.54802e-18
8429.35510 5.54535e-18
8432.34958 5.54402e-18
8435.35408 5.49604e-18
8438.34857 5.42857e-18
8441.35306 5.46272e-18
8444.35757 5.56087e-18
8447.35205 5.63969e-18
8450.35655 5.74548e-18
8453.35104 5.92451e-18
8456.35554 6.10220e-18
8459.35002 6.20904e-18
8462.35452 6.26523e-18
8465.35902 6.26176e-18
8468.35351 6.22413e-18
8471.35801 6.20812e-18
8474.35249 6.18726e-18
8477.35699 6.14218e-18
8480.35147 6.06170e-18
8483.35598 5.99856e-18
8486.35046 6.04024e-18
8489.35496 6.12374e-18
8492.34944 6.15263e-18
8495.35394 6.14641e-18
8498.35844 6.07790e-18
8501.35293 6.08106e-18
8504.35743 6.16240e-18
8507.35192 6.29279e-18
8510.35642 6.42636e-18
8513.35090 6.50748e-18
8516.35540 6.55471e-18
8519.34989 6.61225e-18
8522.35439 6.65530e-18
8525.35889 6.66100e-18
8528.35337 6.62513e-18
8531.35787 6.53419e-18
8534.35236 6.45159e-18
8537.35685 6.43764e-18
8540.35134 6.43000e-18
8543.35584 6.40920e-18
8546.35032 6.38091e-18
8549.35483 6.27985e-18
8552.35932 6.18654e-18
8555.35381 6.17596e-18
8558.35831 6.22129e-18
8561.35280 6.22940e-18
8564.35730 6.27427e-18
8567.35178 6.33387e-18
8570.35628 6.43600e-18
8573.35077 6.61270e-18
8576.35527 6.68172e-18
8579.35977 6.64582e-18
8582.35425 6.63043e-18
8585.35875 6.62652e-18
8588.35324 6.55593e-18
8591.35773 6.43349e-18
8594.35222 6.36603e-18
8597.35672 6.34718e-18
8600.35120 6.29924e-18
8603.35570 6.20313e-18
8606.36020 6.05389e-18
8609.35469 5.96463e-18
8612.35919 5.96988e-18
8615.35368 5.97814e-18
8618.35818 6.03197e-18
8621.35266 6.06873e-18
8624.35716 6.08170e-18
8627.35165 6.12836e-18
8630.35615 6.21218e-18
8633.36065 6.33591e-18
8636.35513 6.42736e-18
8639.35963 6.48940e-18
8642.35412 6.52802e-18
8645.35862 6.50669e-18
8648.35310 6.42793e-18
8651.35760 6.35819e-18
8654.35209 6.27670e-18
8657.35658 6.18999e-18
8660.36109 6.08785e-18
8663.35557 5.93471e-18
8666.36007 5.87954e-18
8669.35456 5.91776e-18
8672.35906 5.87534e-18
8675.35354 5.83862e-18
8678.35804 5.82784e-18
8681.35253 5.82370e-18
8684.35703 5.89316e-18
8687.36153 5.96502e-18
8690.35601 6.00259e-18
8693.36051 6.10338e-18
8696.35499 6.23058e-18
8699.35950 6.33103e-18
8702.35398 6.40429e-18
8705.35848 6.42034e-18
8708.35297 6.34053e-18
8711.35746 6.26872e-18
8714.36197 6.23299e-18
8717.35645 6.17810e-18
8720.36095 6.06388e-18
8723.35544 5.94858e-18
8726.35994 5.87571e-18
8729.35442 5.80600e-18
8732.35892 5.74008e-18
8735.35341 5.64579e-18
8738.35791 5.60740e-18
8741.35239 5.65230e-18
8744.35689 5.60645e-18
8747.36139 5.58787e-18
8750.35588 5.74222e-18
8753.36038 5.90512e-18
8756.35486 6.00180e-18
8759.35936 6.07711e-18
8762.35384 6.09329e-18
8765.35835 6.01392e-18
8768.36284 5.95277e-18
8771.35733 5.89609e-18
8774.36183 5.82673e-18
8777.35631 5.77072e-18
8780.36082 5.64840e-18
8783.35530 5.53510e-18
8786.35980 5.53087e-18
8789.35429 5.51922e-18
8792.35879 5.45861e-18
8795.35327 5.41462e-18
8798.35777 5.40022e-18
8801.36227 5.42318e-18
8804.35676 5.46222e-18
8807.36125 5.53266e-18
8810.35574 5.61929e-18
8813.36024 5.71404e-18
8816.35472 5.75428e-18
8819.35923 5.71518e-18
8822.36372 5.73588e-18
8825.35821 5.75794e-18
8828.36271 5.70189e-18
8831.35720 5.60563e-18
8834.36169 5.50895e-18
8837.35618 5.39019e-18
8840.36068 5.30446e-18
8843.35517 5.32144e-18
8846.35967 5.33477e-18
8849.36417 5.26789e-18
8852.35865 5.19468e-18
8855.36315 5.15033e-18
8858.35764 5.18376e-18
8861.36214 5.33377e-18
8864.35662 5.47687e-18
8867.36112 5.55030e-18
8870.35561 5.54337e-18
8873.36010 5.46108e-18
8876.35459 5.40890e-18
8879.35909 5.38026e-18
8882.36359 5.29762e-18
8885.35808 5.30446e-18
8888.36257 5.29457e-18
8891.35706 5.05256e-18
8894.36156 4.81176e-18
8897.35605 4.73960e-18
8900.36055 4.72115e-18
8903.36505 4.65336e-18
8906.35953 4.60606e-18
8909.36403 4.62259e-18
8912.35851 4.65147e-18
8915.36302 4.64799e-18
8918.35750 4.58823e-18
8921.36200 4.52951e-18
8924.35649 4.53216e-18
8927.36099 4.54874e-18
8930.35547 4.60465e-18
8933.35997 4.71785e-18
8936.36447 4.85838e-18
8939.35895 5.01576e-18
8942.36346 5.05320e-18
8945.35794 4.97511e-18
8948.36244 4.90296e-18
8951.35693 4.81226e-18
8954.36143 4.74849e-18
8957.36593 4.72935e-18
8960.36041 4.62303e-18
8963.36491 4.49141e-18
8966.35940 4.47760e-18
8969.36390 4.46725e-18
8972.35838 4.40117e-18
8975.36288 4.33390e-18
8978.35736 4.30911e-18
8981.36187 4.26373e-18
8984.36636 4.16729e-18
8987.36085 4.21324e-18
8990.36535 4.41272e-18
8993.35983 4.60669e-18
8996.36434 4.76450e-18
8999.35882 4.88421e-18
9002.36332 4.93517e-18
9005.35781 4.92360e-18
9008.36231 4.88348e-18
9011.35679 4.82711e-18
9014.36129 4.80029e-18
9017.36579 4.78179e-18
9020.36028 4.71385e-18
9023.36478 4.71012e-18
9026.35926 4.77746e-18
9029.36376 4.86391e-18
9032.35825 4.90883e-18
9035.36275 4.89800e-18
9038.36725 4.89047e-18
9041.36173 4.94299e-18
9044.36623 5.01900e-18
9047.36072 5.07229e-18
9050.36521 5.11358e-18
9053.35970 5.14048e-18
9056.36420 5.19584e-18
9059.35869 5.24707e-18
9062.36319 5.20645e-18
9065.35767 5.14727e-18
9068.36217 5.08688e-18
9071.36667 4.99471e-18
9074.36116 4.91237e-18
9077.36566 4.88704e-18
9080.36014 4.90078e-18
9083.36464 4.84611e-18
9086.35913 4.78331e-18
9089.36362 4.75534e-18
9092.35811 4.70319e-18
9095.36261 4.63659e-18
9098.36711 4.58462e-18
9101.36160 4.58747e-18
9104.36609 4.63708e-18
9107.36058 4.71989e-18
9110.36508 4.80550e-18
9113.35956 4.80341e-18
9116.36406 4.78268e-18
9119.36856 4.87059e-18
9122.36305 4.99730e-18
9125.36755 5.02839e-18
9128.36204 5.02166e-18
9131.36654 5.10041e-18
9134.36102 5.17400e-18
9137.36552 5.28689e-18
9140.36001 5.38886e-18
9143.36451 5.31634e-18
9146.35899 5.16675e-18
9149.36349 5.02938e-18
9152.36799 4.95370e-18
9155.36247 4.92853e-18
9158.36698 4.99059e-18
9161.36146 5.01879e-18
9164.36596 4.86109e-18
9167.36045 4.61801e-18
9170.36494 4.51360e-18
9173.35943 4.52801e-18
9176.36393 4.53639e-18
9179.36843 4.58343e-18
9182.36292 4.63157e-18
9185.36742 4.64248e-18
9188.36190 4.65438e-18
9191.36640 4.67733e-18
9194.36089 4.79276e-18
9197.36539 4.93820e-18
