3502.00 2.5681e+08
3504.00 2.8347e+08
3506.00 2.5212e+08
3508.00 2.7094e+08
3510.00 2.6788e+08
3512.00 2.3462e+08
3514.00 2.6948e+08
3516.00 2.3693e+08
3518.00 2.3965e+08
3520.00 2.5548e+08
3522.00 2.1603e+08
3524.00 2.3808e+08
3526.00 3.0659e+08
3528.00 2.3651e+08
3530.00 2.4515e+08
3532.00 2.5234e+08
3534.00 2.3073e+08
3536.00 2.2504e+08
3538.00 2.5423e+08
3540.00 2.6925e+08
3542.00 2.5742e+08
3544.00 2.5126e+08
3546.00 2.7503e+08
3548.00 2.7258e+08
3550.00 2.4117e+08
3552.00 2.397e+08
3554.00 2.5442e+08
3556.00 2.4704e+08
3558.00 2.4387e+08
3560.00 2.4762e+08
3562.00 2.3631e+08
3564.00 2.299e+08
3566.00 2.4765e+08
3568.00 2.4931e+08
3570.00 2.7142e+08
3572.00 2.3501e+08
3574.00 2.7458e+08
3576.00 2.1956e+08
3578.00 2.036e+08
3580.00 2.1805e+08
3582.00 2.2863e+08
3584.00 2.7554e+08
3586.00 2.7781e+08
3588.00 2.6035e+08
3590.00 2.8892e+08
3592.00 2.1932e+08
3594.00 2.3741e+08
3596.00 2.325e+08
3598.00 2.4455e+08
3600.00 2.8602e+08
3602.00 2.3656e+08
3604.00 2.7238e+08
3606.00 2.9104e+08
3608.00 2.2821e+08
3610.00 2.6075e+08
3612.00 2.3544e+08
3614.00 2.2526e+08
3616.00 2.743e+08
3618.00 2.5869e+08
3620.00 2.7272e+08
3622.00 2.2958e+08
3624.00 2.3445e+08
3626.00 2.5445e+08
3628.00 2.6441e+08
3630.00 2.935e+08
3632.00 2.8985e+08
3634.00 2.7392e+08
3636.00 2.4648e+08
3638.00 2.2287e+08
3640.00 2.4126e+08
3642.00 2.5706e+08
3644.00 2.7527e+08
3646.00 2.2341e+08
3648.00 2.3516e+08
3650.00 2.87e+08
3652.00 2.5595e+08
3654.00 2.5702e+08
3656.00 2.6893e+08
3658.00 2.7116e+08
3660.00 2.577e+08
3662.00 2.34e+08
3664.00 2.0638e+08
3666.00 2.3446e+08
3668.00 2.58e+08
3670.00 2.5207e+08
3672.00 2.5387e+08
3674.00 2.4464e+08
3676.00 2.6533e+08
3678.00 2.6947e+08
3680.00 2.8931e+08
3682.00 2.6303e+08
3684.00 2.5674e+08
3686.00 2.5082e+08
3688.00 2.5289e+08
3690.00 2.2532e+08
3692.00 2.3416e+08
3694.00 2.5681e+08
3696.00 2.4704e+08
3698.00 2.3102e+08
3700.00 2.439e+08
3702.00 2.6005e+08
3704.00 2.6148e+08
3706.00 2.5868e+08
3708.00 2.6199e+08
3710.00 2.4314e+08
3712.00 2.2487e+08
3714.00 2.3528e+08
3716.00 2.3609e+08
3718.00 2.3583e+08
3720.00 2.682e+08
3722.00 2.5716e+08
3724.00 2.5228e+08
3726.00 2.4968e+08
3728.00 2.3596e+08
3730.00 2.5296e+08
3732.00 2.3642e+08
3734.00 2.3589e+08
3736.00 2.6006e+08
3738.00 2.4863e+08
3740.00 2.1484e+08
3742.00 2.4292e+08
3744.00 2.2766e+08
3746.00 2.1499e+08
3748.00 1.9587e+08
3750.00 2.2125e+08
3752.00 2.4527e+08
3754.00 2.5038e+08
3756.00 2.6176e+08
3758.00 2.4379e+08
3760.00 2.4524e+08
3762.00 2.6608e+08
3764.00 2.5246e+08
3766.00 2.416e+08
3768.00 2.5208e+08
3770.00 2.4839e+08
3772.00 2.7232e+08
3774.00 2.4778e+08
3776.00 2.361e+08
3778.00 2.5108e+08
3780.00 2.4821e+08
3782.00 2.464e+08
3784.00 2.5686e+08
3786.00 2.5539e+08
3788.00 2.5859e+08
3790.00 2.5991e+08
3792.00 2.5999e+08
3794.00 2.6783e+08
3796.00 2.4939e+08
3798.00 2.7066e+08
3800.00 2.7464e+08
3802.00 2.6276e+08
3804.00 2.6274e+08
3806.00 2.756e+08
3808.00 2.4905e+08
3810.00 2.4112e+08
3812.00 2.6178e+08
3814.00 2.5827e+08
3816.00 2.4339e+08
3818.00 2.7067e+08
3820.00 2.6848e+08
3822.00 2.3556e+08
3824.00 2.4254e+08
3826.00 2.5044e+08
3828.00 2.5739e+08
3830.00 2.6833e+08
3832.00 2.692e+08
3834.00 2.6915e+08
3836.00 2.6325e+08
3838.00 2.6039e+08
3840.00 2.6898e+08
3842.00 2.7157e+08
3844.00 2.7068e+08
3846.00 2.8218e+08
3848.00 2.6226e+08
3850.00 2.5939e+08
3852.00 2.6855e+08
3854.00 2.5697e+08
3856.00 2.6684e+08
3858.00 2.7702e+08
3860.00 2.6305e+08
3862.00 2.6808e+08
3864.00 2.6671e+08
3866.00 2.6053e+08
3868.00 2.7174e+08
3870.00 2.6373e+08
3872.00 2.6627e+08
3874.00 2.8436e+08
3876.00 2.5267e+08
3878.00 2.5158e+08
3880.00 2.5368e+08
3882.00 2.6798e+08
3884.00 2.8404e+08
3886.00 2.7027e+08
3888.00 2.5523e+08
3890.00 2.5735e+08
3892.00 2.5218e+08
3894.00 2.6545e+08
3896.00 2.5955e+08
3898.00 2.6155e+08
3900.00 2.5648e+08
3902.00 2.3773e+08
3904.00 2.5554e+08
3906.00 2.4821e+08
3908.00 2.5966e+08
3910.00 2.5783e+08
3912.00 2.3797e+08
3914.00 2.4184e+08
3916.00 2.4118e+08
3918.00 2.3757e+08
3920.00 2.4494e+08
3922.00 2.4058e+08
3924.00 2.2563e+08
3926.00 2.2827e+08
3928.00 2.3449e+08
3930.00 2.5472e+08
3932.00 2.46e+08
3934.00 2.5123e+08
3936.00 2.4391e+08
3938.00 2.4882e+08
3940.00 2.5489e+08
3942.00 2.5035e+08
3944.00 2.6099e+08
3946.00 2.5025e+08
3948.00 2.546e+08
3950.00 2.5617e+08
3952.00 2.4283e+08
3954.00 2.5486e+08
3956.00 2.5515e+08
3958.00 2.3925e+08
3960.00 2.5915e+08
3962.00 2.4572e+08
3964.00 2.3714e+08
3966.00 2.3781e+08
3968.00 2.2837e+08
3970.00 2.2946e+08
3972.00 2.4024e+08
3974.00 2.4074e+08
3976.00 2.3381e+08
3978.00 2.3843e+08
3980.00 2.3633e+08
3982.00 2.3336e+08
3984.00 2.4858e+08
3986.00 2.3863e+08
3988.00 2.2365e+08
3990.00 2.4791e+08
3992.00 2.5411e+08
3994.00 2.3825e+08
3996.00 2.3159e+08
3998.00 2.5403e+08
4000.00 2.4902e+08
4002.00 2.4054e+08
4004.00 2.5572e+08
4006.00 2.3731e+08
4008.00 2.3457e+08
4010.00 2.4859e+08
4012.00 2.3095e+08
4014.00 2.3417e+08
4016.00 2.3399e+08
4018.00 2.2178e+08
4020.00 2.3664e+08
4022.00 2.3834e+08
4024.00 2.4005e+08
4026.00 2.4178e+08
4028.00 2.4178e+08
4030.00 2.2748e+08
4032.00 2.3907e+08
4034.00 2.5139e+08
4036.00 2.3285e+08
4038.00 2.4569e+08
4040.00 2.4154e+08
4042.00 2.4381e+08
4044.00 2.2704e+08
4046.00 2.2708e+08
4048.00 2.4611e+08
4050.00 2.4961e+08
4052.00 2.4961e+08
4054.00 2.4016e+08
4056.00 2.3942e+08
4058.00 2.2959e+08
4060.00 2.3889e+08
4062.00 2.4329e+08
4064.00 2.4349e+08
4066.00 2.4172e+08
4068.00 2.3316e+08
4070.00 2.3645e+08
4072.00 2.3531e+08
4074.00 2.2887e+08
4076.00 2.4569e+08
4078.00 2.4345e+08
4080.00 2.4124e+08
4082.00 2.3904e+08
4084.00 2.3687e+08
4086.00 2.3471e+08
4088.00 2.3471e+08
4090.00 2.347e+08
4092.00 2.4408e+08
4094.00 2.5412e+08
4096.00 2.52e+08
4098.00 2.4096e+08
4100.00 2.3871e+08
4102.00 2.4133e+08
4104.00 2.3603e+08
4106.00 2.3447e+08
4108.00 2.4773e+08
4110.00 2.4973e+08
4112.00 2.4512e+08
4114.00 2.4697e+08
4116.00 2.4883e+08
4118.00 2.4883e+08
4120.00 2.6194e+08
4122.00 2.4389e+08
4124.00 2.4573e+08
4126.00 2.5151e+08
4128.00 2.5989e+08
4130.00 2.5454e+08
4132.00 2.616e+08
4134.00 2.574e+08
4136.00 2.5126e+08
4138.00 2.5054e+08
4140.00 2.4757e+08
4142.00 2.4588e+08
4144.00 2.5382e+08
4146.00 2.5461e+08
4148.00 2.5034e+08
4150.00 2.4661e+08
4152.00 2.4209e+08
4154.00 2.4112e+08
4156.00 2.3225e+08
4158.00 2.4134e+08
4160.00 2.488e+08
4162.00 2.4076e+08
4164.00 2.4564e+08
4166.00 2.4191e+08
4168.00 2.2907e+08
4170.00 2.3486e+08
4172.00 2.3969e+08
4174.00 2.46e+08
4176.00 2.3606e+08
4178.00 2.4032e+08
4180.00 2.4672e+08
4182.00 2.3448e+08
4184.00 2.4438e+08
4186.00 2.5057e+08
4188.00 2.3525e+08
4190.00 2.4328e+08
4192.00 2.4897e+08
4194.00 2.4284e+08
4196.00 2.5369e+08
4198.00 2.4888e+08
4200.00 2.3863e+08
4202.00 2.358e+08
4204.00 2.4282e+08
4206.00 2.4021e+08
4208.00 2.4393e+08
4210.00 2.348e+08
4212.00 2.456e+08
4214.00 2.4089e+08
4216.00 2.3952e+08
4218.00 2.4179e+08
4220.00 2.3845e+08
4222.00 2.3523e+08
4224.00 2.3095e+08
4226.00 2.3106e+08
4228.00 2.3264e+08
4230.00 2.3913e+08
4232.00 2.3102e+08
4234.00 2.2568e+08
4236.00 2.3096e+08
4238.00 2.3819e+08
4240.00 2.4035e+08
4242.00 2.2833e+08
4244.00 2.3494e+08
4246.00 2.3512e+08
4248.00 2.293e+08
4250.00 2.3624e+08
4252.00 2.4269e+08
4254.00 2.4436e+08
4256.00 2.3655e+08
4258.00 2.3381e+08
4260.00 2.3928e+08
4262.00 2.3658e+08
4264.00 2.3087e+08
4266.00 2.2726e+08
4268.00 2.369e+08
4270.00 2.3477e+08
4272.00 2.2943e+08
4274.00 2.274e+08
4276.00 2.2918e+08
4278.00 2.319e+08
4280.00 2.3366e+08
4282.00 2.3896e+08
4284.00 2.372e+08
4286.00 2.4331e+08
4288.00 2.3908e+08
4290.00 2.3069e+08
4292.00 2.3529e+08
4294.00 2.3947e+08
4296.00 2.3865e+08
4298.00 2.3682e+08
4300.00 2.2569e+08
4302.00 2.3077e+08
4304.00 2.4013e+08
4306.00 2.2985e+08
4308.00 2.3088e+08
4310.00 2.3027e+08
4312.00 2.3536e+08
4314.00 2.2692e+08
4316.00 2.2712e+08
4318.00 2.3068e+08
4320.00 2.2957e+08
4322.00 2.3309e+08
4324.00 2.3091e+08
4326.00 2.3509e+08
4328.00 2.4187e+08
4330.00 2.3672e+08
4332.00 2.3332e+08
4334.00 2.4136e+08
4336.00 2.3162e+08
4338.00 2.3485e+08
4340.00 2.3675e+08
4342.00 2.2722e+08
4344.00 2.3385e+08
4346.00 2.4178e+08
4348.00 2.3611e+08
4350.00 2.2622e+08
4352.00 2.4415e+08
4354.00 2.4917e+08
4356.00 2.4649e+08
4358.00 2.4614e+08
4360.00 2.4579e+08
4362.00 2.4544e+08
4364.00 2.4544e+08
4366.00 2.3547e+08
4368.00 2.1183e+08
4370.00 2.2355e+08
4372.00 2.4203e+08
4374.00 2.3742e+08
4376.00 2.3649e+08
4378.00 2.2567e+08
4380.00 2.2303e+08
4382.00 2.2613e+08
4384.00 2.3619e+08
4386.00 2.2903e+08
4388.00 2.2852e+08
4390.00 2.3654e+08
4392.00 2.3115e+08
4394.00 2.2431e+08
4396.00 2.268e+08
4398.00 2.2797e+08
4400.00 2.33e+08
4402.00 2.2894e+08
4404.00 2.2317e+08
4406.00 2.3022e+08
4408.00 2.3116e+08
4410.00 2.2604e+08
4412.00 2.2611e+08
4414.00 2.317e+08
4416.00 2.2666e+08
4418.00 2.1979e+08
4420.00 2.2133e+08
4422.00 2.3356e+08
4424.00 2.3507e+08
4426.00 2.3005e+08
4428.00 2.3297e+08
4430.00 2.3089e+08
4432.00 2.3043e+08
4434.00 2.2957e+08
4436.00 2.3483e+08
4438.00 2.3658e+08
4440.00 2.3594e+08
4442.00 2.405e+08
4444.00 2.4066e+08
4446.00 2.3869e+08
4448.00 2.3306e+08
4450.00 2.3685e+08
4452.00 2.3717e+08
4454.00 2.3753e+08
4456.00 2.3728e+08
4458.00 2.4677e+08
4460.00 2.4612e+08
4462.00 2.3761e+08
4464.00 2.4423e+08
4466.00 2.4952e+08
4468.00 2.4637e+08
4470.00 2.4501e+08
4472.00 2.4659e+08
4474.00 2.5245e+08
4476.00 2.5399e+08
4478.00 2.4614e+08
4480.00 2.4773e+08
4482.00 2.5498e+08
4484.00 2.5291e+08
4486.00 2.5522e+08
4488.00 2.4702e+08
4490.00 2.4085e+08
4492.00 2.483e+08
4494.00 2.5048e+08
4496.00 2.4514e+08
4498.00 2.4657e+08
4500.00 2.4868e+08
4502.00 2.4355e+08
4504.00 2.392e+08
4506.00 2.4068e+08
4508.00 2.4959e+08
4510.00 2.4836e+08
4512.00 2.4183e+08
4514.00 2.5273e+08
4516.00 2.48e+08
4518.00 2.4665e+08
4520.00 2.5016e+08
4522.00 2.424e+08
4524.00 2.4259e+08
4526.00 2.4442e+08
4528.00 2.4445e+08
4530.00 2.4756e+08
4532.00 2.4138e+08
4534.00 2.4141e+08
4536.00 2.4582e+08
4538.00 2.4217e+08
4540.00 2.4024e+08
4542.00 2.4151e+08
4544.00 2.3301e+08
4546.00 2.4501e+08
4548.00 2.4871e+08
4550.00 2.4446e+08
4552.00 2.4359e+08
4554.00 2.3064e+08
4556.00 2.4319e+08
4558.00 2.4399e+08
4560.00 2.4023e+08
4562.00 2.4071e+08
4564.00 2.4537e+08
4566.00 2.4212e+08
4568.00 2.3238e+08
4570.00 2.2997e+08
4572.00 2.2883e+08
4574.00 2.3029e+08
4576.00 2.3053e+08
4578.00 2.3354e+08
4580.00 2.3556e+08
4582.00 2.3151e+08
4584.00 2.2822e+08
4586.00 2.2427e+08
4588.00 2.2177e+08
4590.00 2.2097e+08
4592.00 2.1844e+08
4594.00 2.1862e+08
4596.00 2.1197e+08
4598.00 2.1275e+08
4600.00 2.1469e+08
4602.00 2.146e+08
4604.00 2.1924e+08
4606.00 2.1378e+08
4608.00 2.1123e+08
4610.00 2.1393e+08
4612.00 2.1283e+08
4614.00 2.0648e+08
4616.00 2.0769e+08
4618.00 2.1173e+08
4620.00 2.0661e+08
4622.00 2.0314e+08
4624.00 2.0248e+08
4626.00 2.0219e+08
4628.00 1.9878e+08
4630.00 1.973e+08
4632.00 1.9996e+08
4634.00 2.0282e+08
4636.00 2.0083e+08
4638.00 1.9964e+08
4640.00 2.0036e+08
4642.00 1.9952e+08
4644.00 2.0028e+08
4646.00 1.9271e+08
4648.00 1.9247e+08
4650.00 1.9925e+08
4652.00 1.9325e+08
4654.00 1.9666e+08
4656.00 1.9136e+08
4658.00 1.8887e+08
4660.00 1.8886e+08
4662.00 1.8892e+08
4664.00 1.8763e+08
4666.00 1.8995e+08
4668.00 1.8879e+08
4670.00 1.8167e+08
4672.00 1.8202e+08
4674.00 1.8311e+08
4676.00 1.821e+08
4678.00 1.8302e+08
4680.00 1.8517e+08
4682.00 1.9017e+08
4684.00 1.8877e+08
4686.00 1.8687e+08
4688.00 1.8188e+08
4690.00 1.8013e+08
4692.00 1.8119e+08
4694.00 1.8671e+08
4696.00 1.8718e+08
4698.00 1.9102e+08
4700.00 1.8623e+08
4702.00 1.8627e+08
4704.00 1.8727e+08
4706.00 1.8741e+08
4708.00 1.8649e+08
4710.00 1.9091e+08
4712.00 1.8678e+08
4714.00 1.8292e+08
4716.00 1.9196e+08
4718.00 1.9266e+08
4720.00 1.8994e+08
4722.00 1.9458e+08
4724.00 1.9828e+08
4726.00 1.9885e+08
4728.00 1.9425e+08
4730.00 1.9469e+08
4732.00 1.8725e+08
4734.00 1.9334e+08
4736.00 2.0732e+08
4738.00 2.0621e+08
4740.00 1.9706e+08
4742.00 2.039e+08
4744.00 1.9863e+08
4746.00 2.0093e+08
4748.00 2.0712e+08
4750.00 2.1115e+08
4752.00 2.0292e+08
4754.00 1.971e+08
4756.00 2.0562e+08
4758.00 2.1047e+08
4760.00 2.0559e+08
4762.00 2.0645e+08
4764.00 2.0612e+08
4766.00 2.0761e+08
4768.00 2.0976e+08
4770.00 2.1133e+08
4772.00 2.0821e+08
4774.00 2.1212e+08
4776.00 2.196e+08
4778.00 2.1377e+08
4780.00 2.1597e+08
4782.00 2.1571e+08
4784.00 2.2464e+08
4786.00 2.2531e+08
4788.00 2.2581e+08
4790.00 2.3007e+08
4792.00 2.3072e+08
4794.00 2.3071e+08
4796.00 2.2734e+08
4798.00 2.2773e+08
4800.00 2.3194e+08
4802.00 2.3425e+08
4804.00 2.3285e+08
4806.00 2.3322e+08
4808.00 2.3914e+08
4810.00 2.3797e+08
4812.00 2.3371e+08
4814.00 2.3783e+08
4816.00 2.4377e+08
4818.00 2.4367e+08
4820.00 2.4194e+08
4822.00 2.4076e+08
4824.00 2.4524e+08
4826.00 2.4738e+08
4828.00 2.429e+08
4830.00 2.4925e+08
4832.00 2.4853e+08
4834.00 2.439e+08
4836.00 2.4516e+08
4838.00 2.4737e+08
4840.00 2.5219e+08
4842.00 2.4773e+08
4844.00 2.4359e+08
4846.00 2.4463e+08
4848.00 2.5288e+08
4850.00 2.5466e+08
4852.00 2.5477e+08
4854.00 2.4764e+08
4856.00 2.4986e+08
4858.00 2.5625e+08
4860.00 2.5221e+08
4862.00 2.4959e+08
4864.00 2.5001e+08
4866.00 2.5109e+08
4868.00 2.5217e+08
4870.00 2.5046e+08
4872.00 2.4905e+08
4874.00 2.5299e+08
4876.00 2.5391e+08
4878.00 2.4804e+08
4880.00 2.4908e+08
4882.00 2.5429e+08
4884.00 2.4324e+08
4886.00 2.4028e+08
4888.00 2.4114e+08
4890.00 2.4385e+08
4892.00 2.4268e+08
4894.00 2.4946e+08
4896.00 2.4968e+08
4898.00 2.4301e+08
4900.00 2.4406e+08
4902.00 2.509e+08
4904.00 2.4952e+08
4906.00 2.4657e+08
4908.00 2.4852e+08
4910.00 2.4601e+08
4912.00 2.4964e+08
4914.00 2.5137e+08
4916.00 2.4769e+08
4918.00 2.4875e+08
4920.00 2.5024e+08
4922.00 2.4623e+08
4924.00 2.5398e+08
4926.00 2.4538e+08
4928.00 2.4135e+08
4930.00 2.4819e+08
4932.00 2.5065e+08
4934.00 2.4605e+08
4936.00 2.4764e+08
4938.00 2.459e+08
4940.00 2.4089e+08
4942.00 2.4464e+08
4944.00 2.4588e+08
4946.00 2.4768e+08
4948.00 2.4388e+08
4950.00 2.4974e+08
4952.00 2.4552e+08
4954.00 2.4074e+08
4956.00 2.4203e+08
4958.00 2.4117e+08
4960.00 2.4259e+08
4962.00 2.4292e+08
4964.00 2.3592e+08
4966.00 2.3211e+08
4968.00 2.4218e+08
4970.00 2.4569e+08
4972.00 2.4022e+08
4974.00 2.3781e+08
4976.00 2.3877e+08
4978.00 2.4495e+08
4980.00 2.4913e+08
4982.00 2.3627e+08
4984.00 2.4327e+08
4986.00 2.2852e+08
4988.00 2.2537e+08
4990.00 2.3326e+08
4992.00 2.3572e+08
4994.00 2.3423e+08
4996.00 2.2951e+08
4998.00 2.2832e+08
5000.00 2.3196e+08
5002.00 2.3762e+08
5004.00 2.3318e+08
5006.00 2.3503e+08
5008.00 2.349e+08
5010.00 2.3184e+08
5012.00 2.351e+08
5014.00 2.3178e+08
5016.00 2.3317e+08
5018.00 2.324e+08
5020.00 2.3227e+08
5022.00 2.3533e+08
5024.00 2.3519e+08
5026.00 2.3226e+08
5028.00 2.3278e+08
5030.00 2.3041e+08
5032.00 2.2267e+08
5034.00 2.2737e+08
5036.00 2.3647e+08
5038.00 2.3922e+08
5040.00 2.3169e+08
5042.00 2.3171e+08
5044.00 2.3312e+08
5046.00 2.3498e+08
5048.00 2.3506e+08
5050.00 2.3714e+08
5052.00 2.4049e+08
5054.00 2.4298e+08
5056.00 2.481e+08
5058.00 2.4636e+08
5060.00 2.4811e+08
5062.00 2.489e+08
5064.00 2.4971e+08
5066.00 2.5051e+08
5068.00 2.5132e+08
5070.00 2.5212e+08
5072.00 2.5212e+08
5074.00 2.4764e+08
5076.00 2.4043e+08
5078.00 2.3766e+08
5080.00 2.4212e+08
5082.00 2.4578e+08
5084.00 2.3858e+08
5086.00 2.4703e+08
5088.00 2.6336e+08
5090.00 2.5755e+08
5092.00 2.4997e+08
5094.00 2.5118e+08
5096.00 2.5631e+08
5098.00 2.5622e+08
5100.00 2.5062e+08
5102.00 2.4285e+08
5104.00 2.4657e+08
5106.00 2.5444e+08
5108.00 2.5157e+08
5110.00 2.4919e+08
5112.00 2.5039e+08
5114.00 2.4816e+08
5116.00 2.4499e+08
5118.00 2.4592e+08
5120.00 2.4497e+08
5122.00 2.4801e+08
5124.00 2.5271e+08
5126.00 2.4901e+08
5128.00 2.4387e+08
5130.00 2.4584e+08
5132.00 2.4459e+08
5134.00 2.4794e+08
5136.00 2.4923e+08
5138.00 2.5041e+08
5140.00 2.4794e+08
5142.00 2.482e+08
5144.00 2.4131e+08
5146.00 2.3542e+08
5148.00 2.3863e+08
5150.00 2.402e+08
5152.00 2.4506e+08
5154.00 2.469e+08
5156.00 2.448e+08
5158.00 2.4298e+08
5160.00 2.3851e+08
5162.00 2.3714e+08
5164.00 2.3903e+08
5166.00 2.3595e+08
5168.00 2.3421e+08
5170.00 2.3373e+08
5172.00 2.3435e+08
5174.00 2.3986e+08
5176.00 2.368e+08
5178.00 2.3547e+08
5180.00 2.3709e+08
5182.00 2.3588e+08
5184.00 2.3554e+08
5186.00 2.3205e+08
5188.00 2.3038e+08
5190.00 2.3299e+08
5192.00 2.3359e+08
5194.00 2.3874e+08
5196.00 2.3521e+08
5198.00 2.329e+08
5200.00 2.3556e+08
5202.00 2.3192e+08
5204.00 2.3316e+08
5206.00 2.3005e+08
5208.00 2.2796e+08
5210.00 2.283e+08
5212.00 2.2807e+08
5214.00 2.2644e+08
5216.00 2.2094e+08
5218.00 2.2183e+08
5220.00 2.2472e+08
5222.00 2.3008e+08
5224.00 2.2919e+08
5226.00 2.2691e+08
5228.00 2.2955e+08
5230.00 2.2744e+08
5232.00 2.2535e+08
5234.00 2.2186e+08
5236.00 2.3117e+08
5238.00 2.3152e+08
5240.00 2.2608e+08
5242.00 2.2447e+08
5244.00 2.2335e+08
5246.00 2.2457e+08
5248.00 2.2954e+08
5250.00 2.2513e+08
5252.00 2.2688e+08
5254.00 2.3072e+08
5256.00 2.2637e+08
5258.00 2.2966e+08
5260.00 2.2734e+08
5262.00 2.2382e+08
5264.00 2.243e+08
5266.00 2.2432e+08
5268.00 2.2608e+08
5270.00 2.2851e+08
5272.00 2.2863e+08
5274.00 2.235e+08
5276.00 2.2241e+08
5278.00 2.2831e+08
5280.00 2.2907e+08
5282.00 2.234e+08
5284.00 2.2125e+08
5286.00 2.229e+08
5288.00 2.2381e+08
5290.00 2.2652e+08
5292.00 2.2472e+08
5294.00 2.2777e+08
5296.00 2.2825e+08
5298.00 2.2761e+08
5300.00 2.3016e+08
5302.00 2.2815e+08
5304.00 2.2855e+08
5306.00 2.3007e+08
5308.00 2.2876e+08
5310.00 2.3148e+08
5312.00 2.3104e+08
5314.00 2.2896e+08
5316.00 2.2915e+08
5318.00 2.311e+08
5320.00 2.3065e+08
5322.00 2.2798e+08
5324.00 2.2555e+08
5326.00 2.2712e+08
5328.00 2.265e+08
5330.00 2.2605e+08
5332.00 2.2694e+08
5334.00 2.309e+08
5336.00 2.3049e+08
5338.00 2.319e+08
5340.00 2.2977e+08
5342.00 2.2856e+08
5344.00 2.2953e+08
5346.00 2.3314e+08
5348.00 2.3776e+08
5350.00 2.3422e+08
5352.00 2.3271e+08
5354.00 2.3407e+08
5356.00 2.3057e+08
5358.00 2.3235e+08
5360.00 2.342e+08
5362.00 2.321e+08
5364.00 2.3381e+08
5366.00 2.3767e+08
5368.00 2.3378e+08
5370.00 2.3038e+08
5372.00 2.2977e+08
5374.00 2.2979e+08
5376.00 2.2788e+08
5378.00 2.2933e+08
5380.00 2.2969e+08
5382.00 2.2793e+08
5384.00 2.3336e+08
5386.00 2.3414e+08
5388.00 2.3218e+08
5390.00 2.3623e+08
5392.00 2.3308e+08
5394.00 2.312e+08
5396.00 2.3631e+08
5398.00 2.3158e+08
5400.00 2.334e+08
5402.00 2.3589e+08
5404.00 2.3367e+08
5406.00 2.4063e+08
5408.00 2.3888e+08
5410.00 2.3798e+08
5412.00 2.3376e+08
5414.00 2.3725e+08
5416.00 2.4539e+08
5418.00 2.4097e+08
5420.00 2.3705e+08
5422.00 2.3697e+08
5424.00 2.3924e+08
5426.00 2.402e+08
5428.00 2.4066e+08
5430.00 2.4021e+08
5432.00 2.3755e+08
5434.00 2.342e+08
5436.00 2.3569e+08
5438.00 2.4182e+08
5440.00 2.4562e+08
5442.00 2.5017e+08
5444.00 2.525e+08
5446.00 2.511e+08
5448.00 2.4926e+08
5450.00 2.5079e+08
5452.00 2.5447e+08
5454.00 2.5372e+08
5456.00 2.4779e+08
5458.00 2.4637e+08
5460.00 2.4889e+08
5462.00 2.5095e+08
5464.00 2.5122e+08
5466.00 2.5061e+08
5468.00 2.4906e+08
5470.00 2.459e+08
5472.00 2.4457e+08
5474.00 2.4375e+08
5476.00 2.4417e+08
5478.00 2.4589e+08
5480.00 2.4865e+08
5482.00 2.5297e+08
5484.00 2.5871e+08
5486.00 2.6025e+08
5488.00 2.5815e+08
5490.00 2.5669e+08
5492.00 2.5403e+08
5494.00 2.5219e+08
5496.00 2.5172e+08
5498.00 2.5196e+08
5500.00 2.5219e+08
5502.00 2.5241e+08
5504.00 2.5447e+08
5506.00 2.599e+08
5508.00 2.6224e+08
5510.00 2.6099e+08
5512.00 2.5939e+08
5514.00 2.5956e+08
5516.00 2.6022e+08
5518.00 2.5873e+08
5520.00 2.5446e+08
5522.00 2.5302e+08
5524.00 2.5276e+08
5526.00 2.5364e+08
5528.00 2.5699e+08
5530.00 2.6025e+08
5532.00 2.5923e+08
5534.00 2.5504e+08
5536.00 2.533e+08
5538.00 2.517e+08
5540.00 2.5177e+08
5542.00 2.5454e+08
5544.00 2.5664e+08
5546.00 2.563e+08
5548.00 2.5474e+08
5550.00 2.5326e+08
5552.00 2.505e+08
5554.00 2.5007e+08
5556.00 2.5182e+08
5558.00 2.5293e+08
5560.00 2.5299e+08
5562.00 2.5308e+08
5564.00 2.5393e+08
5566.00 2.5517e+08
5568.00 2.5777e+08
5570.00 2.64e+08
5572.00 2.6551e+08
5574.00 2.6257e+08
5576.00 2.5939e+08
5578.00 2.5666e+08
5580.00 2.543e+08
5582.00 2.544e+08
5584.00 2.5706e+08
5586.00 2.579e+08
5588.00 2.5866e+08
5590.00 2.5811e+08
5592.00 2.5503e+08
5594.00 2.5258e+08
5596.00 2.535e+08
5598.00 2.5648e+08
5600.00 2.5843e+08
5602.00 2.6126e+08
5604.00 2.6209e+08
5606.00 2.6071e+08
5608.00 2.5983e+08
5610.00 2.6026e+08
5612.00 2.6095e+08
5614.00 2.6067e+08
5616.00 2.5966e+08
5618.00 2.5951e+08
5620.00 2.6013e+08
5622.00 2.6023e+08
5624.00 2.5986e+08
5626.00 2.5936e+08
5628.00 2.5873e+08
5630.00 2.5802e+08
5632.00 2.5807e+08
5634.00 2.5853e+08
5636.00 2.5956e+08
5638.00 2.6128e+08
5640.00 2.6325e+08
5642.00 2.6641e+08
5644.00 2.6886e+08
5646.00 2.6712e+08
5648.00 2.6185e+08
5650.00 2.6069e+08
5652.00 2.6223e+08
5654.00 2.6294e+08
5656.00 2.6317e+08
5658.00 2.6376e+08
5660.00 2.6552e+08
5662.00 2.6761e+08
5664.00 2.6722e+08
5666.00 2.6417e+08
5668.00 2.6346e+08
5670.00 2.6402e+08
5672.00 2.6453e+08
5674.00 2.6484e+08
5676.00 2.6539e+08
5678.00 2.6646e+08
5680.00 2.6794e+08
5682.00 2.6959e+08
5684.00 2.7157e+08
5686.00 2.7366e+08
5688.00 2.7724e+08
5690.00 2.7874e+08
5692.00 2.7613e+08
5694.00 2.7174e+08
5696.00 2.6946e+08
5698.00 2.6766e+08
5700.00 2.6694e+08
5702.00 2.6796e+08
5704.00 2.6811e+08
5706.00 2.6739e+08
5708.00 2.6639e+08
5710.00 2.6507e+08
5712.00 2.6346e+08
5714.00 2.6386e+08
5716.00 2.6673e+08
5718.00 2.6787e+08
5720.00 2.6832e+08
5722.00 2.6833e+08
5724.00 2.6765e+08
5726.00 2.6678e+08
5728.00 2.6666e+08
5730.00 2.6692e+08
5732.00 2.6747e+08
5734.00 2.6872e+08
5736.00 2.6946e+08
5738.00 2.7018e+08
5740.00 2.701e+08
5742.00 2.6824e+08
5744.00 2.6539e+08
5746.00 2.6463e+08
5748.00 2.6479e+08
5750.00 2.6607e+08
5752.00 2.7018e+08
5754.00 2.7207e+08
5756.00 2.6999e+08
5758.00 2.6722e+08
5760.00 2.6744e+08
5762.00 2.6953e+08
5764.00 2.6938e+08
5766.00 2.6692e+08
5768.00 2.6667e+08
5770.00 2.6839e+08
5772.00 2.704e+08
5774.00 2.73e+08
5776.00 2.7535e+08
5778.00 2.7266e+08
5780.00 2.6406e+08
5782.00 2.6106e+08
5784.00 2.6019e+08
5786.00 2.611e+08
5788.00 2.6543e+08
5790.00 2.6971e+08
5792.00 2.6999e+08
5794.00 2.679e+08
5796.00 2.6542e+08
5798.00 2.5971e+08
5800.00 2.5815e+08
5802.00 2.6046e+08
5804.00 2.6254e+08
5806.00 2.6319e+08
5808.00 2.6335e+08
5810.00 2.6347e+08
5812.00 2.6351e+08
5814.00 2.628e+08
5816.00 2.6072e+08
5818.00 2.5987e+08
5820.00 2.6043e+08
5822.00 2.6135e+08
5824.00 2.6234e+08
5826.00 2.6352e+08
5828.00 2.6243e+08
5830.00 2.5758e+08
5832.00 2.57e+08
5834.00 2.6133e+08
5836.00 2.6255e+08
5838.00 2.5677e+08
5840.00 2.5012e+08
5842.00 2.5128e+08
5844.00 2.5861e+08
5846.00 2.5975e+08
5848.00 2.5619e+08
5850.00 2.5547e+08
5852.00 2.5789e+08
5854.00 2.5984e+08
5856.00 2.5907e+08
5858.00 2.5701e+08
5860.00 2.5646e+08
5862.00 2.5668e+08
5864.00 2.5673e+08
5866.00 2.5775e+08
5868.00 2.5723e+08
5870.00 2.5355e+08
5872.00 2.5005e+08
5874.00 2.5099e+08
5876.00 2.5505e+08
5878.00 2.5723e+08
5880.00 2.6054e+08
5882.00 2.6044e+08
5884.00 2.5608e+08
5886.00 2.5211e+08
5888.00 2.5017e+08
5890.00 2.4923e+08
5892.00 2.4984e+08
5894.00 2.5424e+08
5896.00 2.5205e+08
5898.00 2.4351e+08
5900.00 2.3773e+08
5902.00 2.3416e+08
5904.00 2.3256e+08
5906.00 2.3395e+08
5908.00 2.3803e+08
5910.00 2.4165e+08
5912.00 2.4754e+08
5914.00 2.5024e+08
5916.00 2.5069e+08
5918.00 2.4967e+08
5920.00 2.4661e+08
5922.00 2.4268e+08
5924.00 2.4085e+08
5926.00 2.4026e+08
5928.00 2.3922e+08
5930.00 2.3816e+08
5932.00 2.3734e+08
5934.00 2.3634e+08
5936.00 2.361e+08
5938.00 2.3772e+08
5940.00 2.4064e+08
5942.00 2.4182e+08
5944.00 2.4147e+08
5946.00 2.424e+08
5948.00 2.4434e+08
5950.00 2.4586e+08
5952.00 2.4682e+08
5954.00 2.4724e+08
5956.00 2.4659e+08
5958.00 2.4471e+08
5960.00 2.4418e+08
5962.00 2.4409e+08
5964.00 2.4473e+08
5966.00 2.4673e+08
5968.00 2.4843e+08
5970.00 2.4889e+08
5972.00 2.4863e+08
5974.00 2.4794e+08
5976.00 2.4608e+08
5978.00 2.454e+08
5980.00 2.4502e+08
5982.00 2.4549e+08
5984.00 2.4742e+08
5986.00 2.4961e+08
5988.00 2.5031e+08
5990.00 2.4993e+08
5992.00 2.5176e+08
5994.00 2.5721e+08
5996.00 2.5835e+08
5998.00 2.5541e+08
6000.00 2.5195e+08
6002.00 2.4824e+08
6004.00 2.4486e+08
6006.00 2.4647e+08
6008.00 2.5382e+08
6010.00 2.5647e+08
6012.00 2.5676e+08
6014.00 2.5693e+08
6016.00 2.5681e+08
6018.00 2.5649e+08
6020.00 2.5607e+08
6022.00 2.5543e+08
6024.00 2.5656e+08
6026.00 2.6048e+08
6028.00 2.6162e+08
6030.00 2.602e+08
6032.00 2.5927e+08
6034.00 2.5986e+08
6036.00 2.609e+08
6038.00 2.6109e+08
6040.00 2.6077e+08
6042.00 2.6079e+08
6044.00 2.61e+08
6046.00 2.6105e+08
6048.00 2.6107e+08
6050.00 2.608e+08
6052.00 2.5963e+08
6054.00 2.5793e+08
6056.00 2.5861e+08
6058.00 2.6228e+08
6060.00 2.6348e+08
6062.00 2.6346e+08
6064.00 2.6297e+08
6066.00 2.6176e+08
6068.00 2.6043e+08
6070.00 2.6034e+08
6072.00 2.6113e+08
6074.00 2.6138e+08
6076.00 2.6136e+08
6078.00 2.6165e+08
6080.00 2.6233e+08
6082.00 2.6299e+08
6084.00 2.6342e+08
6086.00 2.6376e+08
6088.00 2.6422e+08
6090.00 2.6449e+08
6092.00 2.6548e+08
6094.00 2.6769e+08
6096.00 2.689e+08
6098.00 2.6869e+08
6100.00 2.679e+08
6102.00 2.6703e+08
6104.00 2.657e+08
6106.00 2.6569e+08
6108.00 2.6752e+08
6110.00 2.6762e+08
6112.00 2.6678e+08
6114.00 2.6488e+08
6116.00 2.6088e+08
6118.00 2.5631e+08
6120.00 2.5573e+08
6122.00 2.5821e+08
6124.00 2.6025e+08
6126.00 2.6418e+08
6128.00 2.6623e+08
6130.00 2.6579e+08
6132.00 2.6465e+08
6134.00 2.6423e+08
6136.00 2.6388e+08
6138.00 2.6308e+08
6140.00 2.6202e+08
6142.00 2.6064e+08
6144.00 2.5781e+08
6146.00 2.5667e+08
6148.00 2.5892e+08
6150.00 2.6239e+08
6152.00 2.6333e+08
6154.00 2.6287e+08
6156.00 2.627e+08
6158.00 2.6241e+08
6160.00 2.6166e+08
6162.00 2.601e+08
6164.00 2.5871e+08
6166.00 2.5823e+08
6168.00 2.5827e+08
6170.00 2.5821e+08
6172.00 2.5797e+08
6174.00 2.5858e+08
6176.00 2.6051e+08
6178.00 2.6161e+08
6180.00 2.6124e+08
6182.00 2.6037e+08
6184.00 2.5999e+08
6186.00 2.5958e+08
6188.00 2.5994e+08
6190.00 2.6109e+08
6192.00 2.6214e+08
6194.00 2.635e+08
6196.00 2.6451e+08
6198.00 2.647e+08
6200.00 2.6441e+08
6202.00 2.6431e+08
6204.00 2.6406e+08
6206.00 2.6399e+08
6208.00 2.6452e+08
6210.00 2.6414e+08
6212.00 2.6227e+08
6214.00 2.6017e+08
6216.00 2.5912e+08
6218.00 2.5856e+08
6220.00 2.5845e+08
6222.00 2.588e+08
6224.00 2.5961e+08
6226.00 2.6151e+08
6228.00 2.6287e+08
6230.00 2.6288e+08
6232.00 2.6222e+08
6234.00 2.6176e+08
6236.00 2.61e+08
6238.00 2.6077e+08
6240.00 2.6054e+08
6242.00 2.6112e+08
6244.00 2.6337e+08
6246.00 2.6527e+08
6248.00 2.6459e+08
6250.00 2.6227e+08
6252.00 2.619e+08
6254.00 2.6267e+08
6256.00 2.6322e+08
6258.00 2.6457e+08
6260.00 2.6485e+08
6262.00 2.6276e+08
6264.00 2.6013e+08
6266.00 2.602e+08
6268.00 2.6239e+08
6270.00 2.6285e+08
6272.00 2.6232e+08
6274.00 2.6222e+08
6276.00 2.6261e+08
6278.00 2.6292e+08
6280.00 2.6258e+08
6282.00 2.6194e+08
6284.00 2.625e+08
6286.00 2.6516e+08
6288.00 2.6508e+08
6290.00 2.6218e+08
6292.00 2.6065e+08
6294.00 2.6201e+08
6296.00 2.6367e+08
6298.00 2.6189e+08
6300.00 2.5727e+08
6302.00 2.5721e+08
6304.00 2.6116e+08
6306.00 2.6333e+08
6308.00 2.6425e+08
6310.00 2.6502e+08
6312.00 2.6618e+08
6314.00 2.6731e+08
6316.00 2.6753e+08
6318.00 2.6688e+08
6320.00 2.6642e+08
6322.00 2.6508e+08
6324.00 2.6509e+08
6326.00 2.6739e+08
6328.00 2.6996e+08
6330.00 2.7053e+08
6332.00 2.6998e+08
6334.00 2.6957e+08
6336.00 2.6868e+08
6338.00 2.6796e+08
6340.00 2.6702e+08
6342.00 2.6655e+08
6344.00 2.6711e+08
6346.00 2.6805e+08
6348.00 2.6791e+08
6350.00 2.6699e+08
6352.00 2.6643e+08
6354.00 2.6567e+08
6356.00 2.6534e+08
6358.00 2.6567e+08
6360.00 2.66e+08
6362.00 2.6552e+08
6364.00 2.6455e+08
6366.00 2.6576e+08
6368.00 2.7008e+08
6370.00 2.7147e+08
6372.00 2.7053e+08
6374.00 2.6978e+08
6376.00 2.7003e+08
6378.00 2.7034e+08
6380.00 2.6952e+08
6382.00 2.6754e+08
6384.00 2.6736e+08
6386.00 2.6854e+08
6388.00 2.6956e+08
6390.00 2.7135e+08
6392.00 2.7213e+08
6394.00 2.6979e+08
6396.00 2.6574e+08
6398.00 2.6576e+08
6400.00 2.6969e+08
6402.00 2.7114e+08
6404.00 2.7214e+08
6406.00 2.7219e+08
6408.00 2.7045e+08
6410.00 2.6853e+08
6412.00 2.6903e+08
6414.00 2.7144e+08
6416.00 2.7127e+08
6418.00 2.6902e+08
6420.00 2.6767e+08
6422.00 2.666e+08
6424.00 2.6606e+08
6426.00 2.6649e+08
6428.00 2.6747e+08
6430.00 2.6769e+08
6432.00 2.6729e+08
6434.00 2.6754e+08
6436.00 2.6885e+08
6438.00 2.6887e+08
6440.00 2.6654e+08
6442.00 2.6427e+08
6444.00 2.6474e+08
6446.00 2.6699e+08
6448.00 2.6797e+08
6450.00 2.6895e+08
6452.00 2.6901e+08
6454.00 2.6779e+08
6456.00 2.668e+08
6458.00 2.6673e+08
6460.00 2.6693e+08
6462.00 2.6632e+08
6464.00 2.6505e+08
6466.00 2.6436e+08
6468.00 2.6395e+08
6470.00 2.6356e+08
6472.00 2.6321e+08
6474.00 2.6289e+08
6476.00 2.6253e+08
6478.00 2.6215e+08
6480.00 2.6194e+08
6482.00 2.6215e+08
6484.00 2.6168e+08
6486.00 2.6042e+08
6488.00 2.5948e+08
6490.00 2.5923e+08
6492.00 2.5924e+08
6494.00 2.589e+08
6496.00 2.5827e+08
6498.00 2.5839e+08
6500.00 2.5926e+08
6502.00 2.5986e+08
6504.00 2.6033e+08
6506.00 2.6065e+08
6508.00 2.6075e+08
6510.00 2.6068e+08
6512.00 2.6055e+08
6514.00 2.6e+08
6516.00 2.6013e+08
6518.00 2.6122e+08
6520.00 2.6159e+08
6522.00 2.6062e+08
6524.00 2.5939e+08
6526.00 2.5914e+08
6528.00 2.5942e+08
6530.00 2.5967e+08
6532.00 2.6068e+08
6534.00 2.6054e+08
6536.00 2.5876e+08
6538.00 2.5751e+08
6540.00 2.5805e+08
6542.00 2.5943e+08
6544.00 2.598e+08
6546.00 2.5969e+08
6548.00 2.5967e+08
6550.00 2.5977e+08
6552.00 2.5941e+08
6554.00 2.5786e+08
6556.00 2.5676e+08
6558.00 2.5834e+08
6560.00 2.6198e+08
6562.00 2.6271e+08
6564.00 2.613e+08
6566.00 2.6057e+08
6568.00 2.5978e+08
6570.00 2.5923e+08
6572.00 2.5915e+08
6574.00 2.5931e+08
6576.00 2.5937e+08
6578.00 2.5956e+08
6580.00 2.5934e+08
6582.00 2.5851e+08
6584.00 2.5819e+08
6586.00 2.5932e+08
6588.00 2.595e+08
6590.00 2.5639e+08
6592.00 2.5117e+08
6594.00 2.4731e+08
6596.00 2.4219e+08
6598.00 2.4059e+08
6600.00 2.4179e+08
6602.00 2.441e+08
6604.00 2.4799e+08
6606.00 2.5241e+08
6608.00 2.544e+08
6610.00 2.5471e+08
6612.00 2.5556e+08
6614.00 2.5612e+08
6616.00 2.5678e+08
6618.00 2.5748e+08
6620.00 2.5828e+08
6622.00 2.593e+08
6624.00 2.6046e+08
6626.00 2.6149e+08
6628.00 2.6265e+08
6630.00 2.6335e+08
6632.00 2.6362e+08
6634.00 2.6385e+08
6636.00 2.6413e+08
6638.00 2.6432e+08
6640.00 2.6433e+08
6642.00 2.6424e+08
6644.00 2.6365e+08
6646.00 2.6207e+08
6648.00 2.6153e+08
6650.00 2.6191e+08
6652.00 2.6251e+08
6654.00 2.6299e+08
6656.00 2.6358e+08
6658.00 2.6442e+08
6660.00 2.6559e+08
6662.00 2.6654e+08
6664.00 2.6765e+08
6666.00 2.6831e+08
6668.00 2.6834e+08
6670.00 2.6814e+08
6672.00 2.6817e+08
6674.00 2.6828e+08
6676.00 2.6755e+08
6678.00 2.6542e+08
6680.00 2.6476e+08
6682.00 2.6522e+08
6684.00 2.6595e+08
6686.00 2.6691e+08
6688.00 2.6797e+08
6690.00 2.6834e+08
6692.00 2.6826e+08
6694.00 2.6803e+08
6696.00 2.6691e+08
6698.00 2.6691e+08
6700.00 2.6863e+08
6702.00 2.7024e+08
6704.00 2.7019e+08
6706.00 2.6921e+08
6708.00 2.6884e+08
6710.00 2.6859e+08
6712.00 2.6831e+08
6714.00 2.68e+08
6716.00 2.6778e+08
6718.00 2.6764e+08
6720.00 2.6762e+08
6722.00 2.6788e+08
6724.00 2.6848e+08
6726.00 2.6859e+08
6728.00 2.6816e+08
6730.00 2.6817e+08
6732.00 2.6881e+08
6734.00 2.6929e+08
6736.00 2.6899e+08
6738.00 2.6832e+08
6740.00 2.6853e+08
6742.00 2.6989e+08
6744.00 2.6989e+08
6746.00 2.6897e+08
6748.00 2.68e+08
6750.00 2.6694e+08
6752.00 2.6591e+08
6754.00 2.6525e+08
6756.00 2.6477e+08
6758.00 2.6484e+08
6760.00 2.6555e+08
6762.00 2.6625e+08
6764.00 2.6712e+08
6766.00 2.6801e+08
6768.00 2.6902e+08
6770.00 2.6996e+08
6772.00 2.6983e+08
6774.00 2.6847e+08
6776.00 2.6807e+08
6778.00 2.6784e+08
6780.00 2.6816e+08
6782.00 2.6949e+08
6784.00 2.7084e+08
6786.00 2.7109e+08
6788.00 2.7067e+08
6790.00 2.7067e+08
6792.00 2.7075e+08
6794.00 2.7087e+08
6796.00 2.7124e+08
6798.00 2.7134e+08
6800.00 2.7083e+08
6802.00 2.7013e+08
6804.00 2.7017e+08
6806.00 2.7084e+08
6808.00 2.7093e+08
6810.00 2.7062e+08
6812.00 2.7047e+08
6814.00 2.7049e+08
6816.00 2.7054e+08
6818.00 2.7051e+08
6820.00 2.7045e+08
6822.00 2.7062e+08
6824.00 2.7113e+08
6826.00 2.713e+08
6828.00 2.7116e+08
6830.00 2.7113e+08
6832.00 2.7139e+08
6834.00 2.7169e+08
6836.00 2.7164e+08
6838.00 2.7143e+08
6840.00 2.7084e+08
6842.00 2.6927e+08
6844.00 2.6881e+08
6846.00 2.6979e+08
6848.00 2.7063e+08
6850.00 2.7028e+08
6852.00 2.6941e+08
6854.00 2.6948e+08
6856.00 2.703e+08
6858.00 2.707e+08
6860.00 2.7177e+08
6862.00 2.7135e+08
6864.00 2.6806e+08
6866.00 2.6472e+08
6868.00 2.6493e+08
6870.00 2.6762e+08
6872.00 2.6857e+08
6874.00 2.6902e+08
6876.00 2.6935e+08
6878.00 2.6954e+08
6880.00 2.6947e+08
6882.00 2.6902e+08
6884.00 2.6833e+08
6886.00 2.6787e+08
6888.00 2.6736e+08
6890.00 2.6723e+08
6892.00 2.6741e+08
6894.00 2.6774e+08
6896.00 2.6841e+08
6898.00 2.6904e+08
6900.00 2.6921e+08
6902.00 2.6909e+08
6904.00 2.6901e+08
6906.00 2.6861e+08
6908.00 2.6872e+08
6910.00 2.6946e+08
6912.00 2.6998e+08
6914.00 2.6997e+08
6916.00 2.6968e+08
6918.00 2.6922e+08
6920.00 2.6843e+08
6922.00 2.6798e+08
6924.00 2.6763e+08
6926.00 2.6752e+08
6928.00 2.678e+08
6930.00 2.681e+08
6932.00 2.6815e+08
6934.00 2.6807e+08
6936.00 2.6777e+08
6938.00 2.6703e+08
6940.00 2.6669e+08
6942.00 2.667e+08
6944.00 2.6656e+08
6946.00 2.6602e+08
6948.00 2.6544e+08
6950.00 2.6524e+08
6952.00 2.6521e+08
6954.00 2.656e+08
6956.00 2.6692e+08
6958.00 2.673e+08
6960.00 2.665e+08
6962.00 2.6581e+08
6964.00 2.6604e+08
6966.00 2.6667e+08
6968.00 2.6672e+08
6970.00 2.6642e+08
6972.00 2.6618e+08
6974.00 2.6558e+08
6976.00 2.655e+08
6978.00 2.6637e+08
6980.00 2.6731e+08
6982.00 2.6716e+08
6984.00 2.6627e+08
6986.00 2.6614e+08
6988.00 2.6646e+08
6990.00 2.6664e+08
6992.00 2.6697e+08
6994.00 2.6697e+08
6996.00 2.6627e+08
6998.00 2.6525e+08
7000.00 2.6491e+08
7002.00 2.6501e+08
7004.00 2.6502e+08
7006.00 2.6524e+08
7008.00 2.6523e+08
7010.00 2.6495e+08
7012.00 2.6453e+08
7014.00 2.6388e+08
7016.00 2.63e+08
7018.00 2.6316e+08
7020.00 2.6442e+08
7022.00 2.6514e+08
7024.00 2.6589e+08
7026.00 2.6621e+08
7028.00 2.6568e+08
7030.00 2.6488e+08
7032.00 2.6501e+08
7034.00 2.6596e+08
7036.00 2.6587e+08
7038.00 2.649e+08
7040.00 2.6434e+08
7042.00 2.6411e+08
7044.00 2.6406e+08
7046.00 2.6417e+08
7048.00 2.6445e+08
7050.00 2.6477e+08
7052.00 2.6536e+08
7054.00 2.6557e+08
7056.00 2.6542e+08
7058.00 2.6538e+08
7060.00 2.6556e+08
7062.00 2.658e+08
7064.00 2.6592e+08
7066.00 2.6601e+08
7068.00 2.6599e+08
7070.00 2.6577e+08
7072.00 2.6571e+08
7074.00 2.6574e+08
7076.00 2.6586e+08
7078.00 2.6624e+08
7080.00 2.6672e+08
7082.00 2.6646e+08
7084.00 2.6531e+08
7086.00 2.6496e+08
7088.00 2.6518e+08
7090.00 2.6518e+08
7092.00 2.6485e+08
7094.00 2.6442e+08
7096.00 2.6401e+08
7098.00 2.6355e+08
7100.00 2.6324e+08
7102.00 2.6309e+08
7104.00 2.6287e+08
7106.00 2.6259e+08
7108.00 2.6234e+08
7110.00 2.6196e+08
7112.00 2.6168e+08
7114.00 2.6228e+08
7116.00 2.6411e+08
7118.00 2.645e+08
7120.00 2.6377e+08
7122.00 2.634e+08
7124.00 2.6351e+08
7126.00 2.6362e+08
7128.00 2.634e+08
7130.00 2.6302e+08
7132.00 2.622e+08
7134.00 2.6051e+08
7136.00 2.5967e+08
7138.00 2.5921e+08
7140.00 2.5926e+08
7142.00 2.6012e+08
7144.00 2.613e+08
7146.00 2.6173e+08
7148.00 2.6188e+08
7150.00 2.6139e+08
7152.00 2.5975e+08
7154.00 2.5892e+08
7156.00 2.5898e+08
7158.00 2.5921e+08
7160.00 2.5915e+08
7162.00 2.5903e+08
7164.00 2.5938e+08
7166.00 2.605e+08
7168.00 2.607e+08
7170.00 2.603e+08
7172.00 2.5974e+08
7174.00 2.5887e+08
7176.00 2.5805e+08
7178.00 2.5813e+08
7180.00 2.59e+08
7182.00 2.59e+08
7184.00 2.5824e+08
7186.00 2.5803e+08
7188.00 2.5836e+08
7190.00 2.5876e+08
7192.00 2.5909e+08
7194.00 2.5939e+08
7196.00 2.5928e+08
7198.00 2.5872e+08
7200.00 2.5838e+08
7202.00 2.5782e+08
7204.00 2.5774e+08
7206.00 2.5855e+08
7208.00 2.5939e+08
7210.00 2.5919e+08
7212.00 2.5831e+08
7214.00 2.5792e+08
7216.00 2.577e+08
7218.00 2.5745e+08
7220.00 2.5699e+08
7222.00 2.5693e+08
7224.00 2.5783e+08
7226.00 2.5908e+08
7228.00 2.5903e+08
7230.00 2.578e+08
7232.00 2.5756e+08
7234.00 2.5807e+08
7236.00 2.5806e+08
7238.00 2.57e+08
7240.00 2.5623e+08
7242.00 2.5723e+08
7244.00 2.5945e+08
7246.00 2.5942e+08
7248.00 2.5696e+08
7250.00 2.5658e+08
7252.00 2.5779e+08
7254.00 2.5888e+08
7256.00 2.5956e+08
7258.00 2.5995e+08
7260.00 2.5954e+08
7262.00 2.5814e+08
7264.00 2.5782e+08
7266.00 2.5784e+08
7268.00 2.5852e+08
7270.00 2.6073e+08
7272.00 2.6233e+08
7274.00 2.6127e+08
7276.00 2.5871e+08
7278.00 2.5835e+08
7280.00 2.5983e+08
7282.00 2.5996e+08
7284.00 2.5915e+08
7286.00 2.5881e+08
7288.00 2.5936e+08
7290.00 2.602e+08
7292.00 2.6079e+08
7294.00 2.6149e+08
7296.00 2.6129e+08
7298.00 2.5968e+08
7300.00 2.5927e+08
7302.00 2.6007e+08
7304.00 2.6096e+08
7306.00 2.614e+08
7308.00 2.617e+08
7310.00 2.621e+08
7312.00 2.6261e+08
7314.00 2.6284e+08
7316.00 2.6297e+08
7318.00 2.6286e+08
7320.00 2.6217e+08
7322.00 2.6159e+08
7324.00 2.6211e+08
7326.00 2.6348e+08
7328.00 2.6353e+08
7330.00 2.6293e+08
7332.00 2.6178e+08
7334.00 2.5886e+08
7336.00 2.5735e+08
7338.00 2.5901e+08
7340.00 2.6218e+08
7342.00 2.639e+08
7344.00 2.657e+08
7346.00 2.6563e+08
7348.00 2.6316e+08
7350.00 2.6172e+08
7352.00 2.6142e+08
7354.00 2.6145e+08
7356.00 2.6139e+08
7358.00 2.6143e+08
7360.00 2.6139e+08
7362.00 2.6137e+08
7364.00 2.6128e+08
7366.00 2.6114e+08
7368.00 2.6097e+08
7370.00 2.6075e+08
7372.00 2.6051e+08
7374.00 2.6037e+08
7376.00 2.6021e+08
7378.00 2.6047e+08
7380.00 2.6108e+08
7382.00 2.6186e+08
7384.00 2.6325e+08
7386.00 2.6423e+08
7388.00 2.6388e+08
7390.00 2.6272e+08
7392.00 2.6214e+08
7394.00 2.6153e+08
7396.00 2.6138e+08
7398.00 2.617e+08
7400.00 2.6206e+08
7402.00 2.6226e+08
7404.00 2.6261e+08
7406.00 2.6364e+08
7408.00 2.6536e+08
7410.00 2.6598e+08
7412.00 2.6586e+08
7414.00 2.6564e+08
7416.00 2.651e+08
7418.00 2.6455e+08
7420.00 2.6416e+08
7422.00 2.6384e+08
7424.00 2.6365e+08
7426.00 2.6357e+08
7428.00 2.636e+08
7430.00 2.6385e+08
7432.00 2.6402e+08
7434.00 2.6403e+08
7436.00 2.6406e+08
7438.00 2.6428e+08
7440.00 2.6469e+08
7442.00 2.6458e+08
7444.00 2.6369e+08
7446.00 2.6364e+08
7448.00 2.6445e+08
7450.00 2.6518e+08
7452.00 2.6552e+08
7454.00 2.6568e+08
7456.00 2.6574e+08
7458.00 2.6544e+08
7460.00 2.6582e+08
7462.00 2.6743e+08
7464.00 2.6765e+08
7466.00 2.6572e+08
7468.00 2.6379e+08
7470.00 2.6359e+08
7472.00 2.6433e+08
7474.00 2.6497e+08
7476.00 2.6649e+08
7478.00 2.668e+08
7480.00 2.6589e+08
7482.00 2.6526e+08
7484.00 2.6534e+08
7486.00 2.6566e+08
7488.00 2.6577e+08
7490.00 2.6589e+08
7492.00 2.657e+08
7494.00 2.6499e+08
7496.00 2.6475e+08
7498.00 2.6506e+08
7500.00 2.6541e+08
7502.00 2.6547e+08
7504.00 2.6542e+08
7506.00 2.6517e+08
7508.00 2.6447e+08
7510.00 2.6427e+08
7512.00 2.6426e+08
7514.00 2.6456e+08
7516.00 2.6535e+08
7518.00 2.6627e+08
7520.00 2.6676e+08
7522.00 2.6709e+08
7524.00 2.6703e+08
7526.00 2.6655e+08
7528.00 2.6597e+08
7530.00 2.6477e+08
7532.00 2.6415e+08
7534.00 2.6509e+08
7536.00 2.668e+08
7538.00 2.6709e+08
7540.00 2.6648e+08
7542.00 2.6603e+08
7544.00 2.6515e+08
7546.00 2.6467e+08
7548.00 2.646e+08
7550.00 2.6486e+08
7552.00 2.6557e+08
7554.00 2.668e+08
7556.00 2.6706e+08
7558.00 2.6639e+08
7560.00 2.6622e+08
7562.00 2.6635e+08
7564.00 2.665e+08
7566.00 2.6641e+08
7568.00 2.6642e+08
7570.00 2.6744e+08
7572.00 2.6975e+08
7574.00 2.705e+08
7576.00 2.7029e+08
7578.00 2.6994e+08
7580.00 2.6917e+08
7582.00 2.6846e+08
7584.00 2.683e+08
7586.00 2.6847e+08
7588.00 2.6871e+08
7590.00 2.6955e+08
7592.00 2.6951e+08
7594.00 2.6845e+08
7596.00 2.6782e+08
7598.00 2.6801e+08
7600.00 2.6864e+08
7602.00 2.6962e+08
7604.00 2.7173e+08
7606.00 2.7072e+08
7608.00 2.6576e+08
7610.00 2.6368e+08
7612.00 2.6474e+08
7614.00 2.6601e+08
7616.00 2.6557e+08
7618.00 2.6453e+08
7620.00 2.652e+08
7622.00 2.6718e+08
7624.00 2.6913e+08
7626.00 2.7279e+08
7628.00 2.7432e+08
7630.00 2.7228e+08
7632.00 2.6917e+08
7634.00 2.6783e+08
7636.00 2.6708e+08
7638.00 2.6677e+08
7640.00 2.6732e+08
7642.00 2.675e+08
7644.00 2.6721e+08
7646.00 2.6728e+08
7648.00 2.6823e+08
7650.00 2.6965e+08
7652.00 2.7064e+08
7654.00 2.7192e+08
7656.00 2.7195e+08
7658.00 2.7065e+08
7660.00 2.6962e+08
7662.00 2.6879e+08
7664.00 2.6824e+08
7666.00 2.6837e+08
7668.00 2.6905e+08
7670.00 2.6943e+08
7672.00 2.6963e+08
7674.00 2.7021e+08
7676.00 2.7128e+08
7678.00 2.7218e+08
7680.00 2.7281e+08
7682.00 2.731e+08
7684.00 2.7238e+08
7686.00 2.7034e+08
7688.00 2.6967e+08
7690.00 2.6985e+08
7692.00 2.6995e+08
7694.00 2.7008e+08
7696.00 2.7017e+08
7698.00 2.6998e+08
7700.00 2.6963e+08
7702.00 2.6986e+08
7704.00 2.7096e+08
7706.00 2.7113e+08
7708.00 2.7067e+08
7710.00 2.7006e+08
7712.00 2.6938e+08
7714.00 2.6857e+08
7716.00 2.6754e+08
7718.00 2.6606e+08
7720.00 2.6569e+08
7722.00 2.6633e+08
7724.00 2.6674e+08
7726.00 2.668e+08
7728.00 2.6719e+08
7730.00 2.686e+08
7732.00 2.7058e+08
7734.00 2.7109e+08
7736.00 2.7016e+08
7738.00 2.7022e+08
7740.00 2.7028e+08
7742.00 2.7114e+08
7744.00 2.7365e+08
7746.00 2.762e+08
7748.00 2.7642e+08
7750.00 2.7509e+08
7752.00 2.7394e+08
7754.00 2.7236e+08
7756.00 2.7053e+08
7758.00 2.6744e+08
7760.00 2.6562e+08
7762.00 2.6693e+08
7764.00 2.6977e+08
7766.00 2.7006e+08
7768.00 2.6847e+08
7770.00 2.6828e+08
7772.00 2.6841e+08
7774.00 2.6914e+08
7776.00 2.7104e+08
7778.00 2.7289e+08
7780.00 2.7334e+08
7782.00 2.7291e+08
7784.00 2.7245e+08
7786.00 2.7156e+08
7788.00 2.7062e+08
7790.00 2.6937e+08
7792.00 2.6831e+08
7794.00 2.6749e+08
7796.00 2.6694e+08
7798.00 2.6706e+08
7800.00 2.6781e+08
7802.00 2.6867e+08
7804.00 2.7057e+08
7806.00 2.7113e+08
7808.00 2.6987e+08
7810.00 2.6835e+08
7812.00 2.6762e+08
7814.00 2.6716e+08
7816.00 2.672e+08
7818.00 2.6772e+08
7820.00 2.6855e+08
7822.00 2.7027e+08
7824.00 2.7141e+08
7826.00 2.7165e+08
7828.00 2.7128e+08
7830.00 2.7022e+08
7832.00 2.6814e+08
7834.00 2.6729e+08
7836.00 2.6731e+08
7838.00 2.6708e+08
7840.00 2.6614e+08
7842.00 2.66e+08
7844.00 2.6814e+08
7846.00 2.7157e+08
7848.00 2.7251e+08
7850.00 2.7135e+08
7852.00 2.7135e+08
7854.00 2.7148e+08
7856.00 2.7196e+08
7858.00 2.7345e+08
7860.00 2.7467e+08
7862.00 2.7363e+08
7864.00 2.7083e+08
7866.00 2.6922e+08
7868.00 2.6742e+08
7870.00 2.6681e+08
7872.00 2.6756e+08
7874.00 2.6856e+08
7876.00 2.6951e+08
7878.00 2.705e+08
7880.00 2.709e+08
7882.00 2.7073e+08
7884.00 2.7087e+08
7886.00 2.7129e+08
7888.00 2.7129e+08
7890.00 2.7066e+08
7892.00 2.699e+08
7894.00 2.694e+08
7896.00 2.6895e+08
7898.00 2.6898e+08
7900.00 2.6968e+08
7902.00 2.6997e+08
7904.00 2.702e+08
7906.00 2.7008e+08
7908.00 2.6937e+08
7910.00 2.6836e+08
7912.00 2.6753e+08
7914.00 2.6631e+08
7916.00 2.6655e+08
7918.00 2.6881e+08
7920.00 2.6966e+08
7922.00 2.6855e+08
7924.00 2.675e+08
7926.00 2.6805e+08
7928.00 2.6946e+08
7930.00 2.7014e+08
7932.00 2.7075e+08
7934.00 2.709e+08
7936.00 2.7015e+08
7938.00 2.7002e+08
7940.00 2.7129e+08
7942.00 2.7281e+08
7944.00 2.7287e+08
7946.00 2.7204e+08
7948.00 2.7095e+08
7950.00 2.6905e+08
7952.00 2.6746e+08
7954.00 2.657e+08
7956.00 2.6455e+08
7958.00 2.6458e+08
7960.00 2.6543e+08
7962.00 2.6632e+08
7964.00 2.6767e+08
7966.00 2.6899e+08
7968.00 2.7092e+08
7970.00 2.7205e+08
7972.00 2.7189e+08
7974.00 2.7138e+08
7976.00 2.7163e+08
7978.00 2.7221e+08
7980.00 2.7271e+08
7982.00 2.7377e+08
7984.00 2.7376e+08
7986.00 2.7294e+08
7988.00 2.7147e+08
7990.00 2.6897e+08
7992.00 2.6604e+08
7994.00 2.6491e+08
7996.00 2.646e+08
7998.00 2.657e+08
8000.00 2.6963e+08
8002.00 2.7167e+08
8004.00 2.7088e+08
8006.00 2.6967e+08
8008.00 2.7011e+08
8010.00 2.7132e+08
8012.00 2.7209e+08
8014.00 2.729e+08
8016.00 2.7347e+08
8018.00 2.7415e+08
8020.00 2.7418e+08
8022.00 2.7323e+08
8024.00 2.7166e+08
8026.00 2.698e+08
8028.00 2.6676e+08
8030.00 2.6645e+08
8032.00 2.6869e+08
8034.00 2.703e+08
8036.00 2.717e+08
8038.00 2.7261e+08
8040.00 2.7239e+08
8042.00 2.7137e+08
8044.00 2.7124e+08
8046.00 2.7138e+08
8048.00 2.7192e+08
8050.00 2.731e+08
8052.00 2.7414e+08
8054.00 2.7521e+08
8056.00 2.7589e+08
8058.00 2.7504e+08
8060.00 2.7264e+08
8062.00 2.7184e+08
8064.00 2.7201e+08
8066.00 2.7196e+08
8068.00 2.719e+08
8070.00 2.7175e+08
8072.00 2.7124e+08
8074.00 2.706e+08
8076.00 2.708e+08
8078.00 2.7213e+08
8080.00 2.7228e+08
8082.00 2.7155e+08
8084.00 2.7102e+08
8086.00 2.7071e+08
8088.00 2.7062e+08
8090.00 2.71e+08
8092.00 2.7177e+08
8094.00 2.7262e+08
8096.00 2.7403e+08
8098.00 2.7477e+08
8100.00 2.7528e+08
8102.00 2.7501e+08
8104.00 2.7326e+08
8106.00 2.7082e+08
8108.00 2.6999e+08
8110.00 2.7021e+08
8112.00 2.7023e+08
8114.00 2.707e+08
8116.00 2.7082e+08
8118.00 2.7039e+08
8120.00 2.6991e+08
8122.00 2.6987e+08
8124.00 2.7007e+08
8126.00 2.6973e+08
8128.00 2.6859e+08
8130.00 2.6839e+08
8132.00 2.6893e+08
8134.00 2.6961e+08
8136.00 2.702e+08
8138.00 2.7094e+08
8140.00 2.7221e+08
8142.00 2.7434e+08
8144.00 2.7489e+08
8146.00 2.7385e+08
8148.00 2.7354e+08
8150.00 2.7427e+08
8152.00 2.7476e+08
8154.00 2.7394e+08
8156.00 2.7239e+08
8158.00 2.7203e+08
8160.00 2.7283e+08
8162.00 2.7265e+08
8164.00 2.7154e+08
8166.00 2.7103e+08
8168.00 2.7153e+08
8170.00 2.7247e+08
8172.00 2.7331e+08
8174.00 2.7442e+08
8176.00 2.7481e+08
8178.00 2.7444e+08
8180.00 2.7438e+08
8182.00 2.7432e+08
8184.00 2.7462e+08
8186.00 2.7618e+08
8188.00 2.7818e+08
8190.00 2.7647e+08
8192.00 2.7021e+08
8194.00 2.6817e+08
8196.00 2.6822e+08
8198.00 2.6888e+08
8200.00 2.7062e+08
8202.00 2.7248e+08
8204.00 2.7287e+08
8206.00 2.7237e+08
8208.00 2.7197e+08
8210.00 2.7055e+08
8212.00 2.7069e+08
8214.00 2.7288e+08
8216.00 2.7447e+08
8218.00 2.7384e+08
8220.00 2.7242e+08
8222.00 2.7302e+08
8224.00 2.7534e+08
8226.00 2.7624e+08
8228.00 2.7689e+08
8230.00 2.7663e+08
8232.00 2.7476e+08
8234.00 2.7294e+08
8236.00 2.7289e+08
8238.00 2.7392e+08
8240.00 2.7383e+08
8242.00 2.7321e+08
8244.00 2.7256e+08
8246.00 2.7128e+08
8248.00 2.7068e+08
8250.00 2.715e+08
8252.00 2.7283e+08
8254.00 2.7301e+08
8256.00 2.7234e+08
8258.00 2.7266e+08
8260.00 2.7385e+08
8262.00 2.7453e+08
8264.00 2.752e+08
8266.00 2.7502e+08
8268.00 2.7274e+08
8270.00 2.6911e+08
8272.00 2.6827e+08
8274.00 2.6943e+08
8276.00 2.7036e+08
8278.00 2.7206e+08
8280.00 2.7349e+08
8282.00 2.7441e+08
8284.00 2.751e+08
8286.00 2.7589e+08
8288.00 2.7694e+08
8290.00 2.7631e+08
8292.00 2.7294e+08
8294.00 2.7215e+08
8296.00 2.7387e+08
8298.00 2.7612e+08
8300.00 2.785e+08
8302.00 2.8097e+08
8304.00 2.8059e+08
8306.00 2.7698e+08
8308.00 2.7549e+08
8310.00 2.745e+08
8312.00 2.7409e+08
8314.00 2.7446e+08
8316.00 2.7521e+08
8318.00 2.7601e+08
8320.00 2.7717e+08
8322.00 2.7689e+08
8324.00 2.7481e+08
8326.00 2.7404e+08
8328.00 2.7435e+08
8330.00 2.7466e+08
8332.00 2.7442e+08
8334.00 2.7413e+08
8336.00 2.7485e+08
8338.00 2.7751e+08
8340.00 2.7634e+08
8342.00 2.7063e+08
8344.00 2.6794e+08
8346.00 2.6883e+08
8348.00 2.7089e+08
8350.00 2.729e+08
8352.00 2.7556e+08
8354.00 2.7553e+08
8356.00 2.7217e+08
8358.00 2.7134e+08
8360.00 2.7196e+08
8362.00 2.7297e+08
8364.00 2.7436e+08
8366.00 2.7591e+08
8368.00 2.7665e+08
8370.00 2.771e+08
8372.00 2.764e+08
8374.00 2.7395e+08
8376.00 2.7247e+08
8378.00 2.7176e+08
8380.00 2.7151e+08
8382.00 2.7177e+08
8384.00 2.7249e+08
8386.00 2.727e+08
8388.00 2.7322e+08
8390.00 2.7241e+08
8392.00 2.6954e+08
8394.00 2.6801e+08
8396.00 2.6872e+08
8398.00 2.7033e+08
8400.00 2.7151e+08
8402.00 2.7293e+08
8404.00 2.7373e+08
8406.00 2.7427e+08
8408.00 2.7424e+08
8410.00 2.7309e+08
8412.00 2.7231e+08
8414.00 2.7283e+08
8416.00 2.7401e+08
8418.00 2.7474e+08
8420.00 2.7632e+08
8422.00 2.7534e+08
8424.00 2.7146e+08
8426.00 2.687e+08
8428.00 2.6677e+08
8430.00 2.6615e+08
8432.00 2.6858e+08
8434.00 2.7393e+08
8436.00 2.7584e+08
8438.00 2.7575e+08
8440.00 2.7561e+08
8442.00 2.7466e+08
8444.00 2.738e+08
8446.00 2.7351e+08
8448.00 2.7337e+08
8450.00 2.7258e+08
8452.00 2.7094e+08
8454.00 2.7073e+08
8456.00 2.7189e+08
8458.00 2.7252e+08
8460.00 2.7237e+08
8462.00 2.7224e+08
8464.00 2.728e+08
8466.00 2.7377e+08
8468.00 2.7407e+08
8470.00 2.7399e+08
8472.00 2.7373e+08
8474.00 2.728e+08
8476.00 2.724e+08
8478.00 2.734e+08
8480.00 2.7459e+08
8482.00 2.7355e+08
8484.00 2.7052e+08
8486.00 2.6944e+08
8488.00 2.6916e+08
8490.00 2.6939e+08
8492.00 2.7049e+08
8494.00 2.7168e+08
8496.00 2.7265e+08
8498.00 2.735e+08
8500.00 2.7255e+08
8502.00 2.6881e+08
8504.00 2.6769e+08
8506.00 2.681e+08
8508.00 2.6871e+08
8510.00 2.6944e+08
8512.00 2.7031e+08
8514.00 2.711e+08
8516.00 2.7196e+08
8518.00 2.7246e+08
8520.00 2.7267e+08
8522.00 2.7284e+08
8524.00 2.7311e+08
8526.00 2.7303e+08
8528.00 2.7222e+08
8530.00 2.7099e+08
8532.00 2.702e+08
8534.00 2.692e+08
8536.00 2.6927e+08
8538.00 2.7137e+08
8540.00 2.7154e+08
8542.00 2.6839e+08
8544.00 2.6498e+08
8546.00 2.6478e+08
8548.00 2.6673e+08
8550.00 2.6498e+08
8552.00 2.5858e+08
8554.00 2.5713e+08
8556.00 2.5998e+08
8558.00 2.6335e+08
8560.00 2.6622e+08
8562.00 2.6908e+08
8564.00 2.7101e+08
8566.00 2.7258e+08
8568.00 2.7273e+08
8570.00 2.7097e+08
8572.00 2.6976e+08
8574.00 2.6902e+08
8576.00 2.6853e+08
8578.00 2.6833e+08
8580.00 2.684e+08
8582.00 2.6859e+08
8584.00 2.6926e+08
8586.00 2.6938e+08
8588.00 2.6917e+08
8590.00 2.6872e+08
8592.00 2.6776e+08
8594.00 2.668e+08
8596.00 2.6706e+08
8598.00 2.683e+08
8600.00 2.6928e+08
8602.00 2.7083e+08
8604.00 2.7158e+08
8606.00 2.7111e+08
8608.00 2.7085e+08
8610.00 2.7206e+08
8612.00 2.74e+08
8614.00 2.7405e+08
8616.00 2.7294e+08
8618.00 2.7127e+08
8620.00 2.677e+08
8622.00 2.6562e+08
8624.00 2.6597e+08
8626.00 2.6717e+08
8628.00 2.6752e+08
8630.00 2.6774e+08
8632.00 2.677e+08
8634.00 2.6706e+08
8636.00 2.6702e+08
8638.00 2.678e+08
8640.00 2.6831e+08
8642.00 2.6789e+08
8644.00 2.6701e+08
8646.00 2.6649e+08
8648.00 2.6587e+08
8650.00 2.658e+08
8652.00 2.6625e+08
8654.00 2.6669e+08
8656.00 2.6689e+08
8658.00 2.6736e+08
8660.00 2.6887e+08
8662.00 2.7129e+08
8664.00 2.7206e+08
8666.00 2.7173e+08
8668.00 2.7119e+08
8670.00 2.6988e+08
8672.00 2.6876e+08
8674.00 2.6797e+08
8676.00 2.6755e+08
8678.00 2.6847e+08
8680.00 2.7123e+08
8682.00 2.7189e+08
8684.00 2.7107e+08
8686.00 2.7055e+08
8688.00 2.7018e+08
8690.00 2.6999e+08
8692.00 2.7034e+08
8694.00 2.7108e+08
8696.00 2.7083e+08
8698.00 2.6931e+08
8700.00 2.6901e+08
8702.00 2.6971e+08
8704.00 2.7025e+08
8706.00 2.7053e+08
8708.00 2.705e+08
8710.00 2.6949e+08
8712.00 2.6717e+08
8714.00 2.6701e+08
8716.00 2.6894e+08
8718.00 2.6982e+08
8720.00 2.6989e+08
8722.00 2.6956e+08
8724.00 2.6889e+08
8726.00 2.6788e+08
8728.00 2.6692e+08
8730.00 2.6513e+08
8732.00 2.6512e+08
8734.00 2.6685e+08
8736.00 2.6825e+08
8738.00 2.6911e+08
8740.00 2.6966e+08
8742.00 2.6975e+08
8744.00 2.6934e+08
8746.00 2.6932e+08
8748.00 2.6916e+08
8750.00 2.6967e+08
8752.00 2.7161e+08
8754.00 2.7272e+08
8756.00 2.7144e+08
8758.00 2.6902e+08
8760.00 2.6826e+08
8762.00 2.6818e+08
8764.00 2.6859e+08
8766.00 2.7067e+08
8768.00 2.7111e+08
8770.00 2.6844e+08
8772.00 2.6597e+08
8774.00 2.6755e+08
8776.00 2.7197e+08
8778.00 2.7277e+08
8780.00 2.7174e+08
8782.00 2.699e+08
8784.00 2.655e+08
8786.00 2.627e+08
8788.00 2.6341e+08
8790.00 2.6578e+08
8792.00 2.6714e+08
8794.00 2.6859e+08
8796.00 2.6974e+08
8798.00 2.7093e+08
8800.00 2.7146e+08
8802.00 2.7096e+08
8804.00 2.7036e+08
8806.00 2.7035e+08
8808.00 2.7059e+08
8810.00 2.7129e+08
8812.00 2.7306e+08
8814.00 2.7362e+08
8816.00 2.7415e+08
8818.00 2.73e+08
8820.00 2.6946e+08
8822.00 2.6457e+08
8824.00 2.593e+08
8826.00 2.5202e+08
8828.00 2.5044e+08
8830.00 2.5336e+08
8832.00 2.5666e+08
8834.00 2.6261e+08
8836.00 2.6714e+08
8838.00 2.661e+08
8840.00 2.6204e+08
8842.00 2.6292e+08
8844.00 2.6845e+08
8846.00 2.6996e+08
8848.00 2.6941e+08
8850.00 2.6836e+08
8852.00 2.6631e+08
8854.00 2.6437e+08
8856.00 2.6464e+08
8858.00 2.6651e+08
8860.00 2.6766e+08
8862.00 2.689e+08
8864.00 2.7005e+08
8866.00 2.7198e+08
8868.00 2.7255e+08
8870.00 2.6995e+08
8872.00 2.6585e+08
8874.00 2.6472e+08
8876.00 2.6651e+08
8878.00 2.6475e+08
8880.00 2.5976e+08
8882.00 2.5652e+08
8884.00 2.5483e+08
8886.00 2.5468e+08
8888.00 2.5709e+08
8890.00 2.6194e+08
8892.00 2.6506e+08
8894.00 2.6798e+08
8896.00 2.7016e+08
8898.00 2.7206e+08
8900.00 2.7271e+08
8902.00 2.7124e+08
8904.00 2.6877e+08
8906.00 2.6778e+08
8908.00 2.6733e+08
8910.00 2.6739e+08
8912.00 2.7007e+08
8914.00 2.6895e+08
8916.00 2.6109e+08
8918.00 2.549e+08
8920.00 2.5742e+08
8922.00 2.6538e+08
8924.00 2.6939e+08
8926.00 2.7382e+08
8928.00 2.7452e+08
8930.00 2.712e+08
8932.00 2.677e+08
8934.00 2.6424e+08
8936.00 2.611e+08
8938.00 2.6002e+08
8940.00 2.6028e+08
8942.00 2.6183e+08
8944.00 2.6535e+08
8946.00 2.6892e+08
8948.00 2.7369e+08
8950.00 2.7752e+08
8952.00 2.7851e+08
8954.00 2.7775e+08
8956.00 2.7789e+08
8958.00 2.7834e+08
8960.00 2.7785e+08
8962.00 2.7711e+08
8964.00 2.752e+08
8966.00 2.7101e+08
8968.00 2.6679e+08
8970.00 2.6562e+08
8972.00 2.6648e+08
8974.00 2.6664e+08
8976.00 2.6745e+08
8978.00 2.6742e+08
8980.00 2.6636e+08
8982.00 2.6548e+08
8984.00 2.6522e+08
8986.00 2.6537e+08
8988.00 2.6632e+08
8990.00 2.6906e+08
8992.00 2.6899e+08
8994.00 2.6671e+08
8996.00 2.6455e+08
8998.00 2.6206e+08
9000.00 2.6006e+08
9002.00 2.597e+08
9004.00 2.6049e+08
9006.00 2.6178e+08
9008.00 2.6443e+08
9010.00 2.6635e+08
9012.00 2.6821e+08
9014.00 2.6949e+08
9016.00 2.6988e+08
9018.00 2.6972e+08
9020.00 2.6962e+08
9022.00 2.6915e+08
9024.00 2.6928e+08
9026.00 2.7e+08
9028.00 2.7041e+08
9030.00 2.7061e+08
9032.00 2.7053e+08
9034.00 2.6985e+08
9036.00 2.6872e+08
9038.00 2.6882e+08
9040.00 2.6994e+08
9042.00 2.7088e+08
9044.00 2.7284e+08
9046.00 2.7339e+08
9048.00 2.7143e+08
9050.00 2.6855e+08
9052.00 2.6679e+08
9054.00 2.6515e+08
9056.00 2.6484e+08
9058.00 2.6561e+08
9060.00 2.6702e+08
9062.00 2.6988e+08
9064.00 2.7238e+08
9066.00 2.7329e+08
9068.00 2.7329e+08
9070.00 2.7312e+08
9072.00 2.7236e+08
9074.00 2.7162e+08
9076.00 2.707e+08
9078.00 2.6967e+08
9080.00 2.6822e+08
9082.00 2.6696e+08
9084.00 2.6667e+08
9086.00 2.6695e+08
9088.00 2.6847e+08
9090.00 2.7259e+08
9092.00 2.7434e+08
9094.00 2.7427e+08
9096.00 2.7333e+08
9098.00 2.7149e+08
9100.00 2.6906e+08
9102.00 2.6787e+08
9104.00 2.6722e+08
9106.00 2.6717e+08
9108.00 2.6837e+08
9110.00 2.6882e+08
9112.00 2.6824e+08
9114.00 2.6738e+08
9116.00 2.6655e+08
9118.00 2.6551e+08
9120.00 2.6636e+08
9122.00 2.6983e+08
9124.00 2.7124e+08
9126.00 2.7104e+08
9128.00 2.7092e+08
9130.00 2.7137e+08
9132.00 2.7198e+08
9134.00 2.7258e+08
9136.00 2.7368e+08
9138.00 2.7306e+08
9140.00 2.7038e+08
9142.00 2.6881e+08
9144.00 2.6833e+08
9146.00 2.6822e+08
9148.00 2.6804e+08
9150.00 2.6802e+08
9152.00 2.685e+08
9154.00 2.6959e+08
9156.00 2.7053e+08
9158.00 2.7175e+08
9160.00 2.7265e+08
9162.00 2.7304e+08
9164.00 2.7318e+08
9166.00 2.7342e+08
9168.00 2.7375e+08
9170.00 2.7332e+08
9172.00 2.7181e+08
9174.00 2.7111e+08
9176.00 2.7139e+08
9178.00 2.7153e+08
9180.00 2.7067e+08
9182.00 2.6941e+08
9184.00 2.6949e+08
9186.00 2.7101e+08
9188.00 2.7134e+08
9190.00 2.7098e+08
9192.00 2.7071e+08
9194.00 2.7074e+08
9196.00 2.707e+08
9198.00 2.701e+08
9200.00 2.6902e+08
9202.00 2.6881e+08
9204.00 2.692e+08
9206.00 2.6963e+08
9208.00 2.7022e+08
9210.00 2.7094e+08
9212.00 2.7205e+08
9214.00 2.7317e+08
9216.00 2.727e+08
9218.00 2.7054e+08
9220.00 2.6961e+08
9222.00 2.6935e+08
9224.00 2.6874e+08
9226.00 2.6759e+08
9228.00 2.6639e+08
9230.00 2.6548e+08
9232.00 2.6466e+08
9234.00 2.6454e+08
9236.00 2.654e+08
9238.00 2.656e+08
9240.00 2.6505e+08
9242.00 2.6504e+08
9244.00 2.6625e+08
9246.00 2.6789e+08
9248.00 2.6853e+08
9250.00 2.688e+08
9252.00 2.6823e+08
9254.00 2.6565e+08
9256.00 2.651e+08
9258.00 2.6739e+08
9260.00 2.6961e+08
9262.00 2.6959e+08
9264.00 2.6839e+08
9266.00 2.6733e+08
9268.00 2.657e+08
9270.00 2.6437e+08
9272.00 2.6317e+08
9274.00 2.6193e+08
9276.00 2.601e+08
9278.00 2.5867e+08
9280.00 2.5943e+08
9282.00 2.6209e+08
9284.00 2.6382e+08
9286.00 2.6533e+08
9288.00 2.6718e+08
9290.00 2.699e+08
9292.00 2.7197e+08
9294.00 2.7275e+08
9296.00 2.7247e+08
9298.00 2.6985e+08
9300.00 2.6369e+08
9302.00 2.6038e+08
9304.00 2.6022e+08
9306.00 2.5667e+08
9308.00 2.4597e+08
9310.00 2.3641e+08
9312.00 2.3733e+08
9314.00 2.4552e+08
9316.00 2.5183e+08
9318.00 2.6422e+08
9320.00 2.6695e+08
9322.00 2.5776e+08
9324.00 2.5034e+08
9326.00 2.501e+08
9328.00 2.5284e+08
9330.00 2.5485e+08
9332.00 2.6009e+08
9334.00 2.5766e+08
9336.00 2.4571e+08
9338.00 2.4028e+08
9340.00 2.4203e+08
9342.00 2.4685e+08
9344.00 2.5344e+08
9346.00 2.631e+08
9348.00 2.6485e+08
9350.00 2.5934e+08
9352.00 2.5613e+08
9354.00 2.52e+08
9356.00 2.4947e+08
9358.00 2.5234e+08
9360.00 2.5488e+08
9362.00 2.4337e+08
9364.00 2.4142e+08
9366.00 2.3948e+08
9368.00 2.3757e+08
9370.00 2.3566e+08
9372.00 2.3378e+08
9374.00 2.319e+08
9376.00 2.3004e+08
9378.00 2.3004e+08
9380.00 2.3355e+08
9382.00 2.4315e+08
9384.00 2.4947e+08
9386.00 2.5513e+08
9388.00 2.5986e+08
9390.00 2.6384e+08
9392.00 2.6655e+08
9394.00 2.6686e+08
9396.00 2.6471e+08
9398.00 2.6357e+08
9400.00 2.6314e+08
9402.00 2.6093e+08
9404.00 2.5665e+08
9406.00 2.5216e+08
9408.00 2.4792e+08
9410.00 2.439e+08
9412.00 2.4238e+08
9414.00 2.4015e+08
9416.00 2.4596e+08
9418.00 2.6519e+08
9420.00 2.7666e+08
9422.00 2.7408e+08
9424.00 2.6794e+08
9426.00 2.6808e+08
9428.00 2.7069e+08
9430.00 2.713e+08
9432.00 2.7465e+08
9434.00 2.7007e+08
9436.00 2.5305e+08
9438.00 2.4259e+08
9440.00 2.4691e+08
9442.00 2.5855e+08
9444.00 2.6513e+08
9446.00 2.7274e+08
9448.00 2.7452e+08
9450.00 2.7006e+08
9452.00 2.6653e+08
9454.00 2.6423e+08
9456.00 2.6149e+08
9458.00 2.5675e+08
9460.00 2.5062e+08
9462.00 2.4881e+08
9464.00 2.497e+08
9466.00 2.5199e+08
9468.00 2.5634e+08
9470.00 2.6205e+08
9472.00 2.722e+08
9474.00 2.818e+08
9476.00 2.7636e+08
9478.00 2.567e+08
9480.00 2.5099e+08
9482.00 2.5148e+08
9484.00 2.535e+08
9486.00 2.5914e+08
9488.00 2.649e+08
9490.00 2.6798e+08
9492.00 2.6964e+08
9494.00 2.6869e+08
9496.00 2.6431e+08
9498.00 2.6085e+08
9500.00 2.5578e+08
9502.00 2.5288e+08
9504.00 2.5352e+08
9506.00 2.5544e+08
9508.00 2.5588e+08
9510.00 2.5593e+08
9512.00 2.5574e+08
9514.00 2.5393e+08
9516.00 2.5474e+08
9518.00 2.5861e+08
9520.00 2.6278e+08
9522.00 2.6627e+08
9524.00 2.6938e+08
9526.00 2.6951e+08
9528.00 2.6624e+08
9530.00 2.6466e+08
9532.00 2.6291e+08
9534.00 2.6203e+08
9536.00 2.6324e+08
9538.00 2.6396e+08
9540.00 2.6028e+08
9542.00 2.5313e+08
9544.00 2.5244e+08
9546.00 2.5487e+08
9548.00 2.6053e+08
9550.00 2.7463e+08
9552.00 2.8445e+08
9554.00 2.8291e+08
9556.00 2.7537e+08
9558.00 2.6878e+08
9560.00 2.5955e+08
9562.00 2.5288e+08
9564.00 2.4497e+08
9566.00 2.4219e+08
9568.00 2.4625e+08
9570.00 2.5212e+08
9572.00 2.557e+08
9574.00 2.5887e+08
9576.00 2.6021e+08
9578.00 2.5971e+08
9580.00 2.5885e+08
9582.00 2.5621e+08
9584.00 2.5468e+08
9586.00 2.552e+08
9588.00 2.5676e+08
9590.00 2.5837e+08
9592.00 2.6064e+08
9594.00 2.6244e+08
9596.00 2.6477e+08
9598.00 2.6562e+08
9600.00 2.6439e+08
9602.00 2.6306e+08
9604.00 2.632e+08
9606.00 2.6393e+08
9608.00 2.6305e+08
9610.00 2.5926e+08
9612.00 2.5962e+08
9614.00 2.6353e+08
9616.00 2.6706e+08
9618.00 2.7009e+08
9620.00 2.7233e+08
9622.00 2.7214e+08
9624.00 2.6978e+08
9626.00 2.6814e+08
9628.00 2.6563e+08
9630.00 2.6436e+08
9632.00 2.642e+08
9634.00 2.6456e+08
9636.00 2.6548e+08
9638.00 2.6676e+08
9640.00 2.6663e+08
9642.00 2.6466e+08
9644.00 2.6493e+08
9646.00 2.6759e+08
9648.00 2.6868e+08
9650.00 2.6745e+08
9652.00 2.6554e+08
9654.00 2.6418e+08
9656.00 2.6267e+08
9658.00 2.6281e+08
9660.00 2.651e+08
9662.00 2.66e+08
9664.00 2.661e+08
9666.00 2.6579e+08
9668.00 2.649e+08
9670.00 2.6377e+08
9672.00 2.6363e+08
9674.00 2.6347e+08
9676.00 2.6572e+08
9678.00 2.7273e+08
9680.00 2.7537e+08
9682.00 2.7245e+08
9684.00 2.6791e+08
9686.00 2.6402e+08
9688.00 2.5965e+08
9690.00 2.5793e+08
9692.00 2.5949e+08
9694.00 2.585e+08
9696.00 2.5476e+08
9698.00 2.529e+08
9700.00 2.5475e+08
9702.00 2.5806e+08
9704.00 2.5968e+08
9706.00 2.6095e+08
9708.00 2.6112e+08
9710.00 2.5996e+08
9712.00 2.589e+08
9714.00 2.5783e+08
9716.00 2.566e+08
9718.00 2.5478e+08
9720.00 2.5272e+08
9722.00 2.5303e+08
9724.00 2.549e+08
9726.00 2.5803e+08
9728.00 2.6456e+08
9730.00 2.6888e+08
9732.00 2.6942e+08
9734.00 2.6835e+08
9736.00 2.6771e+08
9738.00 2.665e+08
9740.00 2.6594e+08
9742.00 2.6545e+08
9744.00 2.6561e+08
9746.00 2.6667e+08
9748.00 2.6776e+08
9750.00 2.6888e+08
9752.00 2.6979e+08
9754.00 2.6818e+08
9756.00 2.6329e+08
9758.00 2.6141e+08
9760.00 2.6096e+08
9762.00 2.6098e+08
9764.00 2.6145e+08
9766.00 2.6243e+08
9768.00 2.6371e+08
9770.00 2.6527e+08
9772.00 2.687e+08
9774.00 2.7651e+08
9776.00 2.7902e+08
9778.00 2.7694e+08
9780.00 2.7368e+08
9782.00 2.6963e+08
9784.00 2.6515e+08
9786.00 2.632e+08
9788.00 2.6358e+08
9790.00 2.6186e+08
9792.00 2.5786e+08
9794.00 2.5626e+08
9796.00 2.57e+08
9798.00 2.5933e+08
9800.00 2.6376e+08
9802.00 2.703e+08
9804.00 2.7203e+08
9806.00 2.6868e+08
9808.00 2.6873e+08
9810.00 2.7206e+08
9812.00 2.7302e+08
9814.00 2.6848e+08
9816.00 2.6287e+08
9818.00 2.6317e+08
9820.00 2.6795e+08
9822.00 2.6961e+08
9824.00 2.7087e+08
9826.00 2.706e+08
9828.00 2.6747e+08
9830.00 2.6508e+08
9832.00 2.6619e+08
9834.00 2.6922e+08
9836.00 2.7063e+08
9838.00 2.7187e+08
9840.00 2.722e+08
9842.00 2.72e+08
9844.00 2.7078e+08
9846.00 2.6759e+08
9848.00 2.6435e+08
9850.00 2.6367e+08
9852.00 2.6421e+08
9854.00 2.6796e+08
9856.00 2.7858e+08
9858.00 2.8286e+08
9860.00 2.8087e+08
9862.00 2.7782e+08
9864.00 2.7484e+08
9866.00 2.7192e+08
9868.00 2.746e+08
9870.00 2.8684e+08
9872.00 2.8569e+08
9874.00 2.7378e+08
9876.00 2.6405e+08
9878.00 2.5495e+08
9880.00 2.4874e+08
9882.00 2.5021e+08
9884.00 2.5795e+08
9886.00 2.6183e+08
9888.00 2.6339e+08
9890.00 2.6842e+08
9892.00 2.7873e+08
9894.00 2.8666e+08
9896.00 2.8967e+08
9898.00 2.8887e+08
9900.00 2.8238e+08
9902.00 2.6868e+08
9904.00 2.6024e+08
9906.00 2.5111e+08
9908.00 2.4727e+08
9910.00 2.4957e+08
9912.00 2.5446e+08
9914.00 2.6041e+08
9916.00 2.684e+08
9918.00 2.6971e+08
9920.00 2.6359e+08
9922.00 2.6216e+08
9924.00 2.63e+08
9926.00 2.64e+08
9928.00 2.6475e+08
9930.00 2.6558e+08
9932.00 2.6603e+08
9934.00 2.6506e+08
9936.00 2.6981e+08
9938.00 2.8309e+08
9940.00 2.9005e+08
9942.00 2.9091e+08
9944.00 2.8894e+08
9946.00 2.8559e+08
9948.00 2.8019e+08
9950.00 2.7285e+08
9952.00 2.5879e+08
9954.00 2.5532e+08
9956.00 2.6089e+08
9958.00 2.6451e+08
9960.00 2.6396e+08
9962.00 2.6259e+08
9964.00 2.6303e+08
9966.00 2.6438e+08
9968.00 2.6514e+08
9970.00 2.6356e+08
9972.00 2.668e+08
9974.00 2.7873e+08
9976.00 2.8684e+08
9978.00 2.8229e+08
9980.00 2.7192e+08
9982.00 2.6894e+08
9984.00 2.6988e+08
9986.00 2.6874e+08
9988.00 2.6806e+08
9990.00 2.6562e+08
9992.00 2.5821e+08
9994.00 2.5314e+08
9996.00 2.5951e+08
9998.00 2.7505e+08
10000.00 2.8109e+08
10002.00 2.8268e+08
10004.00 2.8224e+08
10006.00 2.771e+08
10008.00 2.73e+08
10010.00 2.7265e+08
10012.00 2.7324e+08
10014.00 2.7028e+08
10016.00 2.6421e+08
10018.00 2.6142e+08
10020.00 2.5902e+08
10022.00 2.5967e+08
10024.00 2.6599e+08
10026.00 2.716e+08
10028.00 2.7003e+08
10030.00 2.6429e+08
10032.00 2.6278e+08
10034.00 2.6185e+08
10036.00 2.6401e+08
10038.00 2.7124e+08
10040.00 2.765e+08
10042.00 2.7885e+08
10044.00 2.7833e+08
10046.00 2.7185e+08
10048.00 2.5858e+08
10050.00 2.5336e+08
10052.00 2.5121e+08
10054.00 2.5216e+08
10056.00 2.5818e+08
10058.00 2.6466e+08
10060.00 2.6817e+08
10062.00 2.7054e+08
10064.00 2.7434e+08
10066.00 2.7946e+08
10068.00 2.8324e+08
10070.00 2.8919e+08
10072.00 2.8937e+08
10074.00 2.7954e+08
10076.00 2.6818e+08
10078.00 2.6485e+08
10080.00 2.6565e+08
10082.00 2.6702e+08
10084.00 2.7384e+08
10086.00 2.7428e+08
10088.00 2.6769e+08
10090.00 2.6149e+08
10092.00 2.5782e+08
10094.00 2.5578e+08
10096.00 2.59e+08
10098.00 2.688e+08
10100.00 2.7526e+08
10102.00 2.8383e+08
10104.00 2.8704e+08
10106.00 2.8237e+08
10108.00 2.7564e+08
10110.00 2.7106e+08
10112.00 2.6624e+08
10114.00 2.694e+08
10116.00 2.8515e+08
10118.00 2.9024e+08
10120.00 2.8655e+08
10122.00 2.8227e+08
10124.00 2.7876e+08
10126.00 2.7582e+08
10128.00 2.7767e+08
10130.00 2.8648e+08
10132.00 2.842e+08
10134.00 2.7256e+08
10136.00 2.6388e+08
10138.00 2.55e+08
10140.00 2.5024e+08
10142.00 2.5645e+08
10144.00 2.708e+08
10146.00 2.6985e+08
10148.00 2.5285e+08
10150.00 2.4959e+08
10152.00 2.5451e+08
10154.00 2.6022e+08
10156.00 2.6803e+08
10158.00 2.744e+08
10160.00 2.6803e+08
10162.00 2.4961e+08
10164.00 2.464e+08
10166.00 2.5559e+08
10168.00 2.5781e+08
10170.00 2.5171e+08
10172.00 2.4727e+08
10174.00 2.4994e+08
10176.00 2.5665e+08
10178.00 2.6381e+08
10180.00 2.7916e+08
10182.00 2.804e+08
10184.00 2.6686e+08
10186.00 2.5914e+08
10188.00 2.6214e+08
10190.00 2.6588e+08
10192.00 2.574e+08
10194.00 2.3937e+08
10196.00 2.4323e+08
10198.00 2.7068e+08
10200.00 2.8623e+08
10202.00 2.9298e+08
10204.00 2.9664e+08
10206.00 2.9889e+08
10208.00 2.9872e+08
10210.00 2.9693e+08
10212.00 2.9465e+08
10214.00 2.8628e+08
10216.00 2.6617e+08
10218.00 2.5796e+08
10220.00 2.6608e+08
10222.00 2.7704e+08
10224.00 2.7709e+08
10226.00 2.716e+08
10228.00 2.7145e+08
10230.00 2.7381e+08
10232.00 2.7608e+08
10234.00 2.8092e+08
10236.00 2.8287e+08
10238.00 2.8007e+08
10240.00 2.7407e+08
10242.00 2.6532e+08
10244.00 2.5154e+08
10246.00 2.4507e+08
10248.00 2.4042e+08
10250.00 2.416e+08
10252.00 2.5204e+08
10254.00 2.6353e+08
10256.00 2.6734e+08
10258.00 2.674e+08
10260.00 2.766e+08
10262.00 2.9565e+08
10264.00 3.0981e+08
10266.00 3.3468e+08
10268.00 3.3695e+08
10270.00 2.9554e+08
10272.00 2.5149e+08
10274.00 2.4835e+08
10276.00 2.7378e+08
10278.00 2.7288e+08
10280.00 2.5384e+08
10282.00 2.4594e+08
10284.00 2.4901e+08
10286.00 2.5108e+08
10288.00 2.4373e+08
10290.00 2.33e+08
10292.00 2.3371e+08
10294.00 2.4689e+08
10296.00 2.4985e+08
10298.00 2.4548e+08
10300.00 2.4421e+08
10302.00 2.4764e+08
10304.00 2.529e+08
10306.00 2.5819e+08
10308.00 2.6476e+08
10310.00 2.6847e+08
10312.00 2.74e+08
10314.00 2.7025e+08
10316.00 2.4779e+08
10318.00 2.3841e+08
10320.00 2.6366e+08
10322.00 3.0746e+08
10324.00 3.0536e+08
10326.00 2.6576e+08
10328.00 2.4997e+08
10330.00 2.3646e+08
10332.00 2.309e+08
10334.00 2.3493e+08
10336.00 2.4336e+08
10338.00 2.5439e+08
10340.00 2.7089e+08
10342.00 2.632e+08
10344.00 2.3083e+08
10346.00 2.1391e+08
10348.00 1.9662e+08
10350.00 1.9239e+08
10352.00 2.0939e+08
10354.00 2.4044e+08
10356.00 2.6664e+08
10358.00 3.0442e+08
10360.00 3.0734e+08
10362.00 2.6938e+08
10364.00 2.506e+08
10366.00 2.4669e+08
10368.00 2.467e+08
10370.00 2.4584e+08
10372.00 2.4644e+08
10374.00 2.4998e+08
10376.00 2.6147e+08
10378.00 2.6273e+08
10380.00 2.5228e+08
10382.00 2.481e+08
10384.00 2.5526e+08
10386.00 2.6687e+08
10388.00 2.7394e+08
10390.00 2.7828e+08
10392.00 2.91e+08
10394.00 3.2121e+08
10396.00 3.3239e+08
10398.00 3.2147e+08
10400.00 3.0624e+08
10402.00 2.9382e+08
10404.00 2.8096e+08
10406.00 2.7294e+08
10408.00 2.7398e+08
10410.00 2.6054e+08
10412.00 2.3168e+08
10414.00 2.1554e+08
10416.00 2.1319e+08
10418.00 2.1749e+08
10420.00 2.2499e+08
10422.00 2.3864e+08
10424.00 2.4979e+08
10426.00 2.6933e+08
10428.00 2.7103e+08
10430.00 2.4745e+08
10432.00 2.3219e+08
10434.00 2.3857e+08
10436.00 2.5517e+08
10438.00 2.6394e+08
10440.00 2.7386e+08
10442.00 2.7394e+08
10444.00 2.6281e+08
10446.00 2.5456e+08
10448.00 2.4638e+08
10450.00 2.4241e+08
10452.00 2.5019e+08
10454.00 2.6807e+08
10456.00 2.7329e+08
10458.00 2.794e+08
10460.00 2.6509e+08
10462.00 2.167e+08
10464.00 1.9642e+08
10466.00 2.2476e+08
10468.00 2.7848e+08
10470.00 2.8944e+08
10472.00 2.7152e+08
10474.00 2.6191e+08
10476.00 2.3923e+08
10478.00 2.3552e+08
10480.00 2.5889e+08
10482.00 2.8288e+08
10484.00 2.824e+08
10486.00 2.6874e+08
10488.00 2.5596e+08
10490.00 2.2878e+08
10492.00 2.2559e+08
10494.00 2.4395e+08
10496.00 2.5922e+08
10498.00 2.6593e+08
10500.00 2.682e+08
10502.00 2.6552e+08
10504.00 2.5674e+08
10506.00 2.52e+08
10508.00 2.462e+08
10510.00 2.4509e+08
10512.00 2.4969e+08
10514.00 2.5512e+08
10516.00 2.5907e+08
10518.00 2.6262e+08
10520.00 2.6421e+08
10522.00 2.6572e+08
10524.00 2.6214e+08
10526.00 2.4998e+08
10528.00 2.4442e+08
10530.00 2.4952e+08
10532.00 2.5632e+08
10534.00 2.5358e+08
10536.00 2.4446e+08
10538.00 2.4715e+08
10540.00 2.6098e+08
10542.00 2.6984e+08
10544.00 2.8138e+08
10546.00 2.8338e+08
10548.00 2.6419e+08
10550.00 2.3867e+08
10552.00 2.3579e+08
10554.00 2.4919e+08
10556.00 2.5523e+08
10558.00 2.6591e+08
10560.00 2.6658e+08
10562.00 2.5275e+08
10564.00 2.3724e+08
10566.00 2.2736e+08
10568.00 2.1878e+08
10570.00 2.2627e+08
10572.00 2.5929e+08
10574.00 2.757e+08
10576.00 2.8139e+08
10578.00 2.8272e+08
10580.00 2.8004e+08
10582.00 2.7417e+08
10584.00 2.6926e+08
10586.00 2.624e+08
10588.00 2.6068e+08
10590.00 2.6318e+08
10592.00 2.6567e+08
10594.00 2.7027e+08
10596.00 2.7311e+08
10598.00 2.7023e+08
10600.00 2.6383e+08
