3504.00000 3.44410e-09
3506.00000 3.42000e-09
3508.00000 3.51140e-09
3510.00000 3.49790e-09
3512.00000 3.55250e-09
3514.00000 3.42140e-09
3516.00000 3.45950e-09
3518.00000 3.47980e-09
3520.00000 3.41390e-09
3522.00000 3.54760e-09
3524.00000 3.46810e-09
3526.00000 3.43750e-09
3528.00000 3.44540e-09
3530.00000 3.45070e-09
3532.00000 3.54350e-09
3534.00000 3.49830e-09
3536.00000 3.51920e-09
3538.00000 3.43610e-09
3540.00000 3.47520e-09
3542.00000 3.39930e-09
3544.00000 3.41460e-09
3546.00000 3.38910e-09
3548.00000 3.39810e-09
3550.00000 3.52610e-09
3552.00000 3.41770e-09
3554.00000 3.43690e-09
3556.00000 3.42570e-09
3558.00000 3.56530e-09
3560.00000 3.27950e-09
3562.00000 3.45200e-09
3564.00000 3.45750e-09
3566.00000 3.54770e-09
3568.00000 3.43620e-09
3570.00000 3.46860e-09
3572.00000 3.46900e-09
3574.00000 3.46300e-09
3576.00000 3.46240e-09
3578.00000 3.45990e-09
3580.00000 3.36430e-09
3582.00000 3.42580e-09
3584.00000 3.44420e-09
3586.00000 3.41890e-09
3588.00000 3.59390e-09
3590.00000 3.41390e-09
3592.00000 3.48320e-09
3594.00000 3.49090e-09
3596.00000 3.44440e-09
3598.00000 3.46780e-09
3600.00000 3.44930e-09
3602.00000 3.41080e-09
3604.00000 3.40440e-09
3606.00000 3.51430e-09
3608.00000 3.42440e-09
3610.00000 3.54000e-09
3612.00000 3.47350e-09
3614.00000 3.47210e-09
3616.00000 3.49980e-09
3618.00000 3.53910e-09
3620.00000 3.42210e-09
3622.00000 3.46250e-09
3624.00000 3.32070e-09
3626.00000 3.43760e-09
3628.00000 3.60480e-09
3630.00000 3.46840e-09
3632.00000 3.48680e-09
3634.00000 3.42090e-09
3636.00000 3.44730e-09
3638.00000 3.33880e-09
3640.00000 3.45170e-09
3642.00000 3.50790e-09
3644.00000 3.40840e-09
3646.00000 3.53990e-09
3648.00000 3.41060e-09
3650.00000 3.46380e-09
3652.00000 3.49200e-09
3654.00000 3.47300e-09
3656.00000 3.52470e-09
3658.00000 3.40980e-09
3660.00000 3.38310e-09
3662.00000 3.44560e-09
3664.00000 3.46020e-09
3666.00000 3.40620e-09
3668.00000 3.41010e-09
3670.00000 3.40510e-09
3672.00000 3.51040e-09
3674.00000 3.42370e-09
3676.00000 3.39600e-09
3678.00000 3.39410e-09
3680.00000 3.41850e-09
3682.00000 3.46080e-09
3684.00000 3.44140e-09
3686.00000 3.39030e-09
3688.00000 3.42140e-09
3690.00000 3.40170e-09
3692.00000 3.48280e-09
3694.00000 3.42560e-09
3696.00000 3.47830e-09
3698.00000 3.46580e-09
3700.00000 3.38460e-09
3702.00000 3.45080e-09
3704.00000 3.39460e-09
3706.00000 3.41050e-09
3708.00000 3.40210e-09
3710.00000 3.42600e-09
3712.00000 3.39680e-09
3714.00000 3.51610e-09
3716.00000 3.39770e-09
3718.00000 3.43340e-09
3720.00000 3.40780e-09
3722.00000 3.39680e-09
3724.00000 3.45000e-09
3726.00000 3.36680e-09
3728.00000 3.39040e-09
3730.00000 3.36040e-09
3732.00000 3.40450e-09
3734.00000 3.38220e-09
3736.00000 3.35810e-09
3738.00000 3.46960e-09
3740.00000 3.35460e-09
3742.00000 3.42910e-09
3744.00000 3.35710e-09
3746.00000 3.34820e-09
3748.00000 3.39450e-09
3750.00000 3.35010e-09
3752.00000 3.30050e-09
3754.00000 3.33290e-09
3756.00000 3.41200e-09
3758.00000 3.20120e-09
3760.00000 3.34050e-09
3762.00000 3.28500e-09
3764.00000 3.37180e-09
3766.00000 3.32490e-09
3768.00000 3.47650e-09
3770.00000 3.38050e-09
3772.00000 3.42490e-09
3774.00000 3.34790e-09
3776.00000 3.37100e-09
3778.00000 3.30850e-09
3780.00000 3.35080e-09
3782.00000 3.31340e-09
3784.00000 3.26440e-09
3786.00000 3.28000e-09
3788.00000 3.35440e-09
3790.00000 3.27140e-09
3792.00000 3.25260e-09
3794.00000 3.36730e-09
3796.00000 3.30470e-09
3798.00000 3.32400e-09
3800.00000 3.26330e-09
3802.00000 3.27650e-09
3804.00000 3.34850e-09
3806.00000 3.29290e-09
3808.00000 3.32840e-09
3810.00000 3.22530e-09
3812.00000 3.25830e-09
3814.00000 3.25180e-09
3816.00000 3.19100e-09
3818.00000 3.28030e-09
3820.00000 3.23970e-09
3822.00000 3.21450e-09
3824.00000 3.28890e-09
3826.00000 3.22330e-09
3828.00000 3.20360e-09
3830.00000 3.25590e-09
3832.00000 3.28760e-09
3834.00000 3.32610e-09
3836.00000 3.29120e-09
3838.00000 3.28570e-09
3840.00000 3.25480e-09
3842.00000 3.24820e-09
3844.00000 3.28050e-09
3846.00000 3.34540e-09
3848.00000 3.26650e-09
3850.00000 3.26680e-09
3852.00000 3.34000e-09
3854.00000 3.21670e-09
3856.00000 3.22590e-09
3858.00000 3.23680e-09
3860.00000 3.21880e-09
3862.00000 3.31220e-09
3864.00000 3.21060e-09
3866.00000 3.28220e-09
3868.00000 3.21100e-09
3870.00000 3.27800e-09
3872.00000 3.24120e-09
3874.00000 3.28160e-09
3876.00000 3.30500e-09
3878.00000 3.28400e-09
3880.00000 3.21860e-09
3882.00000 3.26580e-09
3884.00000 3.27040e-09
3886.00000 3.27020e-09
3888.00000 3.24830e-09
3890.00000 3.29170e-09
3892.00000 3.25570e-09
3894.00000 3.29590e-09
3896.00000 3.25110e-09
3898.00000 3.23720e-09
3900.00000 3.27760e-09
3902.00000 3.27400e-09
3904.00000 3.24180e-09
3906.00000 3.23990e-09
3908.00000 3.18300e-09
3910.00000 3.28730e-09
3912.00000 3.37990e-09
3914.00000 3.31990e-09
3916.00000 3.21210e-09
3918.00000 3.30740e-09
3920.00000 3.25880e-09
3922.00000 3.23410e-09
3924.00000 3.28770e-09
3926.00000 3.28100e-09
3928.00000 3.15510e-09
3930.00000 3.28490e-09
3932.00000 3.21130e-09
3934.00000 3.25830e-09
3936.00000 3.26720e-09
3938.00000 3.16350e-09
3940.00000 3.19280e-09
3942.00000 3.17890e-09
3944.00000 3.13230e-09
3946.00000 3.09340e-09
3948.00000 3.12350e-09
3950.00000 3.04770e-09
3952.00000 3.10510e-09
3954.00000 3.04850e-09
3956.00000 3.05350e-09
3958.00000 3.03070e-09
3960.00000 3.01770e-09
3962.00000 3.01790e-09
3964.00000 2.95610e-09
3966.00000 3.00370e-09
3968.00000 3.01300e-09
3970.00000 2.96850e-09
3972.00000 3.08010e-09
3974.00000 3.03810e-09
3976.00000 2.99860e-09
3978.00000 2.95230e-09
3980.00000 2.93560e-09
3982.00000 2.93310e-09
3984.00000 2.94470e-09
3986.00000 2.95620e-09
3988.00000 2.96860e-09
3990.00000 2.93090e-09
3992.00000 2.92770e-09
3994.00000 2.95470e-09
3996.00000 2.87270e-09
3998.00000 2.84800e-09
4000.00000 2.89610e-09
4002.00000 2.92250e-09
4004.00000 2.83970e-09
4006.00000 2.93630e-09
4008.00000 2.95570e-09
4010.00000 2.98400e-09
4012.00000 2.91620e-09
4014.00000 2.85800e-09
4016.00000 2.86140e-09
4018.00000 2.76190e-09
4020.00000 2.88430e-09
4022.00000 2.86270e-09
4024.00000 2.82480e-09
4026.00000 2.86120e-09
4028.00000 2.89680e-09
4030.00000 2.87700e-09
4032.00000 2.94870e-09
4034.00000 2.91070e-09
4036.00000 2.93300e-09
4038.00000 3.01130e-09
4040.00000 2.91150e-09
4042.00000 2.95080e-09
4044.00000 2.93970e-09
4046.00000 3.00170e-09
4048.00000 2.98860e-09
4050.00000 2.96200e-09
4052.00000 3.04250e-09
4054.00000 3.06310e-09
4056.00000 2.97520e-09
4058.00000 3.06230e-09
4060.00000 2.99720e-09
4062.00000 2.95410e-09
4064.00000 3.02440e-09
4066.00000 2.99200e-09
4068.00000 3.02350e-09
4070.00000 3.00350e-09
4072.00000 2.99480e-09
4074.00000 2.88030e-09
4076.00000 2.97400e-09
4078.00000 2.90530e-09
4080.00000 2.82590e-09
4082.00000 2.82800e-09
4084.00000 2.84790e-09
4086.00000 2.77880e-09
4088.00000 2.75650e-09
4090.00000 2.81850e-09
4092.00000 2.76480e-09
4094.00000 2.72660e-09
4096.00000 2.76570e-09
4098.00000 2.69000e-09
4100.00000 2.75350e-09
4102.00000 2.68870e-09
4104.00000 2.71180e-09
4106.00000 2.69390e-09
4108.00000 2.72000e-09
4110.00000 2.72540e-09
4112.00000 2.79440e-09
4114.00000 2.67110e-09
4116.00000 2.71580e-09
4118.00000 2.74180e-09
4120.00000 2.71050e-09
4122.00000 2.68770e-09
4124.00000 2.78220e-09
4126.00000 2.71380e-09
4128.00000 2.73520e-09
4130.00000 2.77170e-09
4132.00000 2.85060e-09
4134.00000 2.80470e-09
4136.00000 2.80530e-09
4138.00000 2.79460e-09
4140.00000 2.86670e-09
4142.00000 2.79010e-09
4144.00000 2.83540e-09
4146.00000 2.86660e-09
4148.00000 2.76250e-09
4150.00000 2.82500e-09
4152.00000 2.75170e-09
4154.00000 2.76980e-09
4156.00000 2.74970e-09
4158.00000 2.74940e-09
4160.00000 2.76730e-09
4162.00000 2.79100e-09
4164.00000 2.70750e-09
4166.00000 2.74710e-09
4168.00000 2.72890e-09
4170.00000 2.80590e-09
4172.00000 2.68000e-09
4174.00000 2.71690e-09
4176.00000 2.70690e-09
4178.00000 2.79980e-09
4180.00000 2.79400e-09
4182.00000 2.75020e-09
4184.00000 2.76670e-09
4186.00000 2.69560e-09
4188.00000 2.82470e-09
4190.00000 2.83250e-09
4192.00000 2.81480e-09
4194.00000 2.80670e-09
4196.00000 2.81980e-09
4198.00000 2.79440e-09
4200.00000 2.86100e-09
4202.00000 2.87040e-09
4204.00000 2.85240e-09
4206.00000 2.82520e-09
4208.00000 2.85380e-09
4210.00000 2.78950e-09
4212.00000 2.86510e-09
4214.00000 2.78150e-09
4216.00000 2.80070e-09
4218.00000 2.76730e-09
4220.00000 2.80710e-09
4222.00000 2.78830e-09
4224.00000 2.81660e-09
4226.00000 2.80450e-09
4228.00000 2.71300e-09
4230.00000 2.79000e-09
4232.00000 2.74860e-09
4234.00000 2.73970e-09
4236.00000 2.80940e-09
4238.00000 2.83250e-09
4240.00000 2.91310e-09
4242.00000 2.83730e-09
4244.00000 2.88380e-09
4246.00000 2.90760e-09
4248.00000 2.98850e-09
4250.00000 2.98530e-09
4252.00000 2.91480e-09
4254.00000 2.94060e-09
4256.00000 2.96050e-09
4258.00000 2.98560e-09
4260.00000 3.01630e-09
4262.00000 3.00260e-09
4264.00000 3.01540e-09
4266.00000 2.98520e-09
4268.00000 3.03680e-09
4270.00000 3.02200e-09
4272.00000 3.04310e-09
4274.00000 3.04720e-09
4276.00000 3.05920e-09
4278.00000 3.11540e-09
4280.00000 3.12990e-09
4282.00000 3.04880e-09
4284.00000 3.09580e-09
4286.00000 3.14080e-09
4288.00000 3.11320e-09
4290.00000 3.10230e-09
4292.00000 3.03620e-09
4294.00000 3.04330e-09
4296.00000 3.10110e-09
4298.00000 3.05380e-09
4300.00000 2.98160e-09
4302.00000 3.04800e-09
4304.00000 3.04290e-09
4306.00000 3.00720e-09
4308.00000 3.04570e-09
4310.00000 2.94220e-09
4312.00000 2.97980e-09
4314.00000 2.92050e-09
4316.00000 2.97770e-09
4318.00000 2.87240e-09
4320.00000 2.87420e-09
4322.00000 2.88180e-09
4324.00000 2.85260e-09
4326.00000 2.87420e-09
4328.00000 2.80060e-09
4330.00000 2.81740e-09
4332.00000 2.82020e-09
4334.00000 2.83170e-09
4336.00000 2.85640e-09
4338.00000 2.83180e-09
4340.00000 2.84880e-09
4342.00000 2.85780e-09
4344.00000 2.85230e-09
4346.00000 2.82740e-09
4348.00000 2.79540e-09
4350.00000 2.80710e-09
4352.00000 2.84200e-09
4354.00000 2.86810e-09
4356.00000 2.80580e-09
4358.00000 2.83580e-09
4360.00000 2.82790e-09
4362.00000 2.87800e-09
4364.00000 2.80150e-09
4366.00000 2.85120e-09
4368.00000 2.77190e-09
4370.00000 2.75450e-09
4372.00000 2.78800e-09
4374.00000 2.74450e-09
4376.00000 2.82220e-09
4378.00000 2.75050e-09
4380.00000 2.72620e-09
4382.00000 2.71260e-09
4384.00000 2.75240e-09
4386.00000 2.79860e-09
4388.00000 2.79060e-09
4390.00000 2.72140e-09
4392.00000 2.75690e-09
4394.00000 2.73850e-09
4396.00000 2.69290e-09
4398.00000 2.68380e-09
4400.00000 2.68830e-09
4402.00000 2.64870e-09
4404.00000 2.68380e-09
4406.00000 2.71830e-09
4408.00000 2.72130e-09
4410.00000 2.67850e-09
4412.00000 2.68060e-09
4414.00000 2.71340e-09
4416.00000 2.63750e-09
4418.00000 2.65950e-09
4420.00000 2.70350e-09
4422.00000 2.67870e-09
4424.00000 2.75660e-09
4426.00000 2.75770e-09
4428.00000 2.72320e-09
4430.00000 2.78250e-09
4432.00000 2.66540e-09
4434.00000 2.69850e-09
4436.00000 2.69630e-09
4438.00000 2.71440e-09
4440.00000 2.68910e-09
4442.00000 2.71570e-09
4444.00000 2.67030e-09
4446.00000 2.76110e-09
4448.00000 2.67320e-09
4450.00000 2.67920e-09
4452.00000 2.67060e-09
4454.00000 2.74030e-09
4456.00000 2.68430e-09
4458.00000 2.74340e-09
4460.00000 2.71900e-09
4462.00000 2.75700e-09
4464.00000 2.74680e-09
4466.00000 2.72270e-09
4468.00000 2.80860e-09
4470.00000 2.71990e-09
4472.00000 2.79920e-09
4474.00000 2.78370e-09
4476.00000 2.76540e-09
4478.00000 2.79910e-09
4480.00000 2.79710e-09
4482.00000 2.79580e-09
4484.00000 2.82210e-09
4486.00000 2.79410e-09
4488.00000 2.81350e-09
4490.00000 2.83380e-09
4492.00000 2.84720e-09
4494.00000 2.83380e-09
4496.00000 2.78720e-09
4498.00000 2.79400e-09
4500.00000 2.84210e-09
4502.00000 2.83350e-09
4504.00000 2.86430e-09
4506.00000 2.82240e-09
4508.00000 2.88490e-09
4510.00000 2.85990e-09
4512.00000 2.78410e-09
4514.00000 2.80030e-09
4516.00000 2.76910e-09
4518.00000 2.84820e-09
4520.00000 2.82480e-09
4522.00000 2.81290e-09
4524.00000 2.82460e-09
4526.00000 2.82270e-09
4528.00000 2.92220e-09
4530.00000 2.76640e-09
4532.00000 2.82960e-09
4534.00000 2.72530e-09
4536.00000 2.79170e-09
4538.00000 2.77040e-09
4540.00000 2.75170e-09
4542.00000 2.71290e-09
4544.00000 2.74530e-09
4546.00000 2.72570e-09
4548.00000 2.71820e-09
4550.00000 2.60380e-09
4552.00000 2.62880e-09
4554.00000 2.57940e-09
4556.00000 2.60010e-09
4558.00000 2.51280e-09
4560.00000 2.50230e-09
4562.00000 2.51370e-09
4564.00000 2.46510e-09
4566.00000 2.46300e-09
4568.00000 2.42910e-09
4570.00000 2.37210e-09
4572.00000 2.39130e-09
4574.00000 2.37790e-09
4576.00000 2.37720e-09
4578.00000 2.26830e-09
4580.00000 2.34350e-09
4582.00000 2.25760e-09
4584.00000 2.28620e-09
4586.00000 2.24450e-09
4588.00000 2.30940e-09
4590.00000 2.27720e-09
4592.00000 2.26280e-09
4594.00000 2.24120e-09
4596.00000 2.24780e-09
4598.00000 2.23650e-09
4600.00000 2.28750e-09
4602.00000 2.21320e-09
4604.00000 2.15890e-09
4606.00000 2.19200e-09
4608.00000 2.19810e-09
4610.00000 2.14580e-09
4612.00000 2.17610e-09
4614.00000 2.12670e-09
4616.00000 2.12020e-09
4618.00000 2.06050e-09
4620.00000 2.19830e-09
4622.00000 2.12100e-09
4624.00000 2.13250e-09
4626.00000 2.11460e-09
4628.00000 2.09890e-09
4630.00000 2.17330e-09
4632.00000 2.08770e-09
4634.00000 2.06340e-09
4636.00000 2.09890e-09
4638.00000 2.04210e-09
4640.00000 2.05130e-09
4642.00000 2.04760e-09
4644.00000 2.09710e-09
4646.00000 2.02770e-09
4648.00000 2.04490e-09
4650.00000 2.08030e-09
4652.00000 2.05890e-09
4654.00000 2.06570e-09
4656.00000 2.00690e-09
4658.00000 2.03470e-09
4660.00000 1.96210e-09
4662.00000 2.02320e-09
4664.00000 2.00620e-09
4666.00000 1.97340e-09
4668.00000 1.98450e-09
4670.00000 1.95780e-09
4672.00000 1.97570e-09
4674.00000 1.98010e-09
4676.00000 1.98650e-09
4678.00000 1.96540e-09
4680.00000 2.00290e-09
4682.00000 1.93600e-09
4684.00000 1.97470e-09
4686.00000 1.96590e-09
4688.00000 1.93370e-09
4690.00000 2.00670e-09
4692.00000 1.99580e-09
4694.00000 2.02330e-09
4696.00000 1.96820e-09
4698.00000 2.03710e-09
4700.00000 2.00240e-09
4702.00000 2.01150e-09
4704.00000 2.01190e-09
4706.00000 2.01720e-09
4708.00000 2.00660e-09
4710.00000 2.04220e-09
4712.00000 2.02550e-09
4714.00000 2.02100e-09
4716.00000 2.05670e-09
4718.00000 2.01970e-09
4720.00000 1.95670e-09
4722.00000 2.01460e-09
4724.00000 2.04140e-09
4726.00000 1.99020e-09
4728.00000 2.09670e-09
4730.00000 2.06350e-09
4732.00000 2.06310e-09
4734.00000 2.05710e-09
4736.00000 2.10080e-09
4738.00000 2.06060e-09
4740.00000 2.11930e-09
4742.00000 2.06430e-09
4744.00000 2.05510e-09
4746.00000 2.05700e-09
4748.00000 2.10260e-09
4750.00000 2.09080e-09
4752.00000 2.09210e-09
4754.00000 2.09980e-09
4756.00000 2.10910e-09
4758.00000 2.14400e-09
4760.00000 2.11700e-09
4762.00000 2.22390e-09
4764.00000 2.17030e-09
4766.00000 2.17490e-09
4768.00000 2.23820e-09
4770.00000 2.21780e-09
4772.00000 2.27480e-09
4774.00000 2.25770e-09
4776.00000 2.31020e-09
4778.00000 2.29320e-09
4780.00000 2.38620e-09
4782.00000 2.24190e-09
4784.00000 2.35460e-09
4786.00000 2.39820e-09
4788.00000 2.37800e-09
4790.00000 2.45610e-09
4792.00000 2.49450e-09
4794.00000 2.44350e-09
4796.00000 2.52680e-09
4798.00000 2.49750e-09
4800.00000 2.56950e-09
4802.00000 2.52810e-09
4804.00000 2.58080e-09
4806.00000 2.59210e-09
4808.00000 2.59610e-09
4810.00000 2.55350e-09
4812.00000 2.58100e-09
4814.00000 2.50890e-09
4816.00000 2.54820e-09
4818.00000 2.50480e-09
4820.00000 2.50640e-09
4822.00000 2.48840e-09
4824.00000 2.44730e-09
4826.00000 2.40680e-09
4828.00000 2.35340e-09
4830.00000 2.38890e-09
4832.00000 2.28990e-09
4834.00000 2.25150e-09
4836.00000 2.19110e-09
4838.00000 2.17350e-09
4840.00000 2.14870e-09
4842.00000 2.11390e-09
4844.00000 2.11530e-09
4846.00000 2.04360e-09
4848.00000 2.05280e-09
4850.00000 2.01670e-09
4852.00000 2.04510e-09
4854.00000 2.05910e-09
4856.00000 2.01020e-09
4858.00000 2.01280e-09
4860.00000 2.02620e-09
4862.00000 1.99180e-09
4864.00000 2.00190e-09
4866.00000 2.00360e-09
4868.00000 2.02060e-09
4870.00000 1.97100e-09
4872.00000 2.02190e-09
4874.00000 2.04810e-09
4876.00000 1.97770e-09
4878.00000 2.01070e-09
4880.00000 2.01690e-09
4882.00000 2.02800e-09
4884.00000 2.03350e-09
4886.00000 2.03390e-09
4888.00000 2.01750e-09
4890.00000 1.99860e-09
4892.00000 1.99550e-09
4894.00000 1.95370e-09
4896.00000 1.94340e-09
4898.00000 1.94050e-09
4900.00000 1.90280e-09
4902.00000 1.89430e-09
4904.00000 1.83580e-09
4906.00000 1.79130e-09
4908.00000 1.71560e-09
4910.00000 1.84900e-09
4912.00000 1.87750e-09
4914.00000 1.86630e-09
4916.00000 1.81130e-09
4918.00000 1.73870e-09
4920.00000 1.72650e-09
4922.00000 1.70560e-09
4924.00000 1.71450e-09
4926.00000 1.68260e-09
4928.00000 1.70220e-09
4930.00000 1.71230e-09
4932.00000 1.78110e-09
4934.00000 1.75420e-09
4936.00000 1.70290e-09
4938.00000 1.75700e-09
4940.00000 1.80750e-09
4942.00000 1.79170e-09
4944.00000 1.81610e-09
4946.00000 1.87170e-09
4948.00000 1.86300e-09
4950.00000 1.82950e-09
4952.00000 1.92680e-09
4954.00000 1.89560e-09
4956.00000 1.93680e-09
4958.00000 1.89790e-09
4960.00000 1.94970e-09
4962.00000 1.96810e-09
4964.00000 1.99610e-09
4966.00000 1.95940e-09
4968.00000 1.97210e-09
4970.00000 2.07090e-09
4972.00000 2.11310e-09
4974.00000 2.13710e-09
4976.00000 2.06940e-09
4978.00000 2.11500e-09
4980.00000 2.10970e-09
4982.00000 2.10930e-09
4984.00000 2.11700e-09
4986.00000 2.09190e-09
4988.00000 2.05010e-09
4990.00000 2.08190e-09
4992.00000 2.02650e-09
4994.00000 2.03580e-09
4996.00000 1.97210e-09
4998.00000 1.92690e-09
5000.00000 1.99420e-09
5002.00000 1.91390e-09
5004.00000 1.91650e-09
5006.00000 1.86250e-09
5008.00000 1.87290e-09
5010.00000 1.83520e-09
5012.00000 1.81910e-09
5014.00000 1.74950e-09
5016.00000 1.83910e-09
5018.00000 1.79980e-09
5020.00000 1.75330e-09
5022.00000 1.74580e-09
5024.00000 1.69720e-09
5026.00000 1.68250e-09
5028.00000 1.71850e-09
5030.00000 1.68750e-09
5032.00000 1.70940e-09
5034.00000 1.70210e-09
5036.00000 1.74580e-09
5038.00000 1.70240e-09
5040.00000 1.68460e-09
5042.00000 1.71700e-09
5044.00000 1.67270e-09
5046.00000 1.68510e-09
5048.00000 1.66990e-09
5050.00000 1.74650e-09
5052.00000 1.68030e-09
5054.00000 1.61990e-09
5056.00000 1.65320e-09
5058.00000 1.67640e-09
5060.00000 1.73180e-09
5062.00000 1.74750e-09
5064.00000 1.71770e-09
5066.00000 1.68140e-09
5068.00000 1.76600e-09
5070.00000 1.75810e-09
5072.00000 1.77830e-09
5074.00000 1.75590e-09
5076.00000 1.80880e-09
5078.00000 1.74400e-09
5080.00000 1.75270e-09
5082.00000 1.77950e-09
5084.00000 1.86870e-09
5086.00000 1.89770e-09
5088.00000 1.87230e-09
5090.00000 1.89560e-09
5092.00000 1.91130e-09
5094.00000 2.03090e-09
5096.00000 2.00660e-09
5098.00000 2.08140e-09
5100.00000 2.14030e-09
5102.00000 2.18650e-09
5104.00000 2.12570e-09
5106.00000 2.18570e-09
5108.00000 2.23930e-09
5110.00000 2.26740e-09
5112.00000 2.28120e-09
5114.00000 2.31290e-09
5116.00000 2.27720e-09
5118.00000 2.33970e-09
5120.00000 2.35460e-09
5122.00000 2.36330e-09
5124.00000 2.33280e-09
5126.00000 2.37090e-09
5128.00000 2.36930e-09
5130.00000 2.34500e-09
5132.00000 2.36480e-09
5134.00000 2.34940e-09
5136.00000 2.32860e-09
5138.00000 2.28060e-09
5140.00000 2.31170e-09
5142.00000 2.30550e-09
5144.00000 2.25510e-09
5146.00000 2.22720e-09
5148.00000 2.21690e-09
5150.00000 2.19430e-09
5152.00000 2.22330e-09
5154.00000 2.21820e-09
5156.00000 2.10720e-09
5158.00000 2.13650e-09
5160.00000 2.14680e-09
5162.00000 2.10090e-09
5164.00000 2.08100e-09
5166.00000 2.10590e-09
5168.00000 2.05230e-09
5170.00000 2.05420e-09
5172.00000 2.02390e-09
5174.00000 2.02220e-09
5176.00000 2.03290e-09
5178.00000 1.96180e-09
5180.00000 2.00320e-09
5182.00000 1.98970e-09
5184.00000 1.91960e-09
5186.00000 1.99960e-09
5188.00000 1.93300e-09
5190.00000 1.96810e-09
5192.00000 1.91520e-09
5194.00000 1.91720e-09
5196.00000 1.92370e-09
5198.00000 1.89150e-09
5200.00000 1.95890e-09
5202.00000 1.94730e-09
5204.00000 1.90820e-09
5206.00000 1.91760e-09
5208.00000 1.90230e-09
5210.00000 1.84540e-09
5212.00000 1.87860e-09
5214.00000 1.86810e-09
5216.00000 1.88780e-09
5218.00000 1.87670e-09
5220.00000 1.87310e-09
5222.00000 1.86590e-09
5224.00000 1.85300e-09
5226.00000 1.85670e-09
5228.00000 1.83060e-09
5230.00000 1.84300e-09
5232.00000 1.91270e-09
5234.00000 1.86520e-09
5236.00000 1.86770e-09
5238.00000 1.83040e-09
5240.00000 1.85320e-09
5242.00000 1.83870e-09
5244.00000 1.86290e-09
5246.00000 1.82010e-09
5248.00000 1.87470e-09
5250.00000 1.84650e-09
5252.00000 1.82350e-09
5254.00000 1.82840e-09
5256.00000 1.85790e-09
5258.00000 1.84380e-09
5260.00000 1.84510e-09
5262.00000 1.85390e-09
5264.00000 1.84470e-09
5266.00000 1.85680e-09
5268.00000 1.82230e-09
5270.00000 1.87720e-09
5272.00000 1.86060e-09
5274.00000 1.89030e-09
5276.00000 1.85230e-09
5278.00000 1.83280e-09
5280.00000 1.79810e-09
5282.00000 1.83800e-09
5284.00000 1.82750e-09
5286.00000 1.82670e-09
5288.00000 1.80670e-09
5290.00000 1.81430e-09
5292.00000 1.81880e-09
5294.00000 1.83340e-09
5296.00000 1.73840e-09
5298.00000 1.80660e-09
5300.00000 1.76540e-09
5302.00000 1.72200e-09
5304.00000 1.77230e-09
5306.00000 1.71180e-09
5308.00000 1.70130e-09
5310.00000 1.74690e-09
5312.00000 1.70100e-09
5314.00000 1.70300e-09
5316.00000 1.70340e-09
5318.00000 1.66110e-09
5320.00000 1.68160e-09
5322.00000 1.70940e-09
5324.00000 1.67110e-09
5326.00000 1.70050e-09
5328.00000 1.63100e-09
5330.00000 1.67860e-09
5332.00000 1.61390e-09
5334.00000 1.68430e-09
5336.00000 1.63370e-09
5338.00000 1.65900e-09
5340.00000 1.64440e-09
5342.00000 1.60260e-09
5344.00000 1.56860e-09
5346.00000 1.63400e-09
5348.00000 1.60450e-09
5350.00000 1.60530e-09
5352.00000 1.59290e-09
5354.00000 1.56580e-09
5356.00000 1.57000e-09
5358.00000 1.59530e-09
5360.00000 1.57160e-09
5362.00000 1.55680e-09
5364.00000 1.55620e-09
5366.00000 1.50400e-09
5368.00000 1.57460e-09
5370.00000 1.56520e-09
5372.00000 1.62880e-09
5374.00000 1.57500e-09
5376.00000 1.57040e-09
5378.00000 1.56710e-09
5380.00000 1.59830e-09
5382.00000 1.54450e-09
5384.00000 1.57060e-09
5386.00000 1.57440e-09
5388.00000 1.57530e-09
5390.00000 1.58490e-09
5392.00000 1.55530e-09
5394.00000 1.57660e-09
5396.00000 1.54720e-09
5398.00000 1.56370e-09
5400.00000 1.58890e-09
5402.00000 1.60350e-09
5404.00000 1.51560e-09
5406.00000 1.59190e-09
5408.00000 1.55630e-09
5410.00000 1.49070e-09
5412.00000 1.53730e-09
5414.00000 1.53590e-09
5416.00000 1.50540e-09
5418.00000 1.55350e-09
5420.00000 1.52520e-09
5422.00000 1.56480e-09
5424.00000 1.49080e-09
5426.00000 1.49870e-09
5428.00000 1.53800e-09
5430.00000 1.55470e-09
5432.00000 1.54530e-09
5434.00000 1.48040e-09
5436.00000 1.54810e-09
5438.00000 1.56460e-09
5440.00000 1.55290e-09
5442.00000 1.53130e-09
5444.00000 1.52130e-09
5446.00000 1.53450e-09
5448.00000 1.49390e-09
5450.00000 1.55970e-09
5452.00000 1.54870e-09
5454.00000 1.54450e-09
5456.00000 1.58030e-09
5458.00000 1.58060e-09
5460.00000 1.54120e-09
5462.00000 1.51870e-09
5464.00000 1.54110e-09
5466.00000 1.56740e-09
5468.00000 1.54730e-09
5470.00000 1.61210e-09
5472.00000 1.62390e-09
5474.00000 1.61700e-09
5476.00000 1.64020e-09
5478.00000 1.62390e-09
5480.00000 1.64780e-09
5482.00000 1.62860e-09
5484.00000 1.65330e-09
5486.00000 1.66130e-09
5488.00000 1.68850e-09
5490.00000 1.65100e-09
5492.00000 1.65740e-09
5494.00000 1.65280e-09
5496.00000 1.67730e-09
5498.00000 1.65550e-09
5500.00000 1.66450e-09
5502.00000 1.63780e-09
5504.00000 1.61260e-09
5506.00000 1.66020e-09
5508.00000 1.61860e-09
5510.00000 1.61010e-09
5512.00000 1.59360e-09
5514.00000 1.56380e-09
5516.00000 1.60830e-09
5518.00000 1.57300e-09
5520.00000 1.57210e-09
5522.00000 1.59210e-09
5524.00000 1.56930e-09
5526.00000 1.54070e-09
5528.00000 1.53890e-09
5530.00000 1.57520e-09
5532.00000 1.58470e-09
5534.00000 1.53580e-09
5536.00000 1.54700e-09
5538.00000 1.58130e-09
5540.00000 1.55860e-09
5542.00000 1.50010e-09
5544.00000 1.54480e-09
5546.00000 1.54690e-09
5548.00000 1.50660e-09
5550.00000 1.46420e-09
5552.00000 1.49200e-09
5554.00000 1.52580e-09
5556.00000 1.50200e-09
5558.00000 1.49260e-09
5560.00000 1.49020e-09
5562.00000 1.52240e-09
5564.00000 1.46900e-09
5566.00000 1.55660e-09
5568.00000 1.50930e-09
5570.00000 1.52860e-09
5572.00000 1.55190e-09
5574.00000 1.56650e-09
5576.00000 1.49350e-09
5578.00000 1.48210e-09
5580.00000 1.52420e-09
5582.00000 1.55590e-09
5584.00000 1.55040e-09
5586.00000 1.52800e-09
5588.00000 1.57340e-09
5590.00000 1.59400e-09
5592.00000 1.52750e-09
5594.00000 1.55380e-09
5596.00000 1.57390e-09
5598.00000 1.55900e-09
5600.00000 1.61520e-09
5602.00000 1.58040e-09
5604.00000 1.60290e-09
5606.00000 1.61900e-09
5608.00000 1.55120e-09
5610.00000 1.58960e-09
5612.00000 1.58510e-09
5614.00000 1.58530e-09
5616.00000 1.65690e-09
5618.00000 1.67080e-09
5620.00000 1.65350e-09
5622.00000 1.66850e-09
5624.00000 1.66480e-09
5626.00000 1.67000e-09
5628.00000 1.80980e-09
5630.00000 1.70510e-09
5632.00000 1.63290e-09
5634.00000 1.69450e-09
5636.00000 1.69510e-09
5638.00000 1.68860e-09
5640.00000 1.65130e-09
5642.00000 1.72060e-09
5644.00000 1.71970e-09
5646.00000 1.66770e-09
5648.00000 1.67660e-09
5650.00000 1.69650e-09
5652.00000 1.72400e-09
5654.00000 1.66250e-09
5656.00000 1.69030e-09
5658.00000 1.60520e-09
5660.00000 1.68010e-09
5662.00000 1.59160e-09
5664.00000 1.61830e-09
5666.00000 1.64620e-09
5668.00000 1.62600e-09
5670.00000 1.62100e-09
5672.00000 1.62830e-09
5674.00000 1.62250e-09
5676.00000 1.59700e-09
5678.00000 1.60940e-09
5680.00000 1.62180e-09
5682.00000 1.59450e-09
5684.00000 1.62830e-09
5686.00000 1.61200e-09
5688.00000 1.54740e-09
5690.00000 1.55530e-09
5692.00000 1.57980e-09
5694.00000 1.59440e-09
5696.00000 1.57070e-09
5698.00000 1.55070e-09
5700.00000 1.59470e-09
5702.00000 1.56800e-09
5704.00000 1.52480e-09
5706.00000 1.57010e-09
5708.00000 1.59290e-09
5710.00000 1.57570e-09
5712.00000 1.55590e-09
5714.00000 1.59990e-09
5716.00000 1.56360e-09
5718.00000 1.53530e-09
5720.00000 1.53420e-09
5722.00000 1.55870e-09
5724.00000 1.56920e-09
5726.00000 1.57440e-09
5728.00000 1.59110e-09
5730.00000 1.58350e-09
5732.00000 1.58420e-09
5734.00000 1.58330e-09
5736.00000 1.58950e-09
5738.00000 1.59030e-09
5740.00000 1.58740e-09
5742.00000 1.56510e-09
5744.00000 1.57110e-09
5746.00000 1.57660e-09
5748.00000 1.57000e-09
5750.00000 1.58620e-09
5752.00000 1.59280e-09
5754.00000 1.61400e-09
5756.00000 1.63500e-09
5758.00000 1.61360e-09
5760.00000 1.63250e-09
5762.00000 1.64850e-09
5764.00000 1.64370e-09
5766.00000 1.65800e-09
5768.00000 1.65480e-09
5770.00000 1.66740e-09
5772.00000 1.68910e-09
5774.00000 1.69830e-09
5776.00000 1.72170e-09
5778.00000 1.74470e-09
5780.00000 1.74870e-09
5782.00000 1.76880e-09
5784.00000 1.79980e-09
5786.00000 1.80830e-09
5788.00000 1.83690e-09
5790.00000 1.89260e-09
5792.00000 1.89940e-09
5794.00000 1.91980e-09
5796.00000 1.95170e-09
5798.00000 1.95610e-09
5800.00000 2.00200e-09
5802.00000 2.04140e-09
5804.00000 2.07220e-09
5806.00000 2.07210e-09
5808.00000 2.05880e-09
5810.00000 2.13630e-09
5812.00000 2.15330e-09
5814.00000 2.14290e-09
5816.00000 2.13570e-09
5818.00000 2.15690e-09
5820.00000 2.17100e-09
5822.00000 2.13450e-09
5824.00000 2.12130e-09
5826.00000 2.12630e-09
5828.00000 2.15260e-09
5830.00000 2.12260e-09
5832.00000 2.09510e-09
5834.00000 2.10940e-09
5836.00000 2.09830e-09
5838.00000 2.11660e-09
5840.00000 2.08830e-09
5842.00000 2.06440e-09
5844.00000 2.05470e-09
5846.00000 2.01230e-09
5848.00000 1.99560e-09
5850.00000 1.97520e-09
5852.00000 1.95640e-09
5854.00000 1.96110e-09
5856.00000 1.93470e-09
5858.00000 1.91700e-09
5860.00000 1.90490e-09
5862.00000 1.88170e-09
5864.00000 1.85750e-09
5866.00000 1.81370e-09
5868.00000 1.78820e-09
5870.00000 1.76890e-09
5872.00000 1.75210e-09
5874.00000 1.74030e-09
5876.00000 1.73200e-09
5878.00000 1.70780e-09
5880.00000 1.69480e-09
5882.00000 1.67570e-09
5884.00000 1.65600e-09
5886.00000 1.63700e-09
5888.00000 1.62150e-09
5890.00000 1.63110e-09
5892.00000 1.62820e-09
5894.00000 1.65060e-09
5896.00000 1.63500e-09
5898.00000 1.62640e-09
5900.00000 1.58150e-09
5902.00000 1.57610e-09
5904.00000 1.52860e-09
5906.00000 1.52000e-09
5908.00000 1.52920e-09
5910.00000 1.51900e-09
5912.00000 1.50210e-09
5914.00000 1.48700e-09
5916.00000 1.49300e-09
5918.00000 1.46770e-09
5920.00000 1.50070e-09
5922.00000 1.49320e-09
5924.00000 1.46040e-09
5926.00000 1.46040e-09
5928.00000 1.45020e-09
5930.00000 1.46060e-09
5932.00000 1.45050e-09
5934.00000 1.46000e-09
5936.00000 1.45320e-09
5938.00000 1.43230e-09
5940.00000 1.43920e-09
5942.00000 1.45110e-09
5944.00000 1.44530e-09
5946.00000 1.45030e-09
5948.00000 1.52330e-09
5950.00000 1.65610e-09
5952.00000 1.84600e-09
5954.00000 1.91900e-09
5956.00000 1.86580e-09
5958.00000 1.84030e-09
5960.00000 1.77480e-09
5962.00000 1.63350e-09
5964.00000 1.50720e-09
5966.00000 1.44450e-09
5968.00000 1.41700e-09
5970.00000 1.41050e-09
5972.00000 1.42340e-09
5974.00000 1.43620e-09
5976.00000 1.45450e-09
5978.00000 1.43020e-09
5980.00000 1.42120e-09
5982.00000 1.43940e-09
5984.00000 1.43550e-09
5986.00000 1.42170e-09
5988.00000 1.42040e-09
5990.00000 1.44470e-09
5992.00000 1.45310e-09
5994.00000 1.43900e-09
5996.00000 1.42410e-09
5998.00000 1.42720e-09
6000.00000 1.44370e-09
6002.00000 1.45970e-09
6004.00000 1.45120e-09
6006.00000 1.45100e-09
6008.00000 1.46250e-09
6010.00000 1.46460e-09
6012.00000 1.47350e-09
6014.00000 1.47310e-09
6016.00000 1.47140e-09
6018.00000 1.49400e-09
6020.00000 1.49630e-09
6022.00000 1.48760e-09
6024.00000 1.48200e-09
6026.00000 1.49600e-09
6028.00000 1.48340e-09
6030.00000 1.47800e-09
6032.00000 1.51020e-09
6034.00000 1.51200e-09
6036.00000 1.53220e-09
6038.00000 1.53640e-09
6040.00000 1.54380e-09
6042.00000 1.53490e-09
6044.00000 1.51850e-09
6046.00000 1.52960e-09
6048.00000 1.54920e-09
6050.00000 1.51960e-09
6052.00000 1.53900e-09
6054.00000 1.51940e-09
6056.00000 1.53110e-09
6058.00000 1.55450e-09
6060.00000 1.56210e-09
6062.00000 1.52920e-09
6064.00000 1.53440e-09
6066.00000 1.54650e-09
6068.00000 1.56070e-09
6070.00000 1.55490e-09
6072.00000 1.54160e-09
6074.00000 1.57880e-09
6076.00000 1.58550e-09
6078.00000 1.53350e-09
6080.00000 1.56790e-09
6082.00000 1.54670e-09
6084.00000 1.54060e-09
6086.00000 1.56510e-09
6088.00000 1.57110e-09
6090.00000 1.57330e-09
6092.00000 1.57110e-09
6094.00000 1.58680e-09
6096.00000 1.57900e-09
6098.00000 1.55100e-09
6100.00000 1.55800e-09
6102.00000 1.56520e-09
6104.00000 1.58430e-09
6106.00000 1.59620e-09
6108.00000 1.58590e-09
6110.00000 1.57940e-09
6112.00000 1.57950e-09
6114.00000 1.56160e-09
6116.00000 1.55260e-09
6118.00000 1.53370e-09
6120.00000 1.55700e-09
6122.00000 1.56620e-09
6124.00000 1.54780e-09
6126.00000 1.54350e-09
6128.00000 1.54170e-09
6130.00000 1.57160e-09
6132.00000 1.56930e-09
6134.00000 1.57550e-09
6136.00000 1.56290e-09
6138.00000 1.54530e-09
6140.00000 1.55160e-09
6142.00000 1.56830e-09
6144.00000 1.58290e-09
6146.00000 1.55850e-09
6148.00000 1.54950e-09
6150.00000 1.56860e-09
6152.00000 1.55610e-09
6154.00000 1.54610e-09
6156.00000 1.54980e-09
6158.00000 1.53010e-09
6160.00000 1.53900e-09
6162.00000 1.55000e-09
6164.00000 1.53950e-09
6166.00000 1.56190e-09
6168.00000 1.56360e-09
6170.00000 1.56820e-09
6172.00000 1.55960e-09
6174.00000 1.56650e-09
6176.00000 1.56500e-09
6178.00000 1.53920e-09
6180.00000 1.54170e-09
6182.00000 1.54560e-09
6184.00000 1.56900e-09
6186.00000 1.57100e-09
6188.00000 1.57200e-09
6190.00000 1.57250e-09
6192.00000 1.57780e-09
6194.00000 1.58600e-09
6196.00000 1.57780e-09
6198.00000 1.56930e-09
6200.00000 1.58190e-09
6202.00000 1.59530e-09
6204.00000 1.60010e-09
6206.00000 1.61000e-09
6208.00000 1.60640e-09
6210.00000 1.58110e-09
6212.00000 1.58850e-09
6214.00000 1.59770e-09
6216.00000 1.59400e-09
6218.00000 1.57260e-09
6220.00000 1.55710e-09
6222.00000 1.55990e-09
6224.00000 1.56020e-09
6226.00000 1.56390e-09
6228.00000 1.56430e-09
6230.00000 1.56690e-09
6232.00000 1.56840e-09
6234.00000 1.55870e-09
6236.00000 1.57110e-09
6238.00000 1.56180e-09
6240.00000 1.54690e-09
6242.00000 1.57280e-09
6244.00000 1.58340e-09
6246.00000 1.54920e-09
6248.00000 1.53280e-09
6250.00000 1.51760e-09
6252.00000 1.52330e-09
6254.00000 1.51810e-09
6256.00000 1.51300e-09
6258.00000 1.50490e-09
6260.00000 1.49710e-09
6262.00000 1.49280e-09
6264.00000 1.48530e-09
6266.00000 1.52490e-09
6268.00000 1.52800e-09
6270.00000 1.52510e-09
6272.00000 1.51170e-09
6274.00000 1.49690e-09
6276.00000 1.49800e-09
6278.00000 1.50910e-09
6280.00000 1.51130e-09
6282.00000 1.50420e-09
6284.00000 1.50490e-09
6286.00000 1.52220e-09
6288.00000 1.55100e-09
6290.00000 1.56380e-09
6292.00000 1.53350e-09
6294.00000 1.51480e-09
6296.00000 1.52330e-09
6298.00000 1.51440e-09
6300.00000 1.51710e-09
6302.00000 1.52760e-09
6304.00000 1.52950e-09
6306.00000 1.52450e-09
6308.00000 1.53840e-09
6310.00000 1.55510e-09
6312.00000 1.57020e-09
6314.00000 1.55890e-09
6316.00000 1.55040e-09
6318.00000 1.58290e-09
6320.00000 1.57460e-09
6322.00000 1.55370e-09
6324.00000 1.56330e-09
6326.00000 1.57660e-09
6328.00000 1.58490e-09
6330.00000 1.59220e-09
6332.00000 1.58820e-09
6334.00000 1.57280e-09
6336.00000 1.59830e-09
6338.00000 1.59390e-09
6340.00000 1.58260e-09
6342.00000 1.59060e-09
6344.00000 1.60580e-09
6346.00000 1.61860e-09
6348.00000 1.62240e-09
6350.00000 1.64150e-09
6352.00000 1.64680e-09
6354.00000 1.62400e-09
6356.00000 1.60670e-09
6358.00000 1.59450e-09
6360.00000 1.61390e-09
6362.00000 1.61470e-09
6364.00000 1.61520e-09
6366.00000 1.61030e-09
6368.00000 1.59890e-09
6370.00000 1.61570e-09
6372.00000 1.59090e-09
6374.00000 1.58230e-09
6376.00000 1.59790e-09
6378.00000 1.59510e-09
6380.00000 1.58950e-09
6382.00000 1.58540e-09
6384.00000 1.60150e-09
6386.00000 1.61070e-09
6388.00000 1.58990e-09
6390.00000 1.58540e-09
6392.00000 1.59560e-09
6394.00000 1.59310e-09
6396.00000 1.57730e-09
6398.00000 1.59000e-09
6400.00000 1.58800e-09
6402.00000 1.58830e-09
6404.00000 1.60780e-09
6406.00000 1.58090e-09
6408.00000 1.57460e-09
6410.00000 1.61220e-09
6412.00000 1.62510e-09
6414.00000 1.61960e-09
6416.00000 1.60720e-09
6418.00000 1.60900e-09
6420.00000 1.63850e-09
6422.00000 1.63920e-09
6424.00000 1.61520e-09
6426.00000 1.61050e-09
6428.00000 1.62260e-09
6430.00000 1.63520e-09
6432.00000 1.60720e-09
6434.00000 1.60690e-09
6436.00000 1.61900e-09
6438.00000 1.63050e-09
6440.00000 1.64470e-09
6442.00000 1.65950e-09
6444.00000 1.66670e-09
6446.00000 1.66840e-09
6448.00000 1.65330e-09
6450.00000 1.66360e-09
6452.00000 1.67870e-09
6454.00000 1.70760e-09
6456.00000 1.72350e-09
6458.00000 1.70940e-09
6460.00000 1.71180e-09
6462.00000 1.72400e-09
6464.00000 1.71930e-09
6466.00000 1.71720e-09
6468.00000 1.74010e-09
6470.00000 1.72390e-09
6472.00000 1.70640e-09
6474.00000 1.71980e-09
6476.00000 1.73370e-09
6478.00000 1.72370e-09
6480.00000 1.69900e-09
6482.00000 1.71250e-09
6484.00000 1.70900e-09
6486.00000 1.68740e-09
6488.00000 1.65470e-09
6490.00000 1.64240e-09
6492.00000 1.65070e-09
6494.00000 1.64760e-09
6496.00000 1.62390e-09
6498.00000 1.59480e-09
6500.00000 1.57320e-09
6502.00000 1.53170e-09
6504.00000 1.52610e-09
6506.00000 1.48580e-09
6508.00000 1.46610e-09
6510.00000 1.43290e-09
6512.00000 1.39480e-09
6514.00000 1.37700e-09
6516.00000 1.34000e-09
6518.00000 1.31900e-09
6520.00000 1.27690e-09
6522.00000 1.23610e-09
6524.00000 1.19230e-09
6526.00000 1.16520e-09
6528.00000 1.12580e-09
6530.00000 1.08770e-09
6532.00000 1.05770e-09
6534.00000 1.02980e-09
6536.00000 9.93700e-10
6538.00000 9.68270e-10
6540.00000 9.49160e-10
6542.00000 9.22030e-10
6544.00000 8.96780e-10
6546.00000 8.84190e-10
6548.00000 8.58710e-10
6550.00000 8.35630e-10
6552.00000 8.22460e-10
6554.00000 8.16540e-10
6556.00000 8.00200e-10
6558.00000 7.77320e-10
6560.00000 7.62440e-10
6562.00000 7.51640e-10
6564.00000 7.40400e-10
6566.00000 7.25880e-10
6568.00000 7.13020e-10
6570.00000 7.06600e-10
6572.00000 6.89310e-10
6574.00000 6.90230e-10
6576.00000 6.85660e-10
6578.00000 6.71950e-10
6580.00000 6.67620e-10
6582.00000 6.68680e-10
6584.00000 6.81830e-10
6586.00000 6.75550e-10
6588.00000 6.81080e-10
6590.00000 6.72800e-10
6592.00000 6.64480e-10
6594.00000 6.68890e-10
6596.00000 6.68770e-10
6598.00000 6.66980e-10
6600.00000 6.68490e-10
6602.00000 6.68650e-10
6604.00000 6.71830e-10
6606.00000 6.72710e-10
6608.00000 6.62670e-10
6610.00000 6.56200e-10
6612.00000 6.58620e-10
6614.00000 6.60520e-10
6616.00000 6.54820e-10
6618.00000 6.71740e-10
6620.00000 6.90570e-10
6622.00000 7.10230e-10
6624.00000 7.12680e-10
6626.00000 6.81940e-10
6628.00000 6.34480e-10
6630.00000 5.88630e-10
6632.00000 6.25430e-10
6634.00000 7.33010e-10
6636.00000 8.14910e-10
6638.00000 8.16430e-10
6640.00000 7.56810e-10
6642.00000 7.18140e-10
6644.00000 7.04380e-10
6646.00000 7.18320e-10
6648.00000 7.31900e-10
6650.00000 7.03710e-10
6652.00000 6.99210e-10
6654.00000 7.60570e-10
6656.00000 8.19690e-10
6658.00000 8.34300e-10
6660.00000 8.33470e-10
6662.00000 8.15450e-10
6664.00000 8.25130e-10
6666.00000 8.30360e-10
6668.00000 8.30620e-10
6670.00000 8.41650e-10
6672.00000 8.53420e-10
6674.00000 8.50290e-10
6676.00000 8.59610e-10
6678.00000 8.86400e-10
6680.00000 8.94590e-10
6682.00000 9.13390e-10
6684.00000 9.39340e-10
6686.00000 9.46290e-10
6688.00000 9.42100e-10
6690.00000 9.52460e-10
6692.00000 9.65500e-10
6694.00000 9.66170e-10
6696.00000 9.76260e-10
6698.00000 9.95110e-10
6700.00000 1.01080e-09
6702.00000 1.01970e-09
6704.00000 1.01440e-09
6706.00000 1.02410e-09
6708.00000 1.04430e-09
6710.00000 1.04050e-09
6712.00000 1.05610e-09
6714.00000 1.06980e-09
6716.00000 1.07840e-09
6718.00000 1.08630e-09
6720.00000 1.10620e-09
6722.00000 1.12470e-09
6724.00000 1.12060e-09
6726.00000 1.14600e-09
6728.00000 1.16850e-09
6730.00000 1.14620e-09
6732.00000 1.15060e-09
6734.00000 1.16920e-09
6736.00000 1.16430e-09
6738.00000 1.17730e-09
6740.00000 1.19560e-09
6742.00000 1.22000e-09
6744.00000 1.23580e-09
6746.00000 1.23110e-09
6748.00000 1.23180e-09
6750.00000 1.25700e-09
6752.00000 1.26830e-09
6754.00000 1.26400e-09
6756.00000 1.27950e-09
6758.00000 1.28480e-09
6760.00000 1.29410e-09
6762.00000 1.30930e-09
6764.00000 1.32440e-09
6766.00000 1.32860e-09
6768.00000 1.33350e-09
6770.00000 1.33970e-09
6772.00000 1.35030e-09
6774.00000 1.37900e-09
6776.00000 1.38290e-09
6778.00000 1.37930e-09
6780.00000 1.39470e-09
6782.00000 1.40150e-09
6784.00000 1.38070e-09
6786.00000 1.36310e-09
6788.00000 1.38970e-09
6790.00000 1.42840e-09
6792.00000 1.44710e-09
6794.00000 1.44990e-09
6796.00000 1.43840e-09
6798.00000 1.40740e-09
6800.00000 1.39800e-09
6802.00000 1.43570e-09
6804.00000 1.46440e-09
6806.00000 1.46120e-09
6808.00000 1.45040e-09
6810.00000 1.46420e-09
6812.00000 1.46950e-09
6814.00000 1.45710e-09
6816.00000 1.44850e-09
6818.00000 1.44480e-09
6820.00000 1.46630e-09
6822.00000 1.47230e-09
6824.00000 1.47690e-09
6826.00000 1.47770e-09
6828.00000 1.47770e-09
6830.00000 1.46060e-09
6832.00000 1.45340e-09
6834.00000 1.48170e-09
6836.00000 1.49660e-09
6838.00000 1.49300e-09
6840.00000 1.49510e-09
6842.00000 1.49480e-09
6844.00000 1.50050e-09
6846.00000 1.50390e-09
6848.00000 1.48280e-09
6850.00000 1.49240e-09
6852.00000 1.50020e-09
6854.00000 1.48310e-09
6856.00000 1.50670e-09
6858.00000 1.50380e-09
6860.00000 1.49190e-09
6862.00000 1.49180e-09
6864.00000 1.50270e-09
6866.00000 1.52320e-09
6868.00000 1.52470e-09
6870.00000 1.52280e-09
6872.00000 1.52310e-09
6874.00000 1.49750e-09
6876.00000 1.50110e-09
6878.00000 1.51730e-09
6880.00000 1.52480e-09
6882.00000 1.53540e-09
6884.00000 1.53640e-09
6886.00000 1.52510e-09
6888.00000 1.52450e-09
6890.00000 1.54270e-09
6892.00000 1.54070e-09
6894.00000 1.53660e-09
6896.00000 1.54040e-09
6898.00000 1.53380e-09
6900.00000 1.51050e-09
6902.00000 1.50640e-09
6904.00000 1.54930e-09
6906.00000 1.54790e-09
6908.00000 1.54610e-09
6910.00000 1.54090e-09
6912.00000 1.54000e-09
6914.00000 1.54600e-09
6916.00000 1.55670e-09
6918.00000 1.55950e-09
6920.00000 1.56660e-09
6922.00000 1.56240e-09
6924.00000 1.54760e-09
6926.00000 1.58790e-09
6928.00000 1.58970e-09
6930.00000 1.57770e-09
6932.00000 1.57980e-09
6934.00000 1.58340e-09
6936.00000 1.59110e-09
6938.00000 1.59730e-09
6940.00000 1.60140e-09
6942.00000 1.60540e-09
6944.00000 1.58370e-09
6946.00000 1.59120e-09
6948.00000 1.60980e-09
6950.00000 1.60670e-09
6952.00000 1.61110e-09
6954.00000 1.59950e-09
6956.00000 1.60080e-09
6958.00000 1.61350e-09
6960.00000 1.63050e-09
6962.00000 1.64530e-09
6964.00000 1.62790e-09
6966.00000 1.61140e-09
6968.00000 1.62140e-09
6970.00000 1.62690e-09
6972.00000 1.61980e-09
6974.00000 1.62010e-09
6976.00000 1.63590e-09
6978.00000 1.63610e-09
6980.00000 1.60530e-09
6982.00000 1.60700e-09
6984.00000 1.62330e-09
6986.00000 1.61620e-09
6988.00000 1.61150e-09
6990.00000 1.61090e-09
6992.00000 1.61320e-09
6994.00000 1.60470e-09
6996.00000 1.59610e-09
6998.00000 1.59810e-09
7000.00000 1.60110e-09
7002.00000 1.61890e-09
7004.00000 1.61430e-09
7006.00000 1.58160e-09
7008.00000 1.58700e-09
7010.00000 1.59560e-09
7012.00000 1.59710e-09
7014.00000 1.59630e-09
7016.00000 1.59750e-09
7018.00000 1.59730e-09
7020.00000 1.58510e-09
7022.00000 1.58260e-09
7024.00000 1.59070e-09
7026.00000 1.57930e-09
7028.00000 1.56030e-09
7030.00000 1.56670e-09
7032.00000 1.55330e-09
7034.00000 1.56650e-09
7036.00000 1.57990e-09
7038.00000 1.56260e-09
7040.00000 1.55180e-09
7042.00000 1.55680e-09
7044.00000 1.55430e-09
7046.00000 1.57070e-09
7048.00000 1.55420e-09
7050.00000 1.54360e-09
7052.00000 1.56650e-09
7054.00000 1.58640e-09
7056.00000 1.56230e-09
7058.00000 1.56100e-09
7060.00000 1.55700e-09
7062.00000 1.54190e-09
7064.00000 1.55260e-09
7066.00000 1.56060e-09
7068.00000 1.56410e-09
7070.00000 1.53460e-09
7072.00000 1.53370e-09
7074.00000 1.53630e-09
7076.00000 1.52340e-09
7078.00000 1.54330e-09
7080.00000 1.54150e-09
7082.00000 1.54140e-09
7084.00000 1.56990e-09
7086.00000 1.56110e-09
7088.00000 1.56940e-09
7090.00000 1.57750e-09
7092.00000 1.57390e-09
7094.00000 1.55120e-09
7096.00000 1.51960e-09
7098.00000 1.53260e-09
7100.00000 1.55820e-09
7102.00000 1.55730e-09
7104.00000 1.55970e-09
7106.00000 1.55320e-09
7108.00000 1.54500e-09
7110.00000 1.55070e-09
7112.00000 1.53650e-09
7114.00000 1.54110e-09
7116.00000 1.55110e-09
7118.00000 1.56270e-09
7120.00000 1.55100e-09
7122.00000 1.56010e-09
7124.00000 1.55520e-09
7126.00000 1.56340e-09
7128.00000 1.58550e-09
7130.00000 1.58010e-09
7132.00000 1.55080e-09
7134.00000 1.55390e-09
7136.00000 1.55760e-09
7138.00000 1.55200e-09
7140.00000 1.55090e-09
7142.00000 1.55340e-09
7144.00000 1.55440e-09
7146.00000 1.57460e-09
7148.00000 1.57410e-09
7150.00000 1.57890e-09
7152.00000 1.57850e-09
7154.00000 1.57630e-09
7156.00000 1.58930e-09
7158.00000 1.55730e-09
7160.00000 1.58270e-09
7162.00000 1.58060e-09
7164.00000 1.59800e-09
7166.00000 1.60570e-09
7168.00000 1.59730e-09
7170.00000 1.60090e-09
7172.00000 1.60510e-09
7174.00000 1.60950e-09
7176.00000 1.60680e-09
7178.00000 1.60820e-09
7180.00000 1.59260e-09
7182.00000 1.58280e-09
7184.00000 1.63820e-09
7186.00000 1.61520e-09
7188.00000 1.60090e-09
7190.00000 1.60320e-09
7192.00000 1.60470e-09
7194.00000 1.60170e-09
7196.00000 1.60050e-09
7198.00000 1.59980e-09
7200.00000 1.59090e-09
7202.00000 1.59670e-09
7204.00000 1.60060e-09
7206.00000 1.59160e-09
7208.00000 1.60170e-09
7210.00000 1.58450e-09
7212.00000 1.57950e-09
7214.00000 1.60430e-09
7216.00000 1.61220e-09
7218.00000 1.59440e-09
7220.00000 1.57960e-09
7222.00000 1.59670e-09
7224.00000 1.60530e-09
7226.00000 1.59850e-09
7228.00000 1.57020e-09
7230.00000 1.56760e-09
7232.00000 1.60850e-09
7234.00000 1.61710e-09
7236.00000 1.58010e-09
7238.00000 1.55160e-09
7240.00000 1.56870e-09
7242.00000 1.58400e-09
7244.00000 1.57130e-09
7246.00000 1.56370e-09
7248.00000 1.57350e-09
7250.00000 1.57940e-09
7252.00000 1.57480e-09
7254.00000 1.58680e-09
7256.00000 1.59590e-09
7258.00000 1.57520e-09
7260.00000 1.58830e-09
7262.00000 1.58920e-09
7264.00000 1.58980e-09
7266.00000 1.57400e-09
7268.00000 1.57540e-09
7270.00000 1.58060e-09
7272.00000 1.58690e-09
7274.00000 1.58730e-09
7276.00000 1.59340e-09
7278.00000 1.58130e-09
7280.00000 1.55490e-09
7282.00000 1.55710e-09
7284.00000 1.56750e-09
7286.00000 1.56370e-09
7288.00000 1.57810e-09
7290.00000 1.57020e-09
7292.00000 1.57720e-09
7294.00000 1.58130e-09
7296.00000 1.57930e-09
7298.00000 1.58680e-09
7300.00000 1.57450e-09
7302.00000 1.56500e-09
7304.00000 1.55520e-09
7306.00000 1.57470e-09
7308.00000 1.57560e-09
7310.00000 1.55400e-09
7312.00000 1.54680e-09
7314.00000 1.55280e-09
7316.00000 1.54700e-09
7318.00000 1.53000e-09
7320.00000 1.52760e-09
7322.00000 1.54320e-09
7324.00000 1.53610e-09
7326.00000 1.53410e-09
7328.00000 1.55030e-09
7330.00000 1.57960e-09
7332.00000 1.58370e-09
7334.00000 1.54100e-09
7336.00000 1.53540e-09
7338.00000 1.54670e-09
7340.00000 1.54380e-09
7342.00000 1.54810e-09
7344.00000 1.53280e-09
7346.00000 1.54520e-09
7348.00000 1.54530e-09
7350.00000 1.53890e-09
7352.00000 1.55530e-09
7354.00000 1.55620e-09
7356.00000 1.55770e-09
7358.00000 1.56890e-09
7360.00000 1.54880e-09
7362.00000 1.55620e-09
7364.00000 1.57270e-09
7366.00000 1.57430e-09
7368.00000 1.56280e-09
7370.00000 1.54650e-09
7372.00000 1.52580e-09
7374.00000 1.53860e-09
7376.00000 1.53110e-09
7378.00000 1.54280e-09
7380.00000 1.56090e-09
7382.00000 1.55810e-09
7384.00000 1.54470e-09
7386.00000 1.54650e-09
7388.00000 1.56540e-09
7390.00000 1.58580e-09
7392.00000 1.57580e-09
7394.00000 1.54550e-09
7396.00000 1.54410e-09
7398.00000 1.56370e-09
7400.00000 1.57970e-09
7402.00000 1.56530e-09
7404.00000 1.55110e-09
7406.00000 1.57340e-09
7408.00000 1.55750e-09
7410.00000 1.55720e-09
7412.00000 1.55880e-09
7414.00000 1.57120e-09
7416.00000 1.57260e-09
7418.00000 1.56790e-09
7420.00000 1.57340e-09
7422.00000 1.57580e-09
7424.00000 1.56390e-09
7426.00000 1.56470e-09
7428.00000 1.56000e-09
7430.00000 1.57700e-09
7432.00000 1.56270e-09
7434.00000 1.57510e-09
7436.00000 1.59530e-09
7438.00000 1.57300e-09
7440.00000 1.57210e-09
7442.00000 1.57800e-09
7444.00000 1.56140e-09
7446.00000 1.55730e-09
7448.00000 1.58110e-09
7450.00000 1.56840e-09
7452.00000 1.55240e-09
7454.00000 1.56750e-09
7456.00000 1.57520e-09
7458.00000 1.55610e-09
7460.00000 1.54200e-09
7462.00000 1.55390e-09
7464.00000 1.55360e-09
7466.00000 1.54040e-09
7468.00000 1.53900e-09
7470.00000 1.55570e-09
7472.00000 1.55740e-09
7474.00000 1.54000e-09
7476.00000 1.56880e-09
7478.00000 1.55310e-09
7480.00000 1.54580e-09
7482.00000 1.54790e-09
7484.00000 1.55580e-09
7486.00000 1.57040e-09
7488.00000 1.54680e-09
7490.00000 1.52840e-09
7492.00000 1.52810e-09
7494.00000 1.55970e-09
7496.00000 1.58160e-09
7498.00000 1.57350e-09
7500.00000 1.55090e-09
7502.00000 1.54790e-09
7504.00000 1.55610e-09
7506.00000 1.54390e-09
7508.00000 1.56430e-09
7510.00000 1.56490e-09
7512.00000 1.54630e-09
7514.00000 1.56050e-09
7516.00000 1.57270e-09
7518.00000 1.55630e-09
7520.00000 1.56490e-09
7522.00000 1.55430e-09
7524.00000 1.55600e-09
7526.00000 1.58620e-09
7528.00000 1.57210e-09
7530.00000 1.56740e-09
7532.00000 1.56860e-09
7534.00000 1.56270e-09
7536.00000 1.57300e-09
7538.00000 1.58160e-09
7540.00000 1.57800e-09
7542.00000 1.57820e-09
7544.00000 1.57970e-09
7546.00000 1.59080e-09
7548.00000 1.57530e-09
7550.00000 1.57890e-09
7552.00000 1.58220e-09
7554.00000 1.58740e-09
7556.00000 1.61340e-09
7558.00000 1.60810e-09
7560.00000 1.60180e-09
7562.00000 1.60820e-09
7564.00000 1.61170e-09
7566.00000 1.60300e-09
7568.00000 1.60530e-09
7570.00000 1.61510e-09
7572.00000 1.60320e-09
7574.00000 1.58980e-09
7576.00000 1.59650e-09
7578.00000 1.60130e-09
7580.00000 1.60310e-09
7582.00000 1.59000e-09
7584.00000 1.60190e-09
7586.00000 1.61460e-09
7588.00000 1.60250e-09
7590.00000 1.60830e-09
7592.00000 1.64460e-09
7594.00000 1.64770e-09
7596.00000 1.60230e-09
7598.00000 1.60190e-09
7600.00000 1.63220e-09
7602.00000 1.67780e-09
7604.00000 1.66950e-09
7606.00000 1.65260e-09
7608.00000 1.63000e-09
7610.00000 1.62380e-09
7612.00000 1.63650e-09
7614.00000 1.63310e-09
7616.00000 1.63590e-09
7618.00000 1.64450e-09
7620.00000 1.67560e-09
7622.00000 1.68030e-09
7624.00000 1.65830e-09
7626.00000 1.65090e-09
7628.00000 1.68200e-09
7630.00000 1.68990e-09
7632.00000 1.68160e-09
7634.00000 1.68470e-09
7636.00000 1.70000e-09
7638.00000 1.70870e-09
7640.00000 1.70360e-09
7642.00000 1.71310e-09
7644.00000 1.71560e-09
7646.00000 1.74250e-09
7648.00000 1.75640e-09
7650.00000 1.74110e-09
7652.00000 1.75210e-09
7654.00000 1.76170e-09
7656.00000 1.76240e-09
7658.00000 1.78610e-09
7660.00000 1.82120e-09
7662.00000 1.85730e-09
7664.00000 1.86630e-09
7666.00000 1.89170e-09
7668.00000 1.88300e-09
7670.00000 1.90090e-09
7672.00000 1.91330e-09
7674.00000 1.92300e-09
7676.00000 1.92810e-09
7678.00000 1.91200e-09
7680.00000 1.88040e-09
7682.00000 1.89100e-09
7684.00000 1.90060e-09
7686.00000 1.92400e-09
7688.00000 1.92900e-09
7690.00000 1.91940e-09
7692.00000 1.91830e-09
7694.00000 1.91570e-09
7696.00000 1.92690e-09
7698.00000 1.95920e-09
7700.00000 1.96890e-09
7702.00000 1.96450e-09
7704.00000 1.95120e-09
7706.00000 1.96430e-09
7708.00000 1.98060e-09
7710.00000 1.95660e-09
7712.00000 1.97290e-09
7714.00000 1.98510e-09
7716.00000 1.96370e-09
7718.00000 1.95780e-09
7720.00000 1.97070e-09
7722.00000 1.95380e-09
7724.00000 1.94060e-09
7726.00000 1.94650e-09
7728.00000 1.95360e-09
7730.00000 1.94110e-09
7732.00000 1.92470e-09
7734.00000 1.90610e-09
7736.00000 1.88630e-09
7738.00000 1.88170e-09
7740.00000 1.87480e-09
7742.00000 1.88020e-09
7744.00000 1.88910e-09
7746.00000 1.87900e-09
7748.00000 1.82980e-09
7750.00000 1.79340e-09
7752.00000 1.78020e-09
7754.00000 1.77600e-09
7756.00000 1.77190e-09
7758.00000 1.76320e-09
7760.00000 1.75200e-09
7762.00000 1.73040e-09
7764.00000 1.71820e-09
7766.00000 1.71060e-09
7768.00000 1.67440e-09
7770.00000 1.69510e-09
7772.00000 1.69240e-09
7774.00000 1.68390e-09
7776.00000 1.70580e-09
7778.00000 1.69900e-09
7780.00000 1.68890e-09
7782.00000 1.68490e-09
7784.00000 1.67080e-09
7786.00000 1.64330e-09
7788.00000 1.63320e-09
7790.00000 1.62450e-09
7792.00000 1.60500e-09
7794.00000 1.60690e-09
7796.00000 1.62110e-09
7798.00000 1.61400e-09
7800.00000 1.61250e-09
7802.00000 1.60180e-09
7804.00000 1.58930e-09
7806.00000 1.58730e-09
7808.00000 1.58510e-09
7810.00000 1.58430e-09
7812.00000 1.56890e-09
7814.00000 1.56960e-09
7816.00000 1.56950e-09
7818.00000 1.57560e-09
7820.00000 1.55690e-09
7822.00000 1.54720e-09
7824.00000 1.53250e-09
7826.00000 1.56530e-09
7828.00000 1.56240e-09
7830.00000 1.55630e-09
7832.00000 1.56990e-09
7834.00000 1.55770e-09
7836.00000 1.52870e-09
7838.00000 1.53240e-09
7840.00000 1.55830e-09
7842.00000 1.55670e-09
7844.00000 1.55530e-09
7846.00000 1.54360e-09
7848.00000 1.54080e-09
7850.00000 1.55090e-09
7852.00000 1.56970e-09
7854.00000 1.55340e-09
7856.00000 1.56970e-09
7858.00000 1.57270e-09
7860.00000 1.56470e-09
7862.00000 1.55250e-09
7864.00000 1.54840e-09
7866.00000 1.54530e-09
7868.00000 1.53140e-09
7870.00000 1.54500e-09
7872.00000 1.56570e-09
7874.00000 1.56500e-09
7876.00000 1.54620e-09
7878.00000 1.56370e-09
7880.00000 1.56600e-09
7882.00000 1.57270e-09
7884.00000 1.57830e-09
7886.00000 1.55630e-09
7888.00000 1.55820e-09
7890.00000 1.57900e-09
7892.00000 1.58000e-09
7894.00000 1.56650e-09
7896.00000 1.56420e-09
7898.00000 1.57190e-09
7900.00000 1.57380e-09
7902.00000 1.58480e-09
7904.00000 1.60030e-09
7906.00000 1.60620e-09
7908.00000 1.60550e-09
7910.00000 1.59430e-09
7912.00000 1.59320e-09
7914.00000 1.58050e-09
7916.00000 1.58200e-09
7918.00000 1.62010e-09
7920.00000 1.61830e-09
7922.00000 1.62020e-09
7924.00000 1.63440e-09
7926.00000 1.62110e-09
7928.00000 1.60630e-09
7930.00000 1.63540e-09
7932.00000 1.62510e-09
7934.00000 1.61590e-09
7936.00000 1.63890e-09
7938.00000 1.62530e-09
7940.00000 1.62400e-09
7942.00000 1.62990e-09
7944.00000 1.61230e-09
7946.00000 1.61750e-09
7948.00000 1.64210e-09
7950.00000 1.65470e-09
7952.00000 1.66210e-09
7954.00000 1.66120e-09
7956.00000 1.66200e-09
7958.00000 1.64110e-09
7960.00000 1.66110e-09
7962.00000 1.66650e-09
7964.00000 1.66110e-09
7966.00000 1.63490e-09
7968.00000 1.62930e-09
7970.00000 1.64440e-09
7972.00000 1.64250e-09
7974.00000 1.65460e-09
7976.00000 1.66420e-09
7978.00000 1.64720e-09
7980.00000 1.64750e-09
7982.00000 1.66430e-09
7984.00000 1.67290e-09
7986.00000 1.69410e-09
7988.00000 1.68700e-09
7990.00000 1.69240e-09
7992.00000 1.68270e-09
7994.00000 1.68220e-09
7996.00000 1.65780e-09
7998.00000 1.68900e-09
8000.00000 1.71010e-09
8002.00000 1.67760e-09
8004.00000 1.68920e-09
8006.00000 1.70040e-09
8008.00000 1.69630e-09
8010.00000 1.70570e-09
8012.00000 1.70180e-09
8014.00000 1.68290e-09
8016.00000 1.67740e-09
8018.00000 1.68140e-09
8020.00000 1.69290e-09
8022.00000 1.69710e-09
8024.00000 1.68880e-09
8026.00000 1.69570e-09
8028.00000 1.68830e-09
8030.00000 1.69770e-09
8032.00000 1.71040e-09
8034.00000 1.71550e-09
8036.00000 1.71300e-09
8038.00000 1.72430e-09
8040.00000 1.72040e-09
8042.00000 1.70830e-09
8044.00000 1.71810e-09
8046.00000 1.72730e-09
8048.00000 1.71110e-09
8050.00000 1.71770e-09
8052.00000 1.74780e-09
8054.00000 1.73460e-09
8056.00000 1.71270e-09
8058.00000 1.72130e-09
8060.00000 1.70310e-09
8062.00000 1.73400e-09
8064.00000 1.74420e-09
8066.00000 1.74280e-09
8068.00000 1.72860e-09
8070.00000 1.71690e-09
8072.00000 1.73150e-09
8074.00000 1.74280e-09
8076.00000 1.72630e-09
8078.00000 1.71770e-09
8080.00000 1.74060e-09
8082.00000 1.72550e-09
8084.00000 1.72690e-09
8086.00000 1.75210e-09
8088.00000 1.73880e-09
8090.00000 1.74750e-09
8092.00000 1.74920e-09
8094.00000 1.75470e-09
8096.00000 1.74670e-09
8098.00000 1.73330e-09
8100.00000 1.74000e-09
8102.00000 1.75230e-09
8104.00000 1.76270e-09
8106.00000 1.75530e-09
8108.00000 1.74610e-09
8110.00000 1.74230e-09
8112.00000 1.75080e-09
8114.00000 1.72120e-09
8116.00000 1.72920e-09
8118.00000 1.74490e-09
8120.00000 1.75760e-09
8122.00000 1.76760e-09
8124.00000 1.76230e-09
8126.00000 1.74790e-09
8128.00000 1.77270e-09
8130.00000 1.77170e-09
8132.00000 1.74200e-09
8134.00000 1.78100e-09
8136.00000 1.78250e-09
8138.00000 1.76700e-09
8140.00000 1.77520e-09
8142.00000 1.77990e-09
8144.00000 1.77860e-09
8146.00000 1.76700e-09
8148.00000 1.75990e-09
8150.00000 1.78040e-09
8152.00000 1.77910e-09
8154.00000 1.76600e-09
8156.00000 1.78420e-09
8158.00000 1.76960e-09
8160.00000 1.76110e-09
8162.00000 1.78150e-09
8164.00000 1.79620e-09
8166.00000 1.78880e-09
8168.00000 1.78430e-09
8170.00000 1.76890e-09
8172.00000 1.76730e-09
8174.00000 1.78090e-09
8176.00000 1.78600e-09
8178.00000 1.78800e-09
8180.00000 1.77980e-09
8182.00000 1.76490e-09
8184.00000 1.78090e-09
8186.00000 1.77500e-09
8188.00000 1.76150e-09
8190.00000 1.78810e-09
8192.00000 1.78770e-09
8194.00000 1.77720e-09
8196.00000 1.77780e-09
8198.00000 1.77310e-09
8200.00000 1.78700e-09
8202.00000 1.77920e-09
8204.00000 1.78710e-09
8206.00000 1.78670e-09
8208.00000 1.76950e-09
8210.00000 1.78670e-09
8212.00000 1.76450e-09
8214.00000 1.75850e-09
8216.00000 1.74350e-09
8218.00000 1.75850e-09
8220.00000 1.75120e-09
8222.00000 1.77060e-09
8224.00000 1.77210e-09
8226.00000 1.75910e-09
8228.00000 1.76000e-09
8230.00000 1.75960e-09
8232.00000 1.76260e-09
8234.00000 1.75190e-09
8236.00000 1.76460e-09
8238.00000 1.76090e-09
8240.00000 1.74590e-09
8242.00000 1.75460e-09
8244.00000 1.75400e-09
8246.00000 1.75660e-09
8248.00000 1.75450e-09
8250.00000 1.73690e-09
8252.00000 1.74220e-09
8254.00000 1.77100e-09
8256.00000 1.75330e-09
8258.00000 1.75520e-09
8260.00000 1.75830e-09
8262.00000 1.75800e-09
8264.00000 1.77200e-09
8266.00000 1.74980e-09
8268.00000 1.75920e-09
8270.00000 1.76550e-09
8272.00000 1.74900e-09
8274.00000 1.76360e-09
8276.00000 1.77250e-09
8278.00000 1.75520e-09
8280.00000 1.77120e-09
8282.00000 1.78490e-09
8284.00000 1.74290e-09
8286.00000 1.72090e-09
8288.00000 1.74740e-09
8290.00000 1.76960e-09
8292.00000 1.77140e-09
8294.00000 1.75740e-09
8296.00000 1.76830e-09
8298.00000 1.75170e-09
8300.00000 1.74650e-09
8302.00000 1.75070e-09
8304.00000 1.77160e-09
8306.00000 1.76570e-09
8308.00000 1.79600e-09
8310.00000 1.80460e-09
8312.00000 1.78650e-09
8314.00000 1.79380e-09
8316.00000 1.80970e-09
8318.00000 1.80630e-09
8320.00000 1.79800e-09
8322.00000 1.82690e-09
8324.00000 1.83930e-09
8326.00000 1.82530e-09
8328.00000 1.86830e-09
8330.00000 1.89180e-09
8332.00000 1.87690e-09
8334.00000 1.89180e-09
8336.00000 1.91730e-09
8338.00000 1.92760e-09
8340.00000 1.95710e-09
8342.00000 1.93520e-09
8344.00000 1.94230e-09
8346.00000 1.95500e-09
8348.00000 1.91730e-09
8350.00000 1.94460e-09
8352.00000 1.95940e-09
8354.00000 1.96680e-09
8356.00000 1.95730e-09
8358.00000 1.95260e-09
8360.00000 1.97840e-09
8362.00000 1.98920e-09
8364.00000 1.98940e-09
8366.00000 2.02510e-09
8368.00000 2.02510e-09
8370.00000 2.01600e-09
8372.00000 2.02350e-09
8374.00000 2.08180e-09
8376.00000 2.08150e-09
8378.00000 2.06960e-09
8380.00000 2.04820e-09
8382.00000 2.06950e-09
8384.00000 2.10230e-09
8386.00000 2.11650e-09
8388.00000 2.13650e-09
8390.00000 2.14060e-09
8392.00000 2.14140e-09
8394.00000 2.16700e-09
8396.00000 2.14040e-09
8398.00000 2.13740e-09
8400.00000 2.16330e-09
8402.00000 2.18000e-09
8404.00000 2.19550e-09
8406.00000 2.21320e-09
8408.00000 2.21260e-09
8410.00000 2.22260e-09
8412.00000 2.21640e-09
8414.00000 2.23710e-09
8416.00000 2.27710e-09
8418.00000 2.24170e-09
8420.00000 2.25150e-09
8422.00000 2.32370e-09
8424.00000 2.32240e-09
8426.00000 2.31260e-09
8428.00000 2.35400e-09
8430.00000 2.35870e-09
8432.00000 2.32310e-09
8434.00000 2.33110e-09
8436.00000 2.37660e-09
8438.00000 2.40790e-09
8440.00000 2.39110e-09
8442.00000 2.36620e-09
8444.00000 2.35770e-09
8446.00000 2.34730e-09
8448.00000 2.35550e-09
8450.00000 2.34160e-09
8452.00000 2.29770e-09
8454.00000 2.29370e-09
8456.00000 2.27920e-09
8458.00000 2.27280e-09
8460.00000 2.28350e-09
8462.00000 2.27630e-09
8464.00000 2.23620e-09
8466.00000 2.19660e-09
8468.00000 2.22390e-09
8470.00000 2.24210e-09
8472.00000 2.21080e-09
8474.00000 2.21680e-09
8476.00000 2.23520e-09
8478.00000 2.23520e-09
8480.00000 2.17530e-09
8482.00000 2.14170e-09
8484.00000 2.09230e-09
8486.00000 2.05370e-09
8488.00000 2.01280e-09
8490.00000 2.01880e-09
8492.00000 1.98320e-09
8494.00000 1.96020e-09
8496.00000 1.93490e-09
8498.00000 1.90710e-09
8500.00000 1.90420e-09
8502.00000 1.89940e-09
8504.00000 1.85670e-09
8506.00000 1.81890e-09
8508.00000 1.81750e-09
8510.00000 1.79440e-09
8512.00000 1.76380e-09
8514.00000 1.75160e-09
8516.00000 1.74990e-09
8518.00000 1.74940e-09
8520.00000 1.72060e-09
8522.00000 1.72090e-09
8524.00000 1.72140e-09
8526.00000 1.71560e-09
8528.00000 1.72090e-09
8530.00000 1.69500e-09
8532.00000 1.69110e-09
8534.00000 1.70440e-09
8536.00000 1.70590e-09
8538.00000 1.70060e-09
8540.00000 1.71820e-09
8542.00000 1.73590e-09
8544.00000 1.72370e-09
8546.00000 1.74090e-09
8548.00000 1.76830e-09
8550.00000 1.77920e-09
8552.00000 1.76850e-09
8554.00000 1.76100e-09
8556.00000 1.79070e-09
8558.00000 1.81080e-09
8560.00000 1.81310e-09
8562.00000 1.81220e-09
8564.00000 1.82820e-09
8566.00000 1.82000e-09
8568.00000 1.83220e-09
8570.00000 1.84890e-09
8572.00000 1.85830e-09
8574.00000 1.83600e-09
8576.00000 1.82610e-09
8578.00000 1.84050e-09
8580.00000 1.87500e-09
8582.00000 1.87140e-09
8584.00000 1.86780e-09
8586.00000 1.87730e-09
8588.00000 1.88750e-09
8590.00000 1.90460e-09
8592.00000 1.86970e-09
8594.00000 1.86390e-09
8596.00000 1.87100e-09
8598.00000 1.85970e-09
8600.00000 1.84760e-09
8602.00000 1.83650e-09
8604.00000 1.82970e-09
8606.00000 1.82690e-09
8608.00000 1.81490e-09
8610.00000 1.81610e-09
8612.00000 1.83200e-09
8614.00000 1.80880e-09
8616.00000 1.78170e-09
8618.00000 1.75020e-09
8620.00000 1.72750e-09
8622.00000 1.72820e-09
8624.00000 1.72360e-09
8626.00000 1.71490e-09
8628.00000 1.70570e-09
8630.00000 1.67320e-09
8632.00000 1.66820e-09
8634.00000 1.66040e-09
8636.00000 1.65720e-09
8638.00000 1.65180e-09
8640.00000 1.64640e-09
8642.00000 1.65210e-09
8644.00000 1.63230e-09
8646.00000 1.60570e-09
8648.00000 1.59750e-09
8650.00000 1.59120e-09
8652.00000 1.58600e-09
8654.00000 1.55200e-09
8656.00000 1.53590e-09
8658.00000 1.53310e-09
8660.00000 1.54240e-09
8662.00000 1.51310e-09
8664.00000 1.48750e-09
8666.00000 1.47440e-09
8668.00000 1.47070e-09
8670.00000 1.49080e-09
8672.00000 1.46150e-09
8674.00000 1.45860e-09
8676.00000 1.43750e-09
8678.00000 1.42860e-09
8680.00000 1.43490e-09
8682.00000 1.45590e-09
8684.00000 1.44450e-09
8686.00000 1.43230e-09
8688.00000 1.45510e-09
8690.00000 1.45730e-09
8692.00000 1.44800e-09
8694.00000 1.44860e-09
8696.00000 1.42030e-09
8698.00000 1.45000e-09
8700.00000 1.45000e-09
8702.00000 1.43150e-09
8704.00000 1.40250e-09
8706.00000 1.41180e-09
8708.00000 1.41980e-09
8710.00000 1.41630e-09
8712.00000 1.41890e-09
8714.00000 1.41580e-09
8716.00000 1.42610e-09
8718.00000 1.42250e-09
8720.00000 1.42980e-09
8722.00000 1.42720e-09
8724.00000 1.42990e-09
8726.00000 1.43200e-09
8728.00000 1.43630e-09
8730.00000 1.43730e-09
8732.00000 1.44670e-09
8734.00000 1.43140e-09
8736.00000 1.43280e-09
8738.00000 1.42950e-09
8740.00000 1.41370e-09
8742.00000 1.43200e-09
8744.00000 1.44550e-09
8746.00000 1.42190e-09
8748.00000 1.42170e-09
8750.00000 1.42970e-09
8752.00000 1.43790e-09
8754.00000 1.42960e-09
8756.00000 1.42980e-09
8758.00000 1.44540e-09
8760.00000 1.43590e-09
8762.00000 1.39900e-09
8764.00000 1.39500e-09
8766.00000 1.44890e-09
8768.00000 1.45510e-09
8770.00000 1.43910e-09
8772.00000 1.45160e-09
8774.00000 1.42520e-09
8776.00000 1.45960e-09
8778.00000 1.47990e-09
8780.00000 1.47520e-09
8782.00000 1.48950e-09
8784.00000 1.49550e-09
8786.00000 1.48710e-09
8788.00000 1.47720e-09
8790.00000 1.48890e-09
8792.00000 1.49620e-09
8794.00000 1.49950e-09
8796.00000 1.50030e-09
8798.00000 1.50230e-09
8800.00000 1.47430e-09
8802.00000 1.50830e-09
8804.00000 1.53430e-09
8806.00000 1.53510e-09
8808.00000 1.56310e-09
8810.00000 1.57110e-09
8812.00000 1.54760e-09
8814.00000 1.57140e-09
8816.00000 1.55140e-09
8818.00000 1.52550e-09
8820.00000 1.55120e-09
8822.00000 1.56300e-09
8824.00000 1.56840e-09
8826.00000 1.55540e-09
8828.00000 1.56550e-09
8830.00000 1.59550e-09
8832.00000 1.61660e-09
8834.00000 1.62070e-09
8836.00000 1.61270e-09
8838.00000 1.59850e-09
8840.00000 1.59660e-09
8842.00000 1.59980e-09
8844.00000 1.61810e-09
8846.00000 1.63120e-09
8848.00000 1.67100e-09
8850.00000 1.64560e-09
8852.00000 1.63520e-09
8854.00000 1.62160e-09
8856.00000 1.60530e-09
8858.00000 1.61940e-09
8860.00000 1.67790e-09
8862.00000 1.69310e-09
8864.00000 1.69520e-09
8866.00000 1.70160e-09
8868.00000 1.71230e-09
8870.00000 1.72770e-09
8872.00000 1.73680e-09
8874.00000 1.75000e-09
8876.00000 1.73260e-09
8878.00000 1.78270e-09
8880.00000 1.79730e-09
8882.00000 1.77400e-09
8884.00000 1.79680e-09
8886.00000 1.81580e-09
8888.00000 1.80590e-09
8890.00000 1.80150e-09
8892.00000 1.86540e-09
8894.00000 1.84040e-09
8896.00000 1.82400e-09
8898.00000 1.82930e-09
8900.00000 1.85080e-09
8902.00000 1.81810e-09
8904.00000 1.82330e-09
8906.00000 1.83960e-09
8908.00000 1.82620e-09
8910.00000 1.84750e-09
8912.00000 1.86660e-09
8914.00000 1.86600e-09
8916.00000 1.83670e-09
8918.00000 1.83600e-09
8920.00000 1.87650e-09
8922.00000 1.86300e-09
8924.00000 1.86970e-09
8926.00000 1.85000e-09
8928.00000 1.84390e-09
8930.00000 1.89820e-09
8932.00000 1.89860e-09
8934.00000 1.87930e-09
8936.00000 1.87550e-09
8938.00000 1.88970e-09
8940.00000 1.87270e-09
8942.00000 1.84320e-09
8944.00000 1.85720e-09
8946.00000 1.87670e-09
8948.00000 1.87030e-09
8950.00000 1.87740e-09
8952.00000 1.89880e-09
8954.00000 1.90660e-09
8956.00000 1.90000e-09
8958.00000 1.86480e-09
8960.00000 1.86470e-09
8962.00000 1.88600e-09
8964.00000 1.89690e-09
8966.00000 1.89000e-09
8968.00000 1.89660e-09
8970.00000 1.89960e-09
8972.00000 1.87700e-09
8974.00000 1.86040e-09
8976.00000 1.85990e-09
8978.00000 1.87350e-09
8980.00000 1.89500e-09
8982.00000 1.87290e-09
8984.00000 1.87420e-09
8986.00000 1.90750e-09
8988.00000 1.89700e-09
8990.00000 1.84820e-09
8992.00000 1.82800e-09
8994.00000 1.83970e-09
8996.00000 1.85420e-09
8998.00000 1.84570e-09
9000.00000 1.84930e-09
9002.00000 1.82470e-09
9004.00000 1.78610e-09
9006.00000 1.79460e-09
9008.00000 1.82160e-09
9010.00000 1.83450e-09
9012.00000 1.82420e-09
9014.00000 1.84020e-09
9016.00000 1.84900e-09
9018.00000 1.84910e-09
9020.00000 1.83320e-09
9022.00000 1.83950e-09
9024.00000 1.86830e-09
9026.00000 1.87650e-09
9028.00000 1.87610e-09
9030.00000 1.87360e-09
9032.00000 1.87910e-09
9034.00000 1.86660e-09
9036.00000 1.87040e-09
9038.00000 1.90340e-09
9040.00000 1.92430e-09
9042.00000 1.89260e-09
9044.00000 1.87270e-09
9046.00000 1.87220e-09
9048.00000 1.90080e-09
9050.00000 1.89740e-09
9052.00000 1.87890e-09
9054.00000 1.84080e-09
9056.00000 1.89170e-09
9058.00000 1.94100e-09
9060.00000 1.91380e-09
9062.00000 1.94240e-09
9064.00000 1.93790e-09
9066.00000 1.92460e-09
9068.00000 1.93750e-09
9070.00000 1.89230e-09
9072.00000 1.90450e-09
9074.00000 1.92280e-09
9076.00000 1.93570e-09
9078.00000 1.95650e-09
9080.00000 1.92880e-09
9082.00000 1.91660e-09
9084.00000 1.94000e-09
9086.00000 1.93900e-09
9088.00000 1.90030e-09
9090.00000 1.94450e-09
9092.00000 1.98640e-09
9094.00000 1.96080e-09
9096.00000 1.93510e-09
9098.00000 1.93630e-09
9100.00000 1.93670e-09
9102.00000 1.94910e-09
9104.00000 1.95010e-09
9106.00000 1.93680e-09
9108.00000 1.96480e-09
9110.00000 1.95480e-09
9112.00000 1.95170e-09
9114.00000 1.97590e-09
9116.00000 1.97700e-09
9118.00000 1.96490e-09
9120.00000 1.95490e-09
9122.00000 1.97660e-09
9124.00000 1.94860e-09
9126.00000 1.96510e-09
9128.00000 1.99240e-09
9130.00000 2.00130e-09
9132.00000 2.00450e-09
9134.00000 2.00670e-09
9136.00000 1.98200e-09
9138.00000 1.95560e-09
9140.00000 2.02720e-09
9142.00000 1.99730e-09
9144.00000 1.98710e-09
9146.00000 1.97470e-09
9148.00000 1.97540e-09
9150.00000 2.00320e-09
9152.00000 2.01120e-09
9154.00000 2.02950e-09
9156.00000 2.02940e-09
