6007.73 3.7681e-15
6011.94 3.7499e-15
6016.15 3.7661e-15
6020.35 3.7649e-15
6024.56 3.7305e-15
6028.77 3.7222e-15
6032.98 3.7077e-15
6037.19 3.7223e-15
6041.39 3.6578e-15
6045.60 3.677e-15
6049.81 3.6873e-15
6054.02 3.6568e-15
6058.22 3.7016e-15
6062.43 3.6542e-15
6066.64 3.6109e-15
6070.85 3.6739e-15
6075.06 3.6322e-15
6079.26 3.6079e-15
6083.47 3.5971e-15
6087.68 3.6252e-15
6091.89 3.6447e-15
6096.10 3.6528e-15
6100.30 3.6383e-15
6104.51 3.6294e-15
6108.72 3.6332e-15
6112.93 3.6607e-15
6117.13 3.7082e-15
6121.34 3.6788e-15
6125.55 3.691e-15
6129.76 3.6954e-15
6133.97 3.6676e-15
6138.17 3.6805e-15
6142.38 3.6245e-15
6146.59 3.6419e-15
6150.80 3.6555e-15
6155.01 3.6045e-15
6159.21 3.6077e-15
6163.42 3.5294e-15
6167.63 3.51e-15
6171.84 3.4952e-15
6176.04 3.4968e-15
6180.25 3.4678e-15
6184.46 3.5214e-15
6188.67 3.5385e-15
6192.88 3.5544e-15
6197.08 3.5806e-15
6201.29 3.606e-15
6205.50 3.6151e-15
6209.71 3.6206e-15
6213.92 3.6515e-15
6218.12 3.6674e-15
6222.33 3.6523e-15
6226.54 3.641e-15
6230.75 3.632e-15
6234.95 3.6607e-15
6239.16 3.647e-15
6243.37 3.6292e-15
6247.58 3.597e-15
6251.79 3.6622e-15
6255.99 3.6029e-15
6260.20 3.5626e-15
6264.41 3.5164e-15
6268.62 3.4642e-15
6272.83 3.3862e-15
6277.03 3.4146e-15
6281.24 3.3804e-15
6285.45 3.3707e-15
6289.66 3.3215e-15
6293.86 3.3088e-15
6298.07 3.2869e-15
6302.28 3.285e-15
6306.49 3.2437e-15
6310.70 3.1949e-15
6314.90 3.217e-15
6319.11 3.1992e-15
6323.32 3.1574e-15
6327.53 3.1223e-15
6331.74 3.0055e-15
6335.94 2.879e-15
6340.15 2.7009e-15
6344.36 2.4498e-15
6348.57 2.2401e-15
6352.77 2.0899e-15
6356.98 1.9296e-15
6361.19 1.8927e-15
6365.40 1.8368e-15
6369.61 1.8268e-15
6373.81 1.8616e-15
6378.02 1.8073e-15
6382.23 1.7587e-15
6386.44 1.7398e-15
6390.65 1.7097e-15
6394.85 1.6817e-15
6399.06 1.6541e-15
6403.27 1.6426e-15
6407.48 1.6598e-15
6411.68 1.599e-15
6415.89 1.6093e-15
6420.10 1.6094e-15
6424.31 1.6142e-15
6428.52 1.6165e-15
6432.72 1.5936e-15
6436.93 1.6322e-15
6441.14 1.6825e-15
6445.35 1.7503e-15
6449.56 1.8287e-15
6453.76 1.957e-15
6457.97 2.088e-15
6462.18 2.2539e-15
6466.39 2.4317e-15
6470.59 2.7061e-15
6474.80 3.0022e-15
6479.01 3.2947e-15
6483.22 3.5897e-15
6487.43 3.9889e-15
6491.63 4.3447e-15
6495.84 4.6813e-15
6500.05 5.0639e-15
6504.26 5.3411e-15
6508.47 5.6255e-15
6512.67 5.9178e-15
6516.88 6.1021e-15
6521.09 6.3041e-15
6525.30 6.4703e-15
6529.50 6.6383e-15
6533.71 6.7871e-15
6537.92 6.8719e-15
6542.13 6.945e-15
6546.34 7.0006e-15
6550.54 7.0251e-15
6554.75 7.0333e-15
6558.96 7.0552e-15
6563.17 7.0482e-15
6567.38 7.0222e-15
6571.58 6.9199e-15
6575.79 6.917e-15
6580.00 6.8733e-15
6584.21 6.8069e-15
6588.41 6.6716e-15
6592.62 6.5014e-15
6596.83 6.367e-15
6601.04 6.2863e-15
6605.25 6.3394e-15
6609.45 6.2075e-15
6613.66 6.0214e-15
6617.87 5.8933e-15
6622.08 5.8842e-15
6626.29 5.8749e-15
6630.49 5.7486e-15
6634.70 5.7366e-15
6638.91 5.6311e-15
6643.12 5.5097e-15
6647.32 5.3562e-15
6651.53 5.2913e-15
6655.74 5.2266e-15
6659.95 5.1184e-15
6664.16 5.0396e-15
6668.36 4.9471e-15
6672.57 4.8899e-15
6676.78 4.8001e-15
6680.99 4.7027e-15
6685.20 4.6191e-15
6689.40 4.5504e-15
6693.61 4.5317e-15
6697.82 4.4389e-15
6702.03 4.3668e-15
6706.23 4.2949e-15
6710.44 4.2033e-15
6714.65 4.1779e-15
6718.86 4.1321e-15
6723.07 4.0373e-15
6727.27 3.9764e-15
6731.48 3.9403e-15
6735.69 3.8982e-15
6739.90 3.8556e-15
6744.11 3.7809e-15
6748.31 3.7167e-15
6752.52 3.6811e-15
6756.73 3.6059e-15
6760.94 3.606e-15
6765.14 3.5907e-15
6769.35 3.541e-15
6773.56 3.5369e-15
6777.77 3.5166e-15
6781.98 3.4396e-15
6786.18 3.4455e-15
6790.39 3.4412e-15
6794.60 3.3697e-15
6798.81 3.3422e-15
6803.02 3.3856e-15
6807.22 3.3358e-15
6811.43 3.277e-15
6815.64 3.27e-15
6819.85 3.2598e-15
6824.05 3.2188e-15
6828.26 3.2097e-15
6832.47 3.1902e-15
6836.68 3.178e-15
6840.89 3.1501e-15
6845.09 3.1417e-15
6849.30 3.1661e-15
6853.51 3.0973e-15
6857.72 3.0422e-15
6861.93 3.016e-15
6866.13 3.0081e-15
6870.34 3.1122e-15
6874.55 3.1137e-15
6878.76 3.1307e-15
6882.96 3.1507e-15
6887.17 3.0892e-15
6891.38 3.086e-15
6895.59 3.1021e-15
6899.80 3.0902e-15
6904.00 3.0735e-15
6908.21 3.0462e-15
6912.42 3.0509e-15
6916.63 3.0474e-15
6920.84 3.0264e-15
6925.04 2.9857e-15
6929.25 3.0194e-15
6933.46 3.0214e-15
6937.67 3.0139e-15
6941.87 3.0307e-15
6946.08 3.0414e-15
6950.29 3.0117e-15
6954.50 3.0449e-15
6958.71 3.0342e-15
6962.91 2.9774e-15
6967.12 2.9944e-15
6971.33 3.0214e-15
6975.54 2.9823e-15
6979.75 2.9865e-15
6983.95 2.9895e-15
6988.16 3.0008e-15
6992.37 2.9995e-15
6996.58 2.9979e-15
7000.78 2.9705e-15
7004.99 2.995e-15
7009.20 2.9631e-15
7013.41 2.9781e-15
7017.62 2.9601e-15
7021.82 2.9613e-15
7026.03 2.9246e-15
7030.24 2.9275e-15
7034.45 2.9523e-15
7038.66 2.9127e-15
7042.86 2.9414e-15
7047.07 2.9071e-15
7051.28 2.8808e-15
7055.49 2.868e-15
7059.69 2.897e-15
7063.90 2.9017e-15
7068.11 2.8805e-15
7072.32 2.8636e-15
7076.53 2.8732e-15
7080.73 2.8788e-15
7084.94 2.8288e-15
7089.15 2.8461e-15
7093.36 2.8445e-15
7097.57 2.8476e-15
7101.77 2.8553e-15
7105.98 2.8387e-15
7110.19 2.8549e-15
7114.40 2.8284e-15
7118.61 2.8344e-15
7122.81 2.8472e-15
7127.02 2.8387e-15
7131.23 2.8502e-15
7135.44 2.8121e-15
7139.64 2.7863e-15
7143.85 2.7972e-15
7148.06 2.8331e-15
7152.27 2.8103e-15
7156.48 2.8147e-15
7160.68 2.7789e-15
7164.89 2.7833e-15
7169.10 2.7835e-15
7173.31 2.793e-15
7177.52 2.8144e-15
7181.72 2.837e-15
7185.93 2.8644e-15
7190.14 2.8525e-15
7194.35 2.8624e-15
7198.55 2.9167e-15
7202.76 2.9144e-15
7206.97 2.8997e-15
7211.18 2.8946e-15
7215.39 2.8476e-15
7219.59 2.8475e-15
7223.80 2.8038e-15
7228.01 2.797e-15
7232.22 2.832e-15
7236.43 2.8387e-15
7240.63 2.8701e-15
7244.84 2.9007e-15
7249.05 2.8861e-15
7253.26 2.8802e-15
7257.46 2.8603e-15
7261.67 2.8525e-15
7265.88 2.881e-15
7270.09 2.883e-15
7274.30 2.8737e-15
7278.50 2.8761e-15
7282.71 2.8609e-15
7286.92 2.8722e-15
7291.13 2.8347e-15
7295.34 2.8429e-15
7299.54 2.8808e-15
7303.75 2.845e-15
7307.96 2.8532e-15
7312.17 2.8624e-15
7316.37 2.8495e-15
7320.58 2.8203e-15
7324.79 2.8421e-15
7329.00 2.8383e-15
7333.21 2.8428e-15
7337.41 2.8327e-15
7341.62 2.8066e-15
7345.83 2.7958e-15
7350.04 2.7723e-15
7354.25 2.7898e-15
7358.45 2.768e-15
7362.66 2.7788e-15
7366.87 2.7686e-15
7371.08 2.743e-15
7375.28 2.7375e-15
7379.49 2.6932e-15
7383.70 2.7193e-15
7387.91 2.7791e-15
7392.12 2.7612e-15
7396.32 2.7416e-15
7400.53 2.7985e-15
7404.74 2.755e-15
7408.95 2.7277e-15
7413.16 2.7511e-15
7417.36 2.7677e-15
7421.57 2.7989e-15
7425.78 2.7781e-15
7429.99 2.7772e-15
7434.19 2.7755e-15
7438.40 2.7474e-15
7442.61 2.7671e-15
7446.82 2.7984e-15
7451.03 2.788e-15
7455.23 2.7655e-15
7459.44 2.7562e-15
7463.65 2.7641e-15
7467.86 2.7497e-15
7472.07 2.7427e-15
7476.27 2.7592e-15
7480.48 2.7673e-15
7484.69 2.7701e-15
7488.90 2.7252e-15
7493.10 2.7304e-15
7497.31 2.6785e-15
7501.52 2.7341e-15
7505.73 2.7277e-15
7509.94 2.7378e-15
7514.14 2.7057e-15
7518.35 2.6988e-15
7522.56 2.6925e-15
7526.77 2.6829e-15
7530.98 2.69e-15
7535.18 2.7024e-15
7539.39 2.7034e-15
7543.60 2.7025e-15
7547.81 2.6569e-15
7552.01 2.6578e-15
7556.22 2.6455e-15
7560.43 2.6166e-15
7564.64 2.6405e-15
7568.85 2.657e-15
7573.05 2.6119e-15
7577.26 2.6389e-15
7581.47 2.5734e-15
7585.68 2.4228e-15
7589.89 2.3159e-15
7594.09 2.277e-15
7598.30 2.3378e-15
7602.51 2.674e-15
7606.72 3.0818e-15
7610.92 3.1382e-15
7615.13 3.0182e-15
7619.34 2.8305e-15
7623.55 2.7289e-15
7627.76 2.69e-15
7631.96 2.6583e-15
7636.17 2.7141e-15
7640.38 2.7618e-15
7644.59 2.7734e-15
7648.80 2.7148e-15
7653.00 2.6457e-15
7657.21 2.543e-15
7661.42 2.4623e-15
7665.63 2.3872e-15
7669.83 2.3e-15
7674.04 2.2599e-15
7678.25 2.1899e-15
7682.46 2.1532e-15
7686.67 2.107e-15
7690.87 2.0783e-15
7695.08 2.0612e-15
7699.29 2.0977e-15
7703.50 2.1269e-15
7707.71 2.1449e-15
7711.91 2.2222e-15
7716.12 2.25e-15
7720.33 2.2871e-15
7724.54 2.3196e-15
7728.74 2.3481e-15
7732.95 2.3831e-15
7737.16 2.3946e-15
7741.37 2.4089e-15
7745.58 2.4659e-15
7749.78 2.5022e-15
7753.99 2.4972e-15
7758.20 2.509e-15
7762.41 2.515e-15
7766.62 2.5516e-15
7770.82 2.5191e-15
7775.03 2.5665e-15
7779.24 2.5413e-15
7783.45 2.5688e-15
7787.65 2.5977e-15
7791.86 2.5843e-15
7796.07 2.5913e-15
7800.28 2.5558e-15
7804.49 2.5302e-15
7808.69 2.51e-15
7812.90 2.5198e-15
7817.11 2.5354e-15
7821.32 2.5463e-15
7825.53 2.5399e-15
7829.73 2.5153e-15
7833.94 2.4906e-15
7838.15 2.4996e-15
7842.36 2.481e-15
7846.56 2.469e-15
7850.77 2.4896e-15
7854.98 2.4907e-15
7859.19 2.4853e-15
7863.40 2.4836e-15
7867.60 2.4443e-15
7871.81 2.4034e-15
7876.02 2.3995e-15
7880.23 2.4247e-15
7884.44 2.3865e-15
7888.64 2.4305e-15
7892.85 2.425e-15
7897.06 2.3935e-15
7901.27 2.3926e-15
7905.47 2.3546e-15
7909.68 2.3983e-15
7913.89 2.4073e-15
7918.10 2.4076e-15
7922.31 2.3822e-15
7926.51 2.3638e-15
7930.72 2.3632e-15
7934.93 2.3752e-15
7939.14 2.4102e-15
7943.35 2.3744e-15
7947.55 2.3833e-15
7951.76 2.3653e-15
7955.97 2.3416e-15
7960.18 2.3515e-15
7964.38 2.3406e-15
7968.59 2.3365e-15
7972.80 2.3401e-15
7977.01 2.3791e-15
7981.22 2.3542e-15
7985.42 2.3273e-15
7989.63 2.341e-15
7993.84 2.3325e-15
7998.05 2.3116e-15
8002.26 2.3122e-15
8006.46 2.3255e-15
8010.67 2.3385e-15
8014.88 2.3354e-15
8019.09 2.3318e-15
8023.29 2.3334e-15
8027.50 2.3201e-15
8031.71 2.3417e-15
8035.92 2.33e-15
8040.13 2.3306e-15
8044.33 2.3432e-15
8048.54 2.3277e-15
8052.75 2.3076e-15
8056.96 2.3016e-15
8061.17 2.3016e-15
8065.37 2.2955e-15
8069.58 2.2932e-15
8073.79 2.2598e-15
8078.00 2.2701e-15
8082.20 2.2493e-15
8086.41 2.261e-15
8090.62 2.2964e-15
8094.83 2.2423e-15
8099.04 2.2319e-15
8103.24 2.2525e-15
8107.45 2.2447e-15
8111.66 2.2278e-15
8115.87 2.2067e-15
8120.08 2.2019e-15
8124.28 2.2069e-15
8128.49 2.1868e-15
8132.70 2.1743e-15
8136.91 2.1679e-15
8141.11 2.2074e-15
8145.32 2.205e-15
8149.53 2.2171e-15
8153.74 2.1914e-15
8157.95 2.1689e-15
8162.15 2.1905e-15
8166.36 2.1867e-15
8170.57 2.2131e-15
8174.78 2.232e-15
8178.99 2.2282e-15
8183.19 2.2631e-15
8187.40 2.2294e-15
8191.61 2.266e-15
8195.82 2.2403e-15
8200.03 2.2131e-15
8204.23 2.2119e-15
8208.44 2.1981e-15
8212.65 2.1806e-15
8216.86 2.142e-15
8221.06 2.1674e-15
8225.27 2.2459e-15
8229.48 2.2589e-15
8233.69 2.2455e-15
8237.90 2.2105e-15
8242.10 2.2223e-15
8246.31 2.2097e-15
8250.52 2.188e-15
8254.73 2.1589e-15
8258.94 2.1707e-15
8263.14 2.1763e-15
8267.35 2.1622e-15
8271.56 2.1368e-15
8275.77 2.1278e-15
8279.97 2.1263e-15
8284.18 2.0794e-15
8288.39 2.0215e-15
8292.60 2.0018e-15
8296.81 1.9724e-15
8301.01 1.8901e-15
8305.22 1.838e-15
8309.43 1.7686e-15
8313.64 1.6596e-15
8317.85 1.5656e-15
8322.05 1.4861e-15
8326.26 1.3495e-15
8330.47 1.2442e-15
8334.68 1.1267e-15
8338.88 1.0425e-15
8343.09 9.6122e-16
8347.30 8.7515e-16
8351.51 8.1611e-16
8355.72 7.6262e-16
8359.92 7.0687e-16
8364.13 6.6285e-16
8368.34 6.5699e-16
8372.55 6.2586e-16
8376.76 5.9861e-16
8380.96 6.3054e-16
8385.17 6.01e-16
8389.38 6.2336e-16
8393.59 6.2585e-16
8397.79 6.4339e-16
8402.00 6.7101e-16
8406.21 7.1501e-16
8410.42 7.4066e-16
8414.63 7.912e-16
8418.83 8.441e-16
8423.04 8.7738e-16
8427.25 9.4204e-16
8431.46 1.0405e-15
8435.67 1.1191e-15
8439.87 1.1757e-15
8444.08 1.2438e-15
8448.29 1.306e-15
8452.50 1.381e-15
8456.70 1.4158e-15
8460.91 1.3987e-15
8465.12 1.4527e-15
8469.33 1.4969e-15
8473.54 1.4662e-15
8477.74 1.4806e-15
8481.95 1.5001e-15
8486.16 1.4844e-15
8490.37 1.4658e-15
8494.58 1.461e-15
8498.78 1.4057e-15
8502.99 1.3733e-15
8507.20 1.3925e-15
8511.41 1.3442e-15
8515.61 1.347e-15
8519.82 1.3272e-15
8524.03 1.3345e-15
8528.24 1.3429e-15
8532.45 1.34e-15
8536.65 1.3595e-15
8540.86 1.384e-15
8545.07 1.4366e-15
8549.28 1.463e-15
8553.49 1.4705e-15
8557.69 1.5474e-15
8561.90 1.618e-15
8566.11 1.719e-15
8570.32 1.7938e-15
8574.52 1.9062e-15
8578.73 1.9791e-15
8582.94 2.0973e-15
8587.15 2.1693e-15
8591.36 2.2757e-15
8595.56 2.3399e-15
8599.77 2.3991e-15
8603.98 2.4498e-15
8608.19 2.5298e-15
8612.40 2.6352e-15
8616.60 2.7721e-15
8620.81 2.7785e-15
8625.02 2.8375e-15
8629.23 2.9181e-15
8633.43 2.9187e-15
8637.64 2.9231e-15
8641.85 2.9131e-15
8646.06 2.9094e-15
8650.27 2.9034e-15
8654.47 2.9363e-15
8658.68 2.9929e-15
8662.89 2.9801e-15
8667.10 3.0099e-15
8671.31 3.0392e-15
8675.51 3.0299e-15
8679.72 3.0244e-15
8683.93 3.0107e-15
8688.14 3.0155e-15
8692.34 2.9778e-15
8696.55 2.9748e-15
8700.76 2.9402e-15
8704.97 3.0123e-15
8709.18 2.9972e-15
8713.38 2.9457e-15
8717.59 2.93e-15
8721.80 2.9285e-15
8726.01 2.873e-15
8730.22 2.8683e-15
8734.42 2.7959e-15
8738.63 2.818e-15
8742.84 2.8156e-15
8747.05 2.7916e-15
8751.25 2.7812e-15
8755.46 2.7432e-15
8759.67 2.6591e-15
8763.88 2.6333e-15
8768.09 2.5627e-15
8772.29 2.5045e-15
8776.50 2.4834e-15
8780.71 2.4661e-15
8784.92 2.4723e-15
8789.13 2.4322e-15
8793.33 2.4118e-15
8797.54 2.4246e-15
8801.75 2.4045e-15
8805.96 2.3456e-15
8810.16 2.2752e-15
8814.37 2.2224e-15
8818.58 2.1988e-15
8822.79 2.1577e-15
8827.00 2.118e-15
8831.20 2.0924e-15
8835.41 2.0992e-15
8839.62 2.1157e-15
8843.83 2.1243e-15
8848.04 2.1098e-15
8852.24 2.0781e-15
8856.45 2.0806e-15
8860.66 2.0267e-15
8864.87 2.0463e-15
8869.07 2.0428e-15
8873.28 2.0691e-15
8877.49 2.0521e-15
8881.70 1.9772e-15
8885.91 1.9909e-15
8890.11 2.0145e-15
8894.32 2.0079e-15
8898.53 1.9684e-15
8902.74 1.9154e-15
8906.95 1.8544e-15
8911.15 1.8939e-15
8915.36 1.8948e-15
8919.57 1.8491e-15
8923.78 1.8516e-15
8927.98 1.8718e-15
8932.19 1.8869e-15
8936.40 1.8983e-15
8940.61 1.9249e-15
8944.82 1.8845e-15
8949.02 1.8577e-15
8953.23 1.8383e-15
8957.44 1.8533e-15
8961.65 1.8707e-15
8965.86 1.8737e-15
8970.06 1.8668e-15
8974.27 1.8406e-15
8978.48 1.8361e-15
8982.69 1.8271e-15
8986.89 1.8616e-15
8991.10 1.8628e-15
8995.31 1.848e-15
8999.52 1.863e-15
9003.73 1.8629e-15
9007.93 1.8409e-15
9012.14 1.8469e-15
9016.35 1.8321e-15
9020.56 1.8318e-15
9024.77 1.848e-15
9028.97 1.8459e-15
9033.18 1.8319e-15
9037.39 1.8468e-15
9041.60 1.8691e-15
9045.80 1.8714e-15
9050.01 1.8522e-15
9054.22 1.8577e-15
9058.43 1.8683e-15
9062.64 1.8445e-15
9066.84 1.8019e-15
9071.05 1.869e-15
9075.26 1.8573e-15
9079.47 1.8652e-15
9083.68 1.8272e-15
9087.88 1.8003e-15
9092.09 1.8155e-15
9096.30 1.8587e-15
9100.51 1.8809e-15
9104.71 1.8426e-15
9108.92 1.7885e-15
9113.13 1.733e-15
9117.34 1.7146e-15
9121.55 1.6568e-15
9125.75 1.664e-15
9129.96 1.7228e-15
9134.17 1.6567e-15
9138.38 1.6893e-15
9142.59 1.6616e-15
9146.79 1.6979e-15
9151.00 1.7468e-15
9155.21 1.7599e-15
9159.42 1.7259e-15
9163.62 1.7071e-15
9167.83 1.7604e-15
9172.04 1.7396e-15
9176.25 1.7607e-15
9180.46 1.7359e-15
9184.66 1.703e-15
9188.87 1.7844e-15
9193.08 1.7746e-15
9197.29 1.8029e-15
9201.50 1.7976e-15
9205.70 1.8181e-15
9209.91 1.8282e-15
9214.12 1.8235e-15
9218.33 1.8044e-15
9222.54 1.7979e-15
9226.74 1.8478e-15
9230.95 1.8149e-15
9235.16 1.779e-15
9239.37 1.8042e-15
9243.57 1.8036e-15
9247.78 1.8324e-15
9251.99 1.8811e-15
9256.20 1.8836e-15
9260.41 1.8363e-15
9264.61 1.8379e-15
9268.82 1.816e-15
9273.03 1.8223e-15
9277.24 1.8071e-15
9281.45 1.7723e-15
9285.65 1.7696e-15
9289.86 1.7459e-15
9294.07 1.7369e-15
9298.28 1.8262e-15
9302.48 1.7189e-15
9306.69 1.7072e-15
9310.90 1.6701e-15
9315.11 1.7574e-15
9319.32 1.8197e-15
9323.52 1.7731e-15
9327.73 1.7932e-15
9331.94 1.8253e-15
9336.15 1.8385e-15
9340.36 1.8505e-15
9344.56 1.9494e-15
9348.77 1.9507e-15
9352.98 1.9386e-15
9357.19 2.0086e-15
9361.39 2.0043e-15
9365.60 1.9674e-15
9369.81 1.9481e-15
9374.02 2.0167e-15
9378.23 2.0673e-15
9382.43 2.0078e-15
9386.64 1.8662e-15
9390.85 1.8842e-15
9395.06 1.8587e-15
9399.27 1.7815e-15
9403.47 1.8287e-15
9407.68 1.7787e-15
9411.89 1.8089e-15
9416.10 1.7312e-15
9420.30 1.774e-15
9424.51 1.7596e-15
9428.72 1.6766e-15
9432.93 1.7804e-15
9437.14 1.8177e-15
9441.34 1.8282e-15
9445.55 1.7389e-15
9449.76 1.7574e-15
9453.97 1.7435e-15
9458.18 1.7505e-15
9462.38 1.8397e-15
9466.59 1.8378e-15
9470.80 1.8268e-15
9475.01 1.8579e-15
9479.21 1.8851e-15
9483.42 1.8335e-15
9487.63 1.746e-15
9491.84 1.7708e-15
9496.05 1.8518e-15
9500.25 1.7997e-15
9504.46 1.7662e-15
9508.67 1.7867e-15
9512.88 1.8087e-15
9517.09 1.8796e-15
9521.29 1.8424e-15
9525.50 1.7537e-15
9529.71 1.8554e-15
9533.92 1.83e-15
9538.12 1.8137e-15
9542.33 1.7691e-15
9546.54 1.6621e-15
9550.75 1.702e-15
9554.96 1.768e-15
9559.16 1.8124e-15
9563.37 1.8256e-15
9567.58 1.7947e-15
9571.79 1.6794e-15
9576.00 1.6985e-15
9580.20 1.5734e-15
9584.41 1.6382e-15
9588.62 1.6907e-15
9592.83 1.7334e-15
9597.03 1.7574e-15
9601.24 1.7634e-15
9605.45 1.7393e-15
9609.66 1.6572e-15
9613.87 1.6406e-15
9618.07 1.6753e-15
9622.28 1.7307e-15
9626.49 1.6788e-15
9630.70 1.6528e-15
9634.91 1.6292e-15
9639.11 1.6224e-15
9643.32 1.6367e-15
9647.53 1.5866e-15
9651.74 1.6038e-15
9655.94 1.6514e-15
9660.15 1.6341e-15
9664.36 1.6558e-15
9668.57 1.632e-15
9672.78 1.6474e-15
9676.98 1.6294e-15
9681.19 1.5131e-15
9685.40 1.572e-15
9689.61 1.5269e-15
9693.82 1.5552e-15
9698.02 1.5343e-15
9702.23 1.5326e-15
9706.44 1.5864e-15
9710.65 1.5803e-15
9714.85 1.5438e-15
9719.06 1.4999e-15
9723.27 1.5247e-15
9727.48 1.5061e-15
9731.69 1.4709e-15
9735.89 1.5275e-15
9740.10 1.5523e-15
9744.31 1.4674e-15
9748.52 1.5127e-15
9752.73 1.5384e-15
9756.93 1.4887e-15
9761.14 1.5286e-15
9765.35 1.5176e-15
9769.56 1.571e-15
9773.76 1.4947e-15
9777.97 1.5202e-15
9782.18 1.5511e-15
9786.39 1.5048e-15
9790.60 1.4727e-15
9794.80 1.4738e-15
9799.01 1.491e-15
9803.22 1.4748e-15
9807.43 1.5522e-15
9811.64 1.5261e-15
9815.84 1.5157e-15
9820.05 1.5472e-15
9824.26 1.4732e-15
9828.47 1.5106e-15
9832.67 1.4964e-15
9836.88 1.4797e-15
9841.09 1.4935e-15
9845.30 1.5047e-15
9849.51 1.5287e-15
9853.71 1.5312e-15
9857.92 1.5584e-15
9862.13 1.4962e-15
9866.34 1.487e-15
9870.55 1.5433e-15
9874.75 1.4987e-15
9878.96 1.4109e-15
9883.17 1.3919e-15
9887.38 1.4146e-15
9891.58 1.4506e-15
9895.79 1.4585e-15
9900.00 1.5e-15
9904.21 1.4147e-15
9908.42 1.4756e-15
9912.62 1.3979e-15
9916.83 1.4005e-15
9921.04 1.2997e-15
9925.25 1.3352e-15
9929.46 1.351e-15
9933.66 1.3287e-15
9937.87 1.263e-15
9942.08 1.2705e-15
9946.29 1.3215e-15
9950.49 1.319e-15
9954.70 1.3475e-15
9958.91 1.3666e-15
9963.12 1.3048e-15
9967.33 1.3425e-15
9971.53 1.3197e-15
9975.74 1.2386e-15
9979.95 1.2442e-15
9984.16 1.288e-15
9988.37 1.3111e-15
9992.57 1.3691e-15
9996.78 1.3575e-15
10000.99 1.3576e-15
