3503.48 2.1084e-16
3507.56 2.599e-16
3511.64 2.9678e-16
3515.73 1.6604e-16
3519.81 1.8086e-16
3523.89 2.1551e-16
3527.97 2.3851e-16
3532.05 1.7853e-16
3536.13 1.9261e-16
3540.22 2.1318e-16
3544.30 2.4567e-16
3548.38 2.1592e-16
3552.46 2.4133e-16
3556.54 1.4974e-16
3560.62 2.2192e-16
3564.71 1.9751e-16
3568.79 1.8397e-16
3572.87 2.2905e-16
3576.95 2.3588e-16
3581.03 2.1791e-16
3585.12 2.1098e-16
3589.20 1.8488e-16
3593.28 2.1121e-16
3597.36 2.2273e-16
3601.44 1.8485e-16
3605.52 2.2009e-16
3609.61 1.617e-16
3613.69 2.0696e-16
3617.77 1.7558e-16
3621.85 1.5574e-16
3625.93 1.4891e-16
3630.01 2.0032e-16
3634.10 2.5979e-16
3638.18 2.1705e-16
3642.26 1.9982e-16
3646.34 2.1107e-16
3650.42 1.8873e-16
3654.50 2.007e-16
3658.59 2.0797e-16
3662.67 1.5146e-16
3666.75 1.6987e-16
3670.83 1.7765e-16
3674.91 2.2408e-16
3678.99 2.3782e-16
3683.08 2.0913e-16
3687.16 1.8765e-16
3691.24 2.0017e-16
3695.32 2.0155e-16
3699.40 2.3052e-16
3703.48 1.8601e-16
3707.57 1.9518e-16
3711.65 2.4347e-16
3715.73 2.1214e-16
3719.81 2.3389e-16
3723.89 2.1987e-16
3727.97 2.4623e-16
3732.06 2.1579e-16
3736.14 2.9655e-16
3740.22 2.1957e-16
3744.30 1.6794e-16
3748.38 2.2041e-16
3752.47 1.9394e-16
3756.55 2.5464e-16
3760.63 2.1414e-16
3764.71 2.404e-16
3768.79 2.6525e-16
3772.87 2.8381e-16
3776.96 2.202e-16
3781.04 2.4504e-16
3785.12 2.3464e-16
3789.20 2.2563e-16
3793.28 2.6031e-16
3797.36 3.0674e-16
3801.45 2.703e-16
3805.53 2.5327e-16
3809.61 2.1025e-16
3813.69 2.1953e-16
3817.77 2.2469e-16
3821.85 2.8313e-16
3825.94 2.9337e-16
3830.02 2.9701e-16
3834.10 2.8217e-16
3838.18 3.0618e-16
3842.26 2.7165e-16
3846.34 2.6289e-16
3850.43 2.133e-16
3854.51 2.0212e-16
3858.59 2.48e-16
3862.67 2.7947e-16
3866.75 2.9427e-16
3870.83 3.3791e-16
3874.92 2.9969e-16
3879.00 3.0293e-16
3883.08 2.8845e-16
3887.16 2.7902e-16
3891.24 2.9825e-16
3895.32 2.7444e-16
3899.41 2.6866e-16
3903.49 2.1308e-16
3907.57 1.9714e-16
3911.65 2.3434e-16
3915.73 2.4774e-16
3919.81 2.983e-16
3923.90 3.2221e-16
3927.98 3.0052e-16
3932.06 3.2688e-16
3936.14 3.2057e-16
3940.22 2.9639e-16
3944.31 2.7032e-16
3948.39 2.7798e-16
3952.47 2.6508e-16
3956.55 2.6617e-16
3960.63 3.1494e-16
3964.71 2.7052e-16
3968.80 2.7824e-16
3972.88 2.7419e-16
3976.96 2.7284e-16
3981.04 2.68e-16
3985.12 2.2025e-16
3989.20 2.0568e-16
3993.29 2.5353e-16
3997.37 2.6551e-16
4001.45 2.8855e-16
4005.53 3.1513e-16
4009.61 3.5e-16
4013.69 3.0873e-16
4017.78 2.9314e-16
4021.86 2.8327e-16
4025.94 3.3082e-16
4030.02 3.3623e-16
4034.10 3.3876e-16
4038.18 3.1072e-16
4042.27 3.1938e-16
4046.35 2.7449e-16
4050.43 2.9915e-16
4054.51 3.2938e-16
4058.59 3.4966e-16
4062.67 2.8813e-16
4066.76 3.5856e-16
4070.84 2.9202e-16
4074.92 3.008e-16
4079.00 3.4562e-16
4083.08 2.8532e-16
4087.16 3.0669e-16
4091.25 3.0098e-16
4095.33 3.2188e-16
4099.41 3.0724e-16
4103.49 3.1611e-16
4107.57 3.037e-16
4111.66 3.0396e-16
4115.74 2.5326e-16
4119.82 2.4778e-16
4123.90 2.6394e-16
4127.98 2.6583e-16
4132.06 3.0761e-16
4136.15 3.4891e-16
4140.23 3.3388e-16
4144.31 3.0996e-16
4148.39 3.3963e-16
4152.47 3.494e-16
4156.55 3.4094e-16
4160.64 3.2071e-16
4164.72 3.1702e-16
4168.80 3.2901e-16
4172.88 3.0118e-16
4176.96 3.0386e-16
4181.04 2.8596e-16
4185.13 3.0998e-16
4189.21 2.7486e-16
4193.29 3.0087e-16
4197.37 2.8633e-16
4201.45 2.8629e-16
4205.53 2.9287e-16
4209.62 2.8312e-16
4213.70 2.8036e-16
4217.78 3.0215e-16
4221.86 2.8312e-16
4225.94 2.7905e-16
4230.02 2.6583e-16
4234.11 3.1495e-16
4238.19 3.1715e-16
4242.27 3.1401e-16
4246.35 2.7867e-16
4250.43 2.7494e-16
4254.51 2.9725e-16
4258.60 2.8137e-16
4262.68 2.8855e-16
4266.76 2.8169e-16
4270.84 3.0127e-16
4274.92 2.9864e-16
4279.00 2.8224e-16
4283.09 2.9991e-16
4287.17 2.9239e-16
4291.25 2.8502e-16
4295.33 2.7503e-16
4299.41 2.6666e-16
4303.50 2.7996e-16
4307.58 2.9197e-16
4311.66 2.8552e-16
4315.74 2.5313e-16
4319.82 2.7313e-16
4323.90 2.7175e-16
4327.99 2.9271e-16
4332.07 2.5684e-16
4336.15 2.7783e-16
4340.23 2.7825e-16
4344.31 2.6789e-16
4348.39 2.8085e-16
4352.48 2.7649e-16
4356.56 2.3653e-16
4360.64 2.154e-16
4364.72 1.6997e-16
4368.80 2.3581e-16
4372.88 2.6985e-16
4376.97 2.5394e-16
4381.05 2.8656e-16
4385.13 2.8673e-16
4389.21 2.8458e-16
4393.29 3.1582e-16
4397.37 2.9095e-16
4401.46 2.9302e-16
4405.54 2.7494e-16
4409.62 2.7528e-16
4413.70 2.9759e-16
4417.78 3.2282e-16
4421.86 3.0723e-16
4425.95 3.1312e-16
4430.03 3.0355e-16
4434.11 2.854e-16
4438.19 2.96e-16
4442.27 3.0473e-16
4446.35 2.5413e-16
4450.44 3.0195e-16
4454.52 3.1239e-16
4458.60 3.0268e-16
4462.68 2.8885e-16
4466.76 3.0387e-16
4470.85 3.2978e-16
4474.93 3.3225e-16
4479.01 3.2248e-16
4483.09 3.2159e-16
4487.17 3.005e-16
4491.25 2.9784e-16
4495.34 2.9351e-16
4499.42 2.9646e-16
4503.50 3.0543e-16
4507.58 3.1312e-16
4511.66 3.0594e-16
4515.74 2.8158e-16
4519.83 3.0021e-16
4523.91 3.0467e-16
4527.99 2.8526e-16
4532.07 2.8768e-16
4536.15 2.8628e-16
4540.23 2.8329e-16
4544.32 2.8658e-16
4548.40 3.0055e-16
4552.48 2.8512e-16
4556.56 2.6847e-16
4560.64 2.8955e-16
4564.72 3.1674e-16
4568.81 3.2115e-16
4572.89 3.4097e-16
4576.97 3.4661e-16
4581.05 3.5155e-16
4585.13 3.4393e-16
4589.21 3.6144e-16
4593.30 3.9136e-16
4597.38 4.1048e-16
4601.46 4.1211e-16
4605.54 4.2681e-16
4609.62 4.2888e-16
4613.70 4.1253e-16
4617.79 4.2082e-16
4621.87 4.3379e-16
4625.95 4.142e-16
4630.03 3.9446e-16
4634.11 3.8565e-16
4638.19 4.0461e-16
4642.28 3.8921e-16
4646.36 4.288e-16
4650.44 4.0999e-16
4654.52 4.0717e-16
4658.60 4.1787e-16
4662.69 3.9704e-16
4666.77 3.6813e-16
4670.85 3.8936e-16
4674.93 4.0969e-16
4679.01 4.3739e-16
4683.09 4.4735e-16
4687.18 4.2962e-16
4691.26 4.7005e-16
4695.34 4.418e-16
4699.42 4.3611e-16
4703.50 4.2555e-16
4707.58 4.1116e-16
4711.67 4.2093e-16
4715.75 4.1827e-16
4719.83 4.1407e-16
4723.91 4.2652e-16
4727.99 4.1394e-16
4732.07 4.2254e-16
4736.16 4.2509e-16
4740.24 4.0624e-16
4744.32 4.2624e-16
4748.40 4.1542e-16
4752.48 4.0504e-16
4756.56 4.0474e-16
4760.65 4.1832e-16
4764.73 4.4558e-16
4768.81 4.4347e-16
4772.89 3.8876e-16
4776.97 4.0196e-16
4781.05 3.8374e-16
4785.14 3.7926e-16
4789.22 3.83e-16
4793.30 3.5385e-16
4797.38 3.426e-16
4801.46 3.4871e-16
4805.54 3.3335e-16
4809.63 3.1031e-16
4813.71 3.125e-16
4817.79 2.6671e-16
4821.87 2.7147e-16
4825.95 2.8329e-16
4830.04 2.7476e-16
4834.12 2.5586e-16
4838.20 2.4031e-16
4842.28 2.4561e-16
4846.36 2.6197e-16
4850.44 3.0489e-16
4854.53 3.0228e-16
4858.61 3.3185e-16
4862.69 3.5707e-16
4866.77 3.7497e-16
4870.85 3.9641e-16
4874.93 4.3493e-16
4879.02 4.0996e-16
4883.10 3.9806e-16
4887.18 4.1352e-16
4891.26 4.1536e-16
4895.34 4.2663e-16
4899.42 4.1147e-16
4903.51 3.7703e-16
4907.59 3.6562e-16
4911.67 3.4078e-16
4915.75 3.3001e-16
4919.83 3.5729e-16
4923.91 3.6851e-16
4928.00 3.859e-16
4932.08 4.0703e-16
4936.16 4.1366e-16
4940.24 4.229e-16
4944.32 4.9556e-16
4948.40 4.9703e-16
4952.49 4.692e-16
4956.57 4.9453e-16
4960.65 4.9478e-16
4964.73 4.7834e-16
4968.81 4.6564e-16
4972.89 4.4601e-16
4976.98 4.5362e-16
4981.06 4.2072e-16
4985.14 4.0592e-16
4989.22 3.7983e-16
4993.30 3.8042e-16
4997.38 3.3389e-16
5001.47 3.5542e-16
5005.55 3.2458e-16
5009.63 3.185e-16
5013.71 3.226e-16
5017.79 3.6341e-16
5021.88 3.7299e-16
5025.96 3.6062e-16
5030.04 4.0493e-16
5034.12 3.9849e-16
5038.20 4.1064e-16
5042.28 4.5985e-16
5046.37 4.5332e-16
5050.45 4.6779e-16
5054.53 4.7755e-16
5058.61 4.7194e-16
5062.69 4.4323e-16
5066.77 4.6783e-16
5070.86 4.6705e-16
5074.94 4.4838e-16
5079.02 4.2775e-16
5083.10 4.0719e-16
5087.18 4.0817e-16
5091.26 3.8478e-16
5095.35 3.7569e-16
5099.43 3.86e-16
5103.51 3.8832e-16
5107.59 3.9046e-16
5111.67 3.9069e-16
5115.75 3.8987e-16
5119.84 3.6875e-16
5123.92 3.547e-16
5128.00 3.6436e-16
5132.08 3.505e-16
5136.16 3.167e-16
5140.24 3.0299e-16
5144.33 2.8271e-16
5148.41 2.7192e-16
5152.49 2.4343e-16
5156.57 2.3942e-16
5160.65 2.3655e-16
5164.73 2.5572e-16
5168.82 2.3381e-16
5172.90 2.3939e-16
5176.98 2.5162e-16
5181.06 2.4959e-16
5185.14 2.7617e-16
5189.23 2.7885e-16
5193.31 3.0065e-16
5197.39 3.1237e-16
5201.47 3.5084e-16
5205.55 3.4075e-16
5209.63 3.4498e-16
5213.72 3.5914e-16
5217.80 3.4001e-16
5221.88 3.6155e-16
5225.96 3.7118e-16
5230.04 3.4274e-16
5234.12 3.6053e-16
5238.21 3.3544e-16
5242.29 3.3943e-16
5246.37 3.3045e-16
5250.45 3.1595e-16
5254.53 3.2463e-16
5258.61 3.1265e-16
5262.70 3.3775e-16
5266.78 3.4943e-16
5270.86 3.5316e-16
5274.94 3.7803e-16
5279.02 3.8126e-16
5283.10 3.8236e-16
5287.19 3.9423e-16
5291.27 3.8633e-16
5295.35 3.8356e-16
5299.43 3.8028e-16
5303.51 3.5959e-16
5307.59 3.1782e-16
5311.68 3.1677e-16
5315.76 3.1803e-16
5319.84 3.1023e-16
5323.92 3.5151e-16
5328.00 3.538e-16
5332.08 3.4113e-16
5336.17 3.5157e-16
5340.25 3.6392e-16
5344.33 3.7026e-16
5348.41 3.7256e-16
5352.49 3.6979e-16
5356.57 3.6809e-16
5360.66 3.7805e-16
5364.74 3.6427e-16
5368.82 3.3193e-16
5372.90 3.3846e-16
5376.98 3.7125e-16
5381.07 3.3798e-16
5385.15 3.1157e-16
5389.23 3.4062e-16
5393.31 3.1462e-16
5397.39 3.2515e-16
5401.47 3.4068e-16
5405.56 3.2648e-16
5409.64 3.2454e-16
5413.72 3.1303e-16
5417.80 3.0586e-16
5421.88 3.191e-16
5425.96 3.0729e-16
5430.05 3.2716e-16
5434.13 3.0641e-16
5438.21 3.4737e-16
5442.29 3.4731e-16
5446.37 3.9066e-16
5450.45 3.9013e-16
5454.54 4.0442e-16
5458.62 4.1421e-16
5462.70 4.2168e-16
5466.78 4.5327e-16
5470.86 4.5809e-16
5474.94 4.4473e-16
5479.03 4.4048e-16
5483.11 4.5052e-16
5487.19 4.3399e-16
5491.27 4.0384e-16
5495.35 4.116e-16
5499.43 4.0672e-16
5503.52 3.9675e-16
5507.60 4.2236e-16
5511.68 3.9386e-16
5515.76 4.1488e-16
5519.84 3.9846e-16
5523.92 4.0101e-16
5528.01 4.14e-16
5532.09 4.3523e-16
5536.17 4.1778e-16
5540.25 4.4227e-16
5544.33 4.6475e-16
5548.42 4.8467e-16
5552.50 5.2949e-16
5556.58 5.2455e-16
5560.66 5.0497e-16
5564.74 5.2125e-16
5568.82 5.3833e-16
5572.91 5.2169e-16
5576.99 5.1028e-16
5581.07 4.9261e-16
5585.15 4.5996e-16
5589.23 4.7038e-16
5593.31 4.6225e-16
5597.40 4.8444e-16
5601.48 4.6103e-16
5605.56 4.3598e-16
5609.64 4.6297e-16
5613.72 4.6475e-16
5617.80 4.8756e-16
5621.89 4.6459e-16
5625.97 4.4698e-16
5630.05 4.5188e-16
5634.13 4.2699e-16
5638.21 4.0507e-16
5642.29 3.946e-16
5646.38 3.9054e-16
5650.46 3.6865e-16
5654.54 3.445e-16
5658.62 3.6514e-16
5662.70 3.6346e-16
5666.78 3.7042e-16
5670.87 3.557e-16
5674.95 3.7026e-16
5679.03 3.8023e-16
5683.11 4.1275e-16
5687.19 4.1069e-16
5691.27 4.0873e-16
5695.36 4.2409e-16
5699.44 4.16e-16
5703.52 4.1446e-16
5707.60 4.1131e-16
5711.68 4.4167e-16
5715.76 4.4749e-16
5719.85 4.1555e-16
5723.93 4.2716e-16
5728.01 4.3078e-16
5732.09 4.1621e-16
5736.17 4.4874e-16
5740.26 4.6223e-16
5744.34 4.5515e-16
5748.42 4.2395e-16
5752.50 4.5442e-16
5756.58 4.1036e-16
5760.66 3.9461e-16
5764.75 3.9602e-16
5768.83 3.7269e-16
5772.91 3.4126e-16
5776.99 3.3771e-16
5781.07 3.1627e-16
5785.15 2.6208e-16
5789.24 2.4103e-16
5793.32 2.1987e-16
5797.40 2.142e-16
5801.48 2.0741e-16
5805.56 1.8484e-16
5809.64 1.7743e-16
5813.73 1.655e-16
5817.81 1.6497e-16
5821.89 1.748e-16
5825.97 1.8391e-16
5830.05 1.6831e-16
5834.13 2.1917e-16
5838.22 1.8418e-16
5842.30 1.936e-16
5846.38 2.0318e-16
5850.46 1.9273e-16
5854.54 2.16e-16
5858.62 2.4834e-16
5862.71 2.4331e-16
5866.79 2.4829e-16
5870.87 2.56e-16
5874.95 2.5816e-16
5879.03 2.9645e-16
5883.11 2.9749e-16
5887.20 3.0932e-16
5891.28 3.3363e-16
5895.36 3.8297e-16
5899.44 4.0464e-16
5903.52 4.2702e-16
5907.61 4.7673e-16
5911.69 5.4349e-16
5915.77 5.7414e-16
5919.85 5.9776e-16
5923.93 6.2934e-16
5928.01 6.3479e-16
5932.10 6.3672e-16
5936.18 6.249e-16
5940.26 5.9202e-16
5944.34 5.8692e-16
5948.42 5.8698e-16
5952.50 5.628e-16
5956.59 5.5717e-16
5960.67 5.3712e-16
5964.75 5.2176e-16
5968.83 4.9796e-16
5972.91 5.008e-16
5976.99 4.9458e-16
5981.08 4.4376e-16
5985.16 4.4384e-16
5989.24 4.6598e-16
5993.32 4.4565e-16
5997.40 4.3835e-16
6001.48 4.4293e-16
6005.57 4.5275e-16
6009.65 4.6857e-16
6013.73 4.5073e-16
6017.81 4.9384e-16
6021.89 4.7396e-16
6025.97 4.784e-16
6030.06 4.6223e-16
6034.14 4.5434e-16
6038.22 4.5063e-16
6042.30 4.1905e-16
6046.38 4.084e-16
6050.46 4.2422e-16
6054.55 4.164e-16
6058.63 4.2514e-16
6062.71 4.0785e-16
6066.79 3.8044e-16
6070.87 3.7694e-16
6074.95 3.902e-16
6079.04 3.881e-16
6083.12 3.6857e-16
6087.20 3.8661e-16
6091.28 3.5168e-16
6095.36 3.5023e-16
6099.45 3.3166e-16
6103.53 3.336e-16
6107.61 3.3524e-16
6111.69 3.238e-16
6115.77 3.1994e-16
6119.85 3.3408e-16
6123.94 3.1533e-16
6128.02 3.0084e-16
6132.10 3.0987e-16
6136.18 3.2511e-16
6140.26 3.2288e-16
6144.34 3.2422e-16
6148.43 3.1705e-16
6152.51 3.5648e-16
6156.59 3.7533e-16
6160.67 3.8222e-16
6164.75 3.6938e-16
6168.83 3.8707e-16
6172.92 4.1205e-16
6177.00 4.1503e-16
6181.08 4.2779e-16
6185.16 4.3405e-16
6189.24 4.291e-16
6193.32 4.4454e-16
6197.41 4.4374e-16
6201.49 4.2951e-16
6205.57 4.2977e-16
6209.65 4.1472e-16
6213.73 4.102e-16
6217.81 4.0882e-16
6221.90 4.0905e-16
6225.98 3.9689e-16
6230.06 3.892e-16
6234.14 3.7797e-16
6238.22 3.3867e-16
6242.30 3.3738e-16
6246.39 3.3556e-16
6250.47 3.1788e-16
6254.55 3.5334e-16
6258.63 3.641e-16
6262.71 3.7323e-16
6266.80 3.9106e-16
6270.88 3.7857e-16
6274.96 4.1558e-16
6279.04 4.3091e-16
6283.12 4.2216e-16
6287.20 4.199e-16
6291.29 4.2264e-16
6295.37 4.6254e-16
6299.45 4.6935e-16
6303.53 4.3992e-16
6307.61 4.4973e-16
6311.69 4.5171e-16
6315.78 4.0953e-16
6319.86 4.2781e-16
6323.94 4.3961e-16
6328.02 4.3465e-16
6332.10 4.3543e-16
6336.18 4.2794e-16
6340.27 4.1978e-16
6344.35 4.2752e-16
6348.43 4.2223e-16
6352.51 4.2758e-16
6356.59 4.3204e-16
6360.67 4.2192e-16
6364.76 4.0871e-16
6368.84 3.8575e-16
6372.92 3.8298e-16
6377.00 3.6986e-16
6381.08 3.9767e-16
6385.16 3.5802e-16
6389.25 3.8773e-16
6393.33 4.1463e-16
6397.41 4.0003e-16
6401.49 4.0039e-16
6405.57 4.0542e-16
6409.65 3.8765e-16
6413.74 3.8339e-16
6417.82 3.8802e-16
6421.90 3.8652e-16
6425.98 3.6836e-16
6430.06 3.5421e-16
6434.14 3.6252e-16
6438.23 3.3696e-16
6442.31 3.7217e-16
6446.39 3.2368e-16
6450.47 3.1642e-16
6454.55 3.1108e-16
6458.64 2.9306e-16
6462.72 2.8426e-16
6466.80 2.6031e-16
6470.88 2.4391e-16
6474.96 2.2199e-16
6479.04 1.8375e-16
6483.13 1.6309e-16
6487.21 1.9562e-16
6491.29 1.9257e-16
6495.37 1.6845e-16
6499.45 1.9853e-16
6503.53 1.7366e-16
6507.62 1.8366e-16
6511.70 1.9054e-16
6515.78 2.1326e-16
6519.86 2.2593e-16
6523.94 2.433e-16
6528.02 2.7547e-16
6532.11 2.9041e-16
6536.19 3.3778e-16
6540.27 4.0283e-16
6544.35 4.7336e-16
6548.43 5.2687e-16
6552.51 6.3366e-16
6556.60 7.4053e-16
6560.68 8.3441e-16
6564.76 9.3795e-16
6568.84 1.0888e-15
6572.92 1.2305e-15
6577.00 1.3329e-15
6581.09 1.4616e-15
6585.17 1.5726e-15
6589.25 1.5035e-15
6593.33 1.4486e-15
6597.41 1.4803e-15
6601.49 1.4892e-15
6605.58 1.5998e-15
6609.66 1.4834e-15
6613.74 1.3108e-15
6617.82 1.2304e-15
6621.90 1.1885e-15
6625.99 1.1608e-15
6630.07 1.084e-15
6634.15 1.0031e-15
6638.23 9.6859e-16
6642.31 8.908e-16
6646.39 8.1442e-16
6650.48 7.6099e-16
6654.56 7.1415e-16
6658.64 6.8453e-16
6662.72 6.1257e-16
6666.80 5.9423e-16
6670.88 5.9006e-16
6674.97 5.4094e-16
6679.05 5.2561e-16
6683.13 5.2348e-16
6687.21 5.0117e-16
6691.29 5.0313e-16
6695.37 4.9693e-16
6699.46 4.7727e-16
6703.54 4.7757e-16
6707.62 5.011e-16
6711.70 4.7112e-16
6715.78 4.5349e-16
6719.86 4.6342e-16
6723.95 4.2239e-16
6728.03 4.0791e-16
6732.11 4.1081e-16
6736.19 4.0478e-16
6740.27 3.8309e-16
6744.35 3.4414e-16
6748.44 3.3081e-16
6752.52 3.3898e-16
6756.60 3.3813e-16
6760.68 3.4082e-16
6764.76 3.3356e-16
6768.84 3.0354e-16
6772.93 3.1988e-16
6777.01 3.2992e-16
6781.09 3.3075e-16
6785.17 3.0972e-16
6789.25 3.1528e-16
6793.34 3.2583e-16
6797.42 3.3794e-16
6801.50 3.5318e-16
6805.58 3.3355e-16
6809.66 3.6655e-16
6813.74 3.4413e-16
6817.83 3.2964e-16
6821.91 3.3849e-16
6825.99 3.2821e-16
6830.07 3.4548e-16
6834.15 3.2897e-16
6838.23 3.2586e-16
6842.32 3.2632e-16
6846.40 3.1983e-16
6850.48 3.2733e-16
6854.56 3.4266e-16
6858.64 3.5626e-16
6862.72 3.3665e-16
6866.81 3.4122e-16
6870.89 3.4887e-16
6874.97 3.3625e-16
6879.05 3.1902e-16
6883.13 3.611e-16
6887.21 3.4585e-16
6891.30 3.3505e-16
6895.38 3.5101e-16
6899.46 3.32e-16
6903.54 3.0881e-16
6907.62 3.1973e-16
6911.70 3.2355e-16
6915.79 3.299e-16
6919.87 2.9913e-16
6923.95 2.7923e-16
6928.03 2.8093e-16
6932.11 3.0868e-16
6936.19 3.1432e-16
6940.28 2.8668e-16
6944.36 3.1085e-16
6948.44 3.2024e-16
6952.52 3.133e-16
6956.60 3.2233e-16
6960.68 3.0888e-16
6964.77 3.0814e-16
6968.85 3.1365e-16
6972.93 3.1683e-16
6977.01 3.23e-16
6981.09 2.9302e-16
6985.18 3.4959e-16
6989.26 3.3147e-16
6993.34 3.0664e-16
6997.42 3.0311e-16
7001.50 3.0329e-16
7005.58 3.3026e-16
7009.67 3.3387e-16
7013.75 2.9455e-16
7017.83 2.807e-16
7021.91 3.0461e-16
7025.99 3.5624e-16
7030.07 3.2324e-16
7034.16 3.0953e-16
7038.24 3.2689e-16
7042.32 3.2721e-16
7046.40 3.4368e-16
7050.48 3.1582e-16
7054.56 3.151e-16
7058.65 3.392e-16
7062.73 3.2274e-16
7066.81 3.1362e-16
7070.89 3.3446e-16
7074.97 3.3692e-16
7079.05 3.3876e-16
7083.14 3.6198e-16
7087.22 3.7278e-16
7091.30 3.7822e-16
7095.38 4.0066e-16
7099.46 4.0335e-16
7103.54 3.889e-16
7107.63 3.8545e-16
7111.71 3.8266e-16
7115.79 3.8391e-16
7119.87 3.8107e-16
7123.95 3.6161e-16
7128.03 3.5349e-16
7132.12 3.8074e-16
7136.20 3.7628e-16
7140.28 3.5685e-16
7144.36 3.4596e-16
7148.44 3.8003e-16
7152.53 3.8322e-16
7156.61 3.6833e-16
7160.69 3.6588e-16
7164.77 3.6956e-16
7168.85 3.6793e-16
7172.93 3.7751e-16
7177.02 3.8692e-16
7181.10 3.8318e-16
7185.18 3.7028e-16
7189.26 3.4757e-16
7193.34 3.7143e-16
7197.42 3.6871e-16
7201.51 3.9097e-16
7205.59 3.787e-16
7209.67 3.8339e-16
7213.75 3.5963e-16
7217.83 3.6632e-16
7221.91 3.8043e-16
7226.00 3.4141e-16
7230.08 3.3669e-16
7234.16 3.5161e-16
7238.24 3.7335e-16
7242.32 3.741e-16
7246.40 3.7918e-16
7250.49 3.53e-16
7254.57 3.7683e-16
7258.65 3.5966e-16
7262.73 3.738e-16
7266.81 3.735e-16
7270.89 3.5473e-16
7274.98 3.3862e-16
7279.06 3.5951e-16
7283.14 3.7932e-16
7287.22 3.4599e-16
7291.30 3.5296e-16
7295.38 3.6655e-16
7299.47 3.9696e-16
7303.55 3.7341e-16
7307.63 4.0644e-16
7311.71 4.2212e-16
7315.79 4.461e-16
7319.87 4.3961e-16
7323.96 4.2806e-16
7328.04 4.3871e-16
7332.12 4.5151e-16
7336.20 4.5375e-16
7340.28 4.4253e-16
7344.37 4.458e-16
7348.45 4.7649e-16
7352.53 4.7603e-16
7356.61 4.5171e-16
7360.69 4.3373e-16
7364.77 4.5897e-16
7368.86 4.4205e-16
7372.94 3.9802e-16
7377.02 4.1856e-16
7381.10 4.1319e-16
7385.18 3.8515e-16
7389.26 3.8992e-16
7393.35 4.1165e-16
7397.43 4.1375e-16
7401.51 4.0867e-16
7405.59 4.3957e-16
7409.67 4.2264e-16
7413.75 4.2576e-16
7417.84 4.1095e-16
7421.92 4.0462e-16
7426.00 4.004e-16
7430.08 4.218e-16
7434.16 3.9876e-16
7438.24 3.8027e-16
7442.33 3.7361e-16
7446.41 3.9486e-16
7450.49 4.1449e-16
7454.57 3.9935e-16
7458.65 3.9323e-16
7462.73 3.6599e-16
7466.82 3.7085e-16
7470.90 3.7567e-16
7474.98 3.828e-16
