9359.62 1.1655e-16
9366.55 1.1181e-16
9373.49 1.5724e-16
9380.42 7.736e-17
9387.36 2.0382e-16
9394.29 1.6899e-16
9401.23 2.1301e-16
9408.16 2.1918e-16
9415.10 1.9261e-16
9422.03 1.4674e-16
9428.97 2.5162e-16
9435.90 8.8588e-17
9442.83 1.2721e-16
9449.77 2.2016e-16
9456.70 2.014e-16
9463.64 2.1038e-16
9470.57 1.4862e-16
9477.51 1.452e-16
9484.44 2.4202e-16
9491.38 1.0884e-16
9498.31 1.7886e-16
9505.25 1.7698e-16
9512.18 1.1678e-16
9519.12 1.7404e-16
9526.05 1.732e-16
9532.99 4.2719e-17
9539.92 1.4104e-16
9546.85 1.2993e-16
9553.79 2.6068e-16
9560.72 1.4253e-16
9567.66 2.0274e-16
9574.59 2.3982e-16
9581.53 1.9616e-16
9588.46 2.6913e-16
9595.40 7.3321e-17
9602.33 1.3808e-16
9609.27 1.2101e-16
9616.20 6.5725e-17
9623.14 2.238e-16
9630.07 1.5113e-16
9637.01 1.5185e-16
9643.94 1.8282e-16
9650.88 1.6307e-16
9657.81 2.3199e-16
9664.74 1.8314e-16
9671.68 1.4499e-16
9678.61 1.445e-16
9685.55 4.7826e-17
9692.48 1.7253e-16
9699.42 1.1452e-16
9706.35 1.4266e-16
9713.29 1.8431e-16
9720.22 1.0776e-16
9727.16 1.4341e-16
9734.09 1.1783e-16
9741.03 1.0572e-16
9747.96 1.2738e-16
9754.90 1.9246e-16
9761.83 3.8458e-16
9768.77 6.0805e-16
9775.70 2.0512e-16
9782.63 1.659e-16
9789.57 1.0573e-16
9796.50 1.8594e-16
9803.44 1.3882e-16
9810.37 9.8943e-17
9817.31 1.1501e-16
9824.24 1.3928e-16
9831.18 1.4801e-16
9838.11 1.0302e-16
9845.05 1.1629e-16
9851.98 1.1641e-16
9858.92 1.1249e-16
9865.85 8.7113e-17
9872.79 9.0055e-17
9879.72 1.0675e-16
9886.65 1.3679e-16
9893.59 1.0976e-16
9900.52 1.2339e-16
9907.46 1.1074e-16
9914.39 8.8392e-17
9921.33 1.2139e-16
9928.26 1.538e-16
9935.20 1.2073e-16
9942.13 1.1497e-16
9949.07 1.2016e-16
9956.00 1.4809e-16
9962.94 1.0902e-16
9969.87 1.2719e-16
9976.81 1.4499e-16
9983.74 1.1715e-16
9990.68 1.104e-16
9997.61 1.0454e-16
10004.54 1.2288e-16
10011.48 1.0622e-16
10018.41 1.4149e-16
10025.35 9.4786e-17
10032.28 1.2222e-16
10039.22 1.2008e-16
10046.15 1.1754e-16
10053.09 1.5906e-16
10060.02 1.5045e-16
10066.96 1.6967e-16
10073.89 1.7797e-16
10080.83 1.8755e-16
10087.76 2.2232e-16
10094.70 2.4078e-16
10101.63 2.4047e-16
10108.56 2.2604e-16
10115.50 2.7962e-16
10122.43 1.9247e-16
10129.37 1.8542e-16
10136.30 1.4626e-16
10143.24 1.7788e-16
10150.17 1.3957e-16
10157.11 1.1856e-16
10164.04 1.2757e-16
10170.98 1.3204e-16
10177.91 1.3953e-16
10184.85 1.1591e-16
10191.78 1.2341e-16
10198.72 1.1976e-16
10205.65 1.3066e-16
10212.59 1.1242e-16
10219.52 1.1802e-16
10226.45 1.5586e-16
10233.39 1.4668e-16
10240.32 1.4984e-16
10247.26 1.4124e-16
10254.19 1.3856e-16
10261.13 1.5408e-16
10268.06 1.3764e-16
10275.00 1.1389e-16
10281.93 1.2325e-16
10288.87 1.1304e-16
10295.80 1.1258e-16
10302.74 1.0381e-16
10309.67 1.2744e-16
10316.61 1.0941e-16
10323.54 8.4803e-17
10330.48 1.3381e-16
10337.41 1.2491e-16
10344.34 6.2359e-17
10351.28 1.1185e-16
10358.21 1.0588e-16
10365.15 1.241e-16
10372.08 1.2283e-16
10379.02 1.2032e-16
10385.95 1.3135e-16
10392.89 1.2716e-16
10399.82 1.3489e-16
10406.76 1.5371e-16
10413.69 1.2391e-16
10420.63 1.5475e-16
10427.56 1.1497e-16
10434.50 1.4256e-16
10441.43 1.649e-16
10448.36 1.3064e-16
10455.30 1.3293e-16
10462.23 1.2577e-16
10469.17 1.4308e-16
10476.10 1.1983e-16
10483.04 1.2745e-16
10489.97 1.2219e-16
10496.91 1.6325e-16
10503.84 9.961e-17
10510.78 1.1887e-16
10517.71 1.1527e-16
10524.65 9.5409e-17
10531.58 1.0627e-16
10538.52 8.597e-17
10545.45 7.8473e-17
10552.39 1.2315e-16
10559.32 7.3817e-17
10566.25 6.7935e-17
10573.19 9.2398e-17
10580.12 1.2549e-16
10587.06 8.2708e-17
10593.99 6.3993e-17
10600.93 7.1908e-17
10607.86 8.3083e-17
10614.80 8.3888e-17
10621.73 7.1769e-17
10628.67 7.5123e-17
10635.60 7.1629e-17
10642.54 8.5114e-17
10649.47 5.1227e-17
10656.41 7.0182e-17
10663.34 5.4017e-17
10670.28 4.6653e-17
10677.21 5.1104e-17
10684.14 6.759e-17
10691.08 5.6916e-17
10698.01 4.9927e-17
10704.95 3.1651e-17
10711.88 5.5998e-17
10718.82 6.4919e-17
10725.75 5.7707e-17
10732.69 6.2801e-17
10739.62 9.7539e-17
10746.56 6.2645e-17
10753.49 6.0234e-17
10760.43 7.3396e-17
10767.36 7.7081e-17
10774.30 7.3318e-17
10781.23 7.0899e-17
10788.16 7.7497e-17
10795.10 1.1778e-16
10802.03 9.2979e-17
10808.97 9.3512e-17
10815.90 1.0814e-16
10822.84 9.7152e-17
10829.77 1.5337e-16
10836.71 1.6313e-16
10843.64 1.7303e-16
10850.58 1.7835e-16
10857.51 2.0243e-16
10864.45 2.4556e-16
10871.38 2.8354e-16
10878.32 2.9159e-16
10885.25 2.7783e-16
10892.19 2.6686e-16
10899.12 2.0826e-16
10906.05 2.2906e-16
10912.99 2.1963e-16
10919.92 2.0537e-16
10926.86 2.0086e-16
10933.79 1.9573e-16
10940.73 1.8053e-16
10947.66 2.1782e-16
10954.60 2.1271e-16
10961.53 2.3729e-16
10968.47 2.4719e-16
10975.40 2.8262e-16
10982.34 2.8493e-16
10989.27 2.9452e-16
10996.21 2.5995e-16
