5997.36000 2.57920e-15
6001.57000 2.59460e-15
6005.78000 2.56030e-15
6009.98000 2.54630e-15
6014.19000 2.54610e-15
6018.39000 2.49470e-15
6022.60000 2.51270e-15
6026.81000 2.47310e-15
6031.01000 2.45460e-15
6035.22000 2.46210e-15
6039.42000 2.44530e-15
6043.63000 2.45910e-15
6047.84000 2.46400e-15
6052.04000 2.42430e-15
6056.25000 2.40800e-15
6060.45000 2.41570e-15
6064.66000 2.42410e-15
6068.87000 2.42060e-15
6073.07000 2.37910e-15
6077.28000 2.35330e-15
6081.49000 2.32800e-15
6085.69000 2.27570e-15
6089.90000 2.25750e-15
6094.10000 2.23110e-15
6098.31000 2.21230e-15
6102.52000 2.20360e-15
6106.72000 2.21650e-15
6110.93000 2.27750e-15
6115.13000 2.31960e-15
6119.34000 2.33840e-15
6123.55000 2.37980e-15
6127.75000 2.42570e-15
6131.96000 2.43450e-15
6136.16000 2.48360e-15
6140.37000 2.48790e-15
6144.58000 2.48210e-15
6148.78000 2.50070e-15
6152.99000 2.48320e-15
6157.19000 2.49770e-15
6161.40000 2.51910e-15
6165.61000 2.49790e-15
6169.81000 2.46520e-15
6174.02000 2.38350e-15
6178.23000 2.34040e-15
6182.43000 2.27560e-15
6186.64000 2.24490e-15
6190.84000 2.19120e-15
6195.05000 2.15400e-15
6199.26000 2.13010e-15
6203.46000 2.13980e-15
6207.67000 2.17520e-15
6211.87000 2.22170e-15
6216.08000 2.27900e-15
6220.29000 2.34020e-15
6224.49000 2.34210e-15
6228.70000 2.34080e-15
6232.90000 2.39420e-15
6237.11000 2.42710e-15
6241.32000 2.41550e-15
6245.52000 2.43370e-15
6249.73000 2.47070e-15
6253.93000 2.47380e-15
6258.14000 2.42520e-15
6262.35000 2.46390e-15
6266.55000 2.45520e-15
6270.76000 2.37720e-15
6274.97000 2.37930e-15
6279.17000 2.37820e-15
6283.38000 2.37720e-15
6287.58000 2.33910e-15
6291.79000 2.32620e-15
6296.00000 2.26580e-15
6300.20000 2.23040e-15
6304.41000 2.20840e-15
6308.61000 2.18390e-15
6312.82000 2.19390e-15
6317.03000 2.16150e-15
6321.23000 2.15630e-15
6325.44000 2.11300e-15
6329.64000 2.09900e-15
6333.85000 2.04190e-15
6338.06000 2.03140e-15
6342.26000 1.91410e-15
6346.47000 1.83190e-15
6350.67000 1.64970e-15
6354.88000 1.48710e-15
6359.09000 1.37790e-15
6363.29000 1.32440e-15
6367.50000 1.33770e-15
6371.71000 1.36510e-15
6375.91000 1.40830e-15
6380.12000 1.43120e-15
6384.32000 1.40140e-15
6388.53000 1.41200e-15
6392.74000 1.37050e-15
6396.94000 1.32840e-15
6401.15000 1.27410e-15
6405.35000 1.23540e-15
6409.56000 1.16040e-15
6413.77000 1.16730e-15
6417.97000 1.14330e-15
6422.18000 1.09190e-15
6426.38000 1.06500e-15
6430.59000 1.03280e-15
6434.80000 9.89010e-16
6439.00000 9.77560e-16
6443.21000 9.57780e-16
6447.41000 9.66850e-16
6451.62000 9.53110e-16
6455.83000 9.38920e-16
6460.03000 9.48440e-16
6464.24000 9.82470e-16
6468.45000 9.94870e-16
6472.65000 1.04560e-15
6476.86000 1.10250e-15
6481.06000 1.15010e-15
6485.27000 1.20550e-15
6489.48000 1.32650e-15
6493.68000 1.46070e-15
6497.89000 1.60930e-15
6502.09000 1.82580e-15
6506.30000 2.10300e-15
6510.51000 2.40780e-15
6514.71000 2.75390e-15
6518.92000 3.09740e-15
6523.12000 3.42270e-15
6527.33000 3.72560e-15
6531.54000 3.97420e-15
6535.74000 4.16860e-15
6539.95000 4.33490e-15
6544.15000 4.48790e-15
6548.36000 4.62400e-15
6552.57000 4.71090e-15
6556.77000 4.78250e-15
6560.98000 4.80680e-15
6565.19000 4.87670e-15
6569.39000 4.94370e-15
6573.60000 4.92480e-15
6577.80000 4.98550e-15
6582.01000 4.95880e-15
6586.22000 4.88570e-15
6590.42000 4.86680e-15
6594.63000 4.78810e-15
6598.83000 4.66280e-15
6603.04000 4.62720e-15
6607.25000 4.51710e-15
6611.45000 4.38600e-15
6615.66000 4.28580e-15
6619.86000 4.14600e-15
6624.07000 4.04990e-15
6628.28000 3.98660e-15
6632.48000 3.89460e-15
6636.69000 3.79420e-15
6640.89000 3.71400e-15
6645.10000 3.66720e-15
6649.31000 3.56740e-15
6653.51000 3.44700e-15
6657.72000 3.41760e-15
6661.93000 3.33870e-15
6666.13000 3.25650e-15
6670.34000 3.16900e-15
6674.54000 3.10340e-15
6678.75000 3.06890e-15
6682.96000 3.00990e-15
6687.16000 2.93580e-15
6691.37000 2.92430e-15
6695.57000 2.86270e-15
6699.78000 2.84420e-15
6703.99000 2.76180e-15
6708.19000 2.71570e-15
6712.40000 2.68130e-15
6716.60000 2.63000e-15
6720.81000 2.57970e-15
6725.02000 2.53040e-15
6729.22000 2.55020e-15
6733.43000 2.52320e-15
6737.63000 2.52570e-15
6741.84000 2.50070e-15
6746.05000 2.53610e-15
6750.25000 2.49130e-15
6754.46000 2.38770e-15
6758.67000 2.36400e-15
6762.87000 2.34690e-15
6767.08000 2.30090e-15
6771.28000 2.26790e-15
6775.49000 2.26820e-15
6779.70000 2.23400e-15
6783.90000 2.21350e-15
6788.11000 2.21590e-15
6792.31000 2.19320e-15
6796.52000 2.21220e-15
6800.73000 2.19730e-15
6804.93000 2.15820e-15
6809.14000 2.15340e-15
6813.34000 2.15300e-15
6817.55000 2.11970e-15
6821.76000 2.11560e-15
6825.96000 2.12730e-15
6830.17000 2.08530e-15
6834.37000 2.07440e-15
6838.58000 2.04770e-15
6842.79000 2.08800e-15
6846.99000 2.08470e-15
6851.20000 2.05380e-15
6855.41000 2.03800e-15
6859.61000 1.98800e-15
6863.82000 1.87110e-15
6868.02000 1.79580e-15
6872.23000 1.81990e-15
6876.44000 1.97600e-15
6880.64000 2.11620e-15
6884.85000 2.08170e-15
6889.05000 2.03500e-15
6893.26000 2.00300e-15
6897.47000 1.99970e-15
6901.67000 2.05160e-15
6905.88000 2.04740e-15
6910.08000 2.03120e-15
6914.29000 2.03770e-15
6918.50000 2.03970e-15
6922.70000 2.01460e-15
6926.91000 1.98070e-15
6931.11000 1.96470e-15
6935.32000 1.99300e-15
6939.53000 1.97640e-15
6943.73000 1.94740e-15
6947.94000 1.95170e-15
6952.15000 1.94360e-15
6956.35000 1.95040e-15
6960.56000 1.97290e-15
6964.76000 1.97470e-15
6968.97000 1.98930e-15
6973.18000 1.97040e-15
6977.38000 1.99820e-15
6981.59000 2.00060e-15
6985.79000 1.97900e-15
6990.00000 1.98740e-15
6994.21000 2.00110e-15
6998.41000 2.00960e-15
7002.62000 2.00210e-15
7006.82000 2.00110e-15
7011.03000 1.97360e-15
7015.24000 1.98950e-15
7019.44000 1.99390e-15
7023.65000 1.98170e-15
7027.85000 1.99760e-15
7032.06000 1.98410e-15
7036.27000 1.97790e-15
7040.47000 1.94420e-15
7044.68000 1.95070e-15
7048.89000 1.95640e-15
7053.09000 1.96700e-15
7057.30000 1.94280e-15
7061.50000 1.90890e-15
7065.71000 1.94050e-15
7069.92000 1.93920e-15
7074.12000 1.91570e-15
7078.33000 1.93040e-15
7082.53000 1.92010e-15
7086.74000 1.89420e-15
7090.95000 1.90900e-15
7095.15000 1.90790e-15
7099.36000 1.89630e-15
7103.56000 1.92100e-15
7107.77000 1.92750e-15
7111.98000 1.91920e-15
7116.18000 1.90400e-15
7120.39000 1.89570e-15
7124.59000 1.88450e-15
7128.80000 1.89500e-15
7133.01000 1.89040e-15
7137.21000 1.87400e-15
7141.42000 1.89210e-15
7145.63000 1.86930e-15
7149.83000 1.84940e-15
7154.04000 1.83770e-15
7158.24000 1.82310e-15
7162.45000 1.83730e-15
7166.66000 1.82240e-15
7170.86000 1.79240e-15
7175.07000 1.80770e-15
7179.27000 1.80350e-15
7183.48000 1.84310e-15
7187.69000 1.90900e-15
7191.89000 1.90150e-15
7196.10000 1.90630e-15
7200.30000 1.94700e-15
7204.51000 1.94370e-15
7208.72000 1.96340e-15
7212.92000 2.01120e-15
7217.13000 1.97650e-15
7221.33000 1.97420e-15
7225.54000 1.91710e-15
7229.75000 1.90840e-15
7233.95000 1.86920e-15
7238.16000 1.86890e-15
7242.37000 1.89270e-15
7246.57000 1.88790e-15
7250.78000 1.93060e-15
7254.98000 1.90060e-15
7259.19000 1.88180e-15
7263.40000 1.87890e-15
7267.60000 1.88190e-15
7271.81000 1.88600e-15
7276.01000 1.95030e-15
7280.22000 1.94690e-15
7284.43000 1.96980e-15
7288.63000 1.96180e-15
7292.84000 1.97400e-15
7297.04000 1.96980e-15
7301.25000 1.99020e-15
7305.46000 1.96350e-15
7309.66000 1.99970e-15
7313.87000 2.00150e-15
7318.07000 2.00230e-15
7322.28000 1.99800e-15
7326.49000 1.98390e-15
7330.69000 1.99700e-15
7334.90000 1.97640e-15
7339.11000 2.01110e-15
7343.31000 1.98700e-15
7347.52000 1.96470e-15
7351.72000 1.94160e-15
7355.93000 1.89140e-15
7360.14000 1.88930e-15
7364.34000 1.88460e-15
7368.55000 1.89700e-15
7372.75000 1.89380e-15
7376.96000 1.89060e-15
7381.17000 1.87920e-15
7385.37000 1.83430e-15
7389.58000 1.84040e-15
7393.78000 1.80250e-15
7397.99000 1.83630e-15
7402.20000 1.82530e-15
7406.40000 1.81070e-15
7410.61000 1.83380e-15
7414.81000 1.82670e-15
7419.02000 1.83740e-15
7423.23000 1.85560e-15
7427.43000 1.86700e-15
7431.64000 1.86750e-15
7435.85000 1.88590e-15
7440.05000 1.86400e-15
7444.26000 1.85390e-15
7448.46000 1.86970e-15
7452.67000 1.91000e-15
7456.88000 1.91230e-15
7461.08000 1.91790e-15
7465.29000 1.88880e-15
7469.49000 1.85390e-15
7473.70000 1.88870e-15
7477.91000 1.87340e-15
7482.11000 1.89920e-15
7486.32000 1.92960e-15
7490.52000 1.91260e-15
7494.73000 1.88940e-15
7498.94000 1.86360e-15
7503.14000 1.86010e-15
7507.35000 1.86680e-15
7511.55000 1.86820e-15
7515.76000 1.86640e-15
7519.97000 1.88000e-15
7524.17000 1.85440e-15
7528.38000 1.83810e-15
7532.59000 1.82400e-15
7536.79000 1.80140e-15
7541.00000 1.82620e-15
7545.20000 1.81810e-15
7549.41000 1.83590e-15
7553.62000 1.82920e-15
7557.82000 1.81270e-15
7562.03000 1.79880e-15
7566.23000 1.73420e-15
7570.44000 1.75730e-15
7574.65000 1.75070e-15
7578.85000 1.77280e-15
7583.06000 1.72730e-15
7587.26000 1.60880e-15
7591.47000 1.37710e-15
7595.68000 1.07530e-15
7599.88000 8.86440e-16
7604.09000 1.00930e-15
7608.29000 1.55210e-15
7612.50000 2.09940e-15
7616.71000 2.24850e-15
7620.91000 2.00150e-15
7625.12000 1.65220e-15
7629.33000 1.53840e-15
7633.53000 1.57830e-15
7637.74000 1.70660e-15
7641.94000 1.76650e-15
7646.15000 1.81700e-15
7650.36000 1.85740e-15
7654.56000 1.85690e-15
7658.77000 1.83520e-15
7662.97000 1.82910e-15
7667.18000 1.79840e-15
7671.39000 1.80910e-15
7675.59000 1.77480e-15
7679.80000 1.76840e-15
7684.00000 1.75770e-15
7688.21000 1.74340e-15
7692.42000 1.71650e-15
7696.62000 1.65500e-15
7700.83000 1.60770e-15
7705.03000 1.51890e-15
7709.24000 1.43800e-15
7713.45000 1.38600e-15
7717.65000 1.36470e-15
7721.86000 1.37080e-15
7726.07000 1.39990e-15
7730.27000 1.44070e-15
7734.48000 1.47820e-15
7738.68000 1.53080e-15
7742.89000 1.52370e-15
7747.10000 1.55470e-15
7751.30000 1.58140e-15
7755.51000 1.63160e-15
7759.71000 1.64400e-15
7763.92000 1.67300e-15
7768.13000 1.69660e-15
7772.33000 1.70100e-15
7776.54000 1.71500e-15
7780.74000 1.72150e-15
7784.95000 1.73590e-15
7789.16000 1.76210e-15
7793.36000 1.76860e-15
7797.57000 1.80380e-15
7801.77000 1.75580e-15
7805.98000 1.78440e-15
7810.19000 1.74750e-15
7814.39000 1.73180e-15
7818.60000 1.71580e-15
7822.81000 1.72630e-15
7827.01000 1.73280e-15
7831.22000 1.69910e-15
7835.42000 1.72550e-15
7839.63000 1.68230e-15
7843.84000 1.64280e-15
7848.04000 1.66480e-15
7852.25000 1.65910e-15
7856.45000 1.66610e-15
7860.66000 1.69400e-15
7864.87000 1.66500e-15
7869.07000 1.63850e-15
7873.28000 1.64520e-15
7877.48000 1.62730e-15
7881.69000 1.61800e-15
7885.90000 1.63340e-15
7890.10000 1.65440e-15
7894.31000 1.62490e-15
7898.51000 1.62600e-15
7902.72000 1.60440e-15
7906.93000 1.61550e-15
7911.13000 1.59920e-15
7915.34000 1.61800e-15
7919.55000 1.62210e-15
7923.75000 1.63190e-15
7927.96000 1.60730e-15
7932.16000 1.59720e-15
7936.37000 1.56870e-15
7940.58000 1.59300e-15
7944.78000 1.62960e-15
7948.99000 1.61420e-15
7953.19000 1.59690e-15
7957.40000 1.56940e-15
7961.61000 1.57910e-15
7965.81000 1.58110e-15
7970.02000 1.55890e-15
7974.22000 1.57910e-15
7978.43000 1.57480e-15
7982.64000 1.57020e-15
7986.84000 1.59330e-15
7991.05000 1.58770e-15
7995.25000 1.57410e-15
7999.46000 1.55480e-15
8003.67000 1.54860e-15
8007.87000 1.56670e-15
8012.08000 1.57060e-15
8016.29000 1.57240e-15
8020.49000 1.56010e-15
8024.70000 1.55190e-15
8028.90000 1.55560e-15
8033.11000 1.55810e-15
8037.32000 1.54990e-15
8041.52000 1.54510e-15
8045.73000 1.55630e-15
8049.93000 1.55490e-15
8054.14000 1.56910e-15
8058.35000 1.56310e-15
8062.55000 1.55760e-15
8066.76000 1.56430e-15
8070.96000 1.57290e-15
8075.17000 1.56250e-15
8079.38000 1.53650e-15
8083.58000 1.52300e-15
8087.79000 1.53820e-15
8091.99000 1.52210e-15
8096.20000 1.52280e-15
8100.41000 1.53100e-15
8104.61000 1.53940e-15
8108.82000 1.53260e-15
8113.03000 1.52830e-15
8117.23000 1.54050e-15
8121.44000 1.49600e-15
8125.64000 1.47950e-15
8129.85000 1.48790e-15
8134.06000 1.44190e-15
8138.26000 1.46640e-15
8142.47000 1.44910e-15
8146.67000 1.46630e-15
8150.88000 1.41850e-15
8155.09000 1.40410e-15
8159.29000 1.43540e-15
8163.50000 1.44900e-15
8167.70000 1.42280e-15
8171.91000 1.43040e-15
8176.12000 1.41880e-15
8180.32000 1.44000e-15
8184.53000 1.45600e-15
8188.73000 1.46610e-15
8192.94000 1.46150e-15
8197.15000 1.46170e-15
8201.35000 1.50380e-15
8205.56000 1.50870e-15
8209.77000 1.47900e-15
8213.97000 1.46150e-15
8218.18000 1.43870e-15
8222.38000 1.40060e-15
8226.59000 1.40830e-15
8230.80000 1.48320e-15
8235.00000 1.52180e-15
8239.21000 1.56240e-15
8243.41000 1.54260e-15
8247.62000 1.49260e-15
8251.83000 1.48530e-15
8256.03000 1.49380e-15
8260.24000 1.47230e-15
8264.44000 1.45970e-15
8268.65000 1.46100e-15
8272.86000 1.44760e-15
8277.06000 1.43780e-15
8281.27000 1.42380e-15
8285.47000 1.45860e-15
8289.68000 1.47380e-15
8293.89000 1.43680e-15
8298.09000 1.42520e-15
8302.30000 1.41390e-15
8306.51000 1.38500e-15
8310.71000 1.34330e-15
8314.92000 1.30940e-15
8319.12000 1.28950e-15
8323.33000 1.26560e-15
8327.54000 1.22470e-15
8331.74000 1.12870e-15
8335.95000 1.05140e-15
8340.15000 9.44560e-16
8344.36000 9.04020e-16
8348.57000 7.90070e-16
8352.77000 6.75380e-16
8356.98000 6.22170e-16
8361.18000 5.51040e-16
8365.39000 4.90470e-16
8369.60000 4.61320e-16
8373.80000 4.05860e-16
8378.01000 3.69440e-16
8382.21000 3.20910e-16
8386.42000 3.21460e-16
8390.63000 3.17100e-16
8394.83000 2.79750e-16
8399.04000 2.90590e-16
8403.25000 3.05370e-16
8407.45000 3.13300e-16
8411.66000 3.42420e-16
8415.86000 3.23920e-16
8420.07000 3.54280e-16
8424.28000 3.71480e-16
8428.48000 4.06130e-16
8432.69000 4.06750e-16
8436.89000 4.63030e-16
8441.10000 5.04610e-16
8445.31000 5.18390e-16
8449.51000 5.42400e-16
8453.72000 6.22060e-16
8457.92000 6.42550e-16
8462.13000 6.86410e-16
8466.34000 7.39070e-16
8470.54000 7.69600e-16
8474.75000 8.34120e-16
8478.95000 8.97530e-16
8483.16000 9.66370e-16
8487.37000 1.00570e-15
8491.57000 1.03810e-15
8495.78000 1.03350e-15
8499.99000 1.03250e-15
8504.19000 1.04330e-15
8508.40000 1.04660e-15
8512.60000 1.03480e-15
8516.81000 9.96230e-16
8521.02000 9.44330e-16
8525.22000 9.51630e-16
8529.43000 9.16070e-16
8533.63000 8.63940e-16
8537.84000 8.69970e-16
8542.05000 8.79290e-16
8546.25000 8.86540e-16
8550.46000 8.81820e-16
8554.66000 8.69680e-16
8558.87000 8.65550e-16
8563.08000 8.45690e-16
8567.28000 8.65650e-16
8571.49000 9.05970e-16
8575.69000 9.20870e-16
8579.90000 9.98000e-16
8584.11000 1.05230e-15
8588.31000 1.11850e-15
8592.52000 1.19930e-15
8596.73000 1.28460e-15
8600.93000 1.35610e-15
8605.14000 1.46320e-15
8609.34000 1.52610e-15
8613.55000 1.65120e-15
8617.76000 1.70370e-15
8621.96000 1.78280e-15
8626.17000 1.91820e-15
8630.37000 1.99660e-15
8634.58000 2.03050e-15
8638.79000 2.08750e-15
8642.99000 2.12500e-15
8647.20000 2.17070e-15
8651.40000 2.20700e-15
8655.61000 2.23740e-15
8659.82000 2.28990e-15
8664.02000 2.30010e-15
8668.23000 2.35420e-15
8672.43000 2.38260e-15
8676.64000 2.39100e-15
8680.85000 2.35200e-15
8685.05000 2.35110e-15
8689.26000 2.33630e-15
8693.47000 2.30750e-15
8697.67000 2.29290e-15
8701.88000 2.31790e-15
8706.08000 2.29010e-15
8710.29000 2.29780e-15
8714.50000 2.30550e-15
8718.70000 2.28010e-15
8722.91000 2.27540e-15
8727.11000 2.24450e-15
8731.32000 2.21850e-15
8735.53000 2.16350e-15
8739.73000 2.14110e-15
8743.94000 2.11020e-15
8748.14000 2.05620e-15
8752.35000 2.12060e-15
8756.56000 2.07450e-15
8760.76000 2.06120e-15
8764.97000 2.04710e-15
8769.18000 1.99680e-15
8773.38000 1.97430e-15
8777.59000 1.91230e-15
8781.79000 1.84100e-15
8786.00000 1.81960e-15
8790.21000 1.78900e-15
8794.41000 1.74910e-15
8798.62000 1.74360e-15
8802.82000 1.72960e-15
8807.03000 1.69870e-15
8811.24000 1.67650e-15
8815.44000 1.64720e-15
8819.65000 1.60810e-15
8823.85000 1.56680e-15
8828.06000 1.55540e-15
8832.27000 1.51760e-15
8836.47000 1.47090e-15
8840.68000 1.44760e-15
8844.88000 1.39450e-15
8849.09000 1.37850e-15
8853.30000 1.38100e-15
8857.50000 1.30950e-15
8861.71000 1.24500e-15
8865.92000 1.24080e-15
8870.12000 1.20740e-15
8874.33000 1.27880e-15
8878.53000 1.25380e-15
8882.74000 1.26350e-15
8886.95000 1.26820e-15
8891.15000 1.26370e-15
8895.36000 1.28780e-15
8899.56000 1.30990e-15
8903.77000 1.30270e-15
8907.98000 1.30750e-15
8912.18000 1.32490e-15
8916.39000 1.30140e-15
8920.59000 1.27040e-15
8924.80000 1.28010e-15
8929.01000 1.30870e-15
8933.21000 1.30180e-15
8937.42000 1.30560e-15
8941.62000 1.32650e-15
8945.83000 1.29510e-15
8950.04000 1.25350e-15
8954.24000 1.25990e-15
8958.45000 1.26150e-15
8962.66000 1.25750e-15
8966.86000 1.25210e-15
8971.07000 1.24000e-15
8975.27000 1.25960e-15
8979.48000 1.21880e-15
8983.69000 1.15750e-15
8987.89000 1.13700e-15
8992.10000 1.15800e-15
8996.30000 1.18250e-15
9000.51000 1.17040e-15
9004.72000 1.14340e-15
9008.92000 1.12460e-15
9013.13000 1.07970e-15
9017.33000 1.02920e-15
9021.54000 1.05060e-15
9025.75000 1.05120e-15
9029.95000 1.03610e-15
9034.16000 1.05600e-15
9038.36000 1.03100e-15
9042.57000 1.04090e-15
9046.78000 1.04850e-15
9050.98000 1.07090e-15
9055.19000 1.11260e-15
9059.40000 1.11450e-15
9063.60000 1.11020e-15
9067.81000 1.10270e-15
9072.01000 1.12100e-15
9076.22000 1.17620e-15
9080.43000 1.21250e-15
9084.63000 1.23360e-15
9088.84000 1.25730e-15
9093.04000 1.22980e-15
9097.25000 1.24110e-15
9101.46000 1.24800e-15
9105.66000 1.27400e-15
9109.87000 1.29040e-15
9114.07000 1.28660e-15
9118.28000 1.26530e-15
9122.49000 1.20180e-15
9126.69000 1.19800e-15
9130.90000 1.18520e-15
9135.10000 1.17060e-15
9139.31000 1.16290e-15
9143.52000 1.19850e-15
9147.72000 1.12280e-15
9151.93000 1.10830e-15
9156.14000 1.06660e-15
9160.34000 1.09110e-15
9164.55000 1.07560e-15
9168.75000 1.08020e-15
9172.96000 1.09910e-15
9177.17000 1.04580e-15
9181.37000 1.06220e-15
9185.58000 1.08580e-15
9189.78000 1.06610e-15
9193.99000 1.06860e-15
9198.20000 1.10790e-15
9202.40000 1.15340e-15
9206.61000 1.15870e-15
9210.81000 1.11450e-15
9215.02000 1.15860e-15
9219.23000 1.20510e-15
9223.43000 1.18730e-15
9227.64000 1.23050e-15
9231.84000 1.22600e-15
9236.05000 1.20710e-15
9240.26000 1.23590e-15
9244.46000 1.24990e-15
9248.67000 1.21350e-15
9252.88000 1.22310e-15
9257.08000 1.28910e-15
9261.29000 1.29240e-15
9265.49000 1.28060e-15
9269.70000 1.26440e-15
9273.91000 1.26160e-15
9278.11000 1.25610e-15
9282.32000 1.22430e-15
9286.52000 1.19790e-15
9290.73000 1.19030e-15
9294.94000 1.20600e-15
9299.14000 1.13780e-15
9303.35000 1.10590e-15
9307.55000 1.10270e-15
9311.76000 1.06240e-15
9315.97000 1.04950e-15
9320.17000 1.02300e-15
9324.38000 1.02750e-15
9328.58000 1.00060e-15
9332.79000 9.72870e-16
9337.00000 9.72880e-16
9341.20000 9.44050e-16
9345.41000 9.77070e-16
9349.62000 1.05300e-15
9353.82000 1.04430e-15
9358.03000 1.01440e-15
9362.23000 1.10950e-15
9366.44000 1.11350e-15
9370.65000 1.06900e-15
9374.85000 1.03340e-15
9379.06000 1.11360e-15
9383.26000 1.17280e-15
9387.47000 1.27050e-15
9391.68000 1.24770e-15
9395.88000 1.24630e-15
9400.09000 1.14420e-15
9404.29000 1.14580e-15
9408.50000 1.17970e-15
9412.71000 1.15340e-15
9416.91000 1.16470e-15
9421.12000 1.13090e-15
9425.32000 1.10080e-15
9429.53000 1.09060e-15
9433.74000 1.15520e-15
9437.94000 1.14530e-15
9442.15000 1.12180e-15
9446.36000 1.18070e-15
9450.56000 1.18490e-15
9454.77000 1.11620e-15
9458.97000 1.12790e-15
9463.18000 1.17740e-15
9467.39000 1.22030e-15
9471.59000 1.18010e-15
9475.80000 1.11510e-15
9480.00000 1.10760e-15
9484.21000 1.08110e-15
9488.42000 1.09130e-15
9492.62000 1.05390e-15
9496.83000 1.00320e-15
9501.03000 1.10240e-15
9505.24000 1.20310e-15
9509.45000 1.15980e-15
9513.65000 1.11640e-15
9517.86000 1.10800e-15
9522.06000 1.07520e-15
9526.27000 1.11040e-15
9530.48000 1.20050e-15
9534.68000 1.11000e-15
9538.89000 1.11240e-15
9543.10000 1.10610e-15
9547.30000 1.07060e-15
9551.51000 1.09960e-15
9555.71000 1.06070e-15
9559.92000 1.09590e-15
9564.13000 1.14460e-15
9568.33000 1.17570e-15
9572.54000 1.14920e-15
9576.74000 1.12150e-15
9580.95000 1.08270e-15
9585.16000 1.04180e-15
9589.36000 1.00800e-15
9593.57000 1.00320e-15
9597.77000 1.08420e-15
9601.98000 1.08600e-15
9606.19000 1.09240e-15
9610.39000 1.08220e-15
9614.60000 1.08160e-15
9618.80000 1.06360e-15
9623.01000 1.05210e-15
9627.22000 1.06070e-15
9631.42000 1.07050e-15
9635.63000 1.03530e-15
9639.84000 1.03500e-15
9644.04000 1.04120e-15
9648.25000 1.05420e-15
9652.45000 1.07930e-15
9656.66000 1.03530e-15
9660.87000 1.02220e-15
9665.07000 1.03200e-15
9669.28000 1.07310e-15
9673.48000 1.10930e-15
9677.69000 1.07550e-15
9681.90000 1.06800e-15
9686.10000 1.07150e-15
9690.31000 1.05080e-15
9694.51000 9.81630e-16
9698.72000 9.92970e-16
9702.93000 1.01130e-15
9707.13000 9.78290e-16
9711.34000 1.02020e-15
9715.54000 9.74820e-16
9719.75000 9.49480e-16
9723.96000 1.01700e-15
9728.16000 1.00320e-15
9732.37000 9.91820e-16
9736.58000 9.61170e-16
9740.78000 9.74040e-16
9744.99000 9.82330e-16
9749.19000 1.01020e-15
9753.40000 1.01950e-15
9757.61000 9.79340e-16
9761.81000 1.03550e-15
9766.02000 1.00780e-15
9770.22000 1.01770e-15
9774.43000 1.03610e-15
9778.64000 1.00540e-15
9782.84000 9.59630e-16
9787.05000 9.63530e-16
9791.25000 1.02570e-15
9795.46000 9.66900e-16
9799.67000 9.43980e-16
9803.87000 9.70000e-16
9808.08000 1.00640e-15
9812.28000 1.00330e-15
9816.49000 9.69890e-16
9820.70000 9.52870e-16
9824.90000 9.18660e-16
9829.11000 9.14150e-16
9833.32000 9.57060e-16
9837.52000 9.43610e-16
9841.73000 9.68920e-16
9845.93000 9.26690e-16
9850.14000 9.72200e-16
9854.35000 1.00570e-15
9858.55000 9.98720e-16
9862.76000 9.57700e-16
9866.96000 9.96740e-16
9871.17000 9.16250e-16
9875.38000 9.70160e-16
9879.58000 9.26370e-16
9883.79000 9.33200e-16
9887.99000 9.31880e-16
9892.20000 9.34950e-16
9896.41000 9.49760e-16
9900.61000 9.84050e-16
9904.82000 9.47590e-16
9909.02000 9.31480e-16
9913.23000 9.58810e-16
9917.44000 8.60090e-16
9921.64000 8.07420e-16
9925.85000 9.05200e-16
9930.06000 8.92710e-16
9934.26000 8.32260e-16
9938.47000 8.72920e-16
9942.67000 8.56240e-16
9946.88000 7.45430e-16
9951.09000 8.09360e-16
9955.29000 9.02570e-16
9959.50000 8.26600e-16
9963.70000 8.10980e-16
9967.91000 7.58270e-16
9972.12000 7.02970e-16
9976.32000 8.98810e-16
9980.53000 8.30300e-16
9984.73000 7.83900e-16
9988.94000 7.89880e-16
