3501.81000 6.58960e-16
3505.89000 5.65300e-16
3509.97000 5.87150e-16
3514.05000 5.78500e-16
3518.13000 5.59610e-16
3522.20000 5.06770e-16
3526.28000 5.26410e-16
3530.36000 5.64120e-16
3534.44000 5.50240e-16
3538.52000 5.03410e-16
3542.60000 5.50170e-16
3546.67000 4.92180e-16
3550.75000 5.62390e-16
3554.83000 5.58020e-16
3558.91000 5.56430e-16
3562.99000 5.35010e-16
3567.07000 5.65090e-16
3571.15000 5.64160e-16
3575.22000 5.62610e-16
3579.30000 5.51730e-16
3583.38000 5.62020e-16
3587.46000 5.68990e-16
3591.54000 5.98080e-16
3595.62000 6.03330e-16
3599.70000 6.38730e-16
3603.77000 6.24770e-16
3607.85000 5.95630e-16
3611.93000 6.48820e-16
3616.01000 6.15460e-16
3620.09000 6.09830e-16
3624.17000 6.23100e-16
3628.25000 6.17820e-16
3632.32000 6.18600e-16
3636.40000 6.30070e-16
3640.48000 6.80850e-16
3644.56000 6.67380e-16
3648.64000 6.56640e-16
3652.72000 6.12930e-16
3656.80000 6.44860e-16
3660.87000 6.33090e-16
3664.95000 6.17290e-16
3669.03000 5.79130e-16
3673.11000 5.97940e-16
3677.19000 5.86770e-16
3681.27000 5.41090e-16
3685.34000 5.29360e-16
3689.42000 5.39190e-16
3693.50000 5.35220e-16
3697.58000 5.53500e-16
3701.66000 5.46820e-16
3705.74000 5.44390e-16
3709.82000 6.04880e-16
3713.89000 6.43420e-16
3717.97000 6.84500e-16
3722.05000 7.50590e-16
3726.13000 8.40290e-16
3730.21000 8.91760e-16
3734.29000 1.05380e-15
3738.37000 1.16410e-15
3742.44000 1.20170e-15
3746.52000 1.14870e-15
3750.60000 1.10430e-15
3754.68000 1.14720e-15
3758.76000 1.12350e-15
3762.84000 1.11710e-15
3766.92000 1.05260e-15
3770.99000 1.04280e-15
3775.07000 1.09100e-15
3779.15000 1.03420e-15
3783.23000 1.01600e-15
3787.31000 1.02380e-15
3791.39000 1.03810e-15
3795.46000 1.01360e-15
3799.54000 1.01120e-15
3803.62000 1.06560e-15
3807.70000 1.09040e-15
3811.78000 1.08660e-15
3815.86000 1.12930e-15
3819.94000 1.19180e-15
3824.01000 1.18900e-15
3828.09000 1.13560e-15
3832.17000 1.04560e-15
3836.25000 9.43570e-16
3840.33000 8.45860e-16
3844.41000 7.68160e-16
3848.49000 6.62720e-16
3852.56000 6.22590e-16
3856.64000 6.12400e-16
3860.72000 5.96290e-16
3864.80000 5.94730e-16
3868.88000 5.96650e-16
3872.96000 5.65580e-16
3877.04000 5.70030e-16
3881.11000 5.81420e-16
3885.19000 6.27850e-16
3889.27000 6.34520e-16
3893.35000 6.37880e-16
3897.43000 5.92230e-16
3901.51000 6.09580e-16
3905.58000 5.93740e-16
3909.66000 6.52290e-16
3913.74000 7.51260e-16
3917.82000 7.94180e-16
3921.90000 8.66800e-16
3925.98000 9.70870e-16
3930.06000 1.00400e-15
3934.13000 1.10970e-15
3938.21000 1.20720e-15
3942.29000 1.35360e-15
3946.37000 1.44750e-15
3950.45000 1.51190e-15
3954.53000 1.69500e-15
3958.61000 1.92230e-15
3962.68000 2.00940e-15
3966.76000 2.11760e-15
3970.84000 2.04900e-15
3974.92000 2.00250e-15
3979.00000 1.92180e-15
3983.08000 1.90560e-15
3987.16000 1.87120e-15
3991.23000 1.91910e-15
3995.31000 1.98520e-15
3999.39000 2.04190e-15
4003.47000 2.08140e-15
4007.55000 2.10350e-15
4011.63000 2.11850e-15
4015.70000 2.09930e-15
4019.78000 2.08210e-15
4023.86000 2.02240e-15
4027.94000 1.93690e-15
4032.02000 1.95090e-15
4036.10000 1.89970e-15
4040.18000 1.81130e-15
4044.25000 1.80460e-15
4048.33000 1.88300e-15
4052.41000 2.00980e-15
4056.49000 2.24540e-15
4060.57000 2.36300e-15
4064.65000 2.40410e-15
4068.73000 2.40180e-15
4072.80000 2.45080e-15
4076.88000 2.48400e-15
4080.96000 2.65180e-15
4085.04000 2.75190e-15
4089.12000 2.83760e-15
4093.20000 2.83770e-15
4097.28000 2.84770e-15
4101.35000 2.84460e-15
4105.43000 2.87450e-15
4109.51000 2.91060e-15
4113.59000 2.80110e-15
4117.67000 2.66660e-15
4121.75000 2.57030e-15
4125.83000 2.38460e-15
4129.90000 2.22370e-15
4133.98000 2.05050e-15
4138.06000 1.92560e-15
4142.14000 1.84670e-15
4146.22000 1.79430e-15
4150.30000 1.82170e-15
4154.37000 1.89840e-15
4158.45000 2.01520e-15
4162.53000 2.03930e-15
4166.61000 2.04240e-15
4170.69000 1.99610e-15
4174.77000 1.94530e-15
4178.85000 1.86010e-15
4182.92000 1.75950e-15
4187.00000 1.71420e-15
4191.08000 1.61370e-15
4195.16000 1.54140e-15
4199.24000 1.48050e-15
4203.32000 1.42160e-15
4207.40000 1.37710e-15
4211.47000 1.44240e-15
4215.55000 1.53080e-15
4219.63000 1.66680e-15
4223.71000 1.81600e-15
4227.79000 1.92600e-15
4231.87000 1.93280e-15
4235.95000 1.88050e-15
4240.02000 1.76830e-15
4244.10000 1.66020e-15
4248.18000 1.52160e-15
4252.26000 1.39360e-15
4256.34000 1.27100e-15
4260.42000 1.22520e-15
4264.49000 1.20800e-15
4268.57000 1.19620e-15
4272.65000 1.17300e-15
4276.73000 1.16980e-15
4280.81000 1.17500e-15
4284.89000 1.23270e-15
4288.97000 1.25550e-15
4293.04000 1.28820e-15
4297.12000 1.34520e-15
4301.20000 1.35670e-15
4305.28000 1.40390e-15
4309.36000 1.46900e-15
4313.44000 1.52120e-15
4317.52000 1.57550e-15
4321.59000 1.67890e-15
4325.67000 1.70950e-15
4329.75000 1.70900e-15
4333.83000 1.70100e-15
4337.91000 1.66790e-15
4341.99000 1.60600e-15
4346.07000 1.51870e-15
4350.14000 1.44840e-15
4354.22000 1.46300e-15
4358.30000 1.45210e-15
4362.38000 1.45020e-15
4366.46000 1.48280e-15
4370.54000 1.52530e-15
4374.61000 1.58120e-15
4378.69000 1.61390e-15
4382.77000 1.63710e-15
4386.85000 1.70330e-15
4390.93000 1.75630e-15
4395.01000 1.78670e-15
4399.09000 1.81830e-15
4403.16000 1.76370e-15
4407.24000 1.76000e-15
4411.32000 1.73940e-15
4415.40000 1.73290e-15
4419.48000 1.74520e-15
4423.56000 1.74410e-15
4427.64000 1.76990e-15
4431.71000 1.76330e-15
4435.79000 1.82230e-15
4439.87000 1.89250e-15
4443.95000 1.91480e-15
4448.03000 1.96330e-15
4452.11000 1.95630e-15
4456.19000 1.95260e-15
4460.26000 1.90540e-15
4464.34000 1.83950e-15
4468.42000 1.78470e-15
4472.50000 1.72220e-15
4476.58000 1.64170e-15
4480.66000 1.56410e-15
4484.73000 1.49600e-15
4488.81000 1.49040e-15
4492.89000 1.38890e-15
4496.97000 1.31440e-15
4501.05000 1.31750e-15
4505.13000 1.27060e-15
4509.21000 1.27880e-15
4513.28000 1.27570e-15
4517.36000 1.26110e-15
4521.44000 1.30250e-15
4525.52000 1.32380e-15
4529.60000 1.37130e-15
4533.68000 1.43010e-15
4537.76000 1.51750e-15
4541.83000 1.58910e-15
4545.91000 1.71550e-15
4549.99000 1.83890e-15
4554.07000 2.00640e-15
4558.15000 2.24190e-15
4562.23000 2.52410e-15
4566.31000 2.80540e-15
4570.38000 3.06380e-15
4574.46000 3.22560e-15
4578.54000 3.33230e-15
4582.62000 3.25840e-15
4586.70000 3.22530e-15
4590.78000 3.17170e-15
4594.86000 3.14250e-15
4598.93000 3.13010e-15
4603.01000 3.18060e-15
4607.09000 3.26040e-15
4611.17000 3.41360e-15
4615.25000 3.40440e-15
4619.33000 3.42000e-15
4623.40000 3.47080e-15
4627.48000 3.41630e-15
4631.56000 3.37110e-15
4635.64000 3.36580e-15
4639.72000 3.43560e-15
4643.80000 3.49800e-15
4647.88000 3.60860e-15
4651.95000 3.62450e-15
4656.03000 3.63900e-15
4660.11000 3.71740e-15
4664.19000 3.69580e-15
4668.27000 3.69470e-15
4672.35000 3.64910e-15
4676.43000 3.57610e-15
4680.50000 3.57520e-15
4684.58000 3.54530e-15
4688.66000 3.48200e-15
4692.74000 3.35350e-15
4696.82000 3.25300e-15
4700.90000 3.15140e-15
4704.98000 2.95210e-15
4709.05000 2.82210e-15
4713.13000 2.73810e-15
4717.21000 2.70220e-15
4721.29000 2.77960e-15
4725.37000 2.86230e-15
4729.45000 2.88030e-15
4733.52000 2.87280e-15
4737.60000 2.82210e-15
4741.68000 2.76860e-15
4745.76000 2.68080e-15
4749.84000 2.64650e-15
4753.92000 2.54360e-15
4758.00000 2.49460e-15
4762.07000 2.46200e-15
4766.15000 2.37140e-15
4770.23000 2.29100e-15
4774.31000 2.23400e-15
4778.39000 2.17960e-15
4782.47000 2.17770e-15
4786.55000 2.17010e-15
4790.62000 2.14710e-15
4794.70000 2.08790e-15
4798.78000 2.01950e-15
4802.86000 1.98680e-15
4806.94000 1.90590e-15
4811.02000 1.82140e-15
4815.10000 1.74930e-15
4819.17000 1.78260e-15
4823.25000 1.92160e-15
4827.33000 2.11540e-15
4831.41000 2.36900e-15
4835.49000 2.61650e-15
4839.57000 2.82980e-15
4843.64000 2.99530e-15
4847.72000 3.18620e-15
4851.80000 3.31360e-15
4855.88000 3.34890e-15
4859.96000 3.33820e-15
4864.04000 3.29070e-15
4868.12000 3.12880e-15
4872.19000 2.99950e-15
4876.27000 2.87530e-15
4880.35000 2.76960e-15
4884.43000 2.77750e-15
4888.51000 2.73860e-15
4892.59000 2.81640e-15
4896.67000 3.06100e-15
4900.74000 3.28580e-15
4904.82000 3.49890e-15
4908.90000 3.73070e-15
4912.98000 3.89040e-15
4917.06000 4.04830e-15
4921.14000 4.16000e-15
4925.22000 4.20640e-15
4929.29000 4.27090e-15
4933.37000 4.26230e-15
4937.45000 4.22280e-15
4941.53000 4.10200e-15
4945.61000 3.93530e-15
4949.69000 3.71950e-15
4953.76000 3.50010e-15
4957.84000 3.20280e-15
4961.92000 2.92270e-15
4966.00000 2.68110e-15
4970.08000 2.47230e-15
4974.16000 2.33580e-15
4978.24000 2.31780e-15
4982.31000 2.25750e-15
4986.39000 2.39290e-15
4990.47000 2.54580e-15
4994.55000 2.77090e-15
4998.63000 3.04130e-15
5002.71000 3.23530e-15
5006.79000 3.41880e-15
5010.86000 3.59100e-15
5014.94000 3.78710e-15
5019.02000 3.89200e-15
5023.10000 4.02330e-15
5027.18000 4.03220e-15
5031.26000 4.07090e-15
5035.34000 4.05200e-15
5039.41000 3.98110e-15
5043.49000 3.96900e-15
5047.57000 3.90100e-15
5051.65000 3.88270e-15
5055.73000 3.83620e-15
5059.81000 3.72170e-15
5063.89000 3.68540e-15
5067.96000 3.62050e-15
5072.04000 3.46670e-15
5076.12000 3.34180e-15
5080.20000 3.20080e-15
5084.28000 3.05550e-15
5088.36000 2.86620e-15
5092.43000 2.73580e-15
5096.51000 2.57290e-15
5100.59000 2.38750e-15
5104.67000 2.20520e-15
5108.75000 2.08000e-15
5112.83000 1.91670e-15
5116.91000 1.79690e-15
5120.98000 1.70640e-15
5125.06000 1.63110e-15
5129.14000 1.66440e-15
5133.22000 1.73630e-15
5137.30000 1.81750e-15
5141.38000 1.86170e-15
5145.46000 1.94490e-15
5149.53000 2.05690e-15
5153.61000 2.18070e-15
5157.69000 2.38730e-15
5161.77000 2.56210e-15
5165.85000 2.69790e-15
5169.93000 2.81590e-15
5174.01000 2.91650e-15
5178.08000 2.92420e-15
5182.16000 2.95970e-15
5186.24000 2.87220e-15
5190.32000 2.88880e-15
5194.40000 2.93380e-15
5198.48000 3.00480e-15
5202.55000 3.03350e-15
5206.63000 3.11260e-15
5210.71000 3.19010e-15
5214.79000 3.16450e-15
5218.87000 3.13740e-15
5222.95000 3.09620e-15
5227.03000 2.98000e-15
5231.10000 2.98620e-15
5235.18000 2.88910e-15
5239.26000 2.90170e-15
5243.34000 2.96730e-15
5247.42000 2.94730e-15
5251.50000 3.03230e-15
5255.58000 3.06800e-15
5259.65000 2.97910e-15
5263.73000 2.89990e-15
5267.81000 2.83680e-15
5271.89000 2.77040e-15
5275.97000 2.71430e-15
5280.05000 2.71740e-15
5284.13000 2.80980e-15
5288.20000 2.86330e-15
5292.28000 2.90460e-15
5296.36000 2.98060e-15
5300.44000 3.09590e-15
5304.52000 3.19480e-15
5308.60000 3.27260e-15
5312.67000 3.34210e-15
5316.75000 3.35410e-15
5320.83000 3.33620e-15
5324.91000 3.38410e-15
5328.99000 3.46340e-15
5333.07000 3.52360e-15
5337.15000 3.48760e-15
5341.22000 3.58280e-15
5345.30000 3.63230e-15
5349.38000 3.65770e-15
5353.46000 3.69550e-15
5357.54000 3.69300e-15
5361.62000 3.61730e-15
5365.70000 3.59130e-15
5369.77000 3.55530e-15
5373.85000 3.53700e-15
5377.93000 3.52940e-15
5382.01000 3.46690e-15
5386.09000 3.43080e-15
5390.17000 3.45620e-15
5394.25000 3.49090e-15
5398.32000 3.49810e-15
5402.40000 3.54990e-15
5406.48000 3.59280e-15
5410.56000 3.56860e-15
5414.64000 3.62250e-15
5418.72000 3.63410e-15
5422.79000 3.59280e-15
5426.87000 3.57070e-15
5430.95000 3.59880e-15
5435.03000 3.53000e-15
5439.11000 3.47130e-15
5443.19000 3.44630e-15
5447.27000 3.40320e-15
5451.34000 3.42240e-15
5455.42000 3.33190e-15
5459.50000 3.26340e-15
5463.58000 3.19790e-15
5467.66000 3.16580e-15
5471.74000 3.04710e-15
5475.82000 2.97580e-15
5479.89000 2.90580e-15
5483.97000 2.79940e-15
5488.05000 2.77500e-15
5492.13000 2.78580e-15
5496.21000 2.83950e-15
5500.29000 2.90130e-15
5504.37000 3.01500e-15
5508.44000 3.10480e-15
5512.52000 3.17910e-15
5516.60000 3.30360e-15
5520.68000 3.37250e-15
5524.76000 3.40950e-15
5528.84000 3.47460e-15
5532.92000 3.47680e-15
5536.99000 3.52640e-15
5541.07000 3.49120e-15
5545.15000 3.51450e-15
5549.23000 3.48400e-15
5553.31000 3.43140e-15
5557.39000 3.45950e-15
5561.46000 3.40990e-15
5565.54000 3.34800e-15
5569.62000 3.34860e-15
5573.70000 3.24980e-15
5577.78000 3.17700e-15
5581.86000 3.18050e-15
5585.94000 3.10100e-15
5590.01000 3.03540e-15
5594.09000 2.94730e-15
5598.17000 2.81650e-15
5602.25000 2.75150e-15
5606.33000 2.70160e-15
5610.41000 2.58560e-15
5614.49000 2.54890e-15
5618.56000 2.46680e-15
5622.64000 2.49130e-15
5626.72000 2.50570e-15
5630.80000 2.54150e-15
5634.88000 2.65480e-15
5638.96000 2.67480e-15
5643.04000 2.70950e-15
5647.11000 2.81610e-15
5651.19000 2.89360e-15
5655.27000 2.95530e-15
5659.35000 3.04320e-15
5663.43000 3.08830e-15
5667.51000 3.09920e-15
5671.58000 3.13860e-15
5675.66000 3.14410e-15
5679.74000 3.14090e-15
5683.82000 3.12710e-15
5687.90000 3.06700e-15
5691.98000 3.07090e-15
5696.06000 3.00860e-15
5700.13000 2.89660e-15
5704.21000 2.88450e-15
5708.29000 2.90340e-15
5712.37000 2.82660e-15
5716.45000 2.81870e-15
5720.53000 2.87120e-15
5724.61000 2.94740e-15
5728.68000 2.93790e-15
5732.76000 2.90200e-15
5736.84000 2.91530e-15
5740.92000 2.88040e-15
5745.00000 2.88610e-15
5749.08000 2.90440e-15
5753.16000 2.86830e-15
5757.23000 2.79950e-15
5761.31000 2.80630e-15
5765.39000 2.77300e-15
5769.47000 2.73030e-15
5773.55000 2.77290e-15
5777.63000 2.70130e-15
5781.70000 2.69620e-15
5785.78000 2.66200e-15
5789.86000 2.65180e-15
5793.94000 2.62420e-15
5798.02000 2.56260e-15
5802.10000 2.50470e-15
5806.18000 2.47310e-15
5810.25000 2.45360e-15
5814.33000 2.39620e-15
5818.41000 2.36220e-15
5822.49000 2.28230e-15
5826.57000 2.19930e-15
5830.65000 2.14160e-15
5834.73000 2.00640e-15
5838.80000 1.93800e-15
5842.88000 1.90130e-15
5846.96000 1.89130e-15
5851.04000 1.90780e-15
5855.12000 2.03650e-15
5859.20000 2.21250e-15
5863.28000 2.35230e-15
5867.35000 2.50450e-15
5871.43000 2.65850e-15
5875.51000 2.76400e-15
5879.59000 2.87050e-15
5883.67000 3.00760e-15
5887.75000 3.10870e-15
5891.82000 3.15750e-15
5895.90000 3.24200e-15
5899.98000 3.30020e-15
5904.06000 3.32810e-15
5908.14000 3.27950e-15
5912.22000 3.22120e-15
5916.30000 3.17930e-15
5920.37000 3.19540e-15
5924.45000 3.26390e-15
5928.53000 3.28120e-15
5932.61000 3.28280e-15
5936.69000 3.25680e-15
5940.77000 3.24140e-15
5944.85000 3.20900e-15
5948.92000 3.14910e-15
5953.00000 3.13940e-15
5957.08000 3.14850e-15
5961.16000 3.11210e-15
5965.24000 3.10770e-15
5969.32000 3.09400e-15
5973.40000 3.11950e-15
5977.47000 3.03660e-15
5981.55000 3.02370e-15
5985.63000 3.05000e-15
5989.71000 3.00440e-15
5993.79000 2.95460e-15
5997.87000 2.97390e-15
6001.95000 2.97950e-15
6006.02000 2.95160e-15
6010.10000 2.93470e-15
6014.18000 2.88670e-15
6018.26000 2.86290e-15
6022.34000 2.90870e-15
6026.42000 2.83800e-15
6030.49000 2.84560e-15
6034.57000 2.79810e-15
6038.65000 2.82690e-15
6042.73000 2.80170e-15
6046.81000 2.80850e-15
6050.89000 2.81320e-15
6054.97000 2.80870e-15
6059.04000 2.78650e-15
6063.12000 2.76180e-15
6067.20000 2.78680e-15
6071.28000 2.79940e-15
6075.36000 2.71420e-15
6079.44000 2.66720e-15
6083.52000 2.68560e-15
6087.59000 2.60700e-15
6091.67000 2.61560e-15
6095.75000 2.59450e-15
6099.83000 2.55140e-15
6103.91000 2.58540e-15
6107.99000 2.55570e-15
6112.07000 2.60020e-15
6116.14000 2.64250e-15
6120.22000 2.67630e-15
6124.30000 2.74210e-15
6128.38000 2.76830e-15
6132.46000 2.78250e-15
6136.54000 2.79560e-15
6140.61000 2.79580e-15
6144.69000 2.84280e-15
6148.77000 2.87430e-15
6152.85000 2.85730e-15
6156.93000 2.86230e-15
6161.01000 2.88240e-15
6165.09000 2.88730e-15
6169.16000 2.84530e-15
6173.24000 2.76530e-15
6177.32000 2.75140e-15
6181.40000 2.70680e-15
6185.48000 2.59860e-15
6189.56000 2.54350e-15
6193.64000 2.50700e-15
6197.71000 2.44890e-15
6201.79000 2.43610e-15
6205.87000 2.45140e-15
6209.95000 2.52480e-15
6214.03000 2.58020e-15
6218.11000 2.62470e-15
6222.19000 2.64270e-15
6226.26000 2.67380e-15
6230.34000 2.69010e-15
6234.42000 2.73510e-15
6238.50000 2.73050e-15
6242.58000 2.74890e-15
6246.66000 2.79970e-15
6250.73000 2.78850e-15
6254.81000 2.82140e-15
6258.89000 2.84540e-15
6262.97000 2.83640e-15
6267.05000 2.83700e-15
6271.13000 2.77400e-15
6275.21000 2.74130e-15
6279.28000 2.78120e-15
6283.36000 2.74050e-15
6287.44000 2.69860e-15
6291.52000 2.67440e-15
6295.60000 2.63050e-15
6299.68000 2.58120e-15
6303.76000 2.53790e-15
6307.83000 2.50470e-15
6311.91000 2.47550e-15
6315.99000 2.48520e-15
6320.07000 2.45740e-15
6324.15000 2.44670e-15
6328.23000 2.40170e-15
6332.31000 2.38000e-15
6336.38000 2.34010e-15
6340.46000 2.34380e-15
6344.54000 2.26030e-15
6348.62000 2.10860e-15
6352.70000 1.94160e-15
6356.78000 1.75300e-15
6360.85000 1.60540e-15
6364.93000 1.52500e-15
6369.01000 1.51610e-15
6373.09000 1.57550e-15
6377.17000 1.59080e-15
6381.25000 1.65680e-15
6385.33000 1.64640e-15
6389.40000 1.57820e-15
6393.48000 1.55840e-15
6397.56000 1.50940e-15
6401.64000 1.46530e-15
6405.72000 1.43870e-15
6409.80000 1.38130e-15
6413.88000 1.32120e-15
6417.95000 1.30900e-15
6422.03000 1.26700e-15
6426.11000 1.20990e-15
6430.19000 1.17800e-15
6434.27000 1.19260e-15
6438.35000 1.14870e-15
6442.43000 1.10280e-15
6446.50000 1.08810e-15
6450.58000 1.07900e-15
6454.66000 1.08210e-15
6458.74000 1.08330e-15
6462.82000 1.13600e-15
6466.90000 1.13850e-15
6470.98000 1.12900e-15
6475.05000 1.19390e-15
6479.13000 1.23420e-15
6483.21000 1.31570e-15
6487.29000 1.37530e-15
6491.37000 1.44350e-15
6495.45000 1.56030e-15
6499.52000 1.74460e-15
6503.60000 1.97740e-15
6507.68000 2.25240e-15
6511.76000 2.56620e-15
6515.84000 2.94060e-15
6519.92000 3.32890e-15
6524.00000 3.71750e-15
6528.07000 4.06200e-15
6532.15000 4.32500e-15
6536.23000 4.61700e-15
6540.31000 4.82220e-15
6544.39000 5.02020e-15
6548.47000 5.20370e-15
6552.55000 5.25310e-15
6556.62000 5.38460e-15
6560.70000 5.42080e-15
6564.78000 5.51390e-15
6568.86000 5.59340e-15
6572.94000 5.59640e-15
6577.02000 5.56070e-15
6581.10000 5.60670e-15
6585.17000 5.66650e-15
6589.25000 5.60030e-15
6593.33000 5.46820e-15
6597.41000 5.49840e-15
6601.49000 5.32440e-15
6605.57000 5.28700e-15
6609.64000 5.20780e-15
6613.72000 5.02110e-15
6617.80000 4.91480e-15
6621.88000 4.78600e-15
6625.96000 4.62680e-15
6630.04000 4.50100e-15
6634.12000 4.42640e-15
6638.19000 4.41320e-15
6642.27000 4.29160e-15
6646.35000 4.15460e-15
6650.43000 4.13360e-15
6654.51000 3.96240e-15
6658.59000 3.89470e-15
6662.67000 3.76560e-15
6666.74000 3.69340e-15
6670.82000 3.68400e-15
6674.90000 3.59170e-15
6678.98000 3.51260e-15
6683.06000 3.45340e-15
6687.14000 3.39010e-15
6691.22000 3.39670e-15
6695.29000 3.33440e-15
6699.37000 3.20380e-15
6703.45000 3.16690e-15
6707.53000 3.12500e-15
6711.61000 3.10240e-15
6715.69000 3.04470e-15
6719.76000 2.96470e-15
6723.84000 2.97280e-15
6727.92000 2.91320e-15
6732.00000 2.85920e-15
6736.08000 2.87380e-15
6740.16000 2.86540e-15
6744.24000 2.82240e-15
6748.31000 2.77920e-15
6752.39000 2.74710e-15
6756.47000 2.71600e-15
6760.55000 2.72970e-15
6764.63000 2.65720e-15
6768.71000 2.61200e-15
6772.79000 2.59110e-15
6776.86000 2.59200e-15
6780.94000 2.59620e-15
6785.02000 2.54480e-15
6789.10000 2.50710e-15
6793.18000 2.50400e-15
6797.26000 2.47410e-15
6801.34000 2.46340e-15
6805.41000 2.49290e-15
6809.49000 2.48510e-15
6813.57000 2.44020e-15
6817.65000 2.42250e-15
6821.73000 2.45080e-15
6825.81000 2.40280e-15
6829.88000 2.41070e-15
6833.96000 2.38540e-15
6838.04000 2.36860e-15
6842.12000 2.38550e-15
6846.20000 2.36730e-15
6850.28000 2.35820e-15
6854.36000 2.39730e-15
6858.43000 2.42830e-15
6862.51000 2.43980e-15
6866.59000 2.40850e-15
6870.67000 2.33890e-15
6874.75000 2.23570e-15
6878.83000 2.27470e-15
6882.91000 2.37650e-15
6886.98000 2.35990e-15
6891.06000 2.34250e-15
6895.14000 2.30120e-15
6899.22000 2.25280e-15
6903.30000 2.27180e-15
6907.38000 2.25810e-15
6911.46000 2.30350e-15
6915.53000 2.27790e-15
6919.61000 2.31380e-15
6923.69000 2.25810e-15
6927.77000 2.26190e-15
6931.85000 2.23770e-15
6935.93000 2.29650e-15
6940.01000 2.28220e-15
6944.08000 2.23380e-15
6948.16000 2.24480e-15
6952.24000 2.24020e-15
6956.32000 2.20750e-15
6960.40000 2.20770e-15
6964.48000 2.29720e-15
6968.55000 2.23830e-15
6972.63000 2.21760e-15
6976.71000 2.23030e-15
6980.79000 2.26480e-15
6984.87000 2.29600e-15
6988.95000 2.26030e-15
6993.03000 2.25100e-15
6997.10000 2.29300e-15
7001.18000 2.30770e-15
7005.26000 2.30450e-15
7009.34000 2.28440e-15
7013.42000 2.24570e-15
7017.50000 2.24650e-15
7021.58000 2.26090e-15
7025.65000 2.27780e-15
7029.73000 2.29000e-15
7033.81000 2.23910e-15
7037.89000 2.20160e-15
7041.97000 2.25230e-15
7046.05000 2.30020e-15
7050.13000 2.27130e-15
7054.20000 2.20240e-15
7058.28000 2.15460e-15
7062.36000 2.16760e-15
7066.44000 2.19270e-15
7070.52000 2.20950e-15
7074.60000 2.20670e-15
7078.67000 2.12250e-15
7082.75000 2.11750e-15
7086.83000 2.15900e-15
7090.91000 2.16040e-15
7094.99000 2.21320e-15
7099.07000 2.17310e-15
7103.15000 2.07270e-15
7107.22000 2.09460e-15
7111.30000 2.15010e-15
7115.38000 2.15020e-15
7119.46000 2.14320e-15
7123.54000 2.10900e-15
7127.62000 2.09350e-15
7131.70000 2.17410e-15
7135.77000 2.16440e-15
7139.85000 2.14190e-15
7143.93000 2.10230e-15
7148.01000 2.09570e-15
7152.09000 2.10320e-15
7156.17000 2.11200e-15
7160.25000 2.12760e-15
7164.32000 2.09630e-15
7168.40000 2.05430e-15
7172.48000 2.08700e-15
7176.56000 2.13570e-15
7180.64000 2.17760e-15
7184.72000 2.15610e-15
7188.79000 2.16810e-15
7192.87000 2.15840e-15
7196.95000 2.22620e-15
7201.03000 2.26590e-15
7205.11000 2.16380e-15
7209.19000 2.12030e-15
7213.27000 2.16500e-15
7217.34000 2.20480e-15
7221.42000 2.22090e-15
7225.50000 2.18970e-15
7229.58000 2.18350e-15
7233.66000 2.11270e-15
7237.74000 2.16160e-15
7241.82000 2.16420e-15
7245.89000 2.16600e-15
7249.97000 2.09030e-15
7254.05000 2.06810e-15
7258.13000 2.12830e-15
7262.21000 2.17750e-15
7266.29000 2.14720e-15
7270.37000 2.11730e-15
7274.44000 2.12750e-15
7278.52000 2.17280e-15
7282.60000 2.27410e-15
7286.68000 2.22030e-15
7290.76000 2.18020e-15
7294.84000 2.15560e-15
7298.91000 2.21510e-15
7302.99000 2.29090e-15
7307.07000 2.22200e-15
7311.15000 2.15260e-15
7315.23000 2.18710e-15
7319.31000 2.24780e-15
7323.39000 2.26530e-15
7327.46000 2.22160e-15
7331.54000 2.15830e-15
7335.62000 2.18060e-15
7339.70000 2.25570e-15
7343.78000 2.23480e-15
7347.86000 2.17940e-15
7351.94000 2.13590e-15
7356.01000 2.16360e-15
7360.09000 2.19050e-15
7364.17000 2.14550e-15
7368.25000 2.11420e-15
7372.33000 2.09080e-15
7376.41000 2.17340e-15
7380.49000 2.15610e-15
7384.56000 2.03670e-15
7388.64000 1.98070e-15
7392.72000 2.06030e-15
7396.80000 2.09800e-15
7400.88000 2.04580e-15
7404.96000 1.95630e-15
7409.04000 1.96340e-15
7413.11000 2.02620e-15
7417.19000 2.08340e-15
7421.27000 2.00090e-15
7425.35000 1.99250e-15
7429.43000 2.09630e-15
7433.51000 2.10970e-15
7437.58000 2.05120e-15
7441.66000 2.02470e-15
7445.74000 2.03350e-15
7449.82000 2.05970e-15
7453.90000 2.08780e-15
7457.98000 2.01650e-15
7462.06000 2.04410e-15
7466.13000 2.04920e-15
