3500.78 1.3907e-15
3501.55 1.1583e-15
3502.33 1.2027e-15
3503.11 1.3292e-15
3503.88 1.3456e-15
3504.66 1.1622e-15
3505.43 1.3394e-15
3506.21 1.404e-15
3506.99 1.0967e-15
3507.76 1.2171e-15
3508.54 1.2408e-15
3509.32 1.4251e-15
3510.09 1.3326e-15
3510.87 1.3205e-15
3511.64 1.3598e-15
3512.42 1.2789e-15
3513.20 1.2102e-15
3513.97 1.2248e-15
3514.75 1.3905e-15
3515.53 1.2244e-15
3516.30 1.3558e-15
3517.08 1.2947e-15
3517.86 1.3236e-15
3518.63 1.2151e-15
3519.41 1.2418e-15
3520.18 9.8018e-16
3520.96 1.2432e-15
3521.74 1.2794e-15
3522.51 1.3348e-15
3523.29 1.4314e-15
3524.07 1.3915e-15
3524.84 1.1964e-15
3525.62 1.1584e-15
3526.40 1.3201e-15
3527.17 1.1774e-15
3527.95 1.324e-15
3528.72 1.5137e-15
3529.50 1.2526e-15
3530.28 1.2922e-15
3531.05 1.3725e-15
3531.83 1.3846e-15
3532.61 1.3949e-15
3533.38 1.3356e-15
3534.16 1.2566e-15
3534.93 1.4032e-15
3535.71 1.2486e-15
3536.49 1.2982e-15
3537.26 1.2563e-15
3538.04 1.263e-15
3538.82 1.2562e-15
3539.59 1.1855e-15
3540.37 1.1702e-15
3541.15 1.2923e-15
3541.92 1.4944e-15
3542.70 1.301e-15
3543.47 1.3303e-15
3544.25 1.2684e-15
3545.03 1.3936e-15
3545.80 1.2207e-15
3546.58 1.4355e-15
3547.36 1.4241e-15
3548.13 1.3609e-15
3548.91 1.3952e-15
3549.68 1.3332e-15
3550.46 1.3259e-15
3551.24 1.4191e-15
3552.01 1.4013e-15
3552.79 1.2963e-15
3553.57 1.4051e-15
3554.34 1.5688e-15
3555.12 1.5695e-15
3555.90 1.4428e-15
3556.67 1.4676e-15
3557.45 1.3818e-15
3558.22 1.3725e-15
3559.00 1.4084e-15
3559.78 1.4227e-15
3560.55 1.3905e-15
3561.33 1.3071e-15
3562.11 1.3191e-15
3562.88 1.1871e-15
3563.66 1.284e-15
3564.43 1.266e-15
3565.21 1.3245e-15
3565.99 1.2343e-15
3566.76 1.3457e-15
3567.54 1.2711e-15
3568.32 1.2311e-15
3569.09 1.4205e-15
3569.87 1.4711e-15
3570.65 1.329e-15
3571.42 1.5411e-15
3572.20 1.4994e-15
3572.97 1.3168e-15
3573.75 1.4178e-15
3574.53 1.4847e-15
3575.30 1.5924e-15
3576.08 1.4951e-15
3576.86 1.4627e-15
3577.63 1.3813e-15
3578.41 1.3066e-15
3579.18 1.3033e-15
3579.96 1.2286e-15
3580.74 1.4246e-15
3581.51 1.2967e-15
3582.29 1.2154e-15
3583.07 1.4506e-15
3583.84 1.359e-15
3584.62 1.4342e-15
3585.40 1.5326e-15
3586.17 1.4827e-15
3586.95 1.4225e-15
3587.72 1.4583e-15
3588.50 1.3787e-15
3589.28 1.4003e-15
3590.05 1.2884e-15
3590.83 1.3322e-15
3591.61 1.3233e-15
3592.38 1.2622e-15
3593.16 1.2532e-15
3593.94 1.2796e-15
3594.71 1.3594e-15
3595.49 1.4691e-15
3596.26 1.1695e-15
3597.04 1.2797e-15
3597.82 1.406e-15
3598.59 1.3116e-15
3599.37 1.332e-15
3600.15 1.3021e-15
3600.92 1.25e-15
3601.70 1.1384e-15
3602.47 1.1604e-15
3603.25 1.1645e-15
3604.03 1.3027e-15
3604.80 1.3071e-15
3605.58 1.2595e-15
3606.36 1.4328e-15
3607.13 1.4319e-15
3607.91 1.4132e-15
3608.69 1.3835e-15
3609.46 1.36e-15
3610.24 1.3975e-15
3611.01 1.2854e-15
3611.79 1.4107e-15
3612.57 1.4901e-15
3613.34 1.5208e-15
3614.12 1.5131e-15
3614.90 1.4518e-15
3615.67 1.4022e-15
3616.45 1.3558e-15
3617.22 1.3777e-15
3618.00 1.3021e-15
3618.78 1.3039e-15
3619.55 1.3223e-15
3620.33 1.3376e-15
3621.11 1.4127e-15
3621.88 1.3108e-15
3622.66 1.3702e-15
3623.44 1.3013e-15
3624.21 1.4214e-15
3624.99 1.3917e-15
3625.76 1.3405e-15
3626.54 1.356e-15
3627.32 1.3786e-15
3628.09 1.3844e-15
3628.87 1.3268e-15
3629.65 1.4703e-15
3630.42 1.3754e-15
3631.20 1.2796e-15
3631.97 1.2834e-15
3632.75 1.324e-15
3633.53 1.1964e-15
3634.30 1.2114e-15
3635.08 1.2749e-15
3635.86 1.3727e-15
3636.63 1.3691e-15
3637.41 1.4502e-15
3638.19 1.2994e-15
3638.96 1.2862e-15
3639.74 1.4176e-15
3640.51 1.3401e-15
3641.29 1.3542e-15
3642.07 1.3601e-15
3642.84 1.3753e-15
3643.62 1.4355e-15
3644.40 1.2717e-15
3645.17 1.3681e-15
3645.95 1.3932e-15
3646.72 1.2219e-15
3647.50 1.2457e-15
3648.28 1.3003e-15
3649.05 1.3637e-15
3649.83 1.4064e-15
3650.61 1.4738e-15
3651.38 1.3128e-15
3652.16 1.3113e-15
3652.94 1.3402e-15
3653.71 1.3431e-15
3654.49 1.3513e-15
3655.26 1.381e-15
3656.04 1.2923e-15
3656.82 1.3888e-15
3657.59 1.3165e-15
3658.37 1.2191e-15
3659.15 1.3209e-15
3659.92 1.3467e-15
3660.70 1.3374e-15
3661.48 1.3328e-15
3662.25 1.2682e-15
3663.03 1.215e-15
3663.80 1.2053e-15
3664.58 1.236e-15
3665.36 1.1486e-15
3666.13 1.2074e-15
3666.91 1.3247e-15
3667.69 1.3004e-15
3668.46 1.2506e-15
3669.24 1.2134e-15
3670.01 1.2697e-15
3670.79 1.214e-15
3671.57 1.2801e-15
3672.34 1.2123e-15
3673.12 1.23e-15
3673.90 1.3577e-15
3674.67 1.3031e-15
3675.45 1.2926e-15
3676.23 1.3952e-15
3677.00 1.319e-15
3677.78 1.2563e-15
3678.55 1.3011e-15
3679.33 1.1946e-15
3680.11 1.2078e-15
3680.88 1.2325e-15
3681.66 1.2664e-15
3682.44 1.2541e-15
3683.21 1.2461e-15
3683.99 1.2653e-15
3684.76 1.1944e-15
3685.54 1.3275e-15
3686.32 1.2447e-15
3687.09 1.2705e-15
3687.87 1.3384e-15
3688.65 1.2679e-15
3689.42 1.2709e-15
3690.20 1.1573e-15
3690.98 1.1296e-15
3691.75 1.1254e-15
3692.53 1.1668e-15
3693.30 1.1675e-15
3694.08 1.2365e-15
3694.86 1.1727e-15
3695.63 1.164e-15
3696.41 1.1404e-15
3697.19 1.2299e-15
3697.96 1.2339e-15
3698.74 1.1358e-15
3699.51 1.183e-15
3700.29 1.2435e-15
3701.07 1.1522e-15
3701.84 1.2174e-15
3702.62 1.2651e-15
3703.40 1.1735e-15
3704.17 1.1762e-15
3704.95 1.2405e-15
3705.73 1.2684e-15
3706.50 1.2783e-15
3707.28 1.1407e-15
3708.05 1.1789e-15
3708.83 1.3177e-15
3709.61 1.2707e-15
3710.38 1.2372e-15
3711.16 1.3038e-15
3711.94 1.3854e-15
3712.71 1.3349e-15
3713.49 1.3355e-15
3714.26 1.3648e-15
3715.04 1.3752e-15
3715.82 1.3005e-15
3716.59 1.374e-15
3717.37 1.3693e-15
3718.15 1.3246e-15
3718.92 1.3296e-15
3719.70 1.2434e-15
3720.48 1.3015e-15
3721.25 1.2854e-15
3722.03 1.2417e-15
3722.80 1.3446e-15
3723.58 1.5057e-15
3724.36 1.4538e-15
3725.13 1.331e-15
3725.91 1.3756e-15
3726.69 1.4323e-15
3727.46 1.5002e-15
3728.24 1.5642e-15
3729.02 1.6351e-15
3729.79 1.5809e-15
3730.57 1.6823e-15
3731.34 1.7663e-15
3732.12 1.7074e-15
3732.90 1.7789e-15
3733.67 1.7293e-15
3734.45 1.6373e-15
3735.23 1.6031e-15
3736.00 1.5477e-15
3736.78 1.468e-15
3737.55 1.5958e-15
3738.33 1.6341e-15
3739.11 1.9132e-15
3739.88 2.6166e-15
3740.66 3.6851e-15
3741.44 4.0172e-15
3742.21 3.5558e-15
3742.99 3.8037e-15
3743.77 4.9902e-15
3744.54 4.4403e-15
3745.32 2.7992e-15
3746.09 2.0427e-15
3746.87 1.9653e-15
3747.65 1.8216e-15
3748.42 1.7427e-15
3749.20 1.6567e-15
3749.98 1.7011e-15
3750.75 1.7543e-15
3751.53 1.7637e-15
3752.30 1.8043e-15
3753.08 1.9522e-15
3753.86 2.0481e-15
3754.63 2.1215e-15
3755.41 2.1027e-15
3756.19 2.05e-15
3756.96 2.032e-15
3757.74 2.0698e-15
3758.52 2.1663e-15
3759.29 2.0885e-15
3760.07 2.1e-15
3760.84 2.0728e-15
3761.62 2.0136e-15
3762.40 1.9688e-15
3763.17 1.9071e-15
3763.95 1.7673e-15
3764.73 1.7341e-15
3765.50 1.7376e-15
3766.28 1.782e-15
3767.05 1.7511e-15
3767.83 1.7888e-15
3768.61 1.9267e-15
3769.38 1.9849e-15
3770.16 2.0374e-15
3770.94 2.2684e-15
3771.71 2.2518e-15
3772.49 2.1827e-15
3773.27 2.1692e-15
3774.04 2.134e-15
3774.82 2.1644e-15
3775.59 2.1953e-15
3776.37 2.148e-15
3777.15 2.19e-15
3777.92 2.1949e-15
3778.70 2.0946e-15
3779.48 2.1436e-15
3780.25 2.0199e-15
3781.03 2.0435e-15
3781.81 1.9978e-15
3782.58 1.9403e-15
3783.36 1.8131e-15
3784.13 1.7961e-15
3784.91 1.7614e-15
3785.69 1.6914e-15
3786.46 1.6503e-15
3787.24 1.6513e-15
3788.02 1.7823e-15
3788.79 1.8285e-15
3789.57 1.8891e-15
3790.34 1.9232e-15
3791.12 1.9806e-15
3791.90 2.0976e-15
3792.67 2.1224e-15
3793.45 2.1408e-15
3794.23 2.2186e-15
3795.00 2.2442e-15
3795.78 2.29e-15
3796.56 2.3215e-15
3797.33 2.2283e-15
3798.11 2.2595e-15
3798.88 2.2772e-15
3799.66 2.295e-15
3800.44 2.2298e-15
3801.21 2.2882e-15
3801.99 2.2153e-15
3802.77 2.2306e-15
3803.54 2.2398e-15
3804.32 2.1507e-15
3805.09 2.1667e-15
3805.87 2.1723e-15
3806.65 2.1935e-15
3807.42 2.0951e-15
3808.20 2.022e-15
3808.98 1.887e-15
3809.75 1.8539e-15
3810.53 1.7774e-15
3811.31 1.7464e-15
3812.08 1.7081e-15
3812.86 1.7059e-15
3813.63 1.7064e-15
3814.41 1.7355e-15
3815.19 1.7674e-15
3815.96 1.8064e-15
3816.74 2.0347e-15
3817.52 2.0889e-15
3818.29 2.1485e-15
3819.07 2.0623e-15
3819.84 2.1188e-15
3820.62 2.2423e-15
3821.40 2.2443e-15
3822.17 2.217e-15
3822.95 2.2204e-15
3823.73 2.2137e-15
3824.50 2.2872e-15
3825.28 2.3514e-15
3826.06 2.3394e-15
3826.83 2.2657e-15
3827.61 2.2261e-15
3828.38 2.2188e-15
3829.16 2.1841e-15
3829.94 2.1793e-15
3830.71 2.1724e-15
3831.49 2.0549e-15
3832.27 2.1051e-15
3833.04 2.0977e-15
3833.82 2.0785e-15
3834.59 2.0124e-15
3835.37 1.9559e-15
3836.15 1.876e-15
3836.92 1.9138e-15
3837.70 1.9565e-15
3838.48 1.9095e-15
3839.25 1.9073e-15
3840.03 1.8634e-15
3840.81 1.8565e-15
3841.58 1.7881e-15
3842.36 1.7416e-15
3843.13 1.6995e-15
3843.91 1.6909e-15
3844.69 1.6066e-15
3845.46 1.5621e-15
3846.24 1.5904e-15
3847.02 1.4763e-15
3847.79 1.3809e-15
3848.57 1.3173e-15
3849.35 1.2475e-15
3850.12 1.26e-15
3850.90 1.2615e-15
3851.67 1.2511e-15
3852.45 1.1457e-15
3853.23 1.2027e-15
3854.00 1.2295e-15
3854.78 1.2584e-15
3855.56 1.3678e-15
3856.33 1.3892e-15
3857.11 1.4735e-15
3857.88 1.5179e-15
3858.66 1.6135e-15
3859.44 1.6765e-15
3860.21 1.634e-15
3860.99 1.6356e-15
3861.77 1.5993e-15
3862.54 1.6141e-15
3863.32 1.7045e-15
3864.10 1.722e-15
3864.87 1.7311e-15
3865.65 1.7087e-15
3866.42 1.6696e-15
3867.20 1.7652e-15
3867.98 1.8128e-15
3868.75 1.7477e-15
3869.53 1.728e-15
3870.31 1.7869e-15
3871.08 1.7703e-15
3871.86 1.7259e-15
3872.63 1.6967e-15
3873.41 1.7678e-15
3874.19 1.7547e-15
3874.96 1.7931e-15
3875.74 1.8452e-15
3876.52 1.7826e-15
3877.29 1.7669e-15
3878.07 1.8116e-15
3878.85 1.8353e-15
3879.62 1.8496e-15
3880.40 1.7812e-15
3881.17 1.7878e-15
3881.95 1.8267e-15
3882.73 1.8214e-15
3883.50 1.8199e-15
3884.28 1.9207e-15
3885.06 1.8552e-15
3885.83 1.8027e-15
3886.61 1.7381e-15
3887.38 1.7353e-15
3888.16 1.6564e-15
3888.94 1.7236e-15
3889.71 1.7824e-15
3890.49 1.7497e-15
3891.27 1.6827e-15
3892.04 1.7359e-15
3892.82 1.727e-15
3893.60 1.7363e-15
3894.37 1.6922e-15
3895.15 1.6061e-15
3895.92 1.6578e-15
3896.70 1.6458e-15
3897.48 1.665e-15
3898.25 1.6373e-15
3899.03 1.6124e-15
3899.81 1.586e-15
3900.58 1.49e-15
3901.36 1.3873e-15
3902.14 1.3344e-15
3902.91 1.3311e-15
3903.69 1.41e-15
3904.46 1.5506e-15
3905.24 1.4821e-15
3906.02 1.3563e-15
3906.79 1.3003e-15
3907.57 1.2885e-15
3908.35 1.4443e-15
3909.12 1.5213e-15
3909.90 1.5203e-15
3910.67 1.6128e-15
3911.45 1.6483e-15
3912.23 1.6374e-15
3913.00 1.8102e-15
3913.78 1.795e-15
3914.56 1.8064e-15
3915.33 1.9026e-15
3916.11 1.9384e-15
3916.89 1.8703e-15
3917.66 1.9276e-15
3918.44 2.0019e-15
3919.21 1.9721e-15
3919.99 2.0052e-15
3920.77 2.035e-15
3921.54 2.0203e-15
3922.32 2.0048e-15
3923.10 2.0454e-15
3923.87 2.1025e-15
3924.65 2.1505e-15
3925.42 2.1459e-15
3926.20 2.2201e-15
3926.98 2.1891e-15
3927.75 2.2301e-15
3928.53 2.2371e-15
3929.31 2.206e-15
3930.08 2.1949e-15
3930.86 2.248e-15
3931.64 2.2635e-15
3932.41 2.1296e-15
3933.19 2.0969e-15
3933.96 2.2266e-15
3934.74 2.2844e-15
3935.52 2.2495e-15
3936.29 2.3446e-15
3937.07 2.3267e-15
3937.85 2.3278e-15
3938.62 2.3889e-15
3939.40 2.3785e-15
3940.17 2.3919e-15
3940.95 2.4949e-15
3941.73 2.4779e-15
3942.50 2.5145e-15
3943.28 2.4904e-15
3944.06 2.4112e-15
3944.83 2.4888e-15
3945.61 2.4496e-15
3946.39 2.484e-15
3947.16 2.4639e-15
3947.94 2.28e-15
3948.71 2.1213e-15
3949.49 1.9835e-15
3950.27 2.0231e-15
3951.04 2.1789e-15
3951.82 2.3229e-15
3952.60 2.5379e-15
3953.37 2.6703e-15
3954.15 2.755e-15
3954.92 2.7828e-15
3955.70 2.8586e-15
3956.48 2.9464e-15
3957.25 2.944e-15
3958.03 2.9951e-15
3958.81 2.9542e-15
3959.58 2.9119e-15
3960.36 2.9298e-15
3961.14 2.9712e-15
3961.91 2.9792e-15
3962.69 3.0343e-15
3963.46 3.0301e-15
3964.24 2.9786e-15
3965.02 2.9958e-15
3965.79 3.002e-15
3966.57 2.9326e-15
3967.35 2.8296e-15
3968.12 2.857e-15
3968.90 2.814e-15
3969.68 2.8977e-15
3970.45 2.9583e-15
3971.23 2.896e-15
3972.00 2.9379e-15
3972.78 2.8261e-15
3973.56 2.7492e-15
3974.33 2.7436e-15
3975.11 2.7837e-15
3975.89 2.8103e-15
3976.66 2.7377e-15
3977.44 2.6397e-15
3978.21 2.6249e-15
3978.99 2.5971e-15
3979.77 2.5529e-15
3980.54 2.5693e-15
3981.32 2.5104e-15
3982.10 2.3731e-15
3982.87 2.3308e-15
3983.65 2.1183e-15
3984.43 2.0337e-15
3985.20 2.0864e-15
3985.98 2.2756e-15
3986.75 2.3408e-15
3987.53 2.2806e-15
3988.31 2.29e-15
3989.08 2.3448e-15
3989.86 2.4388e-15
3990.64 2.5096e-15
3991.41 2.5464e-15
3992.19 2.5493e-15
3992.96 2.7296e-15
3993.74 2.7045e-15
3994.52 2.7154e-15
3995.29 2.704e-15
3996.07 2.8006e-15
3996.85 2.8246e-15
3997.62 2.8754e-15
3998.40 2.894e-15
3999.18 2.8597e-15
3999.95 2.8677e-15
4000.73 2.9374e-15
4001.50 2.9427e-15
4002.28 3.012e-15
4003.06 3.0042e-15
4003.83 2.972e-15
4004.61 3.0916e-15
4005.39 3.0093e-15
4006.16 3.0471e-15
4006.94 2.9633e-15
4007.71 3.0713e-15
4008.49 3.0339e-15
4009.27 3.017e-15
4010.04 3.042e-15
4010.82 2.9906e-15
4011.60 3.0227e-15
4012.37 2.9835e-15
4013.15 2.9855e-15
4013.93 2.9597e-15
4014.70 2.9541e-15
4015.48 2.9512e-15
4016.25 2.9909e-15
4017.03 2.977e-15
4017.81 2.9869e-15
4018.58 2.9912e-15
4019.36 2.9196e-15
4020.14 2.9933e-15
4020.91 2.9267e-15
4021.69 2.9422e-15
4022.46 2.8485e-15
4023.24 2.8447e-15
4024.02 2.8722e-15
4024.79 2.8544e-15
4025.57 2.9098e-15
4026.35 2.8374e-15
4027.12 2.803e-15
4027.90 2.8494e-15
4028.68 2.8664e-15
4029.45 2.8391e-15
4030.23 2.8259e-15
4031.00 2.8947e-15
4031.78 2.8396e-15
4032.56 2.7887e-15
4033.33 2.7835e-15
4034.11 2.7835e-15
4034.89 2.801e-15
4035.66 2.8117e-15
4036.44 2.859e-15
4037.22 2.8263e-15
4037.99 2.8318e-15
4038.77 2.7888e-15
4039.54 2.7578e-15
4040.32 2.7502e-15
4041.10 2.696e-15
4041.87 2.6134e-15
4042.65 2.6643e-15
4043.43 2.81e-15
4044.20 2.7743e-15
4044.98 2.8371e-15
4045.75 2.8446e-15
4046.53 2.797e-15
4047.31 2.8047e-15
4048.08 2.8825e-15
4048.86 2.9187e-15
4049.64 3.0019e-15
4050.41 3.0096e-15
4051.19 3.0731e-15
4051.97 3.2109e-15
4052.74 3.2072e-15
4053.52 3.1563e-15
4054.29 3.2563e-15
4055.07 3.2766e-15
4055.85 3.2886e-15
4056.62 3.3144e-15
4057.40 3.3235e-15
4058.18 3.257e-15
4058.95 3.2776e-15
4059.73 3.319e-15
4060.50 3.3506e-15
4061.28 3.2926e-15
4062.06 3.2018e-15
4062.83 3.2274e-15
4063.61 3.2728e-15
4064.39 3.2628e-15
4065.16 3.2566e-15
4065.94 3.2695e-15
4066.72 3.2541e-15
4067.49 3.2819e-15
4068.27 3.2611e-15
4069.04 3.2342e-15
4069.82 3.1702e-15
4070.60 3.2753e-15
4071.37 3.3012e-15
4072.15 3.2993e-15
4072.93 3.3124e-15
4073.70 3.358e-15
4074.48 3.3423e-15
4075.25 3.4506e-15
4076.03 3.4656e-15
4076.81 3.502e-15
4077.58 3.5114e-15
4078.36 3.546e-15
4079.14 3.5754e-15
4079.91 3.4994e-15
4080.69 3.5294e-15
4081.47 3.5588e-15
4082.24 3.5836e-15
4083.02 3.6154e-15
4083.79 3.5947e-15
4084.57 3.6286e-15
4085.35 3.6713e-15
4086.12 3.6877e-15
4086.90 3.6216e-15
4087.68 3.5594e-15
4088.45 3.4997e-15
4089.23 3.5231e-15
4090.01 3.4775e-15
4090.78 3.4945e-15
4091.56 3.5466e-15
4092.33 3.5399e-15
4093.11 3.5356e-15
4093.89 3.485e-15
4094.66 3.4856e-15
4095.44 3.5208e-15
4096.22 3.5102e-15
4096.99 3.5215e-15
4097.77 3.6088e-15
4098.54 3.6277e-15
4099.32 3.5727e-15
4100.10 3.5786e-15
4100.87 3.5362e-15
4101.65 3.538e-15
4102.43 3.543e-15
4103.20 3.5959e-15
4103.98 3.5516e-15
4104.76 3.5684e-15
4105.53 3.6144e-15
4106.31 3.5586e-15
4107.08 3.5212e-15
4107.86 3.5399e-15
4108.64 3.5065e-15
4109.41 3.5075e-15
4110.19 3.4213e-15
4110.97 3.3538e-15
4111.74 3.4355e-15
4112.52 3.3429e-15
4113.29 3.2485e-15
4114.07 3.2214e-15
4114.85 3.113e-15
4115.62 3.1019e-15
4116.40 2.9954e-15
4117.18 3.0415e-15
4117.95 3.2093e-15
4118.73 3.3361e-15
4119.51 3.1022e-15
4120.28 2.7878e-15
4121.06 2.7282e-15
4121.83 2.8015e-15
4122.61 2.8423e-15
4123.39 2.9162e-15
4124.16 2.8938e-15
4124.94 2.9072e-15
4125.72 2.8953e-15
4126.49 2.9065e-15
4127.27 2.8637e-15
4128.04 2.7969e-15
4128.82 2.7468e-15
4129.60 2.8246e-15
4130.37 2.8629e-15
4131.15 2.8013e-15
4131.93 2.7987e-15
4132.70 2.8658e-15
4133.48 2.7578e-15
4134.26 2.7665e-15
4135.03 2.7707e-15
4135.81 2.6966e-15
4136.58 2.6598e-15
4137.36 2.6451e-15
4138.14 2.6786e-15
4138.91 2.6697e-15
4139.69 2.653e-15
4140.47 2.7038e-15
4141.24 2.6757e-15
4142.02 2.6811e-15
4142.79 2.7064e-15
4143.57 2.7444e-15
4144.35 2.6774e-15
4145.12 2.6471e-15
4145.90 2.6958e-15
4146.68 2.7078e-15
4147.45 2.704e-15
4148.23 2.6729e-15
4149.01 2.7039e-15
4149.78 2.7597e-15
4150.56 2.7499e-15
4151.33 2.7971e-15
4152.11 2.8643e-15
4152.89 2.8912e-15
4153.66 2.955e-15
4154.44 3.0094e-15
4155.22 2.9266e-15
4155.99 3.022e-15
4156.77 2.9778e-15
4157.54 2.9928e-15
4158.32 3.0111e-15
4159.10 2.9819e-15
4159.87 2.9188e-15
4160.65 2.8821e-15
4161.43 2.8362e-15
4162.20 2.9155e-15
4162.98 2.9243e-15
4163.76 2.9433e-15
4164.53 2.9562e-15
4165.31 2.9239e-15
4166.08 2.9367e-15
4166.86 2.9169e-15
4167.64 2.9234e-15
4168.41 2.8772e-15
4169.19 2.874e-15
4169.97 2.8568e-15
4170.74 2.8273e-15
4171.52 2.8276e-15
4172.30 2.8344e-15
4173.07 2.759e-15
4173.85 2.8015e-15
4174.62 2.8283e-15
4175.40 2.7406e-15
4176.18 2.694e-15
4176.95 2.7721e-15
4177.73 2.7433e-15
4178.51 2.7755e-15
4179.28 2.6791e-15
4180.06 2.6577e-15
4180.83 2.7081e-15
4181.61 2.6446e-15
4182.39 2.6414e-15
4183.16 2.6628e-15
4183.94 2.6555e-15
4184.72 2.6185e-15
4185.49 2.5943e-15
4186.27 2.608e-15
4187.05 2.5617e-15
4187.82 2.5476e-15
4188.60 2.5247e-15
4189.37 2.4612e-15
4190.15 2.4038e-15
4190.93 2.4069e-15
4191.70 2.4318e-15
4192.48 2.4054e-15
4193.26 2.4343e-15
4194.03 2.4268e-15
4194.81 2.3774e-15
4195.58 2.3895e-15
4196.36 2.3472e-15
4197.14 2.3627e-15
4197.91 2.3814e-15
4198.69 2.3635e-15
4199.47 2.3813e-15
4200.24 2.3558e-15
4201.02 2.3729e-15
4201.80 2.4016e-15
4202.57 2.4065e-15
4203.35 2.3819e-15
4204.12 2.3584e-15
4204.90 2.3015e-15
4205.68 2.3059e-15
4206.45 2.3727e-15
4207.23 2.3541e-15
4208.01 2.3441e-15
4208.78 2.3803e-15
4209.56 2.4095e-15
4210.33 2.4851e-15
4211.11 2.5216e-15
4211.89 2.5398e-15
4212.66 2.5408e-15
4213.44 2.5264e-15
4214.22 2.509e-15
4214.99 2.5631e-15
4215.77 2.5853e-15
4216.55 2.5881e-15
4217.32 2.5983e-15
4218.10 2.6441e-15
4218.87 2.6874e-15
4219.65 2.6745e-15
4220.43 2.7256e-15
4221.20 2.758e-15
4221.98 2.734e-15
4222.76 2.7656e-15
4223.53 2.7767e-15
4224.31 2.8054e-15
4225.08 2.8162e-15
4225.86 2.8262e-15
4226.64 2.825e-15
4227.41 2.8483e-15
4228.19 2.8097e-15
4228.97 2.7913e-15
4229.74 2.813e-15
4230.52 2.836e-15
4231.30 2.7759e-15
4232.07 2.7192e-15
4232.85 2.7333e-15
4233.62 2.6399e-15
4234.40 2.6704e-15
4235.18 2.6948e-15
4235.95 2.6482e-15
4236.73 2.637e-15
4237.51 2.6474e-15
4238.28 2.619e-15
4239.06 2.557e-15
4239.84 2.5349e-15
4240.61 2.5339e-15
4241.39 2.478e-15
4242.16 2.385e-15
4242.94 2.3307e-15
4243.72 2.289e-15
4244.49 2.2812e-15
4245.27 2.2808e-15
4246.05 2.294e-15
4246.82 2.2899e-15
4247.60 2.307e-15
4248.38 2.3312e-15
4249.15 2.2947e-15
4249.93 2.254e-15
4250.70 2.213e-15
4251.48 2.2391e-15
4252.26 2.1751e-15
4253.03 2.2018e-15
4253.81 2.203e-15
4254.59 2.1783e-15
4255.36 2.1984e-15
4256.14 2.1807e-15
4256.91 2.138e-15
4257.69 2.1392e-15
4258.47 2.1416e-15
4259.24 2.0999e-15
4260.02 2.1484e-15
4260.80 2.1378e-15
4261.57 2.1489e-15
4262.35 2.1697e-15
4263.12 2.1557e-15
4263.90 2.1036e-15
4264.68 2.0855e-15
4265.45 2.0882e-15
4266.23 2.094e-15
4267.01 2.1174e-15
4267.78 2.0713e-15
4268.56 2.0538e-15
4269.34 2.0872e-15
4270.11 2.113e-15
4270.89 2.1491e-15
4271.66 2.0992e-15
4272.44 2.1137e-15
4273.22 2.085e-15
4273.99 2.1018e-15
4274.77 2.125e-15
4275.55 2.1365e-15
4276.32 2.1138e-15
4277.10 2.1084e-15
4277.88 2.1094e-15
4278.65 2.0724e-15
4279.43 2.1039e-15
4280.20 2.1364e-15
4280.98 2.1439e-15
4281.76 2.1784e-15
4282.53 2.1577e-15
4283.31 2.2195e-15
4284.09 2.1688e-15
4284.86 2.1903e-15
4285.64 2.1204e-15
4286.41 2.1406e-15
4287.19 2.1826e-15
4287.97 2.1817e-15
4288.74 2.1236e-15
4289.52 2.1107e-15
4290.30 2.1337e-15
4291.07 2.1509e-15
4291.85 2.1747e-15
4292.62 2.1726e-15
4293.40 2.1416e-15
4294.18 2.2254e-15
4294.95 2.2174e-15
4295.73 2.2452e-15
4296.51 2.2523e-15
4297.28 2.2452e-15
4298.06 2.2292e-15
4298.84 2.2536e-15
4299.61 2.2321e-15
4300.39 2.1947e-15
4301.16 2.2006e-15
4301.94 2.2327e-15
4302.72 2.2474e-15
4303.49 2.2887e-15
4304.27 2.3016e-15
4305.05 2.2976e-15
4305.82 2.2811e-15
4306.60 2.234e-15
4307.38 2.2107e-15
4308.15 2.286e-15
4308.93 2.2844e-15
4309.70 2.3375e-15
4310.48 2.3435e-15
4311.26 2.3667e-15
4312.03 2.3108e-15
4312.81 2.3188e-15
4313.59 2.3541e-15
4314.36 2.3852e-15
4315.14 2.3905e-15
4315.92 2.394e-15
4316.69 2.3453e-15
4317.47 2.2991e-15
4318.24 2.3194e-15
4319.02 2.3564e-15
4319.80 2.423e-15
4320.57 2.4144e-15
4321.35 2.4216e-15
4322.13 2.4123e-15
4322.90 2.4375e-15
4323.68 2.422e-15
4324.45 2.4378e-15
4325.23 2.4417e-15
4326.01 2.4162e-15
4326.78 2.3728e-15
4327.56 2.3932e-15
4328.34 2.4931e-15
4329.11 2.4899e-15
4329.89 2.4052e-15
4330.67 2.3863e-15
4331.44 2.3841e-15
4332.22 2.3732e-15
4332.99 2.3836e-15
4333.77 2.4232e-15
4334.55 2.441e-15
4335.32 2.4404e-15
4336.10 2.4174e-15
4336.88 2.4113e-15
4337.65 2.3618e-15
4338.43 2.3374e-15
4339.20 2.3402e-15
4339.98 2.3226e-15
4340.76 2.3099e-15
4341.53 2.3124e-15
4342.31 2.2325e-15
4343.09 2.1765e-15
4343.86 2.1541e-15
4344.64 2.1495e-15
4345.42 2.1812e-15
4346.19 2.2115e-15
4346.97 2.2103e-15
4347.74 2.2257e-15
4348.52 2.1675e-15
4349.30 2.1741e-15
4350.07 2.1444e-15
4350.85 2.1442e-15
4351.63 2.1396e-15
4352.40 2.0851e-15
4353.18 2.0792e-15
4353.95 2.0489e-15
4354.73 1.9846e-15
4355.51 1.8829e-15
4356.28 1.8946e-15
4357.06 2.0467e-15
4357.84 2.4421e-15
4358.61 2.8127e-15
4359.39 2.5184e-15
4360.17 1.9323e-15
4360.94 1.8597e-15
4361.72 1.9156e-15
4362.49 2.0006e-15
4363.27 1.996e-15
4364.05 2.0138e-15
4364.82 2.1075e-15
4365.60 2.1304e-15
4366.38 2.1858e-15
4367.15 2.1689e-15
4367.93 2.2376e-15
4368.70 2.2166e-15
4369.48 2.2253e-15
4370.26 2.2276e-15
4371.03 2.2223e-15
4371.81 2.2488e-15
4372.59 2.3037e-15
4373.36 2.3059e-15
4374.14 2.3455e-15
4374.92 2.3922e-15
4375.69 2.4062e-15
4376.47 2.4288e-15
4377.24 2.4208e-15
4378.02 2.429e-15
4378.80 2.4419e-15
4379.57 2.4794e-15
4380.35 2.4078e-15
4381.13 2.4278e-15
4381.90 2.5051e-15
4382.68 2.4993e-15
4383.46 2.5136e-15
4384.23 2.5012e-15
4385.01 2.5225e-15
4385.78 2.4824e-15
4386.56 2.4524e-15
4387.34 2.4959e-15
4388.11 2.4996e-15
4388.89 2.4919e-15
4389.67 2.6088e-15
4390.44 2.5671e-15
4391.22 2.542e-15
4391.99 2.5791e-15
4392.77 2.5332e-15
4393.55 2.541e-15
4394.32 2.5681e-15
4395.10 2.5653e-15
4395.88 2.6066e-15
4396.65 2.653e-15
4397.43 2.6505e-15
4398.21 2.6439e-15
4398.98 2.5514e-15
4399.76 2.5831e-15
4400.53 2.4954e-15
4401.31 2.4462e-15
4402.09 2.4388e-15
4402.86 2.4154e-15
4403.64 2.3831e-15
4404.42 2.4082e-15
4405.19 2.4827e-15
4405.97 2.4237e-15
4406.74 2.4732e-15
4407.52 2.4699e-15
4408.30 2.477e-15
4409.07 2.5046e-15
4409.85 2.4914e-15
4410.63 2.5176e-15
4411.40 2.5122e-15
4412.18 2.4992e-15
4412.96 2.4574e-15
4413.73 2.4532e-15
4414.51 2.5095e-15
4415.28 2.524e-15
4416.06 2.4864e-15
4416.84 2.4809e-15
4417.61 2.5317e-15
4418.39 2.5181e-15
4419.17 2.4787e-15
4419.94 2.4823e-15
4420.72 2.5565e-15
4421.49 2.5922e-15
4422.27 2.5419e-15
4423.05 2.4868e-15
4423.82 2.4489e-15
4424.60 2.5673e-15
4425.38 2.5198e-15
4426.15 2.5382e-15
4426.93 2.5116e-15
4427.71 2.5223e-15
4428.48 2.5334e-15
4429.26 2.5367e-15
4430.03 2.5977e-15
4430.81 2.6163e-15
4431.59 2.6104e-15
4432.36 2.5575e-15
4433.14 2.5144e-15
4433.92 2.5086e-15
4434.69 2.5118e-15
4435.47 2.5726e-15
4436.25 2.5543e-15
4437.02 2.6626e-15
4437.80 2.6511e-15
4438.57 2.6644e-15
4439.35 2.695e-15
4440.13 2.7214e-15
4440.90 2.6826e-15
4441.68 2.6719e-15
4442.46 2.7375e-15
4443.23 2.7062e-15
4444.01 2.7005e-15
4444.78 2.7068e-15
4445.56 2.7024e-15
4446.34 2.6713e-15
4447.11 2.6688e-15
4447.89 2.6998e-15
4448.67 2.6473e-15
4449.44 2.6092e-15
4450.22 2.6386e-15
4451.00 2.6443e-15
4451.77 2.645e-15
4452.55 2.5731e-15
4453.32 2.5594e-15
4454.10 2.5377e-15
4454.88 2.5779e-15
4455.65 2.5855e-15
4456.43 2.5617e-15
4457.21 2.582e-15
4457.98 2.5905e-15
4458.76 2.5672e-15
4459.53 2.5556e-15
4460.31 2.5943e-15
4461.09 2.473e-15
4461.86 2.4784e-15
4462.64 2.4404e-15
4463.42 2.4581e-15
4464.19 2.5059e-15
4464.97 2.5003e-15
4465.75 2.4943e-15
4466.52 2.4769e-15
4467.30 2.4772e-15
4468.07 2.4545e-15
4468.85 2.4109e-15
4469.63 2.4497e-15
4470.40 2.4696e-15
4471.18 2.4147e-15
4471.96 2.4396e-15
4472.73 2.3784e-15
4473.51 2.3462e-15
4474.28 2.3132e-15
4475.06 2.3215e-15
4475.84 2.3066e-15
4476.61 2.3104e-15
4477.39 2.276e-15
4478.17 2.2962e-15
4478.94 2.2962e-15
4479.72 2.2461e-15
4480.50 2.2599e-15
4481.27 2.2634e-15
4482.05 2.2744e-15
4482.82 2.2436e-15
4483.60 2.2374e-15
4484.38 2.2438e-15
4485.15 2.2035e-15
4485.93 2.2035e-15
4486.71 2.1634e-15
4487.48 2.1327e-15
4488.26 2.134e-15
4489.03 2.163e-15
4489.81 2.1797e-15
4490.59 2.1883e-15
4491.36 2.1804e-15
4492.14 2.1925e-15
4492.92 2.2268e-15
4493.69 2.2057e-15
4494.47 2.1857e-15
4495.25 2.2003e-15
4496.02 2.2408e-15
4496.80 2.2208e-15
4497.57 2.1239e-15
4498.35 2.0861e-15
4499.13 2.0534e-15
4499.90 2.0048e-15
4500.68 2.0076e-15
4501.46 2.0623e-15
4502.23 2.1115e-15
4503.01 2.1209e-15
4503.79 2.1773e-15
4504.56 2.1628e-15
4505.34 2.1521e-15
4506.11 2.1151e-15
4506.89 2.1083e-15
4507.67 2.0818e-15
4508.44 2.0907e-15
4509.22 2.0913e-15
4510.00 2.0672e-15
4510.77 2.1298e-15
4511.55 2.1496e-15
4512.32 2.1108e-15
4513.10 2.1185e-15
4513.88 2.1103e-15
4514.65 2.1151e-15
4515.43 2.1237e-15
4516.21 2.0998e-15
4516.98 2.1389e-15
4517.76 2.1701e-15
4518.54 2.1619e-15
4519.31 2.1436e-15
4520.09 2.101e-15
4520.86 2.0956e-15
4521.64 2.142e-15
4522.42 2.1967e-15
4523.19 2.2629e-15
4523.97 2.2411e-15
4524.75 2.2491e-15
4525.52 2.1983e-15
4526.30 2.1955e-15
4527.07 2.1779e-15
4527.85 2.251e-15
4528.63 2.2322e-15
4529.40 2.2331e-15
4530.18 2.2341e-15
4530.96 2.2839e-15
4531.73 2.2759e-15
4532.51 2.2584e-15
4533.29 2.2714e-15
4534.06 2.2924e-15
4534.84 2.2779e-15
4535.61 2.3138e-15
4536.39 2.3283e-15
4537.17 2.3287e-15
4537.94 2.3676e-15
4538.72 2.3907e-15
4539.50 2.3811e-15
4540.27 2.3925e-15
4541.05 2.415e-15
4541.82 2.3152e-15
4542.60 2.3257e-15
4543.38 2.3711e-15
4544.15 2.4236e-15
4544.93 2.4187e-15
4545.71 2.4619e-15
4546.48 2.4399e-15
4547.26 2.4941e-15
4548.04 2.4628e-15
4548.81 2.5339e-15
4549.59 2.581e-15
4550.36 2.5934e-15
4551.14 2.6085e-15
4551.92 2.6736e-15
4552.69 2.6178e-15
4553.47 2.6753e-15
4554.25 2.7742e-15
4555.02 2.7934e-15
4555.80 2.8707e-15
4556.57 2.9412e-15
4557.35 2.9574e-15
4558.13 2.9959e-15
4558.90 3.0108e-15
4559.68 3.0244e-15
4560.46 3.1131e-15
4561.23 3.1522e-15
4562.01 3.1928e-15
4562.79 3.2585e-15
4563.56 3.2521e-15
4564.34 3.3e-15
4565.11 3.363e-15
4565.89 3.4156e-15
4566.67 3.4617e-15
4567.44 3.4078e-15
4568.22 3.4344e-15
4569.00 3.4282e-15
4569.77 3.5128e-15
4570.55 3.5457e-15
4571.33 3.581e-15
4572.10 3.5899e-15
4572.88 3.5801e-15
4573.65 3.5822e-15
4574.43 3.5617e-15
4575.21 3.5837e-15
4575.98 3.6157e-15
4576.76 3.6391e-15
4577.54 3.6339e-15
4578.31 3.6619e-15
4579.09 3.6255e-15
4579.86 3.6358e-15
4580.64 3.6469e-15
4581.42 3.5901e-15
4582.19 3.5986e-15
4582.97 3.5252e-15
4583.75 3.5121e-15
4584.52 3.5152e-15
4585.30 3.507e-15
4586.08 3.536e-15
4586.85 3.5286e-15
4587.63 3.5083e-15
4588.40 3.496e-15
4589.18 3.4958e-15
4589.96 3.464e-15
4590.73 3.4591e-15
4591.51 3.4396e-15
4592.29 3.4492e-15
4593.06 3.4504e-15
4593.84 3.4723e-15
4594.61 3.4922e-15
4595.39 3.4608e-15
4596.17 3.4328e-15
4596.94 3.4658e-15
4597.72 3.5045e-15
4598.50 3.4814e-15
4599.27 3.487e-15
4600.05 3.4469e-15
4600.83 3.4775e-15
4601.60 3.5209e-15
4602.38 3.5243e-15
4603.15 3.4961e-15
4603.93 3.5408e-15
4604.71 3.5867e-15
4605.48 3.6383e-15
4606.26 3.6735e-15
4607.04 3.6524e-15
4607.81 3.6752e-15
4608.59 3.6612e-15
4609.36 3.702e-15
4610.14 3.7311e-15
4610.92 3.7662e-15
4611.69 3.7103e-15
4612.47 3.7072e-15
4613.25 3.693e-15
4614.02 3.7163e-15
4614.80 3.6698e-15
4615.58 3.7155e-15
4616.35 3.7424e-15
4617.13 3.7431e-15
4617.90 3.7392e-15
4618.68 3.6955e-15
4619.46 3.7508e-15
4620.23 3.7167e-15
4621.01 3.6895e-15
4621.79 3.6987e-15
4622.56 3.6963e-15
4623.34 3.6465e-15
4624.11 3.6887e-15
4624.89 3.6538e-15
4625.67 3.6148e-15
4626.44 3.6523e-15
4627.22 3.6922e-15
4628.00 3.6966e-15
4628.77 3.717e-15
4629.55 3.67e-15
4630.33 3.6636e-15
4631.10 3.6619e-15
4631.88 3.6525e-15
4632.65 3.6605e-15
4633.43 3.6514e-15
4634.21 3.6885e-15
4634.98 3.6822e-15
4635.76 3.6365e-15
4636.54 3.6397e-15
4637.31 3.6823e-15
4638.09 3.6843e-15
4638.87 3.7148e-15
4639.64 3.7339e-15
4640.42 3.7093e-15
4641.19 3.7627e-15
4641.97 3.6967e-15
4642.75 3.7895e-15
4643.52 3.8154e-15
4644.30 3.8265e-15
4645.08 3.8015e-15
4645.85 3.797e-15
4646.63 3.7938e-15
4647.40 3.8541e-15
4648.18 3.8511e-15
4648.96 3.8532e-15
4649.73 3.8548e-15
4650.51 3.853e-15
4651.29 3.9107e-15
4652.06 3.9298e-15
4652.84 3.8961e-15
4653.62 3.9052e-15
4654.39 3.9412e-15
4655.17 3.8936e-15
4655.94 3.9521e-15
4656.72 3.8625e-15
4657.50 3.9189e-15
4658.27 3.8972e-15
4659.05 3.8882e-15
4659.83 3.9134e-15
4660.60 3.858e-15
4661.38 3.8756e-15
4662.15 3.8956e-15
4662.93 3.8934e-15
4663.71 3.8621e-15
4664.48 3.8683e-15
4665.26 3.8548e-15
4666.04 3.7924e-15
4666.81 3.8009e-15
4667.59 3.8088e-15
4668.37 3.7872e-15
4669.14 3.845e-15
4669.92 3.8377e-15
4670.69 3.8373e-15
4671.47 3.8244e-15
4672.25 3.8391e-15
4673.02 3.8432e-15
4673.80 3.8303e-15
4674.58 3.8142e-15
4675.35 3.7783e-15
4676.13 3.7651e-15
4676.90 3.813e-15
4677.68 3.8188e-15
4678.46 3.8389e-15
4679.23 3.7802e-15
4680.01 3.7887e-15
4680.79 3.8041e-15
4681.56 3.7652e-15
4682.34 3.8235e-15
4683.12 3.7217e-15
4683.89 3.7037e-15
4684.67 3.6761e-15
4685.44 3.6591e-15
4686.22 3.6271e-15
4687.00 3.6738e-15
4687.77 3.657e-15
4688.55 3.6241e-15
4689.33 3.6183e-15
4690.10 3.6157e-15
4690.88 3.6941e-15
4691.65 3.6258e-15
4692.43 3.6023e-15
4693.21 3.547e-15
4693.98 3.5951e-15
4694.76 3.5983e-15
4695.54 3.5097e-15
4696.31 3.5166e-15
4697.09 3.5199e-15
4697.87 3.4982e-15
4698.64 3.4387e-15
4699.42 3.4137e-15
4700.19 3.4064e-15
4700.97 3.3804e-15
4701.75 3.3384e-15
4702.52 3.3565e-15
4703.30 3.2992e-15
4704.08 3.2964e-15
4704.85 3.2631e-15
4705.63 3.2022e-15
4706.41 3.1935e-15
4707.18 3.1602e-15
4707.96 3.1105e-15
4708.73 3.0779e-15
4709.51 3.079e-15
4710.29 3.0507e-15
4711.06 3.0159e-15
4711.84 2.9814e-15
4712.62 3.0059e-15
4713.39 3.0496e-15
4714.17 3.0795e-15
4714.94 3.1005e-15
4715.72 3.1871e-15
4716.50 3.2292e-15
4717.27 3.2099e-15
4718.05 3.1748e-15
4718.83 3.1604e-15
4719.60 3.2326e-15
4720.38 3.2328e-15
4721.16 3.2574e-15
4721.93 3.2466e-15
4722.71 3.264e-15
4723.48 3.1894e-15
4724.26 3.2174e-15
4725.04 3.226e-15
4725.81 3.1601e-15
4726.59 3.1507e-15
4727.37 3.1988e-15
4728.14 3.1761e-15
4728.92 3.2533e-15
4729.69 3.1927e-15
4730.47 3.2126e-15
4731.25 3.2283e-15
4732.02 3.2143e-15
4732.80 3.2648e-15
4733.58 3.2604e-15
4734.35 3.2506e-15
4735.13 3.1948e-15
4735.91 3.2156e-15
4736.68 3.2207e-15
4737.46 3.1975e-15
4738.23 3.1594e-15
4739.01 3.2273e-15
4739.79 3.201e-15
4740.56 3.1927e-15
4741.34 3.2005e-15
4742.12 3.1556e-15
4742.89 3.1158e-15
4743.67 3.1422e-15
4744.44 3.1595e-15
4745.22 3.1232e-15
4746.00 3.1299e-15
4746.77 3.0562e-15
4747.55 3.0282e-15
4748.33 3.0278e-15
4749.10 3.0646e-15
4749.88 3.0252e-15
4750.66 3.0009e-15
4751.43 3.0013e-15
4752.21 3.0459e-15
4752.98 3.0177e-15
4753.76 3.0021e-15
4754.54 2.9848e-15
4755.31 2.9838e-15
4756.09 2.9574e-15
4756.87 2.9781e-15
4757.64 2.9524e-15
4758.42 2.9423e-15
4759.19 2.8582e-15
4759.97 2.8203e-15
4760.75 2.831e-15
4761.52 2.8825e-15
4762.30 2.8687e-15
4763.08 2.8779e-15
4763.85 2.877e-15
4764.63 2.8149e-15
4765.41 2.8033e-15
4766.18 2.801e-15
4766.96 2.7523e-15
4767.73 2.7795e-15
4768.51 2.7906e-15
4769.29 2.808e-15
4770.06 2.7975e-15
4770.84 2.8095e-15
4771.62 2.7673e-15
4772.39 2.7705e-15
4773.17 2.7615e-15
4773.95 2.7392e-15
4774.72 2.7694e-15
4775.50 2.7698e-15
4776.27 2.7379e-15
4777.05 2.738e-15
4777.83 2.7661e-15
4778.60 2.7187e-15
4779.38 2.7364e-15
4780.16 2.7529e-15
4780.93 2.7134e-15
4781.71 2.7119e-15
4782.48 2.6958e-15
4783.26 2.7103e-15
4784.04 2.662e-15
4784.81 2.6732e-15
4785.59 2.6434e-15
4786.37 2.6608e-15
4787.14 2.6602e-15
4787.92 2.6629e-15
4788.70 2.6614e-15
4789.47 2.6289e-15
4790.25 2.677e-15
4791.02 2.6589e-15
4791.80 2.652e-15
4792.58 2.6878e-15
4793.35 2.6347e-15
4794.13 2.6409e-15
4794.91 2.6616e-15
4795.68 2.6647e-15
4796.46 2.6615e-15
4797.23 2.6023e-15
4798.01 2.6171e-15
4798.79 2.5996e-15
4799.56 2.6295e-15
4800.34 2.5641e-15
4801.12 2.546e-15
4801.89 2.5904e-15
4802.67 2.5503e-15
4803.45 2.4982e-15
4804.22 2.4411e-15
4805.00 2.4899e-15
4805.77 2.4673e-15
4806.55 2.4529e-15
4807.33 2.3814e-15
4808.10 2.3941e-15
4808.88 2.3728e-15
4809.66 2.3917e-15
4810.43 2.375e-15
4811.21 2.331e-15
4811.98 2.361e-15
4812.76 2.3693e-15
4813.54 2.3359e-15
4814.31 2.3259e-15
4815.09 2.3437e-15
4815.87 2.3894e-15
4816.64 2.3656e-15
4817.42 2.4057e-15
4818.20 2.3884e-15
4818.97 2.3946e-15
4819.75 2.4099e-15
4820.52 2.4354e-15
4821.30 2.4902e-15
4822.08 2.5786e-15
4822.85 2.6027e-15
4823.63 2.6524e-15
4824.41 2.6627e-15
4825.18 2.6995e-15
4825.96 2.7279e-15
4826.73 2.7466e-15
4827.51 2.8256e-15
4828.29 2.8513e-15
4829.06 2.964e-15
4829.84 2.9476e-15
4830.62 2.9922e-15
4831.39 3.0429e-15
4832.17 3.0506e-15
4832.95 3.0742e-15
4833.72 3.1227e-15
4834.50 3.1392e-15
4835.27 3.1881e-15
4836.05 3.2043e-15
4836.83 3.2146e-15
4837.60 3.2668e-15
4838.38 3.2774e-15
4839.16 3.3484e-15
4839.93 3.4336e-15
4840.71 3.7624e-15
4841.49 3.745e-15
4842.26 3.4262e-15
4843.04 3.3839e-15
4843.81 3.4369e-15
4844.59 3.4371e-15
4845.37 3.4421e-15
4846.14 3.5688e-15
4846.92 3.5721e-15
4847.70 3.5968e-15
4848.47 3.6188e-15
4849.25 3.6267e-15
4850.02 3.6134e-15
4850.80 3.6376e-15
4851.58 3.6729e-15
4852.35 3.6456e-15
4853.13 3.7075e-15
4853.91 3.7055e-15
4854.68 3.6818e-15
4855.46 3.6583e-15
4856.24 3.6619e-15
4857.01 3.6446e-15
4857.79 3.6066e-15
4858.56 3.6486e-15
4859.34 3.5306e-15
4860.12 3.489e-15
4860.89 3.4493e-15
4861.67 3.4818e-15
4862.45 3.4946e-15
4863.22 3.522e-15
4864.00 3.512e-15
4864.77 3.5027e-15
4865.55 3.4486e-15
4866.33 3.445e-15
4867.10 3.4317e-15
4867.88 3.3743e-15
4868.66 3.2854e-15
4869.43 3.2829e-15
4870.21 3.209e-15
4870.99 3.1916e-15
4871.76 3.1925e-15
4872.54 3.1709e-15
4873.31 3.1392e-15
4874.09 3.0875e-15
4874.87 3.028e-15
4875.64 2.991e-15
4876.42 2.9306e-15
4877.20 2.9079e-15
4877.97 2.8947e-15
4878.75 2.9788e-15
4879.52 3.2776e-15
4880.30 4.0717e-15
4881.08 5.133e-15
4881.85 5.1748e-15
4882.63 3.7355e-15
4883.41 2.791e-15
4884.18 2.8324e-15
4884.96 2.8985e-15
4885.74 2.8992e-15
4886.51 2.9067e-15
4887.29 2.9314e-15
4888.06 2.948e-15
4888.84 2.9536e-15
4889.62 2.9834e-15
4890.39 3.0688e-15
4891.17 3.0822e-15
4891.95 3.1492e-15
4892.72 3.1803e-15
4893.50 3.1843e-15
4894.27 3.2529e-15
4895.05 3.2607e-15
4895.83 3.3465e-15
4896.60 3.3876e-15
4897.38 3.4067e-15
4898.16 3.4686e-15
4898.93 3.5393e-15
4899.71 3.5866e-15
4900.49 3.6338e-15
4901.26 3.6562e-15
4902.04 3.713e-15
4902.81 3.7174e-15
4903.59 3.753e-15
4904.37 3.7596e-15
4905.14 3.7938e-15
4905.92 3.781e-15
4906.70 3.8525e-15
4907.47 3.8686e-15
4908.25 3.9209e-15
4909.03 3.9625e-15
4909.80 4.012e-15
4910.58 4.0324e-15
4911.35 3.9967e-15
4912.13 4.0397e-15
4912.91 4.0321e-15
4913.68 4.1355e-15
4914.46 4.1706e-15
4915.24 4.2178e-15
4916.01 4.1989e-15
4916.79 4.2218e-15
4917.56 4.2637e-15
4918.34 4.2438e-15
4919.12 4.2444e-15
4919.89 4.2455e-15
4920.67 4.239e-15
4921.45 4.2393e-15
4922.22 4.28e-15
4923.00 4.3057e-15
4923.78 4.2553e-15
4924.55 4.2188e-15
4925.33 4.2584e-15
4926.10 4.3137e-15
4926.88 4.3387e-15
4927.66 4.3106e-15
4928.43 4.3487e-15
4929.21 4.2834e-15
4929.99 4.2857e-15
4930.76 4.2653e-15
4931.54 4.2706e-15
4932.31 4.2947e-15
4933.09 4.2962e-15
4933.87 4.3245e-15
4934.64 4.2818e-15
4935.42 4.2621e-15
4936.20 4.2722e-15
4936.97 4.267e-15
4937.75 4.2125e-15
4938.53 4.1426e-15
4939.30 4.1714e-15
4940.08 4.0778e-15
4940.85 4.0201e-15
4941.63 4.0381e-15
4942.41 4.0159e-15
4943.18 3.9745e-15
4943.96 3.9681e-15
4944.74 3.9681e-15
4945.51 3.9307e-15
4946.29 3.9151e-15
4947.06 3.926e-15
4947.84 3.8503e-15
4948.62 3.8953e-15
4949.39 3.8129e-15
4950.17 3.7637e-15
4950.95 3.7697e-15
4951.72 3.6817e-15
4952.50 3.6342e-15
4953.28 3.5843e-15
4954.05 3.5358e-15
4954.83 3.4502e-15
4955.60 3.5024e-15
4956.38 3.4559e-15
4957.16 3.3583e-15
4957.93 3.3341e-15
4958.71 3.2619e-15
4959.49 3.2096e-15
4960.26 3.1964e-15
4961.04 3.2221e-15
4961.82 3.1887e-15
4962.59 3.1409e-15
4963.37 3.1258e-15
4964.14 3.0905e-15
4964.92 2.9908e-15
4965.70 2.9869e-15
4966.47 2.9882e-15
4967.25 2.9118e-15
4968.03 2.8795e-15
4968.80 2.9018e-15
4969.58 2.853e-15
4970.35 2.802e-15
4971.13 2.7684e-15
4971.91 2.7983e-15
4972.68 2.7785e-15
4973.46 2.7292e-15
4974.24 2.7021e-15
4975.01 2.6919e-15
4975.79 2.6651e-15
4976.57 2.6555e-15
4977.34 2.6762e-15
4978.12 2.8197e-15
4978.89 3.0221e-15
4979.67 3.0773e-15
4980.45 2.8193e-15
4981.22 2.6879e-15
4982.00 2.7112e-15
4982.78 2.8023e-15
4983.55 2.8329e-15
4984.33 2.8746e-15
4985.10 2.8675e-15
4985.88 2.8321e-15
4986.66 2.8917e-15
4987.43 2.9034e-15
4988.21 2.9468e-15
4988.99 2.9822e-15
4989.76 3.0032e-15
4990.54 3.0171e-15
4991.32 3.0399e-15
4992.09 3.1107e-15
4992.87 3.1426e-15
4993.64 3.194e-15
4994.42 3.2127e-15
4995.20 3.2374e-15
4995.97 3.3111e-15
4996.75 3.323e-15
4997.53 3.3886e-15
4998.30 3.3597e-15
4999.08 3.4084e-15
4999.85 3.4401e-15
5000.63 3.4493e-15
5001.41 3.4564e-15
5002.18 3.4799e-15
5002.96 3.5485e-15
5003.74 3.5446e-15
5004.51 3.5811e-15
5005.29 3.6169e-15
5006.07 3.6952e-15
5006.84 3.6859e-15
5007.62 3.6986e-15
5008.39 3.7642e-15
5009.17 3.7684e-15
5009.95 3.8192e-15
5010.72 3.8649e-15
5011.50 3.8494e-15
5012.28 3.8705e-15
5013.05 3.8349e-15
5013.83 3.9266e-15
5014.60 3.9011e-15
5015.38 3.9097e-15
5016.16 3.9421e-15
5016.93 3.9615e-15
5017.71 3.9368e-15
5018.49 3.9949e-15
5019.26 3.9822e-15
5020.04 3.9685e-15
5020.82 3.9899e-15
5021.59 3.9395e-15
5022.37 3.9977e-15
5023.14 4.0254e-15
5023.92 4.0249e-15
5024.70 4.0845e-15
5025.47 4.2149e-15
5026.25 4.5595e-15
5027.03 5.0932e-15
5027.80 5.1285e-15
5028.58 4.4474e-15
5029.36 3.8516e-15
5030.13 3.8993e-15
5030.91 4.0756e-15
5031.68 4.0819e-15
5032.46 4.0439e-15
5033.24 3.9794e-15
5034.01 3.9921e-15
5034.79 3.9744e-15
5035.57 3.9292e-15
5036.34 4.0477e-15
5037.12 3.9854e-15
5037.89 3.9384e-15
5038.67 3.9609e-15
5039.45 3.939e-15
5040.22 3.956e-15
5041.00 3.9507e-15
5041.78 3.9591e-15
5042.55 3.9766e-15
5043.33 3.9093e-15
5044.11 3.9443e-15
5044.88 3.9435e-15
5045.66 3.9247e-15
5046.43 3.9442e-15
5047.21 3.9296e-15
5047.99 3.9226e-15
5048.76 3.9112e-15
5049.54 3.9131e-15
5050.32 3.9057e-15
5051.09 3.9099e-15
5051.87 3.8997e-15
5052.65 3.9201e-15
5053.42 3.9402e-15
5054.20 3.9432e-15
5054.97 3.9148e-15
5055.75 3.8802e-15
5056.53 3.8569e-15
5057.30 3.7829e-15
5058.08 3.8173e-15
5058.86 3.7828e-15
5059.63 3.7212e-15
5060.41 3.7499e-15
5061.18 3.75e-15
5061.96 3.7229e-15
5062.74 3.7019e-15
5063.51 3.7144e-15
5064.29 3.7468e-15
5065.07 3.7446e-15
5065.84 3.7643e-15
5066.62 3.7375e-15
5067.40 3.6969e-15
5068.17 3.6575e-15
5068.95 3.6696e-15
5069.72 3.6065e-15
5070.50 3.6429e-15
5071.28 3.6259e-15
5072.05 3.5827e-15
5072.83 3.5875e-15
5073.61 3.5684e-15
5074.38 3.5309e-15
5075.16 3.5759e-15
5075.93 3.5263e-15
5076.71 3.5039e-15
5077.49 3.4952e-15
5078.26 3.4723e-15
5079.04 3.4208e-15
5079.82 3.4697e-15
5080.59 3.4048e-15
5081.37 3.4014e-15
5082.15 3.3983e-15
5082.92 3.3495e-15
5083.70 3.277e-15
5084.47 3.2813e-15
5085.25 3.2178e-15
5086.03 3.1634e-15
5086.80 3.1421e-15
5087.58 3.1579e-15
5088.36 3.1604e-15
5089.13 3.0975e-15
5089.91 3.0813e-15
5090.68 3.0366e-15
5091.46 3.037e-15
5092.24 3.0239e-15
5093.01 2.9557e-15
5093.79 2.9612e-15
5094.57 2.9608e-15
5095.34 2.925e-15
5096.12 2.9146e-15
5096.90 2.8914e-15
5097.67 2.8673e-15
5098.45 2.8868e-15
5099.22 2.798e-15
5100.00 2.7269e-15
5100.78 2.6827e-15
5101.55 2.6976e-15
5102.33 2.7188e-15
5103.11 2.6541e-15
5103.88 2.624e-15
5104.66 2.6046e-15
5105.43 2.5542e-15
5106.21 2.5388e-15
5106.99 2.5265e-15
5107.76 2.4939e-15
5108.54 2.49e-15
5109.32 2.5048e-15
5110.09 2.4449e-15
5110.87 2.4426e-15
5111.65 2.4548e-15
5112.42 2.4007e-15
5113.20 2.397e-15
5113.97 2.3863e-15
5114.75 2.3631e-15
5115.53 2.3446e-15
5116.30 2.1926e-15
5117.08 1.6593e-15
5117.86 1.3971e-15
5118.63 2.0758e-15
5119.41 2.2079e-15
5120.19 2.1968e-15
5120.96 2.2061e-15
5121.74 2.2325e-15
5122.51 2.2212e-15
5123.29 2.2659e-15
5124.07 2.2154e-15
5124.84 2.2238e-15
5125.62 2.2291e-15
5126.40 2.2281e-15
5127.17 2.2574e-15
5127.95 2.1863e-15
5128.72 2.193e-15
5129.50 2.2393e-15
5130.28 2.2274e-15
5131.05 2.1882e-15
5131.83 2.1745e-15
5132.61 2.202e-15
5133.38 2.2197e-15
5134.16 2.3249e-15
5134.94 2.3691e-15
5135.71 2.3508e-15
5136.49 2.375e-15
5137.26 2.3885e-15
5138.04 2.3933e-15
5138.82 2.416e-15
5139.59 2.4195e-15
5140.37 2.4481e-15
5141.15 2.4538e-15
5141.92 2.4294e-15
5142.70 2.4409e-15
5143.47 2.4472e-15
5144.25 2.4647e-15
5145.03 2.4528e-15
5145.80 2.4663e-15
5146.58 2.4875e-15
5147.36 2.5147e-15
5148.13 2.5047e-15
5148.91 2.5562e-15
5149.69 2.5556e-15
5150.46 2.5872e-15
5151.24 2.6203e-15
5152.01 2.6308e-15
5152.79 2.6396e-15
5153.57 2.6893e-15
5154.34 2.713e-15
5155.12 2.755e-15
5155.90 2.7889e-15
5156.67 2.858e-15
5157.45 2.8238e-15
5158.22 2.8397e-15
5159.00 2.8755e-15
5159.78 2.8931e-15
5160.55 2.8997e-15
5161.33 2.9653e-15
5162.11 2.9601e-15
5162.88 2.9968e-15
5163.66 3.0391e-15
5164.44 3.0411e-15
5165.21 3.058e-15
5165.99 3.074e-15
5166.76 3.1072e-15
5167.54 3.1135e-15
5168.32 3.1546e-15
5169.09 3.135e-15
5169.87 3.1877e-15
5170.65 3.2389e-15
5171.42 3.2385e-15
5172.20 3.1957e-15
5172.97 3.2484e-15
5173.75 3.1941e-15
5174.53 3.2186e-15
5175.30 3.2534e-15
5176.08 3.2512e-15
5176.86 3.274e-15
5177.63 3.238e-15
5178.41 3.2486e-15
5179.19 3.3287e-15
5179.96 3.3118e-15
5180.74 3.2435e-15
5181.51 3.3057e-15
5182.29 3.2206e-15
5183.07 3.247e-15
5183.84 3.1889e-15
5184.62 3.1108e-15
5185.40 2.9779e-15
5186.17 2.926e-15
5186.95 2.9194e-15
5187.73 2.907e-15
5188.50 2.9351e-15
5189.28 2.9005e-15
5190.05 3.0343e-15
5190.83 3.1198e-15
5191.61 3.1343e-15
5192.38 3.1601e-15
5193.16 3.1042e-15
5193.94 3.0954e-15
5194.71 3.1459e-15
5195.49 3.1808e-15
5196.26 3.1651e-15
5197.04 3.267e-15
5197.82 3.2636e-15
5198.59 3.299e-15
5199.37 3.298e-15
5200.15 3.3296e-15
5200.92 3.2977e-15
5201.70 3.3345e-15
5202.48 3.3561e-15
5203.25 3.287e-15
5204.03 3.2997e-15
5204.80 3.2488e-15
5205.58 3.3329e-15
5206.36 3.3813e-15
5207.13 3.4018e-15
5207.91 3.4222e-15
5208.69 3.4296e-15
5209.46 3.4423e-15
5210.24 3.4514e-15
5211.01 3.4625e-15
5211.79 3.5006e-15
5212.57 3.4477e-15
5213.34 3.4089e-15
5214.12 3.3914e-15
5214.90 3.3964e-15
5215.67 3.3798e-15
5216.45 3.4051e-15
5217.23 3.419e-15
5218.00 3.4357e-15
5218.78 3.4011e-15
5219.55 3.4232e-15
5220.33 3.4069e-15
5221.11 3.3947e-15
5221.88 3.433e-15
5222.66 3.382e-15
5223.44 3.3327e-15
5224.21 3.3371e-15
5224.99 3.2798e-15
5225.76 3.292e-15
5226.54 3.2686e-15
5227.32 3.231e-15
5228.09 3.207e-15
5228.87 3.2146e-15
5229.65 3.2426e-15
5230.42 3.1999e-15
5231.20 3.1895e-15
5231.98 3.2056e-15
5232.75 3.164e-15
5233.53 3.1836e-15
5234.30 3.2015e-15
5235.08 3.2622e-15
5235.86 3.2143e-15
5236.63 3.1812e-15
5237.41 3.2076e-15
5238.19 3.1883e-15
5238.96 3.1802e-15
5239.74 3.2255e-15
5240.51 3.2439e-15
5241.29 3.2529e-15
5242.07 3.2352e-15
5242.84 3.2557e-15
5243.62 3.269e-15
5244.40 3.3088e-15
5245.17 3.2741e-15
5245.95 3.2586e-15
5246.73 3.2419e-15
5247.50 3.2229e-15
5248.28 3.2322e-15
5249.05 3.2609e-15
5249.83 3.2766e-15
5250.61 3.3442e-15
5251.38 3.3443e-15
5252.16 3.3355e-15
5252.94 3.3355e-15
5253.71 3.3224e-15
5254.49 3.3188e-15
5255.27 3.2866e-15
5256.04 3.2956e-15
5256.82 3.3438e-15
5257.59 3.2793e-15
5258.37 3.3332e-15
5259.15 3.3232e-15
5259.92 3.2915e-15
5260.70 3.2716e-15
5261.48 3.2804e-15
5262.25 3.2709e-15
5263.03 3.265e-15
5263.80 3.274e-15
5264.58 3.2402e-15
5265.36 3.2184e-15
5266.13 3.1918e-15
5266.91 3.1842e-15
5267.69 3.1591e-15
5268.46 3.1412e-15
5269.24 3.0862e-15
5270.02 3.0814e-15
5270.79 3.1037e-15
5271.57 3.0896e-15
5272.34 3.0559e-15
5273.12 3.0379e-15
5273.90 3.0071e-15
5274.67 3.0538e-15
5275.45 3.0615e-15
5276.23 3.0437e-15
5277.00 3.0472e-15
5277.78 3.0664e-15
5278.55 3.0825e-15
5279.33 3.1578e-15
5280.11 3.1294e-15
5280.88 3.1392e-15
5281.66 3.151e-15
5282.44 3.2126e-15
5283.21 3.1099e-15
5283.99 3.1091e-15
5284.77 3.0826e-15
5285.54 3.0956e-15
5286.32 3.1299e-15
5287.09 3.0944e-15
5287.87 3.1053e-15
5288.65 3.1318e-15
5289.42 3.1536e-15
5290.20 3.1869e-15
5290.98 3.1679e-15
5291.75 3.1811e-15
5292.53 3.1583e-15
5293.30 3.2098e-15
5294.08 3.1935e-15
5294.86 3.2255e-15
5295.63 3.2355e-15
5296.41 3.2755e-15
5297.19 3.2052e-15
5297.96 3.2835e-15
5298.74 3.3071e-15
5299.52 3.3653e-15
5300.29 3.4665e-15
5301.07 3.4101e-15
5301.84 3.3989e-15
5302.62 3.4176e-15
5303.40 3.4548e-15
5304.17 3.443e-15
5304.95 3.4561e-15
5305.73 3.4738e-15
5306.50 3.4564e-15
5307.28 3.5221e-15
5308.05 3.5696e-15
5308.83 3.5715e-15
5309.61 3.5888e-15
5310.38 3.5987e-15
5311.16 3.629e-15
5311.94 3.628e-15
5312.71 3.6168e-15
5313.49 3.6741e-15
5314.27 3.6103e-15
5315.04 3.5855e-15
5315.82 3.6353e-15
5316.59 3.6416e-15
5317.37 3.652e-15
5318.15 3.6201e-15
5318.92 3.5403e-15
5319.70 3.506e-15
5320.48 3.5742e-15
5321.25 3.5294e-15
5322.03 3.5584e-15
5322.81 3.5263e-15
5323.58 3.6034e-15
5324.36 3.5623e-15
5325.13 3.5973e-15
5325.91 3.6324e-15
5326.69 3.6608e-15
5327.46 3.7052e-15
5328.24 3.6823e-15
5329.02 3.6626e-15
5329.79 3.713e-15
5330.57 3.683e-15
5331.34 3.6684e-15
5332.12 3.7266e-15
5332.90 3.7445e-15
5333.67 3.7373e-15
5334.45 3.7011e-15
5335.23 3.7475e-15
5336.00 3.7134e-15
5336.78 3.7345e-15
5337.56 3.6888e-15
5338.33 3.6605e-15
5339.11 3.7011e-15
5339.88 3.6931e-15
5340.66 3.7562e-15
5341.44 3.7178e-15
5342.21 3.7528e-15
5342.99 3.7642e-15
5343.77 3.7944e-15
5344.54 3.8109e-15
5345.32 3.8212e-15
5346.09 3.7483e-15
5346.87 3.7933e-15
5347.65 3.7716e-15
5348.42 3.7678e-15
5349.20 3.772e-15
5349.98 3.8069e-15
5350.75 3.7377e-15
5351.53 3.6829e-15
5352.31 3.7307e-15
5353.08 3.8279e-15
5353.86 3.8314e-15
5354.63 3.8182e-15
5355.41 3.8044e-15
5356.19 3.8616e-15
5356.96 3.8205e-15
5357.74 3.8562e-15
5358.52 3.8299e-15
5359.29 3.801e-15
5360.07 3.728e-15
5360.84 3.7367e-15
5361.62 3.756e-15
5362.40 3.6981e-15
5363.17 3.673e-15
5363.95 3.7059e-15
5364.73 3.775e-15
5365.50 3.7947e-15
5366.28 3.7775e-15
5367.06 3.724e-15
5367.83 3.712e-15
5368.61 3.7046e-15
5369.38 3.7094e-15
5370.16 3.7368e-15
5370.94 3.7683e-15
5371.71 3.6685e-15
5372.49 3.6678e-15
5373.27 3.64e-15
5374.04 3.6449e-15
5374.82 3.6131e-15
5375.59 3.6086e-15
5376.37 3.6725e-15
5377.15 3.723e-15
5377.92 3.6903e-15
5378.70 3.6829e-15
5379.48 3.6738e-15
5380.25 3.6749e-15
5381.03 3.6824e-15
5381.81 3.664e-15
5382.58 3.6486e-15
5383.36 3.6267e-15
5384.13 3.6522e-15
5384.91 3.6169e-15
5385.69 3.6435e-15
5386.46 3.6352e-15
5387.24 3.6105e-15
5388.02 3.606e-15
5388.79 3.6313e-15
5389.57 3.6295e-15
5390.35 3.6081e-15
5391.12 3.6353e-15
5391.90 3.634e-15
5392.67 3.6039e-15
5393.45 3.5652e-15
5394.23 3.6214e-15
5395.00 3.6209e-15
5395.78 3.7407e-15
5396.56 3.8176e-15
5397.33 3.7374e-15
5398.11 3.6701e-15
5398.88 3.6884e-15
5399.66 3.7037e-15
5400.44 3.7351e-15
5401.21 3.7023e-15
5401.99 3.7399e-15
5402.77 3.7604e-15
5403.54 3.728e-15
5404.32 3.6815e-15
5405.10 3.7443e-15
5405.87 3.7033e-15
5406.65 3.7109e-15
5407.42 3.7398e-15
5408.20 3.7263e-15
5408.98 3.7799e-15
5409.75 3.7483e-15
5410.53 3.7382e-15
5411.31 3.7567e-15
5412.08 3.7039e-15
5412.86 3.7201e-15
5413.63 3.7183e-15
5414.41 3.7729e-15
5415.19 3.7358e-15
5415.96 3.7366e-15
5416.74 3.762e-15
5417.52 3.7681e-15
5418.29 3.6973e-15
5419.07 3.6637e-15
5419.85 3.6515e-15
5420.62 3.5649e-15
5421.40 3.6081e-15
5422.17 3.6648e-15
5422.95 3.7808e-15
5423.73 3.7583e-15
5424.50 3.7568e-15
5425.28 3.7091e-15
5426.06 3.722e-15
5426.83 3.6606e-15
5427.61 3.6277e-15
5428.38 3.6375e-15
5429.16 3.674e-15
5429.94 3.698e-15
5430.71 3.6608e-15
5431.49 3.6828e-15
5432.27 3.7013e-15
5433.04 3.6542e-15
5433.82 3.6599e-15
5434.60 3.6397e-15
5435.37 3.645e-15
5436.15 3.6989e-15
5436.92 3.6801e-15
5437.70 3.6028e-15
5438.48 3.6323e-15
5439.25 3.6277e-15
5440.03 3.627e-15
5440.81 3.6227e-15
5441.58 3.6648e-15
5442.36 3.5923e-15
5443.13 3.6072e-15
5443.91 3.6105e-15
5444.69 3.5558e-15
5445.46 3.5926e-15
5446.24 3.5607e-15
5447.02 3.5371e-15
5447.79 3.5344e-15
5448.57 3.565e-15
5449.35 3.6139e-15
5450.12 3.5808e-15
5450.90 3.5326e-15
5451.67 3.5103e-15
5452.45 3.4898e-15
5453.23 3.4682e-15
5454.00 3.4683e-15
5454.78 3.4891e-15
5455.56 3.471e-15
5456.33 3.4824e-15
5457.11 3.4362e-15
5457.89 3.4586e-15
5458.66 3.4328e-15
5459.44 3.3812e-15
5460.21 3.4314e-15
5460.99 3.3999e-15
5461.77 3.4219e-15
5462.54 3.45e-15
5463.32 3.4705e-15
5464.10 3.4692e-15
5464.87 3.4505e-15
5465.65 3.4168e-15
5466.42 3.4026e-15
5467.20 3.4332e-15
5467.98 3.3551e-15
5468.75 3.3179e-15
5469.53 3.3013e-15
5470.31 3.3037e-15
5471.08 3.3021e-15
5471.86 3.3468e-15
5472.64 3.326e-15
5473.41 3.3287e-15
5474.19 3.2678e-15
5474.96 3.2616e-15
5475.74 3.2034e-15
5476.52 3.1921e-15
5477.29 3.2053e-15
5478.07 3.1399e-15
5478.85 3.1072e-15
5479.62 3.1498e-15
5480.40 3.1406e-15
5481.17 3.2111e-15
5481.95 3.1644e-15
5482.73 3.1192e-15
5483.50 3.1163e-15
5484.28 3.0931e-15
5485.06 3.04e-15
5485.83 2.9827e-15
5486.61 2.9391e-15
5487.39 2.9954e-15
5488.16 2.9885e-15
5488.94 3.0214e-15
5489.71 3.0999e-15
5490.49 3.0373e-15
5491.27 3.1057e-15
5492.04 3.0861e-15
5492.82 3.1074e-15
5493.60 3.0954e-15
5494.37 3.1152e-15
5495.15 3.1362e-15
5495.92 3.0957e-15
5496.70 3.1392e-15
5497.48 3.2061e-15
5498.25 3.1512e-15
5499.03 3.2115e-15
5499.81 3.1956e-15
5500.58 3.1862e-15
5501.36 3.2625e-15
5502.14 3.2377e-15
5502.91 3.2727e-15
5503.69 3.3054e-15
5504.46 3.2959e-15
5505.24 3.3193e-15
5506.02 3.3645e-15
5506.79 3.3432e-15
5507.57 3.3971e-15
5508.35 3.386e-15
5509.12 3.4268e-15
5509.90 3.4362e-15
5510.67 3.3979e-15
5511.45 3.4229e-15
5512.23 3.4595e-15
5513.00 3.479e-15
5513.78 3.4901e-15
5514.56 3.4746e-15
5515.33 3.5127e-15
5516.11 3.5576e-15
5516.89 3.5446e-15
5517.66 3.5462e-15
5518.44 3.5545e-15
5519.21 3.576e-15
5519.99 3.6212e-15
5520.77 3.5812e-15
5521.54 3.5522e-15
5522.32 3.628e-15
5523.10 3.6371e-15
5523.87 3.6206e-15
5524.65 3.5957e-15
5525.43 3.5704e-15
5526.20 3.581e-15
5526.98 3.5932e-15
5527.75 3.6162e-15
5528.53 3.6589e-15
5529.31 3.645e-15
5530.08 3.6151e-15
5530.86 3.5858e-15
5531.64 3.6667e-15
5532.41 3.6734e-15
5533.19 3.666e-15
5533.96 3.6811e-15
5534.74 3.6338e-15
5535.52 3.6534e-15
5536.29 3.6371e-15
5537.07 3.6767e-15
5537.85 3.6264e-15
5538.62 3.6412e-15
5539.40 3.668e-15
5540.18 3.6968e-15
5540.95 3.6684e-15
5541.73 3.6881e-15
5542.50 3.6981e-15
5543.28 3.7224e-15
5544.06 3.6859e-15
5544.83 3.713e-15
5545.61 3.6452e-15
5546.39 3.6961e-15
5547.16 3.6818e-15
5547.94 3.6956e-15
5548.71 3.658e-15
5549.49 3.6471e-15
5550.27 3.6095e-15
5551.04 3.6342e-15
5551.82 3.6398e-15
5552.60 3.5901e-15
5553.37 3.6507e-15
5554.15 3.6663e-15
5554.93 3.6386e-15
5555.70 3.6501e-15
5556.48 3.6545e-15
5557.25 3.6297e-15
5558.03 3.5774e-15
5558.81 3.5934e-15
5559.58 3.6017e-15
5560.36 3.5784e-15
5561.14 3.6086e-15
5561.91 3.5834e-15
5562.69 3.6215e-15
5563.46 3.5599e-15
5564.24 3.6413e-15
5565.02 3.5781e-15
5565.79 3.5574e-15
5566.57 3.5178e-15
5567.35 3.5482e-15
5568.12 3.5489e-15
5568.90 3.5338e-15
5569.68 3.5551e-15
5570.45 3.5342e-15
5571.23 3.5228e-15
5572.00 3.5305e-15
5572.78 3.5067e-15
5573.56 3.547e-15
5574.33 3.5393e-15
5575.11 3.6293e-15
5575.89 3.9581e-15
5576.66 3.627e-15
5577.44 3.1443e-15
5578.21 3.3475e-15
5578.99 3.4399e-15
5579.77 3.4608e-15
5580.54 3.4296e-15
5581.32 3.4338e-15
5582.10 3.4297e-15
5582.87 3.3975e-15
5583.65 3.4055e-15
5584.43 3.4043e-15
5585.20 3.423e-15
5585.98 3.4239e-15
5586.75 3.3508e-15
5587.53 3.3313e-15
5588.31 3.3249e-15
5589.08 3.354e-15
5589.86 3.2966e-15
5590.64 3.3135e-15
5591.41 3.3064e-15
5592.19 3.3371e-15
5592.97 3.2756e-15
5593.74 3.3254e-15
5594.52 3.2765e-15
5595.29 3.2749e-15
5596.07 3.2117e-15
5596.85 3.213e-15
5597.62 3.1816e-15
5598.40 3.1673e-15
5599.18 3.2089e-15
5599.95 3.1019e-15
5600.73 3.1364e-15
5601.50 3.1199e-15
5602.28 3.098e-15
5603.06 3.0903e-15
5603.83 3.1011e-15
5604.61 3.0453e-15
5605.39 3.08e-15
5606.16 3.0477e-15
5606.94 3.0474e-15
5607.72 3.0403e-15
5608.49 3.0027e-15
5609.27 2.9657e-15
5610.04 2.9222e-15
5610.82 2.941e-15
5611.60 2.9071e-15
5612.37 2.833e-15
5613.15 2.8766e-15
5613.93 2.8918e-15
5614.70 2.8273e-15
5615.48 2.8631e-15
5616.25 2.8416e-15
5617.03 2.8167e-15
5617.81 2.8143e-15
5618.58 2.856e-15
5619.36 2.8873e-15
5620.14 2.9155e-15
5620.91 2.8877e-15
5621.69 2.9164e-15
5622.47 2.8636e-15
5623.24 2.8673e-15
5624.02 2.8582e-15
5624.79 2.9048e-15
5625.57 2.8803e-15
5626.35 2.8972e-15
5627.12 2.8881e-15
5627.90 2.8603e-15
5628.68 2.9488e-15
5629.45 2.9245e-15
5630.23 2.9435e-15
5631.00 2.9629e-15
5631.78 2.9638e-15
5632.56 3.079e-15
5633.33 3.0273e-15
5634.11 2.9226e-15
5634.89 2.9183e-15
5635.66 3.046e-15
5636.44 3.0717e-15
5637.22 3.0347e-15
5637.99 3.0467e-15
5638.77 3.0341e-15
5639.54 2.9756e-15
5640.32 3.0012e-15
5641.10 2.9683e-15
5641.87 3.0358e-15
5642.65 3.0286e-15
5643.43 3.0477e-15
5644.20 3.1676e-15
5644.98 3.0838e-15
5645.75 3.1306e-15
5646.53 3.1052e-15
5647.31 3.1357e-15
5648.08 3.1929e-15
5648.86 3.1353e-15
5649.64 3.132e-15
5650.41 3.1584e-15
5651.19 3.1101e-15
5651.97 3.1973e-15
5652.74 3.1816e-15
5653.52 3.249e-15
5654.29 3.2388e-15
5655.07 3.2019e-15
5655.85 3.2289e-15
5656.62 3.2199e-15
5657.40 3.2073e-15
5658.18 3.2748e-15
5658.95 3.24e-15
5659.73 3.2266e-15
5660.51 3.2169e-15
5661.28 3.2649e-15
5662.06 3.2468e-15
5662.83 3.2409e-15
5663.61 3.3171e-15
5664.39 3.3119e-15
5665.16 3.2799e-15
5665.94 3.249e-15
5666.72 3.2212e-15
5667.49 3.3203e-15
5668.27 3.3203e-15
5669.04 3.2845e-15
5669.82 3.3212e-15
5670.60 3.299e-15
5671.37 3.3108e-15
5672.15 3.311e-15
5672.93 3.3059e-15
5673.70 3.3219e-15
5674.48 3.2499e-15
5675.26 3.2741e-15
5676.03 3.2579e-15
5676.81 3.3077e-15
5677.58 3.3034e-15
5678.36 3.2422e-15
5679.14 3.2957e-15
5679.91 3.2725e-15
5680.69 3.2829e-15
5681.47 3.3428e-15
5682.24 3.2675e-15
5683.02 3.2739e-15
5683.79 3.2354e-15
5684.57 3.2209e-15
5685.35 3.2511e-15
5686.12 3.1512e-15
5686.90 3.2251e-15
5687.68 3.1767e-15
5688.45 3.2213e-15
5689.23 3.2706e-15
5690.01 3.2932e-15
5690.78 3.1836e-15
5691.56 3.1741e-15
5692.33 3.1548e-15
5693.11 3.1442e-15
5693.89 3.1797e-15
5694.66 3.1967e-15
5695.44 3.2174e-15
5696.22 3.2417e-15
5696.99 3.1801e-15
5697.77 3.1937e-15
5698.54 3.1566e-15
5699.32 5.6134e-40
