      3130.53 -2.57300e-18
      3133.12 -7.40308e-19
      3135.71  2.07451e-19
      3138.30 -2.17791e-18
      3140.89 -3.09562e-18
      3143.48  1.05065e-17
      3146.07  2.37214e-18
      3148.66 -1.69819e-18
      3151.25  6.78771e-18
      3153.84  6.45222e-18
      3156.43 -7.32438e-19
      3159.02 -7.22591e-19
      3161.61  5.13497e-18
      3164.20  4.61050e-18
      3166.79  6.11903e-18
      3169.38  5.78652e-18
      3171.97  1.77684e-18
      3174.55  1.09488e-18
      3177.14  5.45155e-18
      3179.73  5.31918e-18
      3182.32  2.11151e-18
      3184.91  3.87906e-18
      3187.50  5.76589e-18
      3190.09  3.16032e-18
      3192.68 -9.34112e-19
      3195.27 -7.35134e-19
      3197.86 -4.13441e-19
      3200.45  2.06040e-18
      3203.04  3.69363e-18
      3205.63  5.22926e-18
      3208.22  1.13561e-18
      3210.81 -9.61560e-19
      3213.40  1.79657e-18
      3215.99  2.43844e-18
      3218.58  2.86550e-18
      3221.17  2.05457e-18
      3223.75  1.81078e-18
      3226.34 -1.29100e-18
      3228.93 -1.86751e-18
      3231.52  6.23050e-19
      3234.11  3.54493e-18
      3236.70  2.20108e-18
      3239.29 -1.99483e-18
      3241.88 -6.66670e-19
      3244.47  4.37841e-18
      3247.06  3.48949e-18
      3249.65 -3.43903e-19
      3252.24  1.08137e-18
      3254.83  2.03295e-18
      3257.42  5.00753e-19
      3260.01 -2.27184e-18
      3262.60 -2.68178e-19
      3265.19  3.27092e-18
      3267.78  4.26444e-18
      3270.37  3.61128e-18
      3272.96  1.41478e-18
      3275.54  5.40705e-20
      3278.13 -2.18419e-19
      3280.72 -4.53441e-19
      3283.31  1.13659e-18
      3285.90  3.87092e-18
      3288.49  4.46832e-18
      3291.08  3.29992e-18
      3293.67 -2.69120e-19
      3296.26 -3.56078e-18
      3298.85 -3.84092e-18
      3301.44 -2.24352e-18
      3304.03 -4.43134e-18
      3306.62 -8.42867e-19
      3309.21 -4.26748e-18
      3311.80 -2.31082e-18
      3314.39 -2.54484e-18
      3316.98 -2.59108e-18
      3319.57 -1.52236e-19
      3322.16  3.02128e-18
      3324.74  4.99999e-18
      3327.33  8.20868e-18
      3329.92  6.96467e-18
      3332.51  4.44046e-18
      3335.10  3.21072e-18
      3337.69  4.92251e-18
      3340.28  5.39815e-18
      3342.87  4.22069e-18
      3345.46  4.15959e-18
      3348.05  4.65848e-18
      3350.64  3.92064e-18
      3353.23  3.47155e-18
      3355.82  3.94919e-18
      3358.41  4.07449e-18
      3361.00  3.34089e-18
      3363.59  2.92389e-18
      3366.18  3.27620e-18
      3368.77  3.24149e-18
      3371.36  3.20792e-18
      3373.95  3.91208e-18
      3376.53  3.96593e-18
      3379.12  4.13604e-18
      3381.71  4.33956e-18
      3384.30  2.88318e-18
      3386.89  2.77239e-18
      3389.48  4.29341e-18
      3392.07  4.16754e-18
      3394.66  2.69809e-18
      3397.25  2.50879e-18
      3399.84  2.35349e-18
      3402.43  2.34457e-18
      3405.02  4.00085e-18
      3407.61  4.12760e-18
      3410.20  3.64219e-18
      3412.79  4.40562e-18
      3415.38  4.36878e-18
      3417.97  4.34163e-18
      3420.56  3.85250e-18
      3423.15  3.15487e-18
      3425.73  2.79112e-18
      3428.32  3.29617e-18
      3430.91  3.84036e-18
      3433.50  4.50877e-18
      3436.09  4.84952e-18
      3438.68  5.05958e-18
      3441.27  4.86607e-18
      3443.86  4.09584e-18
      3446.45  3.52324e-18
      3449.04  3.99970e-18
      3451.63  4.12822e-18
      3454.22  3.62536e-18
      3456.81  3.86590e-18
      3459.40  4.50158e-18
      3461.99  5.00748e-18
      3464.58  5.08538e-18
      3467.17  4.38022e-18
      3469.76  3.75096e-18
      3472.35  4.04801e-18
      3474.94  4.39636e-18
      3477.52  3.93652e-18
      3480.11  3.80566e-18
      3482.70  4.16415e-18
      3485.29  3.67282e-18
      3487.88  3.28539e-18
      3490.47  3.80723e-18
      3493.06  4.02344e-18
      3495.65  4.05961e-18
      3498.24  4.20432e-18
      3500.83  4.00773e-18
      3503.42  3.75973e-18
      3506.01  3.23116e-18
      3508.60  3.42692e-18
      3511.19  3.97655e-18
      3513.78  3.54700e-18
      3516.37  3.12070e-18
      3518.96  3.03307e-18
      3521.55  3.44013e-18
      3524.14  3.76930e-18
      3526.72  3.95612e-18
      3529.31  3.87400e-18
      3531.90  3.47229e-18
      3534.49  3.28343e-18
      3537.08  3.69953e-18
      3539.67  3.97488e-18
      3542.26  3.42847e-18
      3544.85  3.06112e-18
      3547.44  3.08220e-18
      3550.03  3.59460e-18
      3552.62  4.22638e-18
      3555.21  3.84619e-18
      3557.80  3.20253e-18
      3560.39  3.59244e-18
      3562.98  4.15994e-18
      3565.57  3.85312e-18
      3568.16  3.56493e-18
      3570.75  3.79102e-18
      3573.34  3.96740e-18
      3575.92  3.99417e-18
      3578.51  3.82323e-18
      3581.10  3.60243e-18
      3583.69  3.40569e-18
      3586.28  3.64762e-18
      3588.87  4.00890e-18
      3591.46  3.66252e-18
      3594.05  3.22535e-18
      3596.64  3.25876e-18
      3599.23  3.58310e-18
      3601.82  4.10879e-18
      3604.41  4.68873e-18
      3607.00  4.78013e-18
      3609.59  4.65033e-18
      3612.18  4.51243e-18
      3614.77  4.65914e-18
      3617.36  4.69203e-18
      3619.95  4.68165e-18
      3622.54  4.82644e-18
      3625.12  4.26816e-18
      3627.71  4.18728e-18
      3630.30  4.54864e-18
      3632.89  4.67999e-18
      3635.48  4.16442e-18
      3638.07  3.63154e-18
      3640.66  3.78802e-18
      3643.25  4.28149e-18
      3645.84  4.51915e-18
      3648.43  4.15947e-18
      3651.02  3.91184e-18
      3653.61  3.89475e-18
      3656.20  3.88948e-18
      3658.79  3.85600e-18
      3661.38  3.77365e-18
      3663.97  3.94490e-18
      3666.56  4.40396e-18
      3669.15  4.63286e-18
      3671.74  4.75086e-18
      3674.33  5.19408e-18
      3676.91  5.33694e-18
      3679.50  5.40261e-18
      3682.09  5.54292e-18
      3684.68  5.74641e-18
      3687.27  5.65620e-18
      3689.86  5.40767e-18
      3692.45  6.32746e-18
      3695.04  6.63033e-18
      3697.63  6.94866e-18
      3700.22  7.26751e-18
      3702.81  7.42826e-18
      3705.40  7.63749e-18
      3707.99  8.00864e-18
      3710.58  8.07803e-18
      3713.17  8.12388e-18
      3715.76  8.16971e-18
      3718.35  8.21555e-18
      3720.94  8.26138e-18
      3723.53  8.30719e-18
      3726.11  8.35301e-18
      3728.70  8.39883e-18
      3731.29  8.44464e-18
      3733.88  8.49044e-18
      3736.47  8.53624e-18
      3739.06  8.58204e-18
      3741.65  8.62783e-18
      3744.24  8.67361e-18
      3746.83  8.71939e-18
      3749.42  8.29971e-18
      3752.01  8.33614e-18
      3754.60  8.38598e-18
      3757.19  8.08577e-18
      3759.78  7.91690e-18
      3762.37  7.60272e-18
      3764.96  6.94987e-18
      3767.55  6.87891e-18
      3770.14  7.04821e-18
      3772.73  6.49419e-18
      3775.31  5.78397e-18
      3777.90  5.39739e-18
      3780.49  5.32706e-18
      3783.08  5.01502e-18
      3785.67  4.68915e-18
      3788.26  4.22681e-18
      3790.85  4.16565e-18
      3793.44  4.26712e-18
      3796.03  3.91229e-18
      3798.62  3.72337e-18
      3801.21  3.68987e-18
      3803.80  3.28593e-18
      3806.39  3.26783e-18
      3808.98  3.23953e-18
      3811.57  3.10903e-18
      3814.16  3.11412e-18
      3816.75  3.07169e-18
      3819.34  2.78655e-18
      3821.93  2.37671e-18
      3824.52  2.73967e-18
      3827.10  2.91956e-18
      3829.69  2.71417e-18
      3832.28  2.82945e-18
      3834.87  3.07404e-18
      3837.46  3.00861e-18
      3840.05  2.94210e-18
      3842.64  3.00050e-18
      3845.23  3.19483e-18
      3847.82  3.28872e-18
      3850.41  3.36047e-18
      3853.00  3.62505e-18
      3855.59  3.84129e-18
      3858.18  3.94541e-18
      3860.77  3.92475e-18
      3863.36  4.03164e-18
      3865.95  4.42819e-18
      3868.54  4.85293e-18
      3871.13  5.27977e-18
      3873.72  5.57720e-18
      3876.30  5.65788e-18
      3878.89  5.65936e-18
      3881.48  6.19610e-18
      3884.07  6.86060e-18
      3886.66  7.17393e-18
      3889.25  7.42794e-18
      3891.84  7.79085e-18
      3894.43  8.05550e-18
      3897.02  8.39605e-18
      3899.61  8.67554e-18
      3902.20  9.01737e-18
      3904.79  8.87480e-18
      3907.38  9.17324e-18
      3909.97  9.50301e-18
      3912.56  9.79989e-18
      3915.15  9.92681e-18
      3917.74  9.96704e-18
      3920.33  1.03429e-17
      3922.92  1.05785e-17
      3925.50  1.07078e-17
      3928.09  1.10392e-17
      3930.68  1.08047e-17
      3933.27  1.07008e-17
      3935.86  1.11992e-17
      3938.45  1.16421e-17
      3941.04  1.17258e-17
      3943.63  1.14424e-17
      3946.22  1.11161e-17
      3948.81  1.12965e-17
      3951.40  1.18734e-17
      3953.99  1.24156e-17
      3956.58  1.26722e-17
      3959.17  1.23826e-17
      3961.76  1.21741e-17
      3964.35  1.26779e-17
      3966.94  1.31176e-17
      3969.53  1.30887e-17
      3972.12  1.29930e-17
      3974.71  1.29544e-17
      3977.29  1.27961e-17
      3979.88  1.29467e-17
      3982.47  1.31354e-17
      3985.06  1.29626e-17
      3987.65  1.29408e-17
      3990.24  1.31332e-17
      3992.83  1.31073e-17
      3995.42  1.29180e-17
      3998.01  1.29769e-17
      4000.60  1.31813e-17
      4003.19  1.34311e-17
      4005.78  1.34893e-17
      4008.37  1.37489e-17
      4010.96  1.37841e-17
      4013.55  1.37064e-17
      4016.14  1.38023e-17
      4018.73  1.36404e-17
      4021.32  1.35496e-17
      4023.91  1.37489e-17
      4026.49  1.41559e-17
      4029.08  1.36192e-17
      4031.67  1.32142e-17
      4034.26  1.33190e-17
      4036.85  1.32910e-17
      4039.44  1.32848e-17
      4042.03  1.32184e-17
      4044.62  1.30514e-17
      4047.21  1.29649e-17
      4049.80  1.31090e-17
      4052.39  1.32152e-17
      4054.98  1.30600e-17
      4057.57  1.28390e-17
      4060.16  1.24293e-17
      4062.75  1.19993e-17
      4065.34  1.19449e-17
      4067.93  1.19825e-17
      4070.52  1.17182e-17
      4073.11  1.13072e-17
      4075.70  1.13513e-17
      4078.28  1.16050e-17
      4080.87  1.12554e-17
      4083.46  1.10787e-17
      4086.05  1.10605e-17
      4088.64  1.09030e-17
      4091.23  1.10279e-17
      4093.82  1.10859e-17
      4096.41  1.11077e-17
      4099.00  1.10281e-17
      4101.59  1.10481e-17
      4104.18  1.09401e-17
      4106.77  1.05471e-17
      4109.36  1.02601e-17
      4111.95  1.01992e-17
      4114.54  1.02325e-17
      4117.13  1.00311e-17
      4119.72  9.69346e-18
      4122.31  9.32715e-18
      4124.90  9.18088e-18
      4127.48  9.14537e-18
      4130.07  8.88888e-18
      4132.66  8.56229e-18
      4135.25  8.40247e-18
      4137.84  8.34093e-18
      4140.43  8.29688e-18
      4143.02  8.25704e-18
      4145.61  8.32405e-18
      4148.20  8.40422e-18
      4150.79  8.36157e-18
      4153.38  8.45672e-18
      4155.97  8.61940e-18
      4158.56  8.64744e-18
      4161.15  8.11691e-18
      4163.74  6.99404e-18
      4166.33  6.63787e-18
      4168.92  7.13377e-18
      4171.51  7.46089e-18
      4174.10  7.86802e-18
      4176.69  7.89325e-18
      4179.27  7.43002e-18
      4181.86  7.38314e-18
      4184.45  7.72098e-18
      4187.04  7.75732e-18
      4189.63  7.68024e-18
      4192.22  7.66713e-18
      4194.81  7.40283e-18
      4197.40  7.19106e-18
      4199.99  7.13371e-18
      4202.58  7.25614e-18
      4205.17  7.49858e-18
      4207.76  7.53752e-18
      4210.35  7.53925e-18
      4212.94  7.76364e-18
      4215.53  7.98270e-18
      4218.12  7.80183e-18
      4220.71  7.89525e-18
      4223.30  8.31781e-18
      4225.88  8.39937e-18
      4228.47  8.06396e-18
      4231.06  8.07091e-18
      4233.65  8.37658e-18
      4236.24  8.34293e-18
      4238.83  8.30045e-18
      4241.42  8.41451e-18
      4244.01  8.44853e-18
      4246.60  8.51207e-18
      4249.19  8.47888e-18
      4251.78  8.47186e-18
      4254.37  8.66086e-18
      4256.96  8.55997e-18
      4259.55  8.51205e-18
      4262.14  8.66198e-18
      4264.73  8.48597e-18
      4267.32  8.39190e-18
      4269.91  8.59850e-18
      4272.50  8.69022e-18
      4275.08  8.52163e-18
      4277.67  8.46031e-18
      4280.26  8.37482e-18
      4282.85  8.35067e-18
      4285.44  8.31320e-18
      4288.03  8.18752e-18
      4290.62  8.22515e-18
      4293.21  8.24953e-18
      4295.80  8.26193e-18
      4298.39  8.49069e-18
      4300.98  8.57315e-18
      4303.57  8.67137e-18
      4306.16  8.95596e-18
      4308.75  8.95249e-18
      4311.34  8.92855e-18
      4313.93  9.06548e-18
      4316.52  9.07178e-18
      4319.11  8.98997e-18
      4321.70  9.04936e-18
      4324.29  9.16516e-18
      4326.88  9.30074e-18
      4329.46  9.38598e-18
      4332.05  9.30001e-18
      4334.64  9.20427e-18
      4337.23  9.24199e-18
      4339.82  9.45640e-18
      4342.41  9.68496e-18
      4345.00  9.59647e-18
      4347.59  9.52195e-18
      4350.18  9.44742e-18
      4352.77  9.37292e-18
      4355.36  9.29842e-18
      4357.95  9.22394e-18
      4360.54  9.14947e-18
      4363.13  9.07500e-18
      4365.72  9.00054e-18
      4368.31  8.92610e-18
      4370.90  8.85166e-18
      4373.49  8.77723e-18
      4376.08  8.70281e-18
      4378.66  8.62841e-18
      4381.25  8.55401e-18
      4383.84  8.49331e-18
      4386.43  8.63732e-18
      4389.02  8.50577e-18
      4391.61  8.35322e-18
      4394.20  8.43703e-18
      4396.79  8.50172e-18
      4399.38  8.42752e-18
      4401.97  8.17047e-18
      4404.56  8.42344e-18
      4407.15  8.53448e-18
      4409.74  8.23933e-18
      4412.33  7.93607e-18
      4414.92  7.79382e-18
      4417.51  7.84214e-18
      4420.10  7.77528e-18
      4422.69  7.62389e-18
      4425.28  7.56692e-18
      4427.86  7.46489e-18
      4430.45  7.41635e-18
      4433.04  7.50207e-18
      4435.63  7.52932e-18
      4438.22  7.47286e-18
      4440.81  7.35869e-18
      4443.40  7.25599e-18
      4445.99  7.30133e-18
      4448.58  7.39068e-18
      4451.17  7.53432e-18
      4453.76  7.73209e-18
      4456.35  7.87060e-18
      4458.94  7.87567e-18
      4461.53  7.82071e-18
      4464.12  7.77946e-18
      4466.71  7.90204e-18
      4469.30  8.21913e-18
      4471.89  8.45867e-18
      4474.48  8.68517e-18
      4477.06  8.80927e-18
      4479.65  8.73279e-18
      4482.24  8.71074e-18
      4484.83  9.15701e-18
      4487.42  9.60731e-18
      4490.01  9.78388e-18
      4492.60  1.01089e-17
      4495.19  1.05610e-17
      4497.78  1.08937e-17
      4500.37  1.08581e-17
      4502.96  1.07804e-17
      4505.55  1.11370e-17
      4508.14  1.13075e-17
      4510.73  1.12115e-17
      4513.32  1.12336e-17
      4515.91  1.14053e-17
      4518.50  1.15422e-17
      4521.09  1.15461e-17
      4523.68  1.18433e-17
      4526.27  1.22045e-17
      4528.85  1.23929e-17
      4531.44  1.27299e-17
      4534.03  1.29948e-17
      4536.62  1.31438e-17
      4539.21  1.31953e-17
      4541.80  1.32289e-17
      4544.39  1.34385e-17
      4546.98  1.38102e-17
      4549.57  1.37769e-17
      4552.16  1.39300e-17
      4554.75  1.42278e-17
      4557.34  1.44617e-17
      4559.93  1.43919e-17
      4562.52  1.42963e-17
      4565.11  1.46287e-17
      4567.70  1.51825e-17
      4570.29  1.53853e-17
      4572.88  1.53241e-17
      4575.47  1.55346e-17
      4578.06  1.60098e-17
      4580.64  1.61703e-17
      4583.23  1.60521e-17
      4585.82  1.61582e-17
      4588.41  1.63596e-17
      4591.00  1.64234e-17
      4593.59  1.65196e-17
      4596.18  1.67763e-17
      4598.77  1.68430e-17
      4601.36  1.67692e-17
      4603.95  1.68655e-17
      4606.54  1.69334e-17
      4609.13  1.68576e-17
      4611.72  1.68334e-17
      4614.31  1.70275e-17
      4616.90  1.70057e-17
      4619.49  1.67812e-17
      4622.08  1.68186e-17
      4624.67  1.67840e-17
      4627.25  1.65609e-17
      4629.84  1.64380e-17
      4632.43  1.63435e-17
      4635.02  1.61904e-17
      4637.61  1.59175e-17
      4640.20  1.55974e-17
      4642.79  1.54570e-17
      4645.38  1.52722e-17
      4647.97  1.49730e-17
      4650.56  1.48962e-17
      4653.15  1.49628e-17
      4655.74  1.49578e-17
      4658.33  1.48057e-17
      4660.92  1.45341e-17
      4663.51  1.43132e-17
      4666.10  1.43259e-17
      4668.69  1.44351e-17
      4671.28  1.44898e-17
      4673.87  1.44747e-17
      4676.46  1.46271e-17
      4679.04  1.46340e-17
      4681.63  1.43700e-17
      4684.22  1.41965e-17
      4686.81  1.42121e-17
      4689.40  1.42698e-17
      4691.99  1.43517e-17
      4694.58  1.41803e-17
      4697.17  1.38474e-17
      4699.76  1.38594e-17
      4702.35  1.39343e-17
      4704.94  1.38249e-17
      4707.53  1.36938e-17
      4710.12  1.36440e-17
      4712.71  1.34802e-17
      4715.30  1.32981e-17
      4717.89  1.32633e-17
      4720.48  1.31832e-17
      4723.07  1.31464e-17
      4725.66  1.32866e-17
      4728.25  1.33645e-17
      4730.83  1.31776e-17
      4733.42  1.29596e-17
      4736.01  1.28471e-17
      4738.60  1.30314e-17
      4741.19  1.33270e-17
      4743.78  1.32200e-17
      4746.37  1.30975e-17
      4748.96  1.30980e-17
      4751.55  1.29473e-17
      4754.14  1.27251e-17
      4756.73  1.26894e-17
      4759.32  1.25205e-17
      4761.91  1.24764e-17
      4764.50  1.23627e-17
      4767.09  1.22634e-17
      4769.68  1.23162e-17
      4772.27  1.23227e-17
      4774.86  1.23285e-17
      4777.45  1.21361e-17
      4780.03  1.22604e-17
      4782.62  1.23346e-17
      4785.21  1.20282e-17
      4787.80  1.17686e-17
      4790.39  1.18284e-17
      4792.98  1.16910e-17
      4795.57  1.14839e-17
      4798.16  1.15706e-17
      4800.75  1.16072e-17
      4803.34  1.14231e-17
      4805.93  1.12118e-17
      4808.52  1.10896e-17
      4811.11  1.12906e-17
      4813.70  1.15225e-17
      4816.29  1.14833e-17
      4818.88  1.15162e-17
      4821.47  1.17577e-17
      4824.06  1.21055e-17
      4826.65  1.23948e-17
      4829.23  1.27361e-17
      4831.82  1.29856e-17
      4834.41  1.29660e-17
      4837.00  1.30686e-17
      4839.59  1.35262e-17
      4842.18  1.36221e-17
      4844.77  1.35021e-17
      4847.36  1.33822e-17
      4849.95  1.32623e-17
      4852.54  1.31424e-17
      4855.13  1.30226e-17
      4857.72  1.29027e-17
      4860.31  1.27829e-17
      4862.90  1.26631e-17
      4865.49  1.25433e-17
      4868.08  1.24235e-17
      4870.67  1.23037e-17
      4873.26  1.21840e-17
      4875.85  1.20643e-17
      4878.44  1.19446e-17
      4881.02  1.18249e-17
      4883.61  1.16039e-17
      4886.20  1.13248e-17
      4888.79  1.12480e-17
      4891.38  1.12526e-17
      4893.97  1.12298e-17
      4896.56  1.10920e-17
      4899.15  1.10537e-17
      4901.74  1.11580e-17
      4904.33  1.12226e-17
      4906.92  1.13387e-17
      4909.51  1.15195e-17
      4912.10  1.16730e-17
      4914.69  1.18844e-17
      4917.28  1.21518e-17
      4919.87  1.23306e-17
      4922.46  1.26931e-17
      4925.05  1.31935e-17
      4927.64  1.33089e-17
      4930.23  1.33155e-17
      4932.81  1.35830e-17
      4935.40  1.38676e-17
      4937.99  1.39428e-17
      4940.58  1.41649e-17
      4943.17  1.42010e-17
      4945.76  1.42371e-17
      4948.35  1.42732e-17
      4950.94  1.43093e-17
      4953.53  1.43454e-17
      4956.12  1.43815e-17
      4958.71  1.44175e-17
      4961.30  1.44536e-17
      4963.89  1.44897e-17
      4966.48  1.45257e-17
      4969.07  1.45618e-17
      4971.66  1.45978e-17
      4974.25  1.46339e-17
      4976.84  1.46699e-17
      4979.43  1.47060e-17
      4982.01  1.47293e-17
      4984.60  1.47160e-17
      4987.19  1.45950e-17
      4989.78  1.44124e-17
      4992.37  1.42298e-17
      4994.96  1.40471e-17
      4997.55  1.38646e-17
      5000.14  1.36821e-17
      5002.73  1.34996e-17
      5005.32  1.33171e-17
      5007.91  1.31347e-17
      5010.50  1.29522e-17
      5013.09  1.27698e-17
      5015.68  1.25875e-17
      5018.27  1.24052e-17
      5020.86  1.22228e-17
      5023.45  1.20406e-17
      5026.04  1.18583e-17
      5028.62  1.14487e-17
      5031.21  1.10486e-17
      5033.80  1.07182e-17
      5036.39  1.05211e-17
      5038.98  1.03990e-17
      5041.57  1.02829e-17
      5044.16  1.01711e-17
      5046.75  1.00341e-17
      5049.34  1.00415e-17
      5051.93  1.01207e-17
      5054.52  1.00695e-17
      5057.11  1.01343e-17
      5059.70  1.01341e-17
      5062.29  9.99845e-18
      5064.88  1.00332e-17
      5067.47  1.00543e-17
      5070.06  1.00537e-17
      5072.65  1.01833e-17
      5075.24  1.02993e-17
      5077.83  1.02947e-17
      5080.41  1.03031e-17
      5083.00  1.04203e-17
      5085.59  1.04386e-17
      5088.18  1.04489e-17
      5090.77  1.06123e-17
      5093.36  1.06031e-17
      5095.95  1.05644e-17
      5098.54  1.07079e-17
      5101.13  1.07432e-17
      5103.72  1.06443e-17
      5106.31  1.07158e-17
      5108.90  1.09961e-17
      5111.49  1.09572e-17
      5114.08  1.07167e-17
      5116.67  1.08272e-17
      5119.26  1.09297e-17
      5121.85  1.09976e-17
      5124.44  1.10847e-17
      5127.03  1.11444e-17
      5129.61  1.13602e-17
      5132.20  1.15755e-17
      5134.79  1.15764e-17
      5137.38  1.13729e-17
      5139.97  1.14908e-17
      5142.56  1.17116e-17
      5145.15  1.17344e-17
      5147.74  1.16332e-17
      5150.33  1.16384e-17
      5152.92  1.16218e-17
      5155.51  1.15207e-17
      5158.10  1.15694e-17
      5160.69  1.17414e-17
      5163.28  1.18215e-17
      5165.87  1.17773e-17
      5168.46  1.16580e-17
      5171.05  1.16576e-17
      5173.64  1.16662e-17
      5176.23  1.17266e-17
      5178.81  1.19868e-17
      5181.40  1.21087e-17
      5183.99  1.18471e-17
      5186.58  1.18704e-17
      5189.17  1.19534e-17
      5191.76  1.18614e-17
      5194.35  1.18235e-17
      5196.94  1.17164e-17
      5199.53  1.16663e-17
      5202.12  1.16580e-17
      5204.71  1.16534e-17
      5207.30  1.17750e-17
      5209.89  1.19138e-17
      5212.48  1.20234e-17
      5215.07  1.21929e-17
      5217.66  1.22234e-17
      5220.25  1.23675e-17
      5222.84  1.25103e-17
      5225.43  1.25522e-17
      5228.02  1.27597e-17
      5230.60  1.31283e-17
      5233.19  1.31555e-17
      5235.78  1.30336e-17
      5238.37  1.30888e-17
      5240.96  1.30901e-17
      5243.55  1.31804e-17
      5246.14  1.32132e-17
      5248.73  1.32159e-17
      5251.32  1.32551e-17
      5253.91  1.33919e-17
      5256.50  1.36919e-17
      5259.09  1.37292e-17
      5261.68  1.38036e-17
      5264.27  1.40400e-17
      5266.86  1.40962e-17
      5269.45  1.40981e-17
      5272.04  1.43218e-17
      5274.63  1.45496e-17
      5277.22  1.47715e-17
      5279.81  1.49057e-17
      5282.39  1.49790e-17
      5284.98  1.50963e-17
      5287.57  1.52950e-17
      5290.16  1.54838e-17
      5292.75  1.53887e-17
      5295.34  1.52373e-17
      5297.93  1.54217e-17
      5300.52  1.54764e-17
      5303.11  1.53697e-17
      5305.70  1.54274e-17
      5308.29  1.55957e-17
      5310.88  1.56563e-17
      5313.47  1.57392e-17
      5316.06  1.59621e-17
      5318.65  1.61953e-17
      5321.24  1.63228e-17
      5323.83  1.62470e-17
      5326.42  1.63217e-17
      5329.01  1.65538e-17
      5331.59  1.65710e-17
      5334.18  1.66079e-17
      5336.77  1.67299e-17
      5339.36  1.67919e-17
      5341.95  1.68360e-17
      5344.54  1.70388e-17
      5347.13  1.70682e-17
      5349.72  1.70828e-17
      5352.31  1.70216e-17
      5354.90  1.68802e-17
      5357.49  1.68876e-17
      5360.08  1.69843e-17
      5362.67  1.70450e-17
      5365.26  1.70615e-17
      5367.85  1.69777e-17
      5370.44  1.68657e-17
      5373.03  1.67326e-17
      5375.62  1.66469e-17
      5378.21  1.67445e-17
      5380.79  1.68271e-17
      5383.38  1.66717e-17
      5385.97  1.65784e-17
      5388.56  1.65877e-17
      5391.15  1.67062e-17
      5393.74  1.68015e-17
      5396.33  1.66934e-17
      5398.92  1.65547e-17
      5401.51  1.66572e-17
      5404.10  1.67556e-17
      5406.69  1.65795e-17
      5409.28  1.64898e-17
      5411.87  1.67212e-17
      5414.46  1.68643e-17
      5417.05  1.68671e-17
      5419.64  1.68823e-17
      5422.23  1.71187e-17
      5424.82  1.72506e-17
      5427.41  1.73014e-17
      5430.00  1.75610e-17
      5432.58  1.78603e-17
      5435.17  1.80329e-17
      5437.76  1.84118e-17
      5440.35  1.88608e-17
      5442.94  1.89323e-17
      5445.53  1.89923e-17
      5448.12  1.91155e-17
      5450.71  1.92906e-17
      5453.30  1.95498e-17
      5455.89  1.95794e-17
      5458.48  1.95649e-17
      5461.07  1.96811e-17
      5463.66  2.01142e-17
      5466.25  2.04432e-17
      5468.84  2.05922e-17
      5471.43  2.05589e-17
      5474.02  2.05090e-17
      5476.61  2.04724e-17
      5479.20  2.04048e-17
      5481.78  2.03957e-17
      5484.37  2.04473e-17
      5486.96  2.06415e-17
      5489.55  2.07285e-17
      5492.14  2.05623e-17
      5494.73  2.05625e-17
      5497.32  2.04980e-17
      5499.91  2.04270e-17
      5502.50  2.04778e-17
      5505.09  2.04424e-17
      5507.68  2.04094e-17
      5510.27  2.03662e-17
      5512.86  2.02687e-17
      5515.45  2.01414e-17
      5518.04  2.01096e-17
      5520.63  2.00596e-17
      5523.22  2.00003e-17
      5525.81  1.99507e-17
      5528.40  1.96522e-17
      5530.98  1.94906e-17
      5533.57  1.95835e-17
      5536.16  1.96671e-17
      5538.75  1.96385e-17
      5541.34  1.96451e-17
      5543.93  1.97804e-17
      5546.52  1.97284e-17
      5549.11  1.95744e-17
      5551.70  1.93806e-17
      5554.29  1.94466e-17
      5556.88  1.95839e-17
      5559.47  1.96303e-17
      5562.06  1.97785e-17
      5564.65  1.97314e-17
      5567.24  1.97381e-17
      5569.83  1.98907e-17
      5572.42  1.99379e-17
      5575.01  1.99448e-17
      5577.60  1.99697e-17
      5580.19  2.00242e-17
      5582.77  2.00956e-17
      5585.36  2.02287e-17
      5587.95  2.03182e-17
      5590.54  2.03351e-17
      5593.13  2.02855e-17
      5595.72  2.00798e-17
      5598.31  1.99572e-17
      5600.90  2.01637e-17
      5603.49  2.01826e-17
      5606.08  2.01213e-17
      5608.67  2.00728e-17
      5611.26  1.96546e-17
      5613.85  1.87657e-17
      5616.44  1.89076e-17
      5619.03  1.97913e-17
      5621.62  1.98290e-17
      5624.21  1.97907e-17
      5626.80  1.95352e-17
      5629.39  1.94433e-17
      5631.98  1.95019e-17
      5634.56  1.94644e-17
      5637.15  1.93694e-17
      5639.74  1.92356e-17
      5642.33  1.90033e-17
      5644.92  1.89642e-17
      5647.51  1.88730e-17
      5650.10  1.87835e-17
      5652.69  1.86906e-17
      5655.28  1.85295e-17
      5657.87  1.86190e-17
      5660.46  1.85233e-17
      5663.05  1.82214e-17
      5665.64  1.80951e-17
      5668.23  1.81312e-17
      5670.82  1.80536e-17
      5673.41  1.78829e-17
      5676.00  1.76224e-17
      5678.59  1.74923e-17
      5681.18  1.73437e-17
      5683.76  1.71438e-17
      5686.35  1.70505e-17
      5688.94  1.68034e-17
      5691.53  1.65547e-17
      5694.12  1.63971e-17
      5696.71  1.63454e-17
      5699.30  1.63275e-17
      5701.89  1.61020e-17
      5704.48  1.60299e-17
      5707.07  1.62377e-17
      5709.66  1.61518e-17
      5712.25  1.59420e-17
      5714.84  1.59277e-17
      5717.43  1.58410e-17
      5720.02  1.57533e-17
      5722.61  1.57989e-17
      5725.20  1.57191e-17
      5727.79  1.55135e-17
      5730.38  1.53290e-17
      5732.96  1.51880e-17
      5735.55  1.51735e-17
      5738.14  1.52402e-17
      5740.73  1.51805e-17
      5743.32  1.50220e-17
      5745.91  1.51355e-17
      5748.50  1.52699e-17
      5751.09  1.51463e-17
      5753.68  1.50937e-17
      5756.27  1.50771e-17
      5758.86  1.49913e-17
      5761.45  1.49781e-17
      5764.04  1.50002e-17
      5766.63  1.50051e-17
      5769.22  1.51032e-17
      5771.81  1.51990e-17
      5774.40  1.51250e-17
      5776.99  1.51272e-17
      5779.58  1.51790e-17
      5782.17  1.52355e-17
      5784.75  1.53035e-17
      5787.34  1.54644e-17
      5789.93  1.55232e-17
      5792.52  1.55439e-17
      5795.11  1.55869e-17
      5797.70  1.56270e-17
      5800.29  1.57012e-17
      5802.88  1.57022e-17
      5805.47  1.58577e-17
      5808.06  1.58318e-17
      5810.65  1.58856e-17
      5813.24  1.58201e-17
      5815.83  1.58109e-17
      5818.42  1.58142e-17
      5821.01  1.58233e-17
      5823.60  1.59579e-17
      5826.19  1.60304e-17
      5828.78  1.60848e-17
      5831.36  1.63202e-17
      5833.95  1.64891e-17
      5836.54  1.63909e-17
      5839.13  1.62592e-17
      5841.72  1.62554e-17
      5844.31  1.63127e-17
      5846.90  1.63193e-17
      5849.49  1.62693e-17
      5852.08  1.62653e-17
      5854.67  1.62182e-17
      5857.26  1.61489e-17
      5859.85  1.61353e-17
      5862.44  1.61277e-17
      5865.03  1.60148e-17
      5867.62  1.59320e-17
      5870.21  1.59821e-17
      5872.80  1.59917e-17
      5875.39  1.59791e-17
      5877.98  1.59157e-17
      5880.56  1.58629e-17
      5883.15  1.59484e-17
      5885.74  1.59140e-17
      5888.33  1.57456e-17
      5890.92  1.57455e-17
      5893.51  1.58333e-17
      5896.10  1.59489e-17
      5898.69  1.60229e-17
      5901.28  1.60277e-17
      5903.87  1.60803e-17
      5906.46  1.62005e-17
      5909.05  1.62099e-17
      5911.64  1.62528e-17
      5914.23  1.63524e-17
      5916.82  1.62630e-17
      5919.41  1.61906e-17
      5922.00  1.62893e-17
      5924.59  1.63721e-17
      5927.18  1.63607e-17
      5929.77  1.63129e-17
      5932.35  1.62935e-17
      5934.94  1.62000e-17
      5937.53  1.61253e-17
      5940.12  1.61254e-17
      5942.71  1.60822e-17
      5945.30  1.59179e-17
      5947.89  1.57519e-17
      5950.48  1.57207e-17
      5953.07  1.56719e-17
      5955.66  1.55633e-17
      5958.25  1.54399e-17
      5960.84  1.53181e-17
      5963.43  1.51421e-17
      5966.02  1.48615e-17
      5968.61  1.47266e-17
      5971.20  1.47758e-17
      5973.79  1.47397e-17
      5976.38  1.46287e-17
      5978.97  1.45546e-17
      5981.56  1.45007e-17
      5984.14  1.45472e-17
      5986.73  1.44447e-17
      5989.32  1.42471e-17
      5991.91  1.40482e-17
      5994.50  1.38375e-17
      5997.09  1.36719e-17
      5999.68  1.34961e-17
      6002.27  1.32788e-17
      6004.86  1.31467e-17
      6007.45  1.31224e-17
      6010.04  1.30090e-17
      6012.63  1.29233e-17
      6015.22  1.28750e-17
      6017.81  1.27666e-17
      6020.40  1.27240e-17
      6022.99  1.27753e-17
      6025.58  1.27520e-17
      6028.17  1.26596e-17
      6030.76  1.26532e-17
      6033.34  1.26060e-17
      6035.93  1.26262e-17
      6038.52  1.27139e-17
      6041.11  1.27579e-17
      6043.70  1.28141e-17
      6046.29  1.29145e-17
      6048.88  1.30361e-17
      6051.47  1.31367e-17
      6054.06  1.31667e-17
      6056.65  1.31516e-17
      6059.24  1.32079e-17
      6061.83  1.32621e-17
      6064.42  1.32046e-17
      6067.01  1.31585e-17
      6069.60  1.32883e-17
      6072.19  1.33164e-17
      6074.78  1.32147e-17
      6077.37  1.30833e-17
      6079.96  1.32153e-17
      6082.54  1.33618e-17
      6085.13  1.32586e-17
      6087.72  1.30557e-17
      6090.31  1.30724e-17
      6092.90  1.30704e-17
      6095.49  1.29891e-17
      6098.08  1.28753e-17
      6100.67  1.26869e-17
      6103.26  1.25667e-17
      6105.85  1.26170e-17
      6108.44  1.26239e-17
      6111.03  1.26272e-17
      6113.62  1.26595e-17
      6116.21  1.27489e-17
      6118.80  1.28417e-17
      6121.39  1.28922e-17
      6123.98  1.29156e-17
      6126.57  1.30550e-17
      6129.16  1.32830e-17
      6131.75  1.33863e-17
      6134.33  1.34478e-17
      6136.92  1.35678e-17
      6139.51  1.35419e-17
      6142.10  1.35136e-17
      6144.69  1.35813e-17
      6147.28  1.38456e-17
      6149.87  1.41029e-17
      6152.46  1.43213e-17
      6155.05  1.43652e-17
      6157.64  1.43465e-17
      6160.23  1.44923e-17
      6162.82  1.45128e-17
      6165.41  1.45092e-17
      6168.00  1.46149e-17
      6170.59  1.47184e-17
      6173.18  1.47136e-17
      6175.77  1.46705e-17
      6178.36  1.46816e-17
      6180.95  1.47465e-17
      6183.54  1.48281e-17
      6186.12  1.48096e-17
      6188.71  1.46736e-17
      6191.30  1.44466e-17
      6193.89  1.42821e-17
      6196.48  1.41616e-17
      6199.07  1.40415e-17
      6201.66  1.40084e-17
      6204.25  1.40130e-17
      6206.84  1.39085e-17
      6209.43  1.36801e-17
      6212.02  1.35715e-17
      6214.61  1.35993e-17
      6217.20  1.35558e-17
      6219.79  1.35626e-17
      6222.38  1.34607e-17
      6224.97  1.34156e-17
      6227.56  1.34191e-17
      6230.15  1.32991e-17
      6232.73  1.32500e-17
      6235.32  1.32943e-17
      6237.91  1.33343e-17
      6240.50  1.32708e-17
      6243.09  1.31756e-17
      6245.68  1.31389e-17
      6248.27  1.30588e-17
      6250.86  1.30677e-17
      6253.45  1.31038e-17
      6256.04  1.30825e-17
      6258.63  1.30727e-17
      6261.22  1.30130e-17
      6263.81  1.29510e-17
      6266.40  1.28611e-17
      6268.99  1.27021e-17
      6271.58  1.27318e-17
      6274.17  1.28464e-17
      6276.76  1.27453e-17
      6279.35  1.25079e-17
      6281.94  1.23736e-17
      6284.52  1.22141e-17
      6287.11  1.21405e-17
      6289.70  1.21401e-17
      6292.29  1.21120e-17
      6294.88  1.20920e-17
      6297.47  1.19322e-17
      6300.06  1.18744e-17
      6302.65  1.18554e-17
      6305.24  1.17212e-17
      6307.83  1.15661e-17
      6310.42  1.14888e-17
      6313.01  1.14777e-17
      6315.60  1.15305e-17
      6318.19  1.15453e-17
      6320.78  1.15150e-17
      6323.37  1.15067e-17
      6325.96  1.15331e-17
      6328.55  1.15680e-17
      6331.14  1.16637e-17
      6333.72  1.16508e-17
      6336.31  1.16730e-17
      6338.90  1.16554e-17
      6341.49  1.16630e-17
      6344.08  1.18438e-17
      6346.67  1.20011e-17
      6349.26  1.20292e-17
      6351.85  1.20339e-17
      6354.44  1.20582e-17
      6357.03  1.20824e-17
      6359.62  1.20661e-17
      6362.21  1.20264e-17
      6364.80  1.20299e-17
      6367.39  1.21819e-17
      6369.98  1.22989e-17
      6372.57  1.22141e-17
      6375.16  1.22574e-17
      6377.75  1.23257e-17
      6380.34  1.23698e-17
      6382.93  1.24427e-17
      6385.51  1.25004e-17
      6388.10  1.25933e-17
      6390.69  1.26832e-17
      6393.28  1.27331e-17
      6395.87  1.28041e-17
      6398.46  1.28741e-17
      6401.05  1.28518e-17
      6403.64  1.29053e-17
      6406.23  1.30343e-17
      6408.82  1.31251e-17
      6411.41  1.32419e-17
      6414.00  1.34505e-17
      6416.59  1.35302e-17
      6419.18  1.34453e-17
      6421.77  1.35399e-17
      6424.36  1.36245e-17
      6426.95  1.37154e-17
      6429.54  1.38028e-17
      6432.13  1.38163e-17
      6434.71  1.38219e-17
      6437.30  1.38980e-17
      6439.89  1.40174e-17
      6442.48  1.41059e-17
      6445.07  1.40282e-17
      6447.66  1.40377e-17
      6450.25  1.41112e-17
      6452.84  1.41488e-17
      6455.43  1.40227e-17
      6458.02  1.39449e-17
      6460.61  1.39994e-17
      6463.20  1.40398e-17
      6465.79  1.40361e-17
      6468.38  1.40422e-17
      6470.97  1.41393e-17
      6473.56  1.42287e-17
      6476.15  1.42253e-17
      6478.74  1.41827e-17
      6481.33  1.43389e-17
      6483.92  1.45807e-17
      6486.50  1.46161e-17
      6489.09  1.46354e-17
      6491.68  1.47592e-17
      6494.27  1.48928e-17
      6496.86  1.49080e-17
      6499.45  1.49653e-17
      6502.04  1.51003e-17
      6504.63  1.50969e-17
      6507.22  1.50239e-17
      6509.81  1.51041e-17
      6512.40  1.51073e-17
      6514.99  1.50711e-17
      6517.58  1.51580e-17
      6520.17  1.51834e-17
      6522.76  1.51193e-17
      6525.35  1.50678e-17
      6527.94  1.50801e-17
      6530.53  1.50897e-17
      6533.12  1.50865e-17
      6535.70  1.50832e-17
      6538.29  1.50800e-17
      6540.88  1.50768e-17
      6543.47  1.50735e-17
      6546.06  1.50703e-17
      6548.65  1.50670e-17
      6551.24  1.50638e-17
      6553.83  1.50606e-17
      6556.42  1.50573e-17
      6559.01  1.50541e-17
      6561.60  1.50508e-17
      6564.19  1.50476e-17
      6566.78  1.50444e-17
      6569.37  1.50411e-17
      6571.96  1.50379e-17
      6574.55  1.50346e-17
      6577.14  1.50314e-17
      6579.73  1.50282e-17
      6582.32  1.50249e-17
      6584.91  1.50217e-17
      6587.49  1.50185e-17
      6590.08  1.50152e-17
      6592.67  1.50120e-17
      6595.26  1.50088e-17
      6597.85  1.49979e-17
      6600.44  1.49447e-17
      6603.03  1.50166e-17
      6605.62  1.50328e-17
      6608.21  1.49195e-17
      6610.80  1.49817e-17
      6613.39  1.50749e-17
      6615.98  1.49021e-17
      6618.57  1.48314e-17
      6621.16  1.48435e-17
      6623.75  1.48833e-17
      6626.34  1.48598e-17
      6628.93  1.47578e-17
      6631.52  1.47349e-17
      6634.10  1.46073e-17
      6636.69  1.44822e-17
      6639.28  1.44578e-17
      6641.87  1.44019e-17
      6644.46  1.42877e-17
      6647.05  1.41564e-17
      6649.64  1.39462e-17
      6652.23  1.38200e-17
      6654.82  1.37715e-17
      6657.41  1.36417e-17
      6660.00  1.35008e-17
      6662.59  1.34524e-17
      6665.18  1.33685e-17
      6667.77  1.32392e-17
      6670.36  1.32328e-17
      6672.95  1.32558e-17
      6675.54  1.31590e-17
      6678.13  1.30400e-17
      6680.72  1.29992e-17
      6683.31  1.29974e-17
      6685.89  1.29926e-17
      6688.48  1.29685e-17
      6691.07  1.29624e-17
      6693.66  1.29609e-17
      6696.25  1.29173e-17
      6698.84  1.30185e-17
      6701.43  1.31924e-17
      6704.02  1.31193e-17
      6706.61  1.30850e-17
      6709.20  1.31426e-17
      6711.79  1.31600e-17
      6714.38  1.33478e-17
      6716.97  1.38085e-17
      6719.56  1.39861e-17
      6722.15  1.34785e-17
      6724.74  1.27800e-17
      6727.33  1.23826e-17
      6729.92  1.24564e-17
      6732.51  1.28088e-17
      6735.09  1.31286e-17
      6737.68  1.32916e-17
      6740.27  1.31038e-17
      6742.86  1.29519e-17
      6745.45  1.29214e-17
      6748.04  1.27992e-17
      6750.63  1.26719e-17
      6753.22  1.27279e-17
      6755.81  1.27246e-17
      6758.40  1.26899e-17
      6760.99  1.27622e-17
      6763.58  1.27289e-17
      6766.17  1.27154e-17
      6768.76  1.27839e-17
      6771.35  1.27376e-17
      6773.94  1.26624e-17
      6776.53  1.25638e-17
      6779.12  1.25417e-17
      6781.71  1.25438e-17
      6784.29  1.25778e-17
      6786.88  1.25469e-17
      6789.47  1.25604e-17
      6792.06  1.25162e-17
      6794.65  1.24266e-17
      6797.24  1.24029e-17
      6799.83  1.24042e-17
      6802.42  1.22810e-17
      6805.01  1.21530e-17
      6807.60  1.21661e-17
      6810.19  1.21887e-17
      6812.78  1.21642e-17
      6815.37  1.21713e-17
      6817.96  1.21353e-17
      6820.55  1.20083e-17
      6823.14  1.18795e-17
      6825.73  1.17941e-17
      6828.32  1.17327e-17
      6830.91  1.16817e-17
      6833.50  1.15672e-17
      6836.08  1.13898e-17
      6838.67  1.12523e-17
      6841.26  1.12394e-17
      6843.85  1.12393e-17
      6846.44  1.11370e-17
      6849.03  1.10418e-17
      6851.62  1.10053e-17
      6854.21  1.09555e-17
      6856.80  1.09277e-17
      6859.39  1.08666e-17
      6861.98  1.08320e-17
      6864.57  1.09107e-17
      6867.16  1.09282e-17
      6869.75  1.09127e-17
      6872.34  1.08997e-17
      6874.93  1.09799e-17
      6877.52  1.10339e-17
      6880.11  1.10762e-17
      6882.70  1.11341e-17
      6885.29  1.11226e-17
      6887.87  1.11640e-17
      6890.46  1.11869e-17
      6893.05  1.11535e-17
      6895.64  1.11301e-17
      6898.23  1.11506e-17
      6900.82  1.12642e-17
      6903.41  1.13211e-17
      6906.00  1.14292e-17
      6908.59  1.14565e-17
      6911.18  1.14040e-17
      6913.77  1.13695e-17
      6916.36  1.14483e-17
      6918.95  1.15278e-17
      6921.54  1.14788e-17
      6924.13  1.14364e-17
      6926.72  1.14981e-17
      6929.31  1.14014e-17
      6931.90  1.12867e-17
      6934.49  1.14046e-17
      6937.07  1.15009e-17
      6939.66  1.15194e-17
      6942.25  1.14863e-17
      6944.84  1.13970e-17
      6947.43  1.13409e-17
      6950.02  1.14571e-17
      6952.61  1.15639e-17
      6955.20  1.14940e-17
      6957.79  1.14501e-17
      6960.38  1.14949e-17
      6962.97  1.15309e-17
      6965.56  1.15440e-17
      6968.15  1.16398e-17
      6970.74  1.17879e-17
      6973.33  1.17271e-17
      6975.92  1.17094e-17
      6978.51  1.18118e-17
      6981.10  1.19258e-17
      6983.69  1.19644e-17
      6986.27  1.20071e-17
      6988.86  1.20118e-17
      6991.45  1.18784e-17
      6994.04  1.18728e-17
      6996.63  1.18858e-17
      6999.22  1.18541e-17
      7001.81  1.19517e-17
      7004.40  1.19737e-17
      7006.99  1.18637e-17
      7009.58  1.18816e-17
      7012.17  1.18338e-17
      7014.76  1.17694e-17
      7017.35  1.16751e-17
      7019.94  1.15883e-17
      7022.53  1.16683e-17
      7025.12  1.16872e-17
      7027.71  1.14838e-17
      7030.30  1.12761e-17
      7032.89  1.12249e-17
      7035.47  1.12433e-17
      7038.06  1.12128e-17
      7040.65  1.12241e-17
      7043.24  1.11369e-17
      7045.83  1.09789e-17
      7048.42  1.10093e-17
      7051.01  1.09263e-17
      7053.60  1.08156e-17
      7056.19  1.09522e-17
      7058.78  1.09701e-17
      7061.37  1.08646e-17
      7063.96  1.08304e-17
      7066.55  1.07601e-17
      7069.14  1.07260e-17
      7071.73  1.07823e-17
      7074.32  1.07857e-17
      7076.91  1.06398e-17
      7079.50  1.04855e-17
      7082.09  1.04699e-17
      7084.67  1.06214e-17
      7087.26  1.06225e-17
      7089.85  1.04288e-17
      7092.44  1.04383e-17
      7095.03  1.06962e-17
      7097.62  1.07315e-17
      7100.21  1.05967e-17
      7102.80  1.05746e-17
      7105.39  1.06765e-17
      7107.98  1.07686e-17
      7110.57  1.07040e-17
      7113.16  1.06363e-17
      7115.75  1.05969e-17
      7118.34  1.05281e-17
      7120.93  1.05792e-17
      7123.52  1.06723e-17
      7126.11  1.06387e-17
      7128.70  1.05928e-17
      7131.29  1.06727e-17
      7133.88  1.06062e-17
      7136.46  1.04054e-17
      7139.05  1.04675e-17
      7141.64  1.05723e-17
      7144.23  1.04720e-17
      7146.82  1.03591e-17
      7149.41  1.02441e-17
      7152.00  1.02920e-17
      7154.59  1.03554e-17
      7157.18  1.03156e-17
      7159.77  1.02263e-17
      7162.36  1.02949e-17
      7164.95  1.03688e-17
      7167.54  1.04458e-17
      7170.13  1.05133e-17
      7172.72  1.05110e-17
      7175.31  1.04634e-17
      7177.90  1.05142e-17
      7180.49  1.06514e-17
      7183.08  1.07214e-17
      7185.67  1.06903e-17
      7188.25  1.06152e-17
      7190.84  1.07721e-17
      7193.43  1.10226e-17
      7196.02  1.10551e-17
      7198.61  1.11509e-17
      7201.20  1.11811e-17
      7203.79  1.10585e-17
      7206.38  1.12195e-17
      7208.97  1.14280e-17
      7211.56  1.14996e-17
      7214.15  1.16396e-17
      7216.74  1.17038e-17
      7219.33  1.16795e-17
      7221.92  1.18515e-17
      7224.51  1.20559e-17
      7227.10  1.21017e-17
      7229.69  1.20516e-17
      7232.28  1.20478e-17
      7234.87  1.19939e-17
      7237.45  1.19986e-17
      7240.04  1.21115e-17
      7242.63  1.22873e-17
      7245.22  1.23781e-17
      7247.81  1.23107e-17
      7250.40  1.22140e-17
      7252.99  1.21902e-17
      7255.58  1.22447e-17
      7258.17  1.23053e-17
      7260.76  1.23318e-17
      7263.35  1.21872e-17
      7265.94  1.19680e-17
      7268.53  1.19335e-17
      7271.12  1.19649e-17
      7273.71  1.19646e-17
      7276.30  1.19585e-17
      7278.89  1.18212e-17
      7281.48  1.17335e-17
      7284.07  1.18079e-17
      7286.65  1.18616e-17
      7289.24  1.18113e-17
      7291.83  1.16469e-17
      7294.42  1.15385e-17
      7297.01  1.15419e-17
      7299.60  1.15438e-17
      7302.19  1.15498e-17
      7304.78  1.15526e-17
      7307.37  1.15247e-17
      7309.96  1.14395e-17
      7312.55  1.12951e-17
      7315.14  1.13290e-17
      7317.73  1.14582e-17
      7320.32  1.14372e-17
      7322.91  1.13723e-17
      7325.50  1.14230e-17
      7328.09  1.14750e-17
      7330.68  1.15677e-17
      7333.27  1.16440e-17
      7335.86  1.16333e-17
      7338.44  1.15298e-17
      7341.03  1.14450e-17
      7343.62  1.15194e-17
      7346.21  1.16563e-17
      7348.80  1.17094e-17
      7351.39  1.17414e-17
      7353.98  1.17695e-17
      7356.57  1.16223e-17
      7359.16  1.14994e-17
      7361.75  1.15944e-17
      7364.34  1.17731e-17
      7366.93  1.17790e-17
      7369.52  1.16106e-17
      7372.11  1.16621e-17
      7374.70  1.16611e-17
      7377.29  1.15905e-17
      7379.88  1.17447e-17
      7382.47  1.18330e-17
      7385.06  1.16576e-17
      7387.65  1.15270e-17
      7390.23  1.16163e-17
      7392.82  1.16473e-17
      7395.41  1.16549e-17
      7398.00  1.17532e-17
      7400.59  1.17824e-17
      7403.18  1.17593e-17
      7405.77  1.17718e-17
      7408.36  1.17430e-17
      7410.95  1.17156e-17
      7413.54  1.17978e-17
      7416.13  1.18474e-17
      7418.72  1.19259e-17
      7421.31  1.19893e-17
      7423.90  1.19751e-17
      7426.49  1.23703e-17
      7429.08  1.30006e-17
      7431.67  1.28146e-17
      7434.26  1.17356e-17
      7436.84  1.06646e-17
      7439.43  9.67754e-18
      7442.02  8.65796e-18
      7444.61  7.91685e-18
      7447.20  7.87905e-18
      7449.79  8.36949e-18
      7452.38  9.18997e-18
      7454.97  1.02443e-17
      7457.56  1.10807e-17
      7460.15  1.10755e-17
      7462.74  1.03741e-17
      7465.33  9.74726e-18
      7467.92  9.41632e-18
      7470.51  9.09640e-18
      7473.10  9.07346e-18
      7475.69  9.20671e-18
      7478.28  9.20490e-18
      7480.87  9.15326e-18
      7483.46  9.17259e-18
      7486.04  9.25861e-18
      7488.63  9.12683e-18
      7491.22  8.89407e-18
      7493.81  8.84163e-18
      7496.40  8.85044e-18
      7498.99  8.81224e-18
      7501.58  8.72145e-18
      7504.17  8.57853e-18
      7506.76  8.42995e-18
      7509.35  8.23034e-18
      7511.94  7.89073e-18
      7514.53  7.62586e-18
      7517.12  7.43850e-18
      7519.71  7.30424e-18
      7522.30  7.10474e-18
      7524.89  6.88675e-18
      7527.48  6.74098e-18
      7530.07  6.60711e-18
      7532.66  6.49343e-18
      7535.25  6.41454e-18
      7537.83  6.29232e-18
      7540.42  6.09258e-18
      7543.01  5.90783e-18
      7545.60  5.71773e-18
      7548.19  5.63009e-18
      7550.78  5.61381e-18
      7553.37  5.56384e-18
      7555.96  5.51272e-18
      7558.55  5.43898e-18
      7561.14  5.22004e-18
      7563.73  5.07820e-18
      7566.32  5.07410e-18
      7568.91  5.19591e-18
      7571.50  5.25592e-18
      7574.09  5.24065e-18
      7576.68  5.19355e-18
      7579.27  5.14027e-18
      7581.86  5.08400e-18
      7584.45  5.12351e-18
      7587.04  5.30507e-18
      7589.62  5.43196e-18
      7592.21  5.58205e-18
      7594.80  5.68946e-18
      7597.39  5.74314e-18
      7599.98  5.80646e-18
      7602.57  5.89404e-18
      7605.16  6.05142e-18
      7607.75  6.25426e-18
      7610.34  6.45546e-18
      7612.93  6.66200e-18
      7615.52  6.72408e-18
      7618.11  6.81147e-18
      7620.70  7.11584e-18
      7623.29  7.44523e-18
      7625.88  7.69583e-18
      7628.47  7.84149e-18
      7631.06  7.99661e-18
      7633.65  8.10979e-18
      7636.24  8.20382e-18
      7638.82  8.38754e-18
      7641.41  8.63169e-18
      7644.00  8.87075e-18
      7646.59  9.07327e-18
      7649.18  9.23625e-18
      7651.77  9.34855e-18
      7654.36  9.40353e-18
      7656.95  9.58524e-18
      7659.54  9.82700e-18
      7662.13  9.95216e-18
      7664.72  1.01232e-17
      7667.31  1.04257e-17
      7669.90  1.05104e-17
      7672.49  1.06257e-17
      7675.08  1.07238e-17
      7677.67  1.07548e-17
      7680.26  1.07703e-17
      7682.85  1.07262e-17
      7685.44  1.08707e-17
      7688.02  1.12163e-17
      7690.61  1.14663e-17
      7693.20  1.16307e-17
      7695.79  1.15235e-17
      7698.38  1.12752e-17
      7700.97  1.12332e-17
      7703.56  1.14130e-17
      7706.15  1.17147e-17
      7708.74  1.19795e-17
      7711.33  1.20121e-17
      7713.92  1.18145e-17
      7716.51  1.15682e-17
      7719.10  1.14529e-17
      7721.69  1.14680e-17
      7724.28  1.15463e-17
      7726.87  1.18261e-17
      7729.46  1.21651e-17
      7732.05  1.21598e-17
      7734.64  1.20274e-17
      7737.23  1.18420e-17
      7739.81  1.16868e-17
      7742.40  1.18184e-17
      7744.99  1.21348e-17
      7747.58  1.24253e-17
      7750.17  1.25695e-17
      7752.76  1.24702e-17
      7755.35  1.21834e-17
      7757.94  1.19229e-17
      7760.53  1.20715e-17
      7763.12  1.24103e-17
      7765.71  1.27865e-17
      7768.30  1.29885e-17
      7770.89  1.29661e-17
      7773.48  1.26080e-17
      7776.07  1.23884e-17
      7778.66  1.23916e-17
      7781.25  1.24945e-17
      7783.84  1.27909e-17
      7786.43  1.30988e-17
      7789.02  1.30561e-17
      7791.60  1.28296e-17
      7794.19  1.25840e-17
      7796.78  1.26469e-17
      7799.37  1.30302e-17
      7801.96  1.33614e-17
      7804.55  1.33316e-17
      7807.14  1.30418e-17
      7809.73  1.27981e-17
      7812.32  1.26757e-17
      7814.91  1.27611e-17
      7817.50  1.30533e-17
      7820.09  1.33327e-17
      7822.68  1.34148e-17
      7825.27  1.32000e-17
      7827.86  1.29083e-17
      7830.45  1.27516e-17
      7833.04  1.27975e-17
      7835.63  1.29472e-17
      7838.21  1.31377e-17
      7840.80  1.32592e-17
      7843.39  1.32105e-17
      7845.98  1.29445e-17
      7848.57  1.24454e-17
      7851.16  1.22742e-17
      7853.75  1.27809e-17
      7856.34  1.33628e-17
      7858.93  1.34442e-17
      7861.52  1.29703e-17
      7864.11  1.23659e-17
      7866.70  1.20967e-17
      7869.29  1.21334e-17
      7871.88  1.24536e-17
      7874.47  1.28508e-17
      7877.06  1.30470e-17
      7879.65  1.29002e-17
      7882.24  1.25202e-17
      7884.83  1.20707e-17
      7887.42  1.20208e-17
      7890.00  1.23555e-17
      7892.59  1.26057e-17
      7895.18  1.26023e-17
      7897.77  1.22372e-17
      7900.36  1.18139e-17
      7902.95  1.17045e-17
      7905.54  1.18124e-17
      7908.13  1.19972e-17
      7910.72  1.25228e-17
      7913.31  1.26500e-17
      7915.90  1.23047e-17
      7918.49  1.17946e-17
      7921.08  1.13042e-17
      7923.67  1.13271e-17
      7926.26  1.18564e-17
      7928.85  1.23857e-17
      7931.44  1.25724e-17
      7934.03  1.23159e-17
      7936.62  1.17360e-17
      7939.20  1.13073e-17
      7941.79  1.10061e-17
      7944.38  1.12149e-17
      7946.97  1.17446e-17
      7949.56  1.21595e-17
      7952.15  1.20265e-17
      7954.74  1.13693e-17
      7957.33  1.07821e-17
      7959.92  1.06240e-17
      7962.51  1.08165e-17
      7965.10  1.12835e-17
      7967.69  1.17398e-17
      7970.28  1.14806e-17
      7972.87  1.07100e-17
      7975.46  1.01070e-17
      7978.05  9.82648e-18
      7980.64  9.90707e-18
      7983.23  1.03145e-17
      7985.82  1.09046e-17
      7988.40  1.11525e-17
      7990.99  1.09074e-17
      7993.58  1.04298e-17
      7996.17  9.88500e-18
      7998.76  9.43099e-18
      8001.35  9.33419e-18
      8003.94  9.69137e-18
      8006.53  1.03428e-17
      8009.12  1.08041e-17
      8011.71  1.05404e-17
      8014.30  9.91222e-18
      8016.89  9.41801e-18
      8019.48  9.35880e-18
      8022.07  9.87725e-18
      8024.66  1.03475e-17
      8027.25  1.06472e-17
      8029.84  1.06134e-17
      8032.43  1.00796e-17
      8035.02  9.41158e-18
      8037.61  9.26752e-18
      8040.19  9.57587e-18
      8042.78  9.99795e-18
      8045.37  1.02495e-17
      8047.96  1.01884e-17
      8050.55  9.68391e-18
      8053.14  8.75495e-18
      8055.73  7.97406e-18
      8058.32  7.95890e-18
      8060.91  8.49012e-18
      8063.50  9.18542e-18
      8066.09  9.60292e-18
      8068.68  9.33648e-18
      8071.27  8.53953e-18
      8073.86  8.09125e-18
      8076.45  8.21418e-18
      8079.04  8.52786e-18
      8081.63  8.91775e-18
      8084.22  9.33734e-18
      8086.81  9.58120e-18
      8089.40  9.38977e-18
      8091.98  8.79665e-18
      8094.57  8.08566e-18
      8097.16  7.59058e-18
      8099.75  7.50840e-18
      8102.34  8.18791e-18
      8104.93  8.92965e-18
      8107.52  9.03206e-18
      8110.11  8.41870e-18
      8112.70  7.56306e-18
      8115.29  7.24565e-18
      8117.88  7.46603e-18
      8120.47  8.06895e-18
      8123.06  8.58415e-18
      8125.65  8.53563e-18
      8128.24  7.85174e-18
      8130.83  6.97157e-18
      8133.42  6.48393e-18
      8136.01  6.69129e-18
      8138.60  7.10180e-18
      8141.18  7.56446e-18
      8143.77  7.82580e-18
      8146.36  7.79773e-18
      8148.95  7.42421e-18
      8151.54  6.78282e-18
      8154.13  6.15906e-18
      8156.72  5.86432e-18
      8159.31  6.03097e-18
      8161.90  6.46687e-18
      8164.49  7.09586e-18
      8167.08  7.60969e-18
      8169.67  7.41197e-18
      8172.26  6.56022e-18
      8174.85  5.78617e-18
      8177.44  5.43563e-18
      8180.03  5.33881e-18
      8182.62  5.36342e-18
      8185.21  5.62037e-18
      8187.80  5.99783e-18
      8190.38  6.18990e-18
      8192.97  5.85645e-18
      8195.56  5.17918e-18
      8198.15  4.50047e-18
      8200.74  4.26272e-18
      8203.33  4.29740e-18
      8205.92  4.56700e-18
      8208.51  4.76163e-18
      8211.10  4.61518e-18
      8213.69  4.37054e-18
      8216.28  3.87833e-18
      8218.87  3.21833e-18
      8221.46  2.91033e-18
      8224.05  2.91152e-18
      8226.64  3.01250e-18
      8229.23  3.25190e-18
      8231.82  3.43597e-18
      8234.41  3.36299e-18
      8237.00  3.02817e-18
      8239.58  2.72513e-18
      8242.17  2.67212e-18
      8244.76  2.55803e-18
      8247.35  2.40638e-18
      8249.94  2.32252e-18
      8252.53  2.67025e-18
      8255.12  3.05627e-18
      8257.71  3.23406e-18
      8260.30  3.13803e-18
      8262.89  2.61690e-18
      8265.48  2.28457e-18
      8268.07  2.35312e-18
      8270.66  2.56803e-18
      8273.25  2.86517e-18
      8275.84  2.97844e-18
      8278.43  2.90454e-18
      8281.02  2.85059e-18
      8283.61  2.60713e-18
      8286.20  2.32103e-18
      8288.79  2.39148e-18
      8291.38  2.63064e-18
      8293.96  2.86239e-18
      8296.55  3.10105e-18
      8299.14  3.24599e-18
      8301.73  3.13316e-18
      8304.32  2.76395e-18
      8306.91  2.46111e-18
      8309.50  2.41406e-18
      8312.09  2.50617e-18
      8314.68  2.72769e-18
      8317.27  3.07830e-18
      8319.86  3.32279e-18
      8322.45  3.48919e-18
      8325.04  3.45403e-18
      8327.63  3.24246e-18
      8330.22  2.98713e-18
      8332.81  2.79598e-18
      8335.40  2.84160e-18
      8337.99  3.10493e-18
      8340.58  3.72484e-18
      8343.16  4.24238e-18
      8345.75  4.28078e-18
      8348.34  3.86836e-18
      8350.93  3.54610e-18
      8353.52  3.34049e-18
      8356.11  3.28657e-18
      8358.70  3.52080e-18
      8361.29  4.00289e-18
      8363.88  4.61866e-18
      8366.47  4.80207e-18
      8369.06  4.24274e-18
      8371.65  3.67556e-18
      8374.24  3.57079e-18
      8376.83  3.74504e-18
      8379.42  4.13578e-18
      8382.01  4.56102e-18
      8384.60  4.86623e-18
      8387.19  4.70213e-18
      8389.78  4.10731e-18
      8392.36  3.57744e-18
      8394.95  3.35315e-18
      8397.54  3.47046e-18
      8400.13  4.08593e-18
      8402.72  4.75075e-18
      8405.31  4.81975e-18
      8407.90  4.48056e-18
      8410.49  4.14430e-18
      8413.08  3.76376e-18
      8415.67  3.56551e-18
      8418.26  3.76911e-18
      8420.85  4.13549e-18
      8423.44  4.60162e-18
      8426.03  5.20113e-18
      8428.62  5.61626e-18
      8431.21  5.60426e-18
      8433.80  5.20876e-18
      8436.39  4.58671e-18
      8438.98  3.98166e-18
      8441.56  3.93724e-18
      8444.15  4.74283e-18
      8446.74  5.73199e-18
      8449.33  6.12176e-18
      8451.92  5.49604e-18
      8454.51  4.58141e-18
      8457.10  4.39433e-18
      8459.69  4.92161e-18
      8462.28  5.87014e-18
      8464.87  7.01749e-18
      8467.46  7.54945e-18
      8470.05  6.99336e-18
      8472.64  5.69131e-18
      8475.23  4.75659e-18
      8477.82  5.11378e-18
      8480.41  6.33752e-18
      8483.00  7.72143e-18
      8485.59  8.79169e-18
      8488.17  9.38771e-18
      8490.76  9.34306e-18
      8493.35  8.74225e-18
      8495.94  8.09488e-18
      8498.53  7.57754e-18
      8501.12  7.15967e-18
      8503.71  6.93600e-18
      8506.30  7.00815e-18
      8508.89  7.59816e-18
      8511.48  8.75672e-18
      8514.07  1.00317e-17
      8516.66  1.08049e-17
      8519.25  1.09517e-17
      8521.84  1.02451e-17
      8524.43  9.26459e-18
      8527.02  8.43730e-18
      8529.61  8.21452e-18
      8532.20  8.80323e-18
      8534.79  1.01690e-17
      8537.38  1.15724e-17
      8539.96  1.25605e-17
      8542.55  1.25270e-17
      8545.14  1.13724e-17
      8547.73  1.00339e-17
      8550.32  9.18738e-18
      8552.91  9.26174e-18
      8555.50  1.02009e-17
      8558.09  1.15976e-17
      8560.68  1.29465e-17
      8563.27  1.32281e-17
      8565.86  1.22491e-17
      8568.45  1.08534e-17
      8571.04  9.73181e-18
      8573.63  9.51607e-18
      8576.22  1.00656e-17
      8578.81  1.11003e-17
      8581.40  1.24517e-17
      8583.99  1.39304e-17
      8586.58  1.46360e-17
      8589.17  1.38371e-17
      8591.75  1.18996e-17
      8594.34  1.00549e-17
      8596.93  9.54082e-18
      8599.52  1.00787e-17
      8602.11  1.10813e-17
      8604.70  1.26662e-17
      8607.29  1.42378e-17
      8609.88  1.50099e-17
      8612.47  1.39396e-17
      8615.06  1.20685e-17
      8617.65  1.04908e-17
      8620.24  9.59481e-18
      8622.83  9.54998e-18
      8625.42  1.01581e-17
      8628.01  1.15273e-17
      8630.60  1.31193e-17
      8633.19  1.44780e-17
      8635.78  1.55390e-17
      8638.37  1.61320e-17
      8640.96  1.55429e-17
      8643.54  1.39810e-17
      8646.13  1.18087e-17
      8648.72  9.90454e-18
      8651.31  9.33079e-18
      8653.90  1.02131e-17
      8656.49  1.19557e-17
      8659.08  1.37899e-17
      8661.67  1.48672e-17
      8664.26  1.41207e-17
      8666.85  1.21852e-17
      8669.44  1.05490e-17
      8672.03  9.65102e-18
      8674.62  9.33722e-18
      8677.21  9.45020e-18
      8679.80  1.02355e-17
      8682.39  1.21362e-17
      8684.98  1.41068e-17
      8687.57  1.45840e-17
      8690.16  1.31760e-17
      8692.75  1.09704e-17
      8695.33  9.72708e-18
      8697.92  9.49377e-18
      8700.51  1.05247e-17
      8703.10  1.20960e-17
      8705.69  1.36666e-17
      8708.28  1.43940e-17
      8710.87  1.39218e-17
      8713.46  1.23400e-17
      8716.05  1.05614e-17
      8718.64  9.18578e-18
      8721.23  8.74253e-18
      8723.82  8.98794e-18
      8726.41  1.02870e-17
      8729.00  1.24519e-17
      8731.59  1.39497e-17
      8734.18  1.33027e-17
      8736.77  1.13123e-17
      8739.36  9.49165e-18
      8741.95  8.26406e-18
      8744.53  7.93022e-18
      8747.12  8.83762e-18
      8749.71  1.06720e-17
      8752.30  1.21074e-17
      8754.89  1.21638e-17
      8757.48  1.11475e-17
      8760.07  9.50645e-18
      8762.66  7.70813e-18
      8765.25  6.40457e-18
      8767.84  6.16635e-18
      8770.43  6.77394e-18
      8773.02  7.76224e-18
      8775.61  9.00071e-18
      8778.20  9.60873e-18
      8780.79  8.85147e-18
      8783.38  7.15157e-18
      8785.97  5.63842e-18
      8788.56  4.78803e-18
      8791.15  4.79819e-18
      8793.73  5.50715e-18
      8796.32  6.25856e-18
      8798.91  6.97101e-18
      8801.50  7.75972e-18
      8804.09  7.80428e-18
      8806.68  6.46510e-18
      8809.27  4.79308e-18
      8811.86  3.96553e-18
      8814.45  3.73065e-18
      8817.04  3.96384e-18
      8819.63  4.59819e-18
      8822.22  5.37297e-18
      8824.81  6.17668e-18
      8827.40  6.65063e-18
      8829.99  6.41410e-18
      8832.58  5.85344e-18
      8835.17  5.21827e-18
      8837.76  4.54600e-18
      8840.35  3.81693e-18
      8842.93  3.34561e-18
      8845.52  3.46092e-18
      8848.11  4.26900e-18
      8850.70  5.33759e-18
      8853.29  6.13270e-18
      8855.88  6.03244e-18
      8858.47  5.02708e-18
      8861.06  3.91976e-18
      8863.65  3.21075e-18
      8866.24  3.07499e-18
      8868.83  3.44100e-18
      8871.42  4.11644e-18
      8874.01  4.88570e-18
      8876.60  5.46328e-18
      8879.19  5.55825e-18
      8881.78  5.09462e-18
      8884.37  4.17803e-18
      8886.96  3.47327e-18
      8889.54  3.22895e-18
      8892.13  3.27144e-18
      8894.72  3.36782e-18
      8897.31  3.61845e-18
      8899.90  4.08004e-18
      8902.49  4.67807e-18
      8905.08  5.48496e-18
      8907.67  6.20470e-18
      8910.26  6.46156e-18
      8912.85  5.95829e-18
      8915.44  4.95890e-18
      8918.03  4.12557e-18
      8920.62  3.86167e-18
      8923.21  4.37936e-18
      8925.80  5.49449e-18
      8928.39  6.73621e-18
      8930.98  7.16487e-18
      8933.57  6.65840e-18
      8936.16  5.72578e-18
      8938.75  4.97704e-18
      8941.33  4.41270e-18
      8943.92  4.20705e-18
      8946.51  4.49712e-18
      8949.10  4.90870e-18
      8951.69  5.63519e-18
      8954.28  6.67495e-18
      8956.87  7.09437e-18
      8959.46  7.24276e-18
      8962.05  7.26906e-18
      8964.64  6.67915e-18
      8967.23  5.79620e-18
      8969.82  4.96583e-18
      8972.41  4.30560e-18
      8975.00  4.16761e-18
      8977.59  4.73828e-18
      8980.18  5.81145e-18
      8982.77  6.90513e-18
      8985.36  7.61830e-18
      8987.95  7.52632e-18
      8990.54  6.65856e-18
      8993.12  5.37281e-18
      8995.71  4.43762e-18
      8998.30  4.05803e-18
      9000.89  4.30566e-18
      9003.48  5.24344e-18
      9006.07  6.29508e-18
      9008.66  7.01750e-18
      9011.25  6.93915e-18
      9013.84  5.92083e-18
      9016.43  4.74674e-18
      9019.02  3.91707e-18
      9021.61  3.66562e-18
      9024.20  4.02389e-18
      9026.79  4.81018e-18
      9029.38  5.71149e-18
      9031.97  6.32994e-18
      9034.56  6.47903e-18
      9037.15  5.87633e-18
      9039.74  4.80461e-18
      9042.32  4.04939e-18
      9044.92  3.69597e-18
      9047.50  3.61571e-18
      9050.09  3.70469e-18
      9052.68  3.91634e-18
      9055.27  4.34389e-18
      9057.86  5.04786e-18
      9060.45  5.97781e-18
      9063.04  6.52743e-18
      9065.63  6.38037e-18
      9068.22  5.79975e-18
      9070.81  5.36345e-18
      9073.40  4.81047e-18
      9075.99  4.22485e-18
      9078.58  4.05287e-18
      9081.17  4.30207e-18
      9083.76  4.88457e-18
      9086.35  5.73520e-18
      9088.94  6.41933e-18
      9091.53  6.38422e-18
      9094.12  5.75734e-18
      9096.70  5.08064e-18
      9099.29  4.56227e-18
      9101.88  4.24458e-18
      9104.47  4.47021e-18
      9107.06  4.89699e-18
      9109.65  5.77537e-18
      9112.24  6.80328e-18
      9114.83  6.53483e-18
      9117.42  5.43737e-18
      9120.01  4.06190e-18
      9122.60  3.04865e-18
      9125.19  3.37886e-18
      9127.78  4.09995e-18
      9130.37  4.41167e-18
      9132.96  4.36458e-18
      9135.55  4.37790e-18
      9138.14  4.59205e-18
      9140.73  4.78837e-18
      9143.32  5.36989e-18
      9145.90  5.99232e-18
      9148.49  5.78319e-18
      9151.08  4.79908e-18
      9153.67  3.58161e-18
      9156.26  3.03765e-18
      9158.85  3.09197e-18
      9161.44  3.59347e-18
      9164.03  4.41831e-18
      9166.62  5.59213e-18
      9169.21  7.09113e-18
      9171.80  8.00632e-18
      9174.39  7.31611e-18
      9176.98  5.19416e-18
      9179.57  3.67494e-18
      9182.16  3.51647e-18
      9184.75  3.83528e-18
      9187.34  4.51727e-18
      9189.93  5.55519e-18
      9192.52  6.41150e-18
      9195.10  6.38576e-18
      9197.69  5.71953e-18
      9200.28  5.10116e-18
      9202.87  4.35083e-18
      9205.46  4.17128e-18
      9208.05  4.48048e-18
      9210.64  5.11189e-18
      9213.23  5.97568e-18
      9215.82  6.72877e-18
      9218.41  7.24504e-18
      9221.00  6.61477e-18
      9223.59  5.69981e-18
      9226.18  5.02213e-18
      9228.77  4.24281e-18
      9231.36  3.57884e-18
      9233.95  2.95407e-18
      9236.54  3.36311e-18
      9239.13  4.80146e-18
      9241.72  6.52886e-18
      9244.30  7.96162e-18
      9246.89  8.02922e-18
      9249.48  6.51575e-18
      9252.07  4.77938e-18
      9254.66  3.85655e-18
      9257.25  3.83165e-18
      9259.84  4.28077e-18
      9262.43  5.12458e-18
      9265.02  6.69014e-18
      9267.61  8.10125e-18
      9270.20  8.52346e-18
      9272.79  7.47560e-18
      9275.38  5.50746e-18
      9277.97  4.31837e-18
      9280.56  4.16106e-18
      9283.15  4.47995e-18
      9285.74  4.95929e-18
      9288.33  5.82543e-18
      9290.92  6.63303e-18
      9293.50  6.55897e-18
      9296.09  5.75923e-18
      9298.68  4.83741e-18
      9301.27  4.17335e-18
      9303.86  3.85692e-18
      9306.45  3.74638e-18
      9309.04  3.98500e-18
      9311.63  4.94850e-18
      9314.22  6.32369e-18
      9316.81  7.13276e-18
      9319.40  7.17297e-18
      9321.99  6.31855e-18
      9324.58  5.16138e-18
      9327.17  4.23248e-18
      9329.76  3.43595e-18
      9332.35  3.23680e-18
      9334.94  3.42735e-18
      9337.53  4.14446e-18
      9340.12  5.99666e-18
      9342.71  7.45052e-18
      9345.29  6.66001e-18
      9347.88  4.79472e-18
      9350.47  3.32140e-18
      9353.06  2.05816e-18
      9355.65  1.18611e-18
      9358.24  1.58139e-18
      9360.83  3.23810e-18
      9363.42  5.11714e-18
      9366.01  5.98058e-18
      9368.60  5.32897e-18
      9371.19  4.00664e-18
      9373.78  2.89137e-18
      9376.37  2.31967e-18
      9378.96  2.33014e-18
      9381.55  2.72477e-18
      9384.14  3.28174e-18
      9386.73  3.71172e-18
      9389.32  4.20558e-18
      9391.91  4.31059e-18
      9394.49  3.88143e-18
      9397.08  3.12291e-18
      9399.67  2.52733e-18
      9402.26  2.22504e-18
      9404.85  2.17201e-18
      9407.44  2.38360e-18
      9410.03  2.71495e-18
      9412.62  3.25748e-18
      9415.21  3.85565e-18
      9417.80  4.17201e-18
      9420.39  4.10644e-18
      9422.98  3.60463e-18
      9425.57  3.01647e-18
      9428.16  2.46059e-18
      9430.75  2.36914e-18
      9433.34  2.55889e-18
      9435.93  2.89303e-18
      9438.52  3.54808e-18
      9441.11  4.13645e-18
      9443.69  4.24370e-18
      9446.28  3.65735e-18
      9448.87  2.85865e-18
      9451.46  2.42142e-18
      9454.05  2.35493e-18
      9456.64  2.62738e-18
      9459.23  3.16606e-18
      9461.82  3.82446e-18
      9464.41  4.49228e-18
      9467.00  4.75772e-18
      9469.59  4.17853e-18
      9472.18  3.08353e-18
      9474.77  2.26153e-18
      9477.36  1.95578e-18
      9479.95  2.10958e-18
      9482.54  2.52640e-18
      9485.13  2.96150e-18
      9487.72  3.63787e-18
      9490.31  4.39093e-18
      9492.89  4.89588e-18
      9495.49  4.92487e-18
      9498.07  4.44204e-18
      9500.66  4.03656e-18
      9503.25  3.79374e-18
      9505.84  3.47712e-18
      9508.43  3.01092e-18
      9511.02  2.53836e-18
      9513.61  2.35253e-18
      9516.20  2.49855e-18
      9518.79  2.87856e-18
      9521.38  3.43279e-18
      9523.97  3.94487e-18
      9526.56  4.24481e-18
      9529.15  4.30776e-18
      9531.74  4.04365e-18
      9534.33  3.45617e-18
      9536.92  2.87656e-18
      9539.51  2.61397e-18
      9542.09  2.43394e-18
      9544.69  2.36532e-18
      9547.27  2.50491e-18
      9549.86  2.92190e-18
      9552.45  3.41712e-18
      9555.04  4.10147e-18
      9557.63  4.58822e-18
      9560.22  4.38670e-18
      9562.81  3.62919e-18
      9565.40  2.91943e-18
      9567.99  2.46428e-18
      9570.58  2.10274e-18
      9573.17  2.02978e-18
      9575.76  2.19513e-18
      9578.35  2.36834e-18
      9580.94  2.71367e-18
      9583.53  3.19612e-18
      9586.12  3.68846e-18
      9588.71  3.81644e-18
      9591.29  3.63695e-18
      9593.89  3.32337e-18
      9596.47  2.88795e-18
      9599.06  2.44239e-18
      9601.65  2.19138e-18
      9604.24  2.12049e-18
      9606.83  2.18689e-18
      9609.42  2.49464e-18
      9612.01  2.94834e-18
      9614.60  3.31035e-18
      9617.19  3.42862e-18
      9619.78  3.29934e-18
      9622.37  3.00201e-18
      9624.96  2.54986e-18
      9627.55  2.11920e-18
      9630.14  1.90668e-18
      9632.73  1.82345e-18
      9635.32  1.85045e-18
      9637.91  2.07441e-18
      9640.50  2.46259e-18
      9643.09  2.82760e-18
      9645.67  3.01770e-18
      9648.26  2.78214e-18
      9650.85  2.24490e-18
      9653.44  1.91050e-18
      9656.03  1.59643e-18
      9658.62  1.45410e-18
      9661.21  1.43184e-18
      9663.80  1.50764e-18
      9666.39  1.70632e-18
      9668.98  2.05832e-18
      9671.57  2.38917e-18
      9674.16  2.60155e-18
      9676.75  2.70588e-18
      9679.34  2.77629e-18
      9681.93  2.76166e-18
      9684.52  2.45919e-18
      9687.11  1.98071e-18
      9689.70  1.56055e-18
      9692.29  1.27433e-18
      9694.88  1.22580e-18
      9697.46  1.47281e-18
      9700.05  1.76740e-18
      9702.64  1.94215e-18
      9705.23  2.20926e-18
      9707.82  2.52807e-18
      9710.41  2.47110e-18
      9713.00  2.23329e-18
      9715.59  1.81934e-18
      9718.18  1.31837e-18
      9720.77  9.47636e-19
      9723.36  8.63570e-19
      9725.95  1.07816e-18
      9728.54  1.43011e-18
      9731.13  1.65791e-18
      9733.72  1.83870e-18
      9736.31  2.22079e-18
      9738.90  2.62029e-18
      9741.49  2.59797e-18
      9744.08  2.21520e-18
      9746.66  1.87627e-18
      9749.25  1.56383e-18
      9751.84  1.27274e-18
      9754.43  9.80835e-19
      9757.02  9.41005e-19
      9759.61  1.10638e-18
      9762.20  1.20751e-18
      9764.79  1.31911e-18
      9767.38  1.51475e-18
      9769.97  1.76351e-18
      9772.56  1.99468e-18
      9775.15  2.07838e-18
      9777.74  1.99360e-18
