4800.00 3.2002e-16
4804.63 2.1161e-16
4809.27 3.1318e-16
4813.90 3.128e-16
4818.53 3.2481e-16
4823.16 5.1003e-16
4827.80 4.8558e-16
4832.43 4.9587e-16
4837.06 5.4997e-16
4841.70 5.3534e-16
4846.33 3.7449e-16
4850.96 3.5782e-16
4855.60 4.0079e-16
4860.23 3.937e-16
4864.86 3.9551e-16
4869.49 4.2599e-16
4874.13 4.2419e-16
4878.76 4.3277e-16
4883.39 4.3613e-16
4888.03 4.5541e-16
4892.66 4.3628e-16
4897.29 4.1153e-16
4901.93 3.9861e-16
4906.56 3.8901e-16
4911.19 3.724e-16
4915.82 3.3945e-16
4920.46 3.2232e-16
4925.09 3.3786e-16
4929.72 3.1399e-16
4934.36 2.8753e-16
4938.99 2.8552e-16
4943.62 2.853e-16
4948.26 2.8481e-16
4952.89 3.0028e-16
4957.52 3.0131e-16
4962.15 3.3493e-16
4966.79 3.6287e-16
4971.42 3.891e-16
4976.05 4.0677e-16
4980.69 4.2901e-16
4985.32 4.3696e-16
4989.95 4.6601e-16
4994.58 5.0808e-16
4999.22 5.4211e-16
5003.85 5.9029e-16
5008.48 6.0533e-16
5013.12 6.1656e-16
5017.75 6.0577e-16
5022.38 6.2408e-16
5027.02 6.3626e-16
5031.65 6.2247e-16
5036.28 6.2316e-16
5040.91 6.2177e-16
5045.55 5.9856e-16
5050.18 5.5882e-16
5054.81 5.4835e-16
5059.45 5.2947e-16
5064.08 5.0928e-16
5068.71 4.9107e-16
5073.35 4.802e-16
5077.98 4.6616e-16
5082.61 4.6222e-16
5087.24 4.4838e-16
5091.88 4.4241e-16
5096.51 4.3464e-16
5101.14 4.1017e-16
5105.78 4.044e-16
5110.41 4.1251e-16
5115.04 4.1068e-16
5119.68 4.0978e-16
5124.31 4.3177e-16
5128.94 4.4372e-16
5133.57 4.6733e-16
5138.21 4.8545e-16
5142.84 5.2046e-16
5147.47 5.7472e-16
5152.11 6.0216e-16
5156.74 6.2433e-16
5161.37 6.4792e-16
5166.01 6.4176e-16
5170.64 6.5283e-16
5175.27 6.7417e-16
5179.90 6.8012e-16
5184.54 6.7153e-16
5189.17 6.5266e-16
5193.80 6.5607e-16
5198.44 6.6614e-16
5203.07 6.4939e-16
5207.70 6.4278e-16
5212.33 6.4392e-16
5216.97 6.4286e-16
5221.60 6.4209e-16
5226.23 6.459e-16
5230.87 6.5582e-16
5235.50 6.648e-16
5240.13 6.621e-16
5244.77 6.5052e-16
5249.40 6.4957e-16
5254.03 6.3702e-16
5258.66 6.099e-16
5263.30 6.1719e-16
5267.93 6.4352e-16
5272.56 6.6218e-16
5277.20 6.6321e-16
5281.83 6.6171e-16
5286.46 6.4718e-16
5291.10 6.3698e-16
5295.73 6.213e-16
5300.36 6.0986e-16
5304.99 6.0645e-16
5309.63 5.8594e-16
5314.26 5.8401e-16
5318.89 5.9127e-16
5323.53 5.9908e-16
5328.16 5.9709e-16
5332.79 5.8262e-16
5337.43 5.841e-16
5342.06 5.8396e-16
5346.69 5.6637e-16
5351.32 5.4956e-16
5355.96 5.2935e-16
5360.59 5.1766e-16
5365.22 5.1936e-16
5369.86 5.1061e-16
5374.49 4.9061e-16
5379.12 4.8003e-16
5383.75 4.7647e-16
5388.39 4.8558e-16
5393.02 4.9373e-16
5397.65 4.9298e-16
5402.29 4.9416e-16
5406.92 4.9111e-16
5411.55 4.8624e-16
5416.19 4.8575e-16
5420.82 4.9508e-16
5425.45 4.88e-16
5430.08 4.9031e-16
5434.72 4.7951e-16
5439.35 4.6617e-16
5443.98 4.5779e-16
5448.62 4.7166e-16
5453.25 4.6924e-16
5457.88 4.4716e-16
5462.52 4.4309e-16
5467.15 4.487e-16
5471.78 4.4854e-16
5476.41 4.5497e-16
5481.05 4.5887e-16
5485.68 4.5188e-16
5490.31 4.6103e-16
5494.95 4.7122e-16
5499.58 4.7962e-16
5504.21 4.8448e-16
5508.85 4.9758e-16
5513.48 5.0816e-16
5518.11 5.3782e-16
5522.74 5.5347e-16
5527.38 5.4853e-16
5532.01 5.705e-16
5536.64 5.9769e-16
5541.28 6.2752e-16
5545.91 6.5748e-16
5550.54 7.0826e-16
5555.18 7.3889e-16
5559.81 7.2226e-16
5564.44 6.8215e-16
5569.07 6.4943e-16
5573.71 6.3726e-16
5578.34 6.1111e-16
5582.97 5.7346e-16
5587.61 5.4975e-16
5592.24 5.2873e-16
5596.87 5.1436e-16
5601.50 4.9276e-16
5606.14 4.6573e-16
5610.77 4.4287e-16
5615.40 4.1653e-16
5620.04 3.9558e-16
5624.67 3.8347e-16
5629.30 3.7796e-16
5633.94 3.7729e-16
5638.57 3.8004e-16
5643.20 3.7938e-16
5647.83 3.7691e-16
5652.47 3.8039e-16
5657.10 3.9681e-16
5661.73 4.1023e-16
5666.37 4.1281e-16
5671.00 4.1247e-16
5675.63 4.071e-16
5680.27 4.0524e-16
5684.90 4.0924e-16
5689.53 4.1013e-16
5694.16 3.9328e-16
5698.80 3.8477e-16
5703.43 3.7331e-16
5708.06 3.5491e-16
5712.70 3.3833e-16
5717.33 3.1365e-16
5721.96 2.9512e-16
5726.60 2.7372e-16
5731.23 2.552e-16
5735.86 2.3764e-16
5740.49 2.1573e-16
5745.13 1.9362e-16
5749.76 1.9299e-16
5754.39 1.8559e-16
5759.03 1.6621e-16
5763.66 1.652e-16
5768.29 1.6157e-16
5772.92 1.553e-16
5777.56 1.5319e-16
5782.19 1.5682e-16
5786.82 1.5877e-16
5791.46 1.5859e-16
5796.09 1.6269e-16
5800.72 1.8314e-16
5805.36 2.0247e-16
5809.99 2.0698e-16
5814.62 2.2213e-16
5819.25 2.4943e-16
5823.89 2.7103e-16
5828.52 2.9128e-16
5833.15 3.2004e-16
5837.79 3.3987e-16
5842.42 3.6276e-16
5847.05 3.8447e-16
5851.69 3.9605e-16
5856.32 4.1295e-16
5860.95 4.3922e-16
5865.58 4.6814e-16
5870.22 4.9296e-16
5874.85 5.1174e-16
5879.48 5.2119e-16
5884.12 5.1833e-16
5888.75 5.1228e-16
5893.38 5.0476e-16
5898.02 4.8804e-16
5902.65 4.672e-16
5907.28 4.6003e-16
5911.91 4.7529e-16
5916.55 4.8952e-16
5921.18 5.1173e-16
5925.81 5.2427e-16
5930.45 5.2002e-16
5935.08 5.0162e-16
5939.71 4.8581e-16
5944.34 4.7754e-16
5948.98 4.642e-16
5953.61 4.5246e-16
5958.24 4.4535e-16
5962.88 4.2182e-16
5967.51 4.0035e-16
5972.14 3.8316e-16
5976.78 3.5919e-16
5981.41 3.3996e-16
5986.04 3.2681e-16
5990.67 3.1686e-16
5995.31 3.0472e-16
5999.94 2.9129e-16
6004.57 2.8439e-16
6009.21 2.7456e-16
6013.84 2.5723e-16
6018.47 2.5268e-16
6023.11 2.5608e-16
6027.74 2.513e-16
6032.37 2.4384e-16
6037.00 2.4266e-16
6041.64 2.3333e-16
6046.27 2.2021e-16
6050.90 2.117e-16
6055.54 2.0577e-16
6060.17 2.1469e-16
6064.80 2.1858e-16
6069.44 2.1776e-16
6074.07 2.2315e-16
6078.70 2.2546e-16
6083.33 2.283e-16
6087.97 2.3057e-16
6092.60 2.33e-16
6097.23 2.4595e-16
6101.87 2.5308e-16
6106.50 2.5552e-16
6111.13 2.6136e-16
6115.77 2.761e-16
6120.40 2.9451e-16
6125.03 3.0731e-16
6129.66 3.1809e-16
6134.30 3.2563e-16
6138.93 3.3288e-16
6143.56 3.4529e-16
6148.20 3.4299e-16
6152.83 3.2817e-16
6157.46 3.2036e-16
6162.09 3.1344e-16
6166.73 3.096e-16
6171.36 3.1209e-16
6175.99 3.1045e-16
6180.63 3.0417e-16
6185.26 3.1312e-16
6189.89 3.2404e-16
6194.53 3.2255e-16
6199.16 3.4579e-16
6203.79 3.8539e-16
6208.42 4.3457e-16
6213.06 4.9984e-16
6217.69 5.5246e-16
6222.32 5.8017e-16
6226.96 6.0653e-16
6231.59 6.5175e-16
6236.22 7.0778e-16
6240.86 7.8088e-16
6245.49 8.6318e-16
6250.12 9.4113e-16
6254.75 1.0356e-15
6259.39 1.1726e-15
6264.02 1.3619e-15
6268.65 1.5914e-15
6273.29 1.7845e-15
6277.92 1.8675e-15
6282.55 1.847e-15
6287.19 1.7806e-15
6291.82 1.7403e-15
6296.45 1.7145e-15
6301.08 1.7095e-15
6305.72 1.7538e-15
6310.35 1.7897e-15
6314.98 1.8019e-15
6319.62 1.8203e-15
6324.25 1.864e-15
6328.88 1.932e-15
6333.51 1.9879e-15
6338.15 1.9889e-15
6342.78 1.9019e-15
6347.41 1.7741e-15
6352.05 1.6506e-15
6356.68 1.5777e-15
6361.31 1.5259e-15
6365.95 1.4481e-15
6370.58 1.36e-15
6375.21 1.2718e-15
6379.84 1.1777e-15
6384.48 1.0918e-15
6389.11 1.0117e-15
6393.74 9.5914e-16
6398.38 9.445e-16
6403.01 9.2381e-16
6407.64 8.8764e-16
6412.28 8.5599e-16
6416.91 8.1862e-16
6421.54 7.9822e-16
6426.17 7.9446e-16
6430.81 7.7491e-16
6435.44 7.4495e-16
6440.07 7.3004e-16
6444.71 7.0849e-16
6449.34 6.7095e-16
6453.97 6.429e-16
6458.61 6.4097e-16
6463.24 6.2837e-16
6467.87 6.1466e-16
6472.50 6.112e-16
6477.14 6.0858e-16
6481.77 6.0735e-16
6486.40 6.2052e-16
6491.04 6.2519e-16
6495.67 6.2799e-16
6500.30 6.1952e-16
6504.94 6.0574e-16
6509.57 6.0011e-16
6514.20 5.7697e-16
6518.83 5.6075e-16
6523.47 5.5694e-16
6528.10 5.4548e-16
6532.73 5.2996e-16
6537.37 5.1923e-16
6542.00 5.0646e-16
6546.63 4.9579e-16
6551.26 4.8333e-16
6555.90 4.72e-16
6560.53 4.7134e-16
6565.16 4.7316e-16
6569.80 4.6915e-16
6574.43 4.6405e-16
6579.06 4.5002e-16
6583.70 4.4626e-16
6588.33 4.3643e-16
6592.96 4.3276e-16
6597.59 4.2222e-16
6602.23 4.0787e-16
6606.86 4.0179e-16
6611.49 4.0117e-16
6616.13 4.0601e-16
6620.76 3.9735e-16
6625.39 3.7918e-16
6630.03 3.7386e-16
6634.66 3.6812e-16
6639.29 3.5944e-16
6643.92 3.5136e-16
6648.56 3.4487e-16
6653.19 3.3422e-16
6657.82 3.2935e-16
6662.46 3.3532e-16
6667.09 3.2891e-16
6671.72 3.2207e-16
6676.36 3.0853e-16
6680.99 3.02e-16
6685.62 2.9788e-16
6690.25 2.8908e-16
6694.89 2.8694e-16
6699.52 2.7099e-16
6704.15 2.631e-16
6708.79 2.6123e-16
6713.42 2.5071e-16
6718.05 2.4952e-16
6722.68 2.5075e-16
6727.32 2.5146e-16
6731.95 2.4356e-16
6736.58 2.2947e-16
6741.22 2.1807e-16
6745.85 2.1133e-16
6750.48 2.1561e-16
6755.12 2.11e-16
6759.75 2.027e-16
6764.38 1.9698e-16
6769.01 1.8716e-16
6773.65 1.8387e-16
6778.28 1.7842e-16
6782.91 1.7153e-16
6787.55 1.6753e-16
6792.18 1.6617e-16
6796.81 1.5982e-16
6801.45 1.6195e-16
6806.08 1.6312e-16
6810.71 1.5625e-16
6815.34 1.5172e-16
6819.98 1.4809e-16
6824.61 1.4882e-16
6829.24 1.4847e-16
6833.88 1.5162e-16
6838.51 1.4812e-16
6843.14 1.5359e-16
6847.78 1.5337e-16
6852.41 1.5311e-16
6857.04 1.5004e-16
6861.67 1.4826e-16
6866.31 1.469e-16
6870.94 1.377e-16
6875.57 1.3397e-16
6880.21 1.3957e-16
6884.84 1.4025e-16
6889.47 1.3562e-16
6894.10 1.3871e-16
6898.74 1.3628e-16
6903.37 1.4288e-16
6908.00 1.4501e-16
6912.64 1.4935e-16
6917.27 1.5533e-16
6921.90 1.5792e-16
6926.54 1.5845e-16
6931.17 1.653e-16
6935.80 1.6882e-16
6940.43 1.8028e-16
6945.07 1.9257e-16
6949.70 1.9957e-16
6954.33 2.091e-16
6958.97 2.2042e-16
6963.60 2.3134e-16
6968.23 2.4524e-16
6972.87 2.6005e-16
6977.50 2.8552e-16
6982.13 2.9944e-16
6986.76 3.0711e-16
6991.40 3.246e-16
6996.03 3.5691e-16
7000.66 3.7829e-16
7005.30 3.8735e-16
7009.93 4.081e-16
7014.56 4.2418e-16
7019.20 4.2131e-16
7023.83 4.2661e-16
7028.46 4.4588e-16
7033.09 4.516e-16
7037.73 4.4785e-16
7042.36 4.5217e-16
7046.99 4.5615e-16
7051.63 4.6018e-16
7056.26 4.7208e-16
7060.89 5.0133e-16
7065.53 5.2935e-16
7070.16 5.3691e-16
7074.79 5.4907e-16
7079.42 5.5117e-16
7084.06 5.4099e-16
7088.69 5.3041e-16
7093.32 5.2971e-16
7097.96 5.3922e-16
7102.59 5.4898e-16
7107.22 5.5651e-16
7111.85 5.5962e-16
7116.49 5.5914e-16
7121.12 5.7496e-16
7125.75 6.1813e-16
7130.39 6.2789e-16
7135.02 6.2211e-16
7139.65 6.3661e-16
7144.29 6.34e-16
7148.92 6.2195e-16
7153.55 6.2286e-16
7158.18 6.096e-16
7162.82 5.9161e-16
7167.45 5.6039e-16
7172.08 5.2685e-16
7176.72 5.2156e-16
7181.35 5.2242e-16
7185.98 5.2756e-16
7190.62 5.3722e-16
7195.25 5.4336e-16
7199.88 5.5343e-16
7204.51 5.541e-16
7209.15 5.9506e-16
7213.78 6.4515e-16
7218.41 7.1285e-16
7223.05 8.0786e-16
7227.68 8.9737e-16
7232.31 9.5815e-16
7236.95 9.8376e-16
7241.58 9.9358e-16
7246.21 1.0368e-15
7250.84 1.1497e-15
7255.48 1.3088e-15
7260.11 1.47e-15
7264.74 1.6085e-15
7269.38 1.7095e-15
7274.01 1.7862e-15
7278.64 1.9034e-15
7283.27 2.0606e-15
7287.91 2.1907e-15
7292.54 2.3024e-15
7297.17 2.4127e-15
7301.81 2.5009e-15
7306.44 2.5601e-15
7311.07 2.579e-15
7315.71 2.5266e-15
7320.34 2.4273e-15
7324.97 2.3636e-15
7329.60 2.3127e-15
7334.24 2.2495e-15
7338.87 2.213e-15
7343.50 2.1422e-15
7348.14 2.0008e-15
7352.77 1.8595e-15
7357.40 1.7454e-15
7362.04 1.6186e-15
7366.67 1.5006e-15
7371.30 1.3903e-15
7375.93 1.2697e-15
7380.57 1.1978e-15
7385.20 1.1285e-15
7389.83 1.0691e-15
7394.47 1.0244e-15
7399.10 9.6633e-16
7403.73 9.0817e-16
7408.37 8.4003e-16
7413.00 7.884e-16
7417.63 7.4708e-16
7422.26 7.0453e-16
7426.90 6.714e-16
7431.53 6.4714e-16
7436.16 6.1499e-16
7440.80 5.9618e-16
7445.43 5.8752e-16
7450.06 5.7908e-16
7454.70 5.5779e-16
7459.33 5.359e-16
7463.96 5.1292e-16
7468.59 4.9817e-16
7473.23 4.8003e-16
7477.86 4.583e-16
7482.49 4.4504e-16
7487.13 4.2856e-16
7491.76 4.0631e-16
7496.39 3.8501e-16
7501.02 3.7173e-16
7505.66 3.7098e-16
7510.29 3.5921e-16
7514.92 3.3769e-16
7519.56 3.283e-16
7524.19 3.1117e-16
7528.82 3.0438e-16
7533.46 3.025e-16
7538.09 2.9683e-16
7542.72 2.8919e-16
7547.35 2.7792e-16
7551.99 2.6121e-16
7556.62 2.4723e-16
7561.25 2.3729e-16
7565.89 2.3842e-16
7570.52 2.2479e-16
7575.15 2.0927e-16
7579.79 1.9911e-16
7584.42 2.0086e-16
7589.05 2.1041e-16
7593.68 2.1337e-16
7598.32 2.0138e-16
7602.95 1.8852e-16
7607.58 1.8934e-16
7612.22 1.9328e-16
7616.85 2.025e-16
7621.48 1.9727e-16
7626.12 1.9522e-16
7630.75 1.9303e-16
7635.38 2.0222e-16
7640.01 2.1832e-16
7644.65 2.2244e-16
7649.28 2.272e-16
7653.91 2.4111e-16
7658.55 2.3773e-16
7663.18 2.332e-16
7667.81 2.4035e-16
7672.44 2.5729e-16
7677.08 2.7527e-16
7681.71 2.9533e-16
7686.34 3.0531e-16
7690.98 3.1656e-16
7695.61 3.301e-16
7700.24 3.2602e-16
7704.88 3.2641e-16
7709.51 3.3228e-16
7714.14 3.3861e-16
7718.77 3.549e-16
7723.41 3.7289e-16
7728.04 3.8826e-16
7732.67 4.1232e-16
7737.31 4.6077e-16
7741.94 5.0333e-16
7746.57 5.3165e-16
7751.21 5.3326e-16
7755.84 5.0722e-16
7760.47 4.9978e-16
7765.10 5.0526e-16
7769.74 5.1963e-16
7774.37 5.2782e-16
7779.00 5.47e-16
7783.64 5.4661e-16
7788.27 5.54e-16
7792.90 5.5874e-16
7797.54 5.4485e-16
7802.17 5.4761e-16
7806.80 5.3773e-16
7811.43 5.2978e-16
7816.07 5.2563e-16
7820.70 4.9445e-16
7825.33 4.5023e-16
7829.97 4.095e-16
7834.60 3.8271e-16
7839.23 3.6509e-16
7843.87 3.3552e-16
7848.50 3.2278e-16
7853.13 3.2589e-16
7857.76 3.269e-16
7862.40 2.8984e-16
7867.03 2.5623e-16
7871.66 2.352e-16
7876.30 2.2082e-16
7880.93 2.0743e-16
7885.56 2.0378e-16
7890.19 1.9156e-16
7894.83 1.8531e-16
7899.46 1.9248e-16
7904.09 1.9634e-16
7908.73 2.0225e-16
7913.36 2.0615e-16
7917.99 2.0942e-16
7922.63 2.2193e-16
7927.26 2.248e-16
7931.89 2.1689e-16
7936.52 2.2076e-16
7941.16 2.3087e-16
7945.79 2.3368e-16
7950.42 2.3292e-16
7955.06 2.3781e-16
7959.69 2.3371e-16
7964.32 2.4177e-16
7968.96 2.4936e-16
7973.59 2.4603e-16
7978.22 2.5429e-16
7982.85 2.5226e-16
7987.49 2.5888e-16
7992.12 2.5181e-16
7996.75 2.5654e-16
8001.39 2.562e-16
8006.02 2.4339e-16
8010.65 2.5669e-16
8015.29 2.5428e-16
8019.92 2.3874e-16
8024.55 2.4635e-16
8029.18 2.5771e-16
8033.82 2.6449e-16
8038.45 2.4838e-16
8043.08 2.3061e-16
8047.72 2.3494e-16
8052.35 2.3319e-16
8056.98 2.1662e-16
8061.61 2.1001e-16
8066.25 2.1904e-16
8070.88 2.2191e-16
8075.51 2.0234e-16
8080.15 1.9462e-16
8084.78 1.9809e-16
8089.41 1.9853e-16
8094.05 2.0217e-16
8098.68 1.9895e-16
8103.31 1.9432e-16
8107.94 2.0509e-16
8112.58 2.1521e-16
8117.21 2.049e-16
8121.84 1.9298e-16
8126.48 1.9541e-16
8131.11 1.9645e-16
8135.74 1.922e-16
8140.38 1.8692e-16
8145.01 1.8067e-16
8149.64 1.8152e-16
8154.27 1.801e-16
8158.91 1.6892e-16
8163.54 1.5625e-16
8168.17 1.4915e-16
8172.81 1.4331e-16
8177.44 1.3302e-16
8182.07 1.4575e-16
8186.71 1.6074e-16
8191.34 1.5522e-16
8195.97 1.538e-16
8200.60 1.5519e-16
8205.24 1.5063e-16
8209.87 1.5825e-16
8214.50 1.6527e-16
8219.14 1.5721e-16
8223.77 1.6238e-16
8228.40 1.5789e-16
8233.03 1.5258e-16
8237.67 1.5242e-16
8242.30 1.6187e-16
8246.93 1.6769e-16
8251.57 1.6137e-16
8256.20 1.5274e-16
8260.83 1.5887e-16
8265.47 1.7326e-16
8270.10 1.7039e-16
8274.73 1.5839e-16
8279.36 1.7079e-16
8284.00 1.7377e-16
8288.63 1.8895e-16
8293.26 1.9378e-16
8297.90 2.1254e-16
8302.53 2.1953e-16
8307.16 2.1042e-16
8311.80 2.0745e-16
8316.43 2.1095e-16
8321.06 2.1135e-16
8325.69 2.1195e-16
8330.33 2.1595e-16
8334.96 2.2281e-16
8339.59 2.3378e-16
8344.23 2.4962e-16
8348.86 2.6381e-16
8353.49 2.565e-16
8358.13 2.5146e-16
8362.76 2.5439e-16
8367.39 2.7117e-16
8372.02 3.0142e-16
8376.66 3.0165e-16
8381.29 2.9743e-16
8385.92 3.2068e-16
8390.56 3.3531e-16
8395.19 3.3756e-16
8399.82 3.4948e-16
8404.46 3.5606e-16
8409.09 3.7332e-16
8413.72 3.9394e-16
8418.35 4.0538e-16
8422.99 3.9193e-16
8427.62 3.9403e-16
8432.25 4.2157e-16
8436.89 4.3503e-16
8441.52 4.6627e-16
8446.15 4.8863e-16
8450.78 5.2926e-16
8455.42 6.0597e-16
8460.05 6.8218e-16
8464.68 7.6714e-16
8469.32 8.5068e-16
8473.95 9.2788e-16
8478.58 9.8952e-16
8483.22 1.0622e-15
8487.85 1.1411e-15
8492.48 1.2193e-15
8497.11 1.3226e-15
8501.75 1.475e-15
8506.38 1.6447e-15
8511.01 1.7469e-15
8515.65 1.8079e-15
8520.28 1.8356e-15
8524.91 1.8175e-15
8529.55 1.7624e-15
8534.18 1.724e-15
8538.81 1.6795e-15
8543.44 1.6804e-15
8548.08 1.6932e-15
8552.71 1.7029e-15
8557.34 1.7135e-15
8561.98 1.7357e-15
8566.61 1.6844e-15
8571.24 1.58e-15
8575.88 1.4885e-15
8580.51 1.4141e-15
8585.14 1.3572e-15
8589.77 1.3367e-15
8594.41 1.3198e-15
8599.04 1.3019e-15
8603.67 1.2958e-15
8608.31 1.296e-15
8612.94 1.3125e-15
8617.57 1.3683e-15
8622.20 1.4463e-15
8626.84 1.509e-15
8631.47 1.5692e-15
8636.10 1.5942e-15
8640.74 1.6131e-15
8645.37 1.6838e-15
8650.00 1.7472e-15
8654.64 1.8227e-15
8659.27 1.8862e-15
8663.90 1.9153e-15
8668.53 1.9879e-15
8673.17 2.062e-15
8677.80 2.1156e-15
8682.43 2.1547e-15
8687.07 2.1168e-15
8691.70 2.0222e-15
8696.33 1.9426e-15
8700.97 1.819e-15
8705.60 1.6965e-15
8710.23 1.6289e-15
8714.86 1.5529e-15
8719.50 1.4491e-15
8724.13 1.3667e-15
8728.76 1.2731e-15
8733.40 1.1979e-15
8738.03 1.1601e-15
8742.66 1.1124e-15
8747.30 1.0588e-15
8751.93 9.9845e-16
8756.56 9.6373e-16
8761.19 9.0699e-16
8765.83 8.8504e-16
8770.46 8.7044e-16
8775.09 8.6017e-16
8779.73 8.4648e-16
8784.36 8.236e-16
8788.99 8.0142e-16
8793.63 7.5296e-16
8798.26 7.1207e-16
8802.89 7.0449e-16
8807.52 7.1354e-16
8812.16 7.1795e-16
8816.79 7.5103e-16
8821.42 7.3534e-16
8826.06 7.1581e-16
8830.69 6.6917e-16
8835.32 6.4672e-16
8839.95 6.5326e-16
8844.59 6.1088e-16
8849.22 5.5446e-16
8853.85 5.3783e-16
8858.49 5.2252e-16
8863.12 4.7019e-16
8867.75 4.2694e-16
8872.39 4.1507e-16
8877.02 4.0548e-16
8881.65 3.722e-16
8886.28 3.472e-16
8890.92 3.4851e-16
8895.55 3.4643e-16
8900.18 3.3419e-16
8904.82 3.1518e-16
8909.45 2.9065e-16
8914.08 2.6471e-16
8918.72 2.826e-16
8923.35 2.872e-16
8927.98 2.5886e-16
8932.61 2.4754e-16
8937.25 2.4126e-16
8941.88 2.2984e-16
8946.51 2.329e-16
8951.15 2.364e-16
8955.78 2.3691e-16
8960.41 2.462e-16
8965.05 2.369e-16
8969.68 2.3251e-16
8974.31 2.3031e-16
8978.94 2.4318e-16
8983.58 2.4088e-16
8988.21 2.1201e-16
8992.84 2.2103e-16
8997.48 2.3589e-16
9002.11 2.4131e-16
9006.74 2.4388e-16
9011.37 2.363e-16
9016.01 2.2063e-16
9020.64 2.0745e-16
9025.27 2.0442e-16
9029.91 2.1006e-16
9034.54 2.1914e-16
9039.17 2.1704e-16
9043.81 2.0924e-16
9048.44 2.3213e-16
9053.07 2.3379e-16
9057.70 1.9995e-16
9062.34 2.1407e-16
9066.97 2.1418e-16
9071.60 2.0922e-16
9076.24 1.8714e-16
9080.87 1.7267e-16
9085.50 1.8915e-16
9090.14 1.9096e-16
9094.77 1.7949e-16
9099.40 1.6266e-16
9104.03 1.6949e-16
9108.67 1.6815e-16
9113.30 1.7665e-16
9117.93 1.703e-16
9122.57 1.7798e-16
9127.20 1.813e-16
9131.83 1.6428e-16
9136.47 1.6616e-16
9141.10 1.7512e-16
9145.73 1.7998e-16
9150.36 1.6277e-16
9155.00 1.5975e-16
9159.63 1.6725e-16
9164.26 1.7396e-16
9168.90 1.7446e-16
9173.53 1.8199e-16
9178.16 1.9178e-16
9182.79 2.0243e-16
9187.43 1.9762e-16
9192.06 2.0894e-16
9196.69 2.3732e-16
9201.33 2.4423e-16
9205.96 2.6456e-16
9210.59 2.8175e-16
9215.23 3.0664e-16
9219.86 3.3567e-16
9224.49 3.6342e-16
9229.12 3.8832e-16
9233.76 4.0938e-16
9238.39 4.0649e-16
9243.02 4.054e-16
9247.66 4.0856e-16
9252.29 4.1682e-16
9256.92 4.3702e-16
9261.56 4.5987e-16
9266.19 4.6178e-16
9270.82 4.5537e-16
9275.45 4.4423e-16
9280.09 4.3327e-16
9284.72 4.4927e-16
9289.35 4.4175e-16
9293.99 4.5685e-16
9298.62 4.7047e-16
9303.25 4.8212e-16
9307.89 4.7518e-16
9312.52 4.5995e-16
9317.15 4.3592e-16
9321.78 4.0966e-16
9326.42 3.868e-16
9331.05 3.9814e-16
9335.68 4.0459e-16
9340.32 3.6811e-16
9344.95 3.6163e-16
9349.58 3.9929e-16
9354.22 4.1376e-16
9358.85 3.9488e-16
9363.48 3.9281e-16
9368.11 3.3019e-16
9372.75 3.1772e-16
9377.38 3.5028e-16
9382.01 2.7804e-16
9386.65 2.4269e-16
9391.28 2.737e-16
9395.91 2.8119e-16
9400.54 2.7983e-16
9405.18 3.0008e-16
9409.81 3.0807e-16
9414.44 2.9125e-16
9419.08 2.6773e-16
9423.71 2.5845e-16
9428.34 1.979e-16
9432.98 2.211e-16
9437.61 2.7724e-16
9442.24 2.8667e-16
9446.87 2.8028e-16
9451.51 2.5077e-16
9456.14 2.255e-16
9460.77 2.376e-16
9465.41 2.5028e-16
9470.04 2.1489e-16
9474.67 1.6942e-16
9479.31 1.4628e-16
9483.94 1.4288e-16
9488.57 1.7799e-16
9493.20 1.9623e-16
9497.84 1.7427e-16
9502.47 1.7212e-16
9507.10 2.0341e-16
9511.74 2.2549e-16
9516.37 2.0365e-16
9521.00 1.7389e-16
9525.64 1.5407e-16
9530.27 1.7091e-16
9534.90 2.0984e-16
9539.53 2.3151e-16
9544.17 1.7585e-16
9548.80 1.0593e-16
9553.43 1.5193e-16
9558.07 1.9544e-16
9562.70 1.6564e-16
9567.33 1.2478e-16
9571.96 1.1121e-16
9576.60 1.2026e-16
9581.23 1.206e-16
9585.86 1.0552e-16
9590.50 9.9609e-17
9595.13 7.7716e-17
9599.76 7.0621e-17
9604.40 9.1266e-17
9609.03 9.7235e-17
9613.66 1.1466e-16
9618.29 1.3456e-16
9622.93 1.5737e-16
9627.56 1.6745e-16
9632.19 1.4619e-16
9636.83 1.2006e-16
9641.46 1.5032e-16
9646.09 1.5518e-16
9650.73 1.1633e-16
9655.36 1.0981e-16
9659.99 9.1479e-17
9664.62 1.1241e-16
9669.26 1.3535e-16
9673.89 1.2705e-16
9678.52 1.3643e-16
9683.16 1.3403e-16
9687.79 1.3557e-16
9692.42 1.255e-16
9697.06 5.5066e-17
9701.69 7.7089e-17
9706.32 1.4067e-16
9710.95 1.767e-16
9715.59 1.6036e-16
9720.22 1.4174e-16
9724.85 1.2828e-16
9729.49 1.052e-16
9734.12 7.4778e-17
9738.75 7.5892e-17
9743.39 1.2074e-16
9748.02 1.4382e-16
9752.65 1.5013e-16
9757.28 1.2043e-16
9761.92 7.5423e-17
9766.55 9.4073e-17
9771.18 1.0215e-16
9775.82 1.202e-16
9780.45 9.5979e-17
9785.08 9.9245e-17
9789.71 1.1179e-16
9794.35 1.1122e-16
9798.98 1.2402e-16
9803.61 1.0437e-16
9808.25 1.2833e-16
9812.88 1.5005e-16
9817.51 1.3475e-16
9822.15 1.1789e-16
9826.78 1.2222e-16
9831.41 1.1612e-16
9836.04 1.2602e-16
9840.68 1.4703e-16
9845.31 1.4958e-16
9849.94 1.8151e-16
9854.58 1.3194e-16
9859.21 1.4681e-16
9863.84 1.8829e-16
9868.48 1.6209e-16
9873.11 1.1296e-16
9877.74 1.5307e-16
9882.37 2.0757e-16
9887.01 1.9269e-16
9891.64 2.208e-16
9896.27 2.0651e-16
9900.91 1.8191e-16
9905.54 2.0153e-16
9910.17 1.6816e-16
9914.81 1.9312e-16
9919.44 1.5318e-16
9924.07 1.3057e-16
9928.70 2.0064e-16
9933.34 2.6145e-16
9937.97 2.7057e-16
9942.60 2.0994e-16
9947.24 2.1883e-16
9951.87 2.2139e-16
9956.50 1.6996e-16
9961.13 2.6861e-16
9965.77 2.5065e-16
9970.40 1.7179e-16
9975.03 1.5252e-16
9979.67 1.2768e-16
9984.30 1.4288e-16
9988.93 2.0099e-16
9993.57 2.4944e-16
9998.20 3.1243e-16
10002.83 3.2038e-16
10007.46 2.407e-16
10012.10 2.058e-16
10016.73 1.7009e-16
10021.36 1.3508e-16
10026.00 1.5427e-16
10030.63 6.9885e-17
10035.26 1.0997e-16
10039.90 1.2384e-16
10044.53 6.0473e-17
10049.16 7.6749e-17
10053.79 1.8174e-16
10058.43 1.6118e-16
10063.06 1.6809e-16
10067.69 1.4253e-16
10072.33 3.8902e-17
10076.96 5.9312e-17
10081.59 1.4506e-16
10086.23 1.401e-16
10090.86 1.2836e-16
10095.49 1.3649e-16
10100.12 1.837e-16
10104.76 2.3006e-16
10109.39 1.1419e-16
10114.02 1.4416e-16
10118.66 1.5738e-16
10123.29 1.2164e-16
10127.92 8.3022e-17
10132.55 1.3484e-16
10137.19 1.5295e-16
10141.82 1.9942e-16
10146.45 1.27e-16
10151.09 1.846e-16
10155.72 2.2901e-16
10160.35 2.1811e-16
10164.99 2.6078e-16
10169.62 2.8939e-16
10174.25 1.8481e-16
10178.88 2.4674e-16
10183.52 2.8805e-16
10188.15 3.2432e-16
10192.78 3.2529e-16
10197.42 2.8959e-16
10202.05 2.8378e-16
10206.68 2.4056e-16
10211.32 1.262e-16
10215.95 1.4507e-16
10220.58 2.2986e-16
10225.21 2.3651e-16
10229.85 2.1308e-16
10234.48 2.3974e-16
10239.11 2.2544e-16
10243.75 2.0524e-16
10248.38 2.0035e-16
10253.01 1.2637e-16
10257.65 1.1357e-16
10262.28 1.3346e-16
10266.91 1.6606e-16
10271.54 1.4568e-16
10276.18 2.197e-16
10280.81 2.16e-16
10285.44 1.7174e-16
10290.08 1.1933e-16
10294.71 1.8921e-16
10299.34 2.1409e-16
10303.98 2.3967e-16
10308.61 1.873e-16
10313.24 9.3445e-17
10317.87 1.947e-16
10322.51 1.3656e-16
10327.14 1.0652e-16
10331.77 1.8173e-16
10336.41 1.5585e-16
10341.04 1.093e-16
10345.67 2.0188e-16
10350.30 1.9716e-16
10354.94 1.5174e-16
10359.57 1.5146e-16
10364.20 1.1179e-16
10368.84 1.6165e-16
10373.47 1.5734e-16
10378.10 1.4635e-16
10382.74 5.554e-17
10387.37 1.1972e-16
10392.00 2.0035e-16
10396.63 1.3522e-16
10401.27 8.4009e-17
10405.90 3.1516e-17
10410.53 3.5058e-17
10415.17 1.3458e-16
10419.80 1.455e-16
10424.43 6.2581e-17
10429.07 1.7647e-17
10433.70 1.0761e-16
10438.33 1.4677e-16
10442.96 2.0984e-16
10447.60 2.1376e-16
10452.23 1.299e-16
10456.86 1.1032e-16
10461.50 1.2843e-16
10466.13 8.2859e-17
10470.76 6.3379e-17
10475.40 1.3666e-16
10480.03 1.3692e-16
10484.66 6.851e-17
10489.29 1.1499e-16
10493.93 1.2074e-16
10498.56 1.0016e-16
10503.19 1.2856e-16
10507.83 4.2108e-17
10512.46 2.1626e-17
10517.09 -2.7168e-17
10521.72 4.9297e-17
10526.36 1.505e-16
10530.99 6.8981e-17
10535.62 9.5501e-17
10540.26 -2.0039e-17
