3500.58 1.969e+08
3502.05 2.0575e+08
3503.52 2.0446e+08
3504.99 1.7946e+08
3506.46 1.7157e+08
3507.93 1.8176e+08
3509.40 1.8565e+08
3510.87 2.0456e+08
3512.34 2.1242e+08
3513.81 2.1176e+08
3515.28 2.0116e+08
3516.75 1.9382e+08
3518.22 2.2838e+08
3519.69 2.2883e+08
3521.16 2.0583e+08
3522.63 2.1384e+08
3524.10 2.265e+08
3525.57 2.1523e+08
3527.04 2.1152e+08
3528.51 2.107e+08
3529.98 2.111e+08
3531.45 1.9867e+08
3532.92 2.1005e+08
3534.39 2.0592e+08
3535.86 1.9636e+08
3537.33 2.0661e+08
3538.80 1.9039e+08
3540.27 2.0451e+08
3541.74 2.3246e+08
3543.21 2.4984e+08
3544.68 2.4967e+08
3546.15 2.1135e+08
3547.62 2.4589e+08
3549.09 2.6536e+08
3550.56 1.9057e+08
3552.03 1.961e+08
3553.50 2.1857e+08
3554.97 2.0267e+08
3556.44 2.0471e+08
3557.91 2.1141e+08
3559.38 2.2508e+08
3560.85 2.6014e+08
3562.32 2.1875e+08
3563.79 1.7643e+08
3565.26 1.9447e+08
3566.73 2.1948e+08
3568.20 2.158e+08
3569.67 2.2139e+08
3571.14 2.2458e+08
3572.61 2.0081e+08
3574.08 2.0169e+08
3575.55 1.9668e+08
3577.02 2.1558e+08
3578.49 2.4392e+08
3579.96 2.2999e+08
3581.43 2.2734e+08
3582.90 2.1011e+08
3584.37 1.8862e+08
3585.84 1.9332e+08
3587.31 1.9932e+08
3588.78 2.0987e+08
3590.25 2.0162e+08
3591.72 1.8844e+08
3593.19 2.1553e+08
3594.66 2.1538e+08
3596.13 1.809e+08
3597.60 1.9335e+08
3599.07 2.1815e+08
3600.54 1.9575e+08
3602.01 2.0527e+08
3603.48 2.1767e+08
3604.95 1.9955e+08
3606.42 2.1211e+08
3607.89 2.0161e+08
3609.36 2.0391e+08
3610.83 2.0771e+08
3612.30 1.9056e+08
3613.77 1.9781e+08
3615.24 1.9246e+08
3616.71 1.7644e+08
3618.18 1.7134e+08
3619.65 1.7219e+08
3621.12 2.0549e+08
3622.59 2.3813e+08
3624.06 2.1972e+08
3625.53 2.097e+08
3627.00 1.9087e+08
3628.47 1.6168e+08
3629.94 1.5052e+08
3631.41 1.5682e+08
3632.88 1.8197e+08
3634.35 1.8615e+08
3635.82 1.8152e+08
3637.29 1.7132e+08
3638.76 1.7248e+08
3640.23 1.769e+08
3641.70 1.5865e+08
3643.17 1.5848e+08
3644.64 1.8186e+08
3646.11 2.0487e+08
3647.58 2.0302e+08
3649.05 2.33e+08
3650.52 3.0005e+08
3651.99 2.4876e+08
3653.46 1.9801e+08
3654.93 1.9238e+08
3656.40 1.7792e+08
3657.87 1.7984e+08
3659.34 1.8248e+08
3660.81 1.8958e+08
3662.28 1.8982e+08
3663.75 1.7921e+08
3665.22 1.7288e+08
3666.69 1.7622e+08
3668.16 1.8117e+08
3669.63 1.9771e+08
3671.10 2.1295e+08
3672.57 1.9173e+08
3674.04 1.8265e+08
3675.51 1.954e+08
3676.98 1.9576e+08
3678.45 2.0615e+08
3679.92 2.057e+08
3681.39 1.9832e+08
3682.86 2.0407e+08
3684.33 1.9034e+08
3685.80 1.9339e+08
3687.27 1.947e+08
3688.74 2.0402e+08
3690.21 2.4467e+08
3691.68 2.4141e+08
3693.15 2.2899e+08
3694.62 2.2576e+08
3696.09 2.1357e+08
3697.56 2.1797e+08
3699.03 1.934e+08
3700.50 1.8344e+08
3701.97 2.0103e+08
3703.44 1.7133e+08
3704.91 1.5367e+08
3706.38 1.8785e+08
3707.85 1.8882e+08
3709.32 1.8647e+08
3710.79 1.8223e+08
3712.26 1.5561e+08
3713.73 1.7188e+08
3715.20 1.7766e+08
3716.67 1.6815e+08
3718.14 1.5564e+08
3719.61 1.5747e+08
3721.08 1.7587e+08
3722.55 1.8393e+08
3724.02 1.943e+08
3725.49 1.9789e+08
3726.96 1.7561e+08
3728.43 1.8444e+08
3729.90 2.2736e+08
3731.37 2.4365e+08
3732.84 2.5258e+08
3734.31 2.5274e+08
3735.78 2.4276e+08
3737.25 2.3744e+08
3738.72 2.1912e+08
3740.19 2.0905e+08
3741.66 2.1469e+08
3743.13 2.0802e+08
3744.60 2.0099e+08
3746.07 2.0416e+08
3747.54 2.0799e+08
3749.01 2.0388e+08
3750.48 1.9132e+08
3751.95 2.0141e+08
3753.42 2.2127e+08
3754.89 2.2193e+08
3756.36 2.2034e+08
3757.83 2.0951e+08
3759.30 2.0449e+08
3760.77 2.1777e+08
3762.24 2.2588e+08
3763.71 2.1624e+08
3765.18 2.2375e+08
3766.65 2.4951e+08
3768.12 2.5217e+08
3769.59 2.6702e+08
3771.06 2.5591e+08
3772.53 2.2375e+08
3774.00 2.379e+08
3775.47 2.6491e+08
3776.94 2.6983e+08
3778.41 2.5256e+08
3779.88 2.6836e+08
3781.35 2.8271e+08
3782.82 2.6422e+08
3784.29 2.6058e+08
3785.76 2.617e+08
3787.23 2.5345e+08
3788.70 2.3426e+08
3790.17 2.7659e+08
3791.64 2.9399e+08
3793.11 2.7201e+08
3794.58 2.9446e+08
3796.05 2.882e+08
3797.52 2.7545e+08
3798.99 2.7386e+08
3800.46 2.705e+08
3801.93 2.525e+08
3803.40 2.2416e+08
3804.87 2.5504e+08
3806.34 2.7859e+08
3807.81 2.4759e+08
3809.28 2.4525e+08
3810.75 2.7841e+08
3812.22 2.9418e+08
3813.69 2.8208e+08
3815.16 2.6565e+08
3816.63 2.5138e+08
3818.10 2.4905e+08
3819.57 2.6203e+08
3821.04 2.8618e+08
3822.51 2.9313e+08
3823.98 2.773e+08
3825.45 2.7401e+08
3826.92 2.742e+08
3828.39 2.6528e+08
3829.86 2.7904e+08
3831.33 2.6819e+08
3832.80 2.3804e+08
3834.27 2.3416e+08
3835.74 2.4974e+08
3837.21 2.7228e+08
3838.68 2.5284e+08
3840.15 2.3905e+08
3841.62 2.5238e+08
3843.09 2.665e+08
3844.56 2.6043e+08
3846.03 2.3898e+08
3847.50 2.3361e+08
3848.97 2.5768e+08
3850.44 2.8125e+08
3851.91 2.6797e+08
3853.38 2.6001e+08
3854.85 2.7234e+08
3856.32 2.632e+08
3857.79 2.4806e+08
3859.26 2.5766e+08
3860.73 2.5989e+08
3862.20 2.5121e+08
3863.67 2.5301e+08
3865.14 2.4567e+08
3866.61 2.4204e+08
3868.08 2.5066e+08
3869.55 2.4832e+08
3871.02 2.8493e+08
3872.49 2.6876e+08
3873.96 2.4221e+08
3875.43 2.6142e+08
3876.90 2.6418e+08
3878.37 2.7183e+08
3879.84 2.587e+08
3881.31 2.4492e+08
3882.78 2.3813e+08
3884.25 2.4642e+08
3885.72 2.4071e+08
3887.19 2.4641e+08
3888.66 2.5441e+08
3890.13 2.4338e+08
3891.60 2.4702e+08
3893.07 2.309e+08
3894.54 2.1638e+08
3896.01 2.4198e+08
3897.48 2.5227e+08
3898.95 2.34e+08
3900.42 2.2842e+08
3901.89 2.2739e+08
3903.36 2.197e+08
3904.83 2.1402e+08
3906.30 2.2125e+08
3907.77 2.0032e+08
3909.24 1.9205e+08
3910.71 2.0374e+08
3912.18 2.0253e+08
3913.65 2.0289e+08
3915.12 2.022e+08
3916.59 2.0306e+08
3918.06 2.0042e+08
3919.53 1.9449e+08
3921.00 1.9799e+08
3922.47 2.0381e+08
3923.94 1.975e+08
3925.41 1.7659e+08
3926.88 1.7438e+08
3928.35 1.8004e+08
3929.82 1.7846e+08
3931.29 1.7402e+08
3932.76 1.7681e+08
3934.23 1.6933e+08
3935.70 1.6378e+08
3937.17 1.6839e+08
3938.64 1.5359e+08
3940.11 1.5332e+08
3941.58 1.6599e+08
3943.05 1.5983e+08
3944.52 1.6365e+08
3945.99 1.7546e+08
3947.46 1.6774e+08
3948.93 1.4911e+08
3950.40 1.4908e+08
3951.87 1.5603e+08
3953.34 1.4432e+08
3954.81 1.3719e+08
3956.28 1.451e+08
3957.75 1.5195e+08
3959.22 1.4227e+08
3960.69 1.2873e+08
3962.16 1.3424e+08
3963.63 1.5409e+08
3965.10 1.553e+08
3966.57 1.4591e+08
3968.04 1.4102e+08
3969.51 1.4028e+08
3970.98 1.3425e+08
3972.45 1.4006e+08
3973.92 1.4358e+08
3975.39 1.4729e+08
3976.86 1.513e+08
3978.33 1.5455e+08
3979.80 1.5547e+08
3981.27 1.5333e+08
3982.74 1.4589e+08
3984.21 1.5004e+08
3985.68 1.6338e+08
3987.15 1.6229e+08
3988.62 1.435e+08
3990.09 1.5133e+08
3991.56 1.6855e+08
3993.03 1.6067e+08
3994.50 1.5357e+08
3995.97 1.5858e+08
3997.44 1.5862e+08
3998.91 1.7267e+08
4000.38 1.6963e+08
4001.85 1.5095e+08
4003.32 1.5126e+08
4004.79 1.5688e+08
4006.26 1.5533e+08
4007.73 1.5033e+08
4009.20 1.4934e+08
4010.67 1.5809e+08
4012.14 1.5459e+08
4013.61 1.3729e+08
4015.08 1.29e+08
4016.55 1.3889e+08
4018.02 1.5759e+08
4019.49 1.5069e+08
4020.96 1.4926e+08
4022.43 1.561e+08
4023.90 1.458e+08
4025.37 1.5015e+08
4026.84 1.5377e+08
4028.31 1.5606e+08
4029.78 1.4388e+08
4031.25 1.3511e+08
4032.72 1.4116e+08
4034.19 1.4043e+08
4035.66 1.3709e+08
4037.13 1.3647e+08
4038.60 1.4494e+08
4040.07 1.4772e+08
4041.54 1.3578e+08
4043.01 1.42e+08
4044.48 1.4126e+08
4045.95 1.3321e+08
4047.42 1.3942e+08
4048.89 1.3869e+08
4050.36 1.327e+08
4051.83 1.3889e+08
4053.30 1.4086e+08
4054.77 1.4673e+08
4056.24 1.4858e+08
4057.71 1.3544e+08
4059.18 1.3162e+08
4060.65 1.3533e+08
4062.12 1.396e+08
4063.59 1.5024e+08
4065.06 1.5141e+08
4066.53 1.4776e+08
4068.00 1.526e+08
4069.47 1.5168e+08
4070.94 1.5249e+08
4072.41 1.6252e+08
4073.88 1.5812e+08
4075.35 1.4899e+08
4076.82 1.479e+08
4078.29 1.5483e+08
4079.76 1.5382e+08
4081.23 1.4502e+08
4082.70 1.4914e+08
4084.17 1.5495e+08
4085.64 1.4975e+08
4087.11 1.4099e+08
4088.58 1.4065e+08
4090.05 1.5748e+08
4091.52 1.5046e+08
4092.99 1.4585e+08
4094.46 1.4861e+08
4095.93 1.3959e+08
4097.40 1.3874e+08
4098.87 1.451e+08
4100.34 1.5063e+08
4101.81 1.4873e+08
4103.28 1.4494e+08
4104.75 1.447e+08
4106.22 1.4406e+08
4107.69 1.5122e+08
4109.16 1.6011e+08
4110.63 1.5817e+08
4112.10 1.6219e+08
4113.57 1.512e+08
4115.04 1.4068e+08
4116.51 1.5203e+08
4117.98 1.6314e+08
4119.45 1.6089e+08
4120.92 1.5854e+08
4122.39 1.5302e+08
4123.86 1.5978e+08
4125.33 1.5732e+08
4126.80 1.4826e+08
4128.27 1.4762e+08
4129.74 1.4363e+08
4131.21 1.4248e+08
4132.68 1.4728e+08
4134.15 1.4389e+08
4135.62 1.3868e+08
4137.09 1.3832e+08
4138.56 1.4617e+08
4140.03 1.5515e+08
4141.50 1.4703e+08
4142.97 1.5878e+08
4144.44 1.7162e+08
4145.91 1.587e+08
4147.38 1.4021e+08
4148.85 1.4418e+08
4150.32 1.4476e+08
4151.79 1.4737e+08
4153.26 1.4653e+08
4154.73 1.4356e+08
4156.20 1.4647e+08
4157.67 1.5645e+08
4159.14 1.5301e+08
4160.61 1.4567e+08
4162.08 1.4083e+08
4163.55 1.5238e+08
4165.02 1.469e+08
4166.49 1.5311e+08
4167.96 1.5684e+08
4169.43 1.3981e+08
4170.90 1.3035e+08
4172.37 1.4747e+08
4173.84 1.5037e+08
4175.31 1.3415e+08
4176.78 1.3995e+08
4178.25 1.5018e+08
4179.72 1.5369e+08
4181.19 1.4994e+08
4182.66 1.4606e+08
4184.13 1.5193e+08
4185.60 1.4897e+08
4187.07 1.4823e+08
4188.54 1.5249e+08
4190.01 1.5316e+08
4191.48 1.4252e+08
4192.95 1.4861e+08
4194.42 1.5398e+08
4195.89 1.4912e+08
4197.36 1.4356e+08
4198.83 1.4249e+08
4200.30 1.4846e+08
4201.77 1.5549e+08
4203.24 1.4881e+08
4204.71 1.4524e+08
4206.18 1.4607e+08
4207.65 1.4471e+08
4209.12 1.552e+08
4210.59 1.6018e+08
4212.06 1.6284e+08
4213.53 1.6027e+08
4215.00 1.5323e+08
4216.47 1.4891e+08
4217.94 1.4614e+08
4219.41 1.4341e+08
4220.88 1.4577e+08
4222.35 1.481e+08
4223.82 1.4736e+08
4225.29 1.4308e+08
4226.76 1.4356e+08
4228.23 1.521e+08
4229.70 1.5348e+08
4231.17 1.4896e+08
4232.64 1.4869e+08
4234.11 1.4298e+08
4235.58 1.3958e+08
4237.05 1.5531e+08
4238.52 1.5894e+08
4239.99 1.4843e+08
4241.46 1.4358e+08
4242.93 1.4672e+08
4244.40 1.5244e+08
4245.87 1.5124e+08
4247.34 1.6329e+08
4248.81 1.67e+08
4250.28 1.5371e+08
4251.75 1.5403e+08
4253.22 1.6235e+08
4254.69 1.5531e+08
4256.16 1.479e+08
4257.63 1.5198e+08
4259.10 1.5401e+08
4260.57 1.5906e+08
4262.04 1.6351e+08
4263.51 1.554e+08
4264.98 1.4572e+08
4266.45 1.4798e+08
4267.92 1.5121e+08
4269.39 1.5465e+08
4270.86 1.5733e+08
4272.33 1.5505e+08
4273.80 1.5014e+08
4275.27 1.4518e+08
4276.74 1.521e+08
4278.21 1.6068e+08
4279.68 1.5513e+08
4281.15 1.6021e+08
4282.62 1.581e+08
4284.09 1.5758e+08
4285.56 1.6063e+08
4287.03 1.5088e+08
4288.50 1.5782e+08
4289.97 1.5871e+08
4291.44 1.4832e+08
4292.91 1.5159e+08
4294.38 1.4683e+08
4295.85 1.4401e+08
4297.32 1.4408e+08
4298.79 1.3617e+08
4300.26 1.3717e+08
4301.73 1.436e+08
4303.20 1.3841e+08
4304.67 1.3264e+08
4306.14 1.3389e+08
4307.61 1.4502e+08
4309.08 1.4467e+08
4310.55 1.3892e+08
4312.02 1.4549e+08
4313.49 1.4947e+08
4314.96 1.3561e+08
4316.43 1.3415e+08
4317.90 1.3838e+08
4319.37 1.4107e+08
4320.84 1.3527e+08
4322.31 1.3511e+08
4323.78 1.3612e+08
4325.25 1.41e+08
4326.72 1.4025e+08
4328.19 1.413e+08
4329.66 1.4345e+08
4331.13 1.4164e+08
4332.60 1.4231e+08
4334.07 1.4517e+08
4335.54 1.5113e+08
4337.01 1.4544e+08
4338.48 1.3995e+08
4339.95 1.3816e+08
4341.42 1.3646e+08
4342.89 1.3307e+08
4344.36 1.4132e+08
4345.83 1.4396e+08
4347.30 1.4434e+08
4348.77 1.4168e+08
4350.24 1.345e+08
4351.71 1.4272e+08
4353.18 1.4464e+08
4354.65 1.4031e+08
4356.12 1.4501e+08
4357.59 1.5427e+08
4359.06 1.4559e+08
4360.53 1.4886e+08
4362.00 1.4435e+08
4363.47 1.4221e+08
4364.94 1.3466e+08
4366.41 1.3445e+08
4367.88 1.4954e+08
4369.35 1.5318e+08
4370.82 1.4519e+08
4372.29 1.4438e+08
4373.76 1.3896e+08
4375.23 1.4129e+08
4376.70 1.4485e+08
4378.17 1.4919e+08
4379.64 1.4639e+08
4381.11 1.4307e+08
4382.58 1.4447e+08
4384.05 1.4114e+08
4385.52 1.4244e+08
4386.99 1.4619e+08
4388.46 1.4419e+08
4389.93 1.4075e+08
4391.40 1.3929e+08
4392.87 1.4584e+08
4394.34 1.45e+08
4395.81 1.5052e+08
4397.28 1.4459e+08
4398.75 1.4247e+08
4400.22 1.5306e+08
4401.69 1.4758e+08
4403.16 1.4783e+08
4404.63 1.5043e+08
4406.10 1.5593e+08
4407.57 1.5042e+08
4409.04 1.4182e+08
4410.51 1.5253e+08
4411.98 1.5751e+08
4413.45 1.5125e+08
4414.92 1.435e+08
4416.39 1.5018e+08
4417.86 1.5553e+08
4419.33 1.4714e+08
4420.80 1.5313e+08
4422.27 1.5763e+08
4423.74 1.5503e+08
4425.21 1.503e+08
4426.68 1.4954e+08
4428.15 1.5136e+08
4429.62 1.5133e+08
4431.09 1.4614e+08
4432.56 1.4759e+08
4434.03 1.538e+08
4435.50 1.4733e+08
4436.97 1.5257e+08
4438.44 1.5652e+08
4439.91 1.5557e+08
4441.38 1.5293e+08
4442.85 1.5407e+08
4444.32 1.5373e+08
4445.79 1.4414e+08
4447.26 1.4405e+08
4448.73 1.4918e+08
4450.20 1.4595e+08
4451.67 1.4284e+08
4453.14 1.4483e+08
4454.61 1.4428e+08
4456.08 1.3904e+08
4457.55 1.4137e+08
4459.02 1.4356e+08
4460.49 1.3265e+08
4461.96 1.3096e+08
4463.43 1.4308e+08
4464.90 1.3402e+08
4466.37 1.3091e+08
4467.84 1.2841e+08
4469.31 1.1635e+08
4470.78 1.2072e+08
4472.25 1.2681e+08
4473.72 1.2274e+08
4475.19 1.2814e+08
4476.66 1.322e+08
4478.13 1.2645e+08
4479.60 1.2613e+08
4481.07 1.3531e+08
4482.54 1.3578e+08
4484.01 1.3235e+08
4485.48 1.2841e+08
4486.95 1.2199e+08
4488.42 1.3273e+08
4489.89 1.424e+08
4491.36 1.3966e+08
4492.83 1.4511e+08
4494.30 1.4005e+08
4495.77 1.3454e+08
4497.24 1.3964e+08
4498.71 1.3407e+08
4500.18 1.2839e+08
4501.65 1.3212e+08
4503.12 1.4348e+08
4504.59 1.3506e+08
4506.06 1.258e+08
4507.53 1.3976e+08
4509.00 1.3745e+08
4510.47 1.3538e+08
4511.94 1.3335e+08
4513.41 1.321e+08
4514.88 1.2623e+08
4516.35 1.2886e+08
4517.82 1.3109e+08
4519.29 1.3759e+08
4520.76 1.4261e+08
4522.23 1.4136e+08
4523.70 1.338e+08
4525.17 1.2555e+08
4526.64 1.3291e+08
4528.11 1.3118e+08
4529.58 1.2967e+08
4531.05 1.2594e+08
4532.52 1.2776e+08
4533.99 1.3143e+08
4535.46 1.2239e+08
4536.93 1.2321e+08
4538.40 1.3005e+08
4539.87 1.2384e+08
4541.34 1.259e+08
4542.81 1.2519e+08
4544.28 1.3042e+08
4545.75 1.3099e+08
4547.22 1.1863e+08
4548.69 1.1137e+08
4550.16 1.073e+08
4551.63 1.0998e+08
4553.10 1.2198e+08
4554.57 1.186e+08
4556.04 1.1198e+08
4557.51 1.1047e+08
4558.98 1.1353e+08
4560.45 1.2211e+08
4561.92 1.1629e+08
4563.39 1.1212e+08
4564.86 1.1689e+08
4566.33 1.0589e+08
4567.80 1.0467e+08
4569.27 1.0746e+08
4570.74 1.0768e+08
4572.21 1.1525e+08
4573.68 1.1119e+08
4575.15 1.0718e+08
4576.62 1.088e+08
4578.09 1.0657e+08
4579.56 1.0582e+08
4581.03 1.0549e+08
4582.50 1.0086e+08
4583.97 1.0168e+08
4585.44 1.0068e+08
4586.91 1.0021e+08
4588.38 9.6903e+07
4589.85 1.0474e+08
4591.32 1.0711e+08
4592.79 1.0827e+08
4594.26 1.0484e+08
4595.73 1.1042e+08
4597.20 1.0882e+08
4598.67 1.0684e+08
4600.14 1.0987e+08
4601.61 1.0254e+08
4603.08 9.9846e+07
4604.55 1.0136e+08
4606.02 1.031e+08
4607.49 1.0571e+08
4608.96 1.078e+08
4610.43 1.009e+08
4611.90 9.9101e+07
4613.37 1.0368e+08
4614.84 1.0497e+08
4616.31 1.0643e+08
4617.78 9.392e+07
4619.25 9.4112e+07
4620.72 1.0016e+08
4622.19 1.0145e+08
4623.66 9.5736e+07
4625.13 9.6827e+07
4626.60 9.5984e+07
4628.07 9.3628e+07
4629.54 9.5911e+07
4631.01 1.0435e+08
4632.48 1.0087e+08
4633.95 9.882e+07
4635.42 1.0102e+08
4636.89 9.5591e+07
4638.36 1.0064e+08
4639.83 1.014e+08
4641.30 1.0229e+08
4642.77 9.8466e+07
4644.24 9.8481e+07
4645.71 9.9577e+07
4647.18 9.9346e+07
4648.65 9.7289e+07
4650.12 1.0494e+08
4651.59 1.0444e+08
4653.06 1.0431e+08
4654.53 1.0028e+08
4656.00 1.0164e+08
4657.47 1.0101e+08
4658.94 1.0318e+08
4660.41 1.0549e+08
4661.88 1.0983e+08
4663.35 1.1739e+08
4664.82 1.1038e+08
4666.29 1.0477e+08
4667.76 1.0702e+08
4669.23 1.1139e+08
4670.70 1.0972e+08
4672.17 1.0799e+08
4673.64 1.1179e+08
4675.11 1.1714e+08
4676.58 1.1409e+08
4678.05 1.1199e+08
4679.52 1.154e+08
4680.99 1.1145e+08
4682.46 1.1267e+08
4683.93 1.1287e+08
4685.40 1.1331e+08
4686.87 1.1721e+08
4688.34 1.1783e+08
4689.81 1.0648e+08
4691.28 1.0388e+08
4692.75 1.0399e+08
4694.22 1.0656e+08
4695.69 1.0186e+08
4697.16 1.026e+08
4698.63 1.064e+08
4700.10 1.0254e+08
4701.57 1.0202e+08
4703.04 1.0647e+08
4704.51 1.0616e+08
4705.98 1.0038e+08
4707.45 1.0367e+08
4708.92 9.6068e+07
4710.39 9.7935e+07
4711.86 1.0218e+08
4713.33 1.046e+08
4714.80 1.0653e+08
4716.27 1.01e+08
4717.74 1.0696e+08
4719.21 1.0843e+08
4720.68 9.9249e+07
4722.15 1.0151e+08
4723.62 1.0121e+08
4725.09 9.9613e+07
4726.56 9.7696e+07
4728.03 1.0219e+08
4729.50 1.0912e+08
4730.97 1.0349e+08
4732.44 1.0389e+08
4733.91 1.0318e+08
4735.38 9.9801e+07
4736.85 1.0361e+08
4738.32 1.0294e+08
4739.79 1.0537e+08
4741.26 1.0659e+08
4742.73 1.0763e+08
4744.20 1.1029e+08
4745.67 1.0329e+08
4747.14 1.0995e+08
4748.61 1.0635e+08
4750.08 1.0566e+08
4751.55 1.0529e+08
4753.02 1.0753e+08
4754.49 1.0674e+08
4755.96 1.095e+08
4757.43 9.969e+07
4758.90 1.0253e+08
4760.37 1.0791e+08
4761.84 1.1198e+08
4763.31 1.1501e+08
4764.78 1.1117e+08
4766.25 1.0972e+08
4767.72 1.1799e+08
4769.19 1.1746e+08
4770.66 1.1756e+08
4772.13 1.1091e+08
4773.60 1.2e+08
4775.07 1.2254e+08
4776.54 1.2286e+08
4778.01 1.1744e+08
4779.48 1.1246e+08
4780.95 1.1733e+08
4782.42 1.1833e+08
4783.89 1.2341e+08
4785.36 1.233e+08
4786.83 1.2122e+08
4788.30 1.1577e+08
4789.77 1.0724e+08
4791.24 1.1526e+08
4792.71 1.1724e+08
4794.18 1.1056e+08
4795.65 1.088e+08
4797.12 1.1384e+08
4798.59 1.0373e+08
4800.06 1.1556e+08
4801.53 1.2043e+08
4803.00 1.1288e+08
4804.47 1.1224e+08
4805.94 1.1081e+08
4807.41 1.0899e+08
4808.88 1.0752e+08
4810.35 1.1325e+08
4811.82 1.1022e+08
4813.29 1.1165e+08
4814.76 1.1932e+08
4816.23 1.2077e+08
4817.70 1.1583e+08
4819.17 1.0507e+08
4820.64 1.0084e+08
4822.11 1.0756e+08
4823.58 1.0688e+08
4825.05 1.0413e+08
4826.52 1.0286e+08
4827.99 1.1296e+08
4829.46 1.1071e+08
4830.93 1.0647e+08
4832.40 1.0756e+08
4833.87 1.1298e+08
4835.34 1.0819e+08
4836.81 1.0877e+08
4838.28 1.1547e+08
4839.75 1.2721e+08
4841.22 1.2236e+08
4842.69 1.1189e+08
4844.16 1.1202e+08
4845.63 1.1262e+08
4847.10 1.1849e+08
4848.57 1.1559e+08
4850.04 1.1944e+08
4851.51 1.2093e+08
4852.98 1.2329e+08
4854.45 1.1768e+08
4855.92 1.1843e+08
4857.39 1.1952e+08
4858.86 1.1779e+08
4860.33 1.2177e+08
4861.80 1.2026e+08
4863.27 1.2434e+08
4864.74 1.2368e+08
4866.21 1.2158e+08
4867.68 1.2918e+08
4869.15 1.3527e+08
4870.62 1.2844e+08
4872.09 1.3025e+08
4873.56 1.3493e+08
4875.03 1.3651e+08
4876.50 1.283e+08
4877.97 1.2395e+08
4879.44 1.2981e+08
4880.91 1.3741e+08
4882.38 1.3635e+08
4883.85 1.3611e+08
4885.32 1.3791e+08
4886.79 1.4737e+08
4888.26 1.5416e+08
4889.73 1.4645e+08
4891.20 1.6153e+08
4892.67 1.5914e+08
4894.14 1.5441e+08
4895.61 1.5433e+08
4897.08 1.5654e+08
4898.55 1.6085e+08
4900.02 1.6501e+08
4901.49 1.6336e+08
4902.96 1.6906e+08
4904.43 1.6833e+08
4905.90 1.6799e+08
4907.37 1.6521e+08
4908.84 1.6628e+08
4910.31 1.6914e+08
4911.78 1.7953e+08
4913.25 1.7037e+08
4914.72 1.6523e+08
4916.19 1.7848e+08
4917.66 1.8289e+08
4919.13 1.7793e+08
4920.60 1.662e+08
4922.07 1.7945e+08
4923.54 1.7353e+08
4925.01 1.6532e+08
4926.48 1.719e+08
4927.95 1.6443e+08
4929.42 1.6649e+08
4930.89 1.6004e+08
4932.36 1.6197e+08
4933.83 1.5548e+08
4935.30 1.5292e+08
4936.77 1.5577e+08
4938.24 1.5029e+08
4939.71 1.4832e+08
4941.18 1.4485e+08
4942.65 1.4721e+08
4944.12 1.512e+08
4945.59 1.4838e+08
4947.06 1.3536e+08
4948.53 1.3367e+08
4950.00 1.3426e+08
4951.47 1.3109e+08
4952.94 1.3024e+08
4954.41 1.3351e+08
4955.88 1.2792e+08
4957.35 1.181e+08
4958.82 1.1793e+08
4960.29 1.1435e+08
4961.76 1.17e+08
4963.23 1.183e+08
4964.70 1.1072e+08
4966.17 1.0836e+08
4967.64 1.0093e+08
4969.11 1.0247e+08
4970.58 1.062e+08
4972.05 9.9719e+07
4973.52 9.8541e+07
4974.99 9.658e+07
4976.46 8.8714e+07
4977.93 8.8639e+07
4979.40 9.1614e+07
4980.87 8.3253e+07
4982.34 7.9574e+07
4983.81 8.5206e+07
4985.28 8.6011e+07
4986.75 7.9091e+07
4988.22 8.5845e+07
4989.69 7.9461e+07
4991.16 7.3731e+07
4992.63 7.0714e+07
4994.10 6.7268e+07
4995.57 6.5039e+07
4997.04 6.6742e+07
4998.51 6.8506e+07
4999.98 6.7951e+07
5001.45 6.1701e+07
5002.92 5.9596e+07
5004.39 6.1563e+07
5005.86 5.9086e+07
5007.33 6.097e+07
5008.80 5.8544e+07
5010.27 5.8454e+07
5011.74 5.647e+07
5013.21 5.825e+07
5014.68 6.2462e+07
5016.15 6.1295e+07
5017.62 6.1871e+07
5019.09 5.8679e+07
5020.56 5.7932e+07
5022.03 5.9764e+07
5023.50 5.6934e+07
5024.97 5.938e+07
5026.44 5.8513e+07
5027.91 5.8618e+07
5029.38 5.9372e+07
5030.85 6.2612e+07
5032.32 6.0775e+07
5033.79 5.7257e+07
5035.26 5.5937e+07
5036.73 6.1476e+07
5038.20 6.2114e+07
5039.67 6.1278e+07
5041.14 6.0682e+07
5042.61 6.3197e+07
5044.08 7.1234e+07
5045.55 6.6224e+07
5047.02 6.6276e+07
5048.49 7.0809e+07
5049.96 7.2432e+07
5051.43 6.9548e+07
5052.90 7.7044e+07
5054.37 7.966e+07
5055.84 7.4276e+07
5057.31 7.6942e+07
5058.78 8.059e+07
5060.25 8.4155e+07
5061.72 8.2469e+07
5063.19 8.2806e+07
5064.66 8.0554e+07
5066.13 8.0217e+07
5067.60 8.119e+07
5069.07 8.5946e+07
5070.54 9.085e+07
5072.01 8.9156e+07
5073.48 8.6229e+07
5074.95 9.2827e+07
5076.42 9.1369e+07
5077.89 8.7265e+07
5079.36 9.2446e+07
5080.83 9.8766e+07
5082.30 9.7211e+07
5083.77 9.1736e+07
5085.24 9.6193e+07
5086.71 1.0135e+08
5088.18 1.0241e+08
5089.65 1.022e+08
5091.12 1.0453e+08
5092.59 9.6756e+07
5094.06 9.8149e+07
5095.53 1.0851e+08
5097.00 1.0504e+08
5098.47 1.0666e+08
5099.94 1.0466e+08
5101.41 1.0437e+08
5102.88 1.0355e+08
5104.35 1.0408e+08
5105.82 1.1036e+08
5107.29 1.0792e+08
5108.76 1.08e+08
5110.23 1.0278e+08
5111.70 1.0139e+08
5113.17 1.0366e+08
5114.64 1.097e+08
5116.11 1.0863e+08
5117.58 1.0928e+08
5119.05 1.1318e+08
5120.52 1.1547e+08
5121.99 1.1345e+08
5123.46 1.063e+08
5124.93 1.0728e+08
5126.40 1.0718e+08
5127.87 1.0666e+08
5129.34 1.0274e+08
5130.81 1.0494e+08
5132.28 1.05e+08
5133.75 9.5834e+07
5135.22 1.0384e+08
5136.69 1.0039e+08
5138.16 9.0724e+07
5139.63 9.3721e+07
5141.10 9.1807e+07
5142.57 9.0021e+07
5144.04 8.6928e+07
5145.51 8.5453e+07
5146.98 8.1229e+07
5148.45 7.8572e+07
5149.92 8.0038e+07
5151.39 8.2907e+07
5152.86 8.2206e+07
5154.33 7.7135e+07
5155.80 7.7427e+07
5157.27 8.3396e+07
5158.74 8.6023e+07
5160.21 8.2176e+07
5161.68 8.2098e+07
5163.15 7.9675e+07
5164.62 7.8955e+07
5166.09 7.8429e+07
5167.56 8.3013e+07
5169.03 8.2969e+07
5170.50 7.6994e+07
5171.97 8.2996e+07
5173.44 8.395e+07
5174.91 7.9129e+07
5176.38 7.6201e+07
5177.85 7.3662e+07
5179.32 7.5022e+07
5180.79 7.2184e+07
5182.26 7.2781e+07
5183.73 7.4554e+07
5185.20 7.3669e+07
5186.67 7.478e+07
5188.14 7.7567e+07
5189.61 7.5649e+07
5191.08 7.762e+07
5192.55 7.6143e+07
5194.02 7.6071e+07
5195.49 7.8276e+07
5196.96 7.7215e+07
5198.43 8.2604e+07
5199.90 7.7891e+07
5201.37 7.7452e+07
5202.84 7.9662e+07
5204.31 8.3194e+07
5205.78 8.2818e+07
5207.25 7.9259e+07
5208.72 8.2442e+07
5210.19 8.3466e+07
5211.66 8.3933e+07
5213.13 8.4842e+07
5214.60 8.3727e+07
5216.07 8.3978e+07
5217.54 8.1689e+07
5219.01 8.094e+07
5220.48 7.8614e+07
5221.95 7.5972e+07
5223.42 7.4957e+07
5224.89 7.2094e+07
5226.36 7.5632e+07
5227.83 7.6436e+07
5229.30 7.267e+07
5230.77 7.7148e+07
5232.24 7.7685e+07
5233.71 7.6936e+07
5235.18 7.8224e+07
5236.65 7.5623e+07
5238.12 7.7315e+07
5239.59 7.6608e+07
5241.06 7.8489e+07
5242.53 8.0413e+07
5244.00 8.2495e+07
5245.47 8.4009e+07
5246.94 8.8255e+07
5248.41 8.5042e+07
5249.88 7.9627e+07
5251.35 8.0284e+07
5252.82 8.0601e+07
5254.29 8.471e+07
5255.76 8.7714e+07
5257.23 8.3935e+07
5258.70 7.7753e+07
5260.17 7.77e+07
5261.64 8.0721e+07
5263.11 8.1252e+07
5264.58 8.1004e+07
5266.05 8.0195e+07
5267.52 7.5002e+07
5268.99 7.3161e+07
5270.46 7.5512e+07
5271.93 7.209e+07
5273.40 7.443e+07
5274.87 7.77e+07
5276.34 7.3578e+07
5277.81 7.5899e+07
5279.28 7.4202e+07
5280.75 7.3071e+07
5282.22 7.5007e+07
5283.69 7.3387e+07
5285.16 7.4691e+07
5286.63 7.6071e+07
5288.10 7.9788e+07
5289.57 8.1067e+07
5291.04 8.1191e+07
5292.51 8.5346e+07
5293.98 8.4845e+07
5295.45 7.9052e+07
5296.92 8.4875e+07
5298.39 8.649e+07
5299.86 8.0877e+07
5301.33 8.4022e+07
5302.80 8.1306e+07
5304.27 8.0934e+07
5305.74 8.1714e+07
5307.21 7.9993e+07
5308.68 8.5188e+07
5310.15 8.8761e+07
5311.62 8.1877e+07
5313.09 7.9313e+07
5314.56 7.5157e+07
5316.03 7.4594e+07
5317.50 7.624e+07
5318.97 7.7042e+07
5320.44 7.8093e+07
5321.91 7.6614e+07
5323.38 7.5576e+07
5324.85 7.3464e+07
5326.32 7.4449e+07
5327.79 7.1362e+07
5329.26 7.3284e+07
5330.73 7.2138e+07
5332.20 7.1704e+07
5333.67 7.29e+07
5335.14 7.3255e+07
5336.61 7.3358e+07
5338.08 7.4127e+07
5339.55 7.6334e+07
5341.02 7.6477e+07
5342.49 8.1129e+07
5343.96 7.7159e+07
5345.43 7.2879e+07
5346.90 7.7712e+07
5348.37 7.562e+07
5349.84 7.7728e+07
5351.31 8.0971e+07
5352.78 7.9841e+07
5354.25 7.7274e+07
5355.72 7.9016e+07
5357.19 8.0133e+07
5358.66 7.999e+07
5360.13 7.6262e+07
5361.60 7.6e+07
5363.07 7.9483e+07
5364.54 8.2371e+07
5366.01 7.8801e+07
5367.48 7.504e+07
5368.95 7.6737e+07
5370.42 7.9971e+07
5371.89 8.6874e+07
5373.36 8.3828e+07
5374.83 8.2669e+07
5376.30 7.6974e+07
5377.77 8.0334e+07
5379.24 7.8002e+07
5380.71 7.7799e+07
5382.18 7.6842e+07
5383.65 7.5965e+07
5385.12 7.9383e+07
5386.59 7.6115e+07
5388.06 7.4568e+07
5389.53 7.4823e+07
5391.00 7.3193e+07
5392.47 7.5496e+07
5393.94 7.279e+07
5395.41 7.2096e+07
5396.88 7.4566e+07
5398.35 7.572e+07
5399.82 7.4934e+07
5401.29 7.7669e+07
5402.76 7.9865e+07
5404.23 7.3126e+07
5405.70 7.0798e+07
5407.17 7.0594e+07
5408.64 7.5077e+07
5410.11 7.5299e+07
5411.58 7.2964e+07
5413.05 7.0202e+07
5414.52 6.7509e+07
5415.99 7.0644e+07
5417.46 7.3372e+07
5418.93 7.5884e+07
5420.40 7.2422e+07
5421.87 7.5904e+07
5423.34 7.4059e+07
5424.81 7.3552e+07
5426.28 7.7997e+07
5427.75 7.5152e+07
5429.22 7.2337e+07
5430.69 7.4326e+07
5432.16 8.315e+07
5433.63 8.3595e+07
5435.10 7.4695e+07
5436.57 6.9623e+07
5438.04 7.4231e+07
5439.51 7.8372e+07
5440.98 7.8667e+07
5442.45 7.8021e+07
5443.92 7.889e+07
5445.39 8.0225e+07
5446.86 8.0253e+07
5448.33 8.7961e+07
5449.80 8.4127e+07
5451.27 8.2587e+07
5452.74 8.4119e+07
5454.21 8.5081e+07
5455.68 8.6324e+07
5457.15 8.0076e+07
5458.62 8.4972e+07
5460.09 8.1742e+07
5461.56 8.0827e+07
5463.03 8.1747e+07
5464.50 8.2087e+07
5465.97 8.5015e+07
5467.44 8.2736e+07
5468.91 8.3746e+07
5470.38 8.8846e+07
5471.85 8.3055e+07
5473.32 8.1635e+07
5474.79 8.5943e+07
5476.26 8.3481e+07
5477.73 8.2053e+07
5479.20 8.0276e+07
5480.67 8.0058e+07
5482.14 7.7141e+07
5483.61 7.6275e+07
5485.08 7.9648e+07
5486.55 8.1902e+07
5488.02 8.0622e+07
5489.49 7.4416e+07
5490.96 7.1743e+07
5492.43 7.3116e+07
5493.90 6.8888e+07
5495.37 6.8681e+07
5496.84 6.8849e+07
5498.31 7.1649e+07
5499.78 6.8972e+07
5501.25 6.4282e+07
5502.72 6.4563e+07
5504.19 6.516e+07
5505.66 6.2131e+07
5507.13 6.258e+07
5508.60 5.905e+07
5510.07 6.2845e+07
5511.54 6.0961e+07
5513.01 6.0576e+07
5514.48 5.6891e+07
5515.95 5.3979e+07
5517.42 5.5765e+07
5518.89 5.921e+07
5520.36 5.4011e+07
5521.83 5.0864e+07
5523.30 5.4634e+07
5524.77 5.5587e+07
5526.24 5.2822e+07
5527.71 5.018e+07
5529.18 4.9828e+07
5530.65 4.9294e+07
5532.12 4.7882e+07
5533.59 4.8017e+07
5535.06 4.7397e+07
5536.53 4.7726e+07
5538.00 4.5174e+07
5539.47 4.6388e+07
5540.94 4.7411e+07
5542.41 4.467e+07
5543.88 4.4696e+07
5545.35 4.4678e+07
5546.82 4.2546e+07
5548.29 4.0749e+07
5549.76 3.9712e+07
5551.23 3.7377e+07
5552.70 3.572e+07
5554.17 3.6641e+07
5555.64 3.7702e+07
5557.11 3.9011e+07
5558.58 4.3457e+07
5560.05 4.4207e+07
5561.52 4.533e+07
5562.99 5.0701e+07
5564.46 5e+07
5565.93 4.9278e+07
5567.40 5.2465e+07
5568.87 5.3077e+07
5570.34 5.5491e+07
5571.81 5.5389e+07
5573.28 5.2689e+07
5574.75 5.4688e+07
5576.22 5.8505e+07
5577.69 6.2483e+07
5579.16 6.0758e+07
5580.63 6.1721e+07
5582.10 6.7183e+07
5583.57 6.6492e+07
5585.04 6.7574e+07
5586.51 6.8132e+07
5587.98 6.8694e+07
5589.45 7.0423e+07
5590.92 6.9432e+07
5592.39 7.0782e+07
5593.86 7.4697e+07
5595.33 7.7188e+07
5596.80 7.5615e+07
5598.27 7.719e+07
5599.74 7.7204e+07
5601.21 7.6539e+07
5602.68 7.954e+07
5604.15 7.8946e+07
5605.62 7.9285e+07
5607.09 7.7845e+07
5608.56 7.8752e+07
5610.03 8.306e+07
5611.50 8.2401e+07
5612.97 8.0674e+07
5614.44 8.8536e+07
5615.91 9.5315e+07
5617.38 8.8491e+07
5618.85 8.8857e+07
5620.32 9.1191e+07
5621.79 9.1049e+07
5623.26 9.1343e+07
5624.73 9.287e+07
5626.20 9.0904e+07
5627.67 9.2834e+07
5629.14 9.0258e+07
5630.61 8.7733e+07
5632.08 9.3329e+07
5633.55 9.0745e+07
5635.02 8.8548e+07
5636.49 8.8093e+07
5637.96 8.949e+07
5639.43 8.6986e+07
5640.90 8.7555e+07
5642.37 8.8366e+07
5643.84 8.8331e+07
5645.31 8.8233e+07
5646.78 9.24e+07
5648.25 8.8138e+07
5649.72 8.5243e+07
5651.19 8.9014e+07
5652.66 8.4982e+07
5654.13 7.9755e+07
5655.60 8.2719e+07
5657.07 8.2628e+07
5658.54 8.4775e+07
5660.01 8.4161e+07
5661.48 8.0889e+07
5662.95 8.4583e+07
5664.42 8.4219e+07
5665.89 8.0372e+07
5667.36 8.1544e+07
5668.83 8.4986e+07
5670.30 8.6665e+07
5671.77 8.5248e+07
5673.24 8.5731e+07
5674.71 8.4462e+07
5676.18 8.3384e+07
5677.65 8.4167e+07
5679.12 8.5858e+07
5680.59 8.8007e+07
5682.06 8.991e+07
5683.53 8.5287e+07
5685.00 8.2509e+07
5686.47 9.1699e+07
5687.94 9.4391e+07
5689.41 9.9197e+07
5690.88 9.9767e+07
5692.35 9.8251e+07
5693.82 1.0066e+08
5695.29 1.0248e+08
5696.76 9.68e+07
5698.23 1.0026e+08
5699.70 9.9701e+07
5701.17 1.0932e+08
5702.64 1.1253e+08
5704.11 1.0827e+08
5705.58 1.0656e+08
5707.05 1.1252e+08
5708.52 1.1208e+08
5709.99 1.1838e+08
5711.46 1.1822e+08
5712.93 1.2073e+08
5714.40 1.2469e+08
5715.87 1.2161e+08
5717.34 1.1705e+08
5718.81 1.2465e+08
5720.28 1.31e+08
5721.75 1.3338e+08
5723.22 1.3531e+08
5724.69 1.4156e+08
5726.16 1.47e+08
5727.63 1.5143e+08
5729.10 1.5802e+08
5730.57 1.5083e+08
5732.04 1.5661e+08
5733.51 1.676e+08
5734.98 1.6647e+08
5736.45 1.6685e+08
5737.92 1.7084e+08
5739.39 1.7171e+08
5740.86 1.7244e+08
5742.33 1.7836e+08
5743.80 1.8201e+08
5745.27 1.8479e+08
5746.74 1.8896e+08
5748.21 1.8686e+08
5749.68 1.8803e+08
5751.15 1.9694e+08
5752.62 1.944e+08
5754.09 1.8913e+08
5755.56 1.8299e+08
5757.03 1.9125e+08
5758.50 1.9599e+08
5759.97 1.9439e+08
5761.44 1.9119e+08
5762.91 1.8867e+08
5764.38 1.979e+08
5765.85 1.9468e+08
5767.32 1.9002e+08
5768.79 1.9396e+08
5770.26 1.8879e+08
5771.73 1.9484e+08
5773.20 1.958e+08
5774.67 1.9444e+08
5776.14 1.9092e+08
5777.61 1.9339e+08
5779.08 1.9536e+08
5780.55 1.8917e+08
5782.02 1.8659e+08
5783.49 1.8286e+08
5784.96 1.8187e+08
5786.43 1.8121e+08
5787.90 1.7976e+08
5789.37 1.8191e+08
5790.84 1.8291e+08
5792.31 1.7981e+08
5793.78 1.7536e+08
5795.25 1.7076e+08
5796.72 1.6545e+08
5798.19 1.6016e+08
5799.66 1.6011e+08
5801.13 1.5898e+08
5802.60 1.5154e+08
5804.07 1.4901e+08
5805.54 1.4868e+08
5807.01 1.4635e+08
5808.48 1.4512e+08
5809.95 1.4139e+08
5811.42 1.3861e+08
5812.89 1.3799e+08
5814.36 1.3268e+08
5815.83 1.2646e+08
5817.30 1.2084e+08
5818.77 1.2174e+08
5820.24 1.2415e+08
5821.71 1.1978e+08
5823.18 1.1453e+08
5824.65 1.0976e+08
5826.12 1.0925e+08
5827.59 1.062e+08
5829.06 1.0014e+08
5830.53 9.7612e+07
5832.00 9.8448e+07
5833.47 9.879e+07
5834.94 9.739e+07
5836.41 9.4932e+07
5837.88 9.3543e+07
5839.35 8.807e+07
5840.82 8.5397e+07
5842.29 8.4595e+07
5843.76 8.1209e+07
5845.23 8.1356e+07
5846.70 8.0515e+07
5848.17 7.9715e+07
5849.64 8.0069e+07
5851.11 7.6932e+07
5852.58 7.6344e+07
5854.05 7.5609e+07
5855.52 7.2167e+07
5856.99 6.9832e+07
5858.46 6.6501e+07
5859.93 6.4947e+07
5861.40 6.4135e+07
5862.87 6.6087e+07
5864.34 6.6119e+07
5865.81 6.3216e+07
5867.28 6.1709e+07
5868.75 6.3678e+07
5870.22 6.098e+07
5871.69 6.0081e+07
5873.16 6.0288e+07
5874.63 5.9845e+07
5876.10 6.0471e+07
5877.57 5.5824e+07
5879.04 5.554e+07
5880.51 5.6957e+07
5881.98 5.963e+07
5883.45 5.815e+07
5884.92 5.4508e+07
5886.39 5.2801e+07
5887.86 5.6156e+07
5889.33 5.4548e+07
5890.80 5.7481e+07
5892.27 5.9579e+07
5893.74 5.7712e+07
5895.21 6.0154e+07
5896.68 5.9592e+07
5898.15 6.1801e+07
5899.62 6.8846e+07
5901.09 7.677e+07
5902.56 7.7525e+07
5904.03 7.1226e+07
5905.50 6.8883e+07
5906.97 7.709e+07
5908.44 7.7612e+07
5909.91 6.7902e+07
5911.38 6.3981e+07
5912.85 6.0221e+07
5914.32 5.9439e+07
5915.79 5.8586e+07
5917.26 5.8715e+07
5918.73 5.8391e+07
5920.20 5.9505e+07
5921.67 5.9055e+07
5923.14 6.1834e+07
5924.61 6.2863e+07
5926.08 5.953e+07
5927.55 5.9454e+07
5929.02 6.152e+07
5930.49 6.3248e+07
5931.96 6.1461e+07
5933.43 6.0698e+07
5934.90 6.2629e+07
5936.37 6.2693e+07
5937.84 6.215e+07
5939.31 6.6369e+07
5940.78 6.6799e+07
5942.25 6.6317e+07
5943.72 6.7244e+07
5945.19 6.949e+07
5946.66 7.0642e+07
5948.13 7.1406e+07
5949.60 7.1054e+07
5951.07 6.9121e+07
5952.54 6.8143e+07
5954.01 6.861e+07
5955.48 6.8365e+07
5956.95 7.1323e+07
5958.42 7.4205e+07
5959.89 7.2484e+07
5961.36 7.2048e+07
5962.83 7.4081e+07
5964.30 7.4515e+07
5965.77 7.4667e+07
5967.24 7.5934e+07
5968.71 7.7814e+07
5970.18 8.2441e+07
5971.65 8.4139e+07
5973.12 8.3832e+07
5974.59 8.2523e+07
5976.06 8.1644e+07
5977.53 8.6105e+07
5979.00 8.5538e+07
5980.47 8.7598e+07
5981.94 8.8891e+07
5983.41 8.764e+07
5984.88 8.9042e+07
5986.35 8.8527e+07
5987.82 8.7032e+07
5989.29 9.3743e+07
5990.76 9.3594e+07
5992.23 9.1577e+07
5993.70 9.6643e+07
5995.17 9.6195e+07
5996.64 9.1617e+07
5998.11 9.3864e+07
5999.58 9.8935e+07
6001.05 9.811e+07
6002.52 9.7593e+07
6003.99 9.6069e+07
6005.46 9.9779e+07
6006.93 1.0574e+08
6008.40 1.0296e+08
6009.87 1.0411e+08
6011.34 1.0809e+08
6012.81 1.0392e+08
6014.28 1.0207e+08
6015.75 1.0493e+08
6017.22 1.0584e+08
6018.69 1.0582e+08
6020.16 1.0332e+08
6021.63 1.0432e+08
6023.10 1.0579e+08
6024.57 1.063e+08
6026.04 1.107e+08
6027.51 1.0918e+08
6028.98 1.0905e+08
6030.45 1.1111e+08
6031.92 1.0933e+08
6033.39 1.0955e+08
6034.86 1.0946e+08
6036.33 1.1178e+08
6037.80 1.1276e+08
6039.27 1.1245e+08
6040.74 1.1004e+08
6042.21 1.0889e+08
6043.68 1.1662e+08
6045.15 1.1742e+08
6046.62 1.201e+08
6048.09 1.2063e+08
6049.56 1.1652e+08
6051.03 1.1681e+08
6052.50 1.2044e+08
6053.97 1.2283e+08
6055.44 1.2289e+08
6056.91 1.1784e+08
6058.38 1.1942e+08
6059.85 1.2385e+08
6061.32 1.2367e+08
6062.79 1.1912e+08
6064.26 1.207e+08
6065.73 1.2214e+08
6067.20 1.2029e+08
6068.67 1.2138e+08
6070.14 1.2207e+08
6071.61 1.191e+08
6073.08 1.1764e+08
6074.55 1.2308e+08
6076.02 1.2646e+08
6077.49 1.227e+08
6078.96 1.2628e+08
6080.43 1.24e+08
6081.90 1.1931e+08
6083.37 1.164e+08
6084.84 1.1869e+08
6086.31 1.2212e+08
6087.78 1.1724e+08
6089.25 1.1696e+08
6090.72 1.2034e+08
6092.19 1.2114e+08
6093.66 1.1543e+08
6095.13 1.139e+08
6096.60 1.1112e+08
6098.07 1.1045e+08
6099.54 1.1038e+08
6101.01 1.0981e+08
6102.48 1.1304e+08
6103.95 1.1081e+08
6105.42 1.0985e+08
6106.89 1.0991e+08
6108.36 1.0845e+08
6109.83 1.0991e+08
6111.30 1.0857e+08
6112.77 1.1142e+08
6114.24 1.1127e+08
6115.71 1.0736e+08
6117.18 1.0919e+08
6118.65 1.063e+08
6120.12 1.0458e+08
6121.59 1.0244e+08
6123.06 9.9604e+07
6124.53 1.0179e+08
6126.00 1.0401e+08
6127.47 1.0374e+08
6128.94 1.0186e+08
6130.41 9.8222e+07
6131.88 9.9111e+07
6133.35 1.0286e+08
6134.82 9.9354e+07
6136.29 9.7462e+07
6137.76 9.9192e+07
6139.23 9.8732e+07
6140.70 9.522e+07
6142.17 9.6045e+07
6143.64 9.6924e+07
6145.11 9.4558e+07
6146.58 9.9046e+07
6148.05 1.0515e+08
6149.52 1.0432e+08
6150.99 1.0473e+08
6152.46 1.0146e+08
6153.93 1.0222e+08
6155.40 1.0763e+08
6156.87 1.0757e+08
6158.34 1.0872e+08
6159.81 1.0855e+08
6161.28 1.1098e+08
6162.75 1.0696e+08
6164.22 1.0607e+08
6165.69 1.1064e+08
6167.16 1.0811e+08
6168.63 1.0493e+08
6170.10 1.0648e+08
6171.57 1.06e+08
6173.04 1.068e+08
6174.51 1.0711e+08
6175.98 1.052e+08
6177.45 1.0907e+08
6178.92 1.1213e+08
6180.39 1.0897e+08
6181.86 1.0613e+08
6183.33 1.0443e+08
6184.80 1.0309e+08
6186.27 1.0529e+08
6187.74 1.0594e+08
6189.21 1.0383e+08
6190.68 1.0411e+08
6192.15 1.0521e+08
6193.62 1.0628e+08
6195.09 1.0627e+08
6196.56 1.0177e+08
6198.03 1.0553e+08
6199.50 1.0539e+08
6200.97 9.9442e+07
6202.44 1.0039e+08
6203.91 9.1836e+07
6205.38 8.4673e+07
6206.85 8.8153e+07
6208.32 9.021e+07
6209.79 8.489e+07
6211.26 7.7201e+07
6212.73 7.7775e+07
6214.20 7.8406e+07
6215.67 7.4482e+07
6217.14 7.425e+07
6218.61 7.2915e+07
6220.08 6.9677e+07
6221.55 6.9802e+07
6223.02 7.2092e+07
6224.49 7.294e+07
6225.96 7.0348e+07
6227.43 6.8048e+07
6228.90 6.8839e+07
6230.37 6.612e+07
6231.84 6.3544e+07
6233.31 6.3964e+07
6234.78 5.9717e+07
6236.25 5.5757e+07
6237.72 5.5981e+07
6239.19 5.4629e+07
6240.66 5.3162e+07
6242.13 5.1814e+07
6243.60 5.2216e+07
6245.07 5.0204e+07
6246.54 4.8978e+07
6248.01 4.9686e+07
6249.48 5.0469e+07
6250.95 4.7196e+07
6252.42 4.3871e+07
6253.89 4.2707e+07
6255.36 4.3042e+07
6256.83 4.2742e+07
6258.30 4.0775e+07
6259.77 3.9025e+07
6261.24 3.795e+07
6262.71 3.9021e+07
6264.18 3.7018e+07
6265.65 3.2691e+07
6267.12 3.0059e+07
6268.59 2.5616e+07
6270.06 2.4128e+07
6271.53 2.2187e+07
6273.00 2.0658e+07
6274.47 2.1826e+07
6275.94 2.255e+07
6277.41 2.2336e+07
6278.88 2.1494e+07
6280.35 2.3261e+07
6281.82 2.5208e+07
6283.29 2.6545e+07
6284.76 2.6938e+07
6286.23 2.6488e+07
6287.70 2.7129e+07
6289.17 2.6465e+07
6290.64 2.7401e+07
6292.11 2.8389e+07
6293.58 2.9514e+07
6295.05 3.0779e+07
6296.52 2.987e+07
6297.99 3.1281e+07
6299.46 3.2101e+07
6300.93 3.0862e+07
6302.40 3.0508e+07
6303.87 3.1868e+07
6305.34 3.1732e+07
6306.81 3.092e+07
6308.28 3.2961e+07
6309.75 3.2629e+07
6311.22 3.0624e+07
6312.69 3.1138e+07
6314.16 3.0543e+07
6315.63 2.9754e+07
6317.10 3.1539e+07
6318.57 3.247e+07
6320.04 3.3518e+07
6321.51 3.0758e+07
6322.98 2.8984e+07
6324.45 3.1458e+07
6325.92 3.1556e+07
6327.39 3.1606e+07
6328.86 3.1034e+07
6330.33 2.8755e+07
6331.80 2.6418e+07
6333.27 2.4067e+07
6334.74 2.3564e+07
6336.21 2.4519e+07
6337.68 2.4425e+07
6339.15 2.4654e+07
6340.62 2.6968e+07
6342.09 3.0314e+07
6343.56 3.1024e+07
6345.03 2.9737e+07
6346.50 2.9858e+07
6347.97 3.1756e+07
6349.44 3.4399e+07
6350.91 3.6998e+07
6352.38 3.6807e+07
6353.85 3.534e+07
6355.32 3.6809e+07
6356.79 3.8679e+07
6358.26 3.8082e+07
6359.73 3.9566e+07
6361.20 4.1322e+07
6362.67 4.0979e+07
6364.14 4.0072e+07
6365.61 4.1102e+07
6367.08 4.399e+07
6368.55 4.5465e+07
6370.02 4.4693e+07
6371.49 4.5058e+07
6372.96 4.6306e+07
6374.43 4.6866e+07
6375.90 4.7105e+07
6377.37 5.0683e+07
6378.84 5.3059e+07
6380.31 5.1912e+07
6381.78 5.1013e+07
6383.25 5.1493e+07
6384.72 5.2497e+07
6386.19 5.4876e+07
6387.66 5.8947e+07
6389.13 5.9423e+07
6390.60 5.7508e+07
6392.07 5.6393e+07
6393.54 5.7252e+07
6395.01 5.7062e+07
6396.48 5.4302e+07
6397.95 5.4635e+07
6399.42 5.6041e+07
6400.89 5.7031e+07
6402.36 6.0409e+07
6403.83 5.899e+07
6405.30 5.5433e+07
6406.77 5.5718e+07
6408.24 5.8781e+07
6409.71 6.033e+07
6411.18 5.8979e+07
6412.65 5.9574e+07
6414.12 5.9884e+07
6415.59 5.8952e+07
6417.06 5.8806e+07
6418.53 5.8331e+07
6420.00 5.9134e+07
6421.47 6.0342e+07
6422.94 5.7954e+07
6424.41 5.7332e+07
6425.88 6.0508e+07
6427.35 6.1374e+07
6428.82 5.9521e+07
6430.29 6.0422e+07
6431.76 6.18e+07
6433.23 6.2516e+07
6434.70 6.0352e+07
6436.17 5.8914e+07
6437.64 6.0463e+07
6439.11 6.0455e+07
6440.58 6.2436e+07
6442.05 6.3237e+07
6443.52 6.1547e+07
6444.99 6.1258e+07
6446.46 6.0483e+07
6447.93 6.2279e+07
6449.40 6.1977e+07
6450.87 5.9513e+07
6452.34 6.09e+07
6453.81 6.041e+07
6455.28 6.3174e+07
6456.75 6.4845e+07
6458.22 5.9998e+07
6459.69 5.8643e+07
6461.16 6.1536e+07
6462.63 6.2038e+07
6464.10 6.3507e+07
6465.57 6.3673e+07
6467.04 6.0922e+07
6468.51 6.0916e+07
6469.98 6.259e+07
6471.45 6.253e+07
6472.92 6.3121e+07
6474.39 6.1563e+07
6475.86 6.0126e+07
6477.33 6.0754e+07
6478.80 6.1139e+07
6480.27 6.0182e+07
6481.74 5.9427e+07
6483.21 6.0999e+07
6484.68 6.1238e+07
6486.15 5.774e+07
6487.62 5.6224e+07
6489.09 5.8275e+07
6490.56 5.6246e+07
6492.03 5.8022e+07
6493.50 5.802e+07
6494.97 5.638e+07
6496.44 5.9228e+07
6497.91 5.8372e+07
6499.38 5.6726e+07
6500.85 5.7827e+07
6502.32 5.8243e+07
6503.79 5.8623e+07
6505.26 6.0648e+07
6506.73 5.9706e+07
6508.20 5.8691e+07
6509.67 5.9592e+07
6511.14 6.1359e+07
6512.61 6.0399e+07
6514.08 6.0192e+07
6515.55 6.2169e+07
6517.02 6.1585e+07
6518.49 5.9635e+07
6519.96 6.1744e+07
6521.43 6.1485e+07
6522.90 6.1156e+07
6524.37 6.1839e+07
6525.84 6.1032e+07
6527.31 6.5459e+07
6528.78 6.8864e+07
6530.25 6.7607e+07
6531.72 7.0234e+07
6533.19 7.5559e+07
6534.66 7.6804e+07
6536.13 7.7107e+07
6537.60 7.8303e+07
6539.07 8.022e+07
6540.54 8.227e+07
6542.01 8.2576e+07
6543.48 8.306e+07
6544.95 8.5106e+07
6546.42 8.9227e+07
6547.89 9.1848e+07
6549.36 9.2176e+07
6550.83 9.2401e+07
6552.30 9.1524e+07
6553.77 9.3589e+07
6555.24 9.604e+07
6556.71 1.0043e+08
6558.18 1.0753e+08
6559.65 1.0423e+08
6561.12 9.8181e+07
6562.59 1.0331e+08
6564.06 1.0873e+08
6565.53 1.065e+08
6567.00 1.0413e+08
6568.47 1.075e+08
6569.94 1.1069e+08
6571.41 1.111e+08
6572.88 1.1191e+08
6574.35 1.1344e+08
6575.82 1.1397e+08
6577.29 1.1044e+08
6578.76 1.0882e+08
6580.23 1.0337e+08
6581.70 9.8766e+07
6583.17 1.0188e+08
6584.64 1.0282e+08
6586.11 1.0243e+08
6587.58 1.0349e+08
6589.05 1.041e+08
6590.52 1.0555e+08
6591.99 1.0856e+08
6593.46 1.0635e+08
6594.93 1.0492e+08
6596.40 1.1295e+08
6597.87 1.1363e+08
6599.34 1.061e+08
6600.81 1.0361e+08
6602.28 1.0226e+08
6603.75 1.0313e+08
6605.22 1.0536e+08
6606.69 1.0409e+08
6608.16 1.0322e+08
6609.63 1.0182e+08
6611.10 9.9057e+07
6612.57 9.8482e+07
6614.04 1.0005e+08
6615.51 1.004e+08
6616.98 9.8987e+07
6618.45 9.7722e+07
6619.92 9.5678e+07
6621.39 9.4619e+07
6622.86 9.7937e+07
6624.33 1.0153e+08
6625.80 1.0137e+08
6627.27 1.0121e+08
6628.74 1.0116e+08
6630.21 1.0013e+08
6631.68 1.0012e+08
6633.15 9.8761e+07
6634.62 9.7012e+07
6636.09 9.9737e+07
6637.56 1.0094e+08
6639.03 9.9443e+07
6640.50 9.616e+07
6641.97 9.3692e+07
6643.44 9.5565e+07
6644.91 9.7105e+07
6646.38 9.8326e+07
6647.85 9.5981e+07
6649.32 9.4162e+07
6650.79 9.6598e+07
6652.26 9.6235e+07
6653.73 9.5568e+07
6655.20 9.6124e+07
6656.67 9.5888e+07
6658.14 9.6406e+07
6659.61 9.4238e+07
6661.08 9.4312e+07
6662.55 9.7228e+07
6664.02 9.9768e+07
6665.49 1.005e+08
6666.96 9.9249e+07
6668.43 9.7934e+07
6669.90 9.6443e+07
6671.37 9.8949e+07
6672.84 9.9025e+07
6674.31 9.9864e+07
6675.78 1.0162e+08
6677.25 1.0113e+08
6678.72 1.0329e+08
6680.19 1.0497e+08
6681.66 1.0282e+08
6683.13 1.0235e+08
6684.60 1.0286e+08
6686.07 1.0041e+08
6687.54 1.0111e+08
6689.01 1.0387e+08
6690.48 1.0202e+08
6691.95 1.0324e+08
6693.42 1.0439e+08
6694.89 1.0426e+08
6696.36 1.0997e+08
6697.83 1.0912e+08
6699.30 1.0603e+08
6700.77 1.0893e+08
6702.24 1.1008e+08
6703.71 1.0697e+08
6705.18 1.0637e+08
6706.65 1.0768e+08
6708.12 1.1357e+08
6709.59 1.1711e+08
6711.06 1.1342e+08
6712.53 1.1314e+08
6714.00 1.1555e+08
6715.47 1.176e+08
6716.94 1.2009e+08
6718.41 1.2174e+08
6719.88 1.1768e+08
6721.35 1.1218e+08
6722.82 1.083e+08
6724.29 1.1027e+08
6725.76 1.1471e+08
6727.23 1.1464e+08
6728.70 1.1391e+08
6730.17 1.1529e+08
6731.64 1.1361e+08
6733.11 1.1392e+08
6734.58 1.159e+08
6736.05 1.1598e+08
6737.52 1.1521e+08
6738.99 1.171e+08
6740.46 1.2376e+08
6741.93 1.2429e+08
6743.40 1.2256e+08
6744.87 1.2609e+08
6746.34 1.2648e+08
6747.81 1.2344e+08
6749.28 1.2003e+08
6750.75 1.2032e+08
6752.22 1.265e+08
6753.69 1.2928e+08
6755.16 1.24e+08
6756.63 1.2183e+08
6758.10 1.2892e+08
6759.57 1.3091e+08
6761.04 1.3054e+08
6762.51 1.3399e+08
6763.98 1.3556e+08
6765.45 1.3558e+08
6766.92 1.3453e+08
6768.39 1.3674e+08
6769.86 1.43e+08
6771.33 1.4501e+08
6772.80 1.4382e+08
6774.27 1.4608e+08
6775.74 1.4579e+08
6777.21 1.4843e+08
6778.68 1.4801e+08
6780.15 1.4077e+08
6781.62 1.4206e+08
6783.09 1.455e+08
6784.56 1.4703e+08
6786.03 1.4937e+08
6787.50 1.5341e+08
6788.97 1.525e+08
6790.44 1.487e+08
6791.91 1.4843e+08
6793.38 1.4973e+08
6794.85 1.4772e+08
6796.32 1.4886e+08
6797.79 1.5282e+08
6799.26 1.5237e+08
6800.73 1.5406e+08
6802.20 1.5706e+08
6803.67 1.5647e+08
6805.14 1.5427e+08
6806.61 1.537e+08
6808.08 1.5089e+08
6809.55 1.5495e+08
6811.02 1.6268e+08
6812.49 1.6413e+08
6813.96 1.6154e+08
6815.43 1.5987e+08
6816.90 1.5834e+08
6818.37 1.5365e+08
6819.84 1.5407e+08
6821.31 1.5955e+08
6822.78 1.6088e+08
6824.25 1.5722e+08
6825.72 1.5544e+08
6827.19 1.563e+08
6828.66 1.5534e+08
6830.13 1.535e+08
6831.60 1.5275e+08
6833.07 1.5476e+08
6834.54 1.5674e+08
6836.01 1.5517e+08
6837.48 1.5474e+08
6838.95 1.5638e+08
6840.42 1.5625e+08
6841.89 1.5827e+08
6843.36 1.6015e+08
6844.83 1.57e+08
6846.30 1.5676e+08
6847.77 1.5918e+08
6849.24 1.6143e+08
6850.71 1.6182e+08
6852.18 1.6181e+08
6853.65 1.613e+08
6855.12 1.5752e+08
6856.59 1.5827e+08
6858.06 1.63e+08
6859.53 1.6661e+08
6861.00 1.6259e+08
6862.47 1.5856e+08
6863.94 1.6211e+08
6865.41 1.6692e+08
6866.88 1.7029e+08
6868.35 1.6628e+08
6869.82 1.6464e+08
6871.29 1.6749e+08
6872.76 1.6499e+08
6874.23 1.5844e+08
6875.70 1.5755e+08
6877.17 1.6614e+08
6878.64 1.7122e+08
6880.11 1.6813e+08
6881.58 1.6598e+08
6883.05 1.7015e+08
6884.52 1.6733e+08
6885.99 1.5976e+08
6887.46 1.6504e+08
6888.93 1.6981e+08
6890.40 1.6749e+08
6891.87 1.6446e+08
6893.34 1.6593e+08
6894.81 1.7204e+08
6896.28 1.7103e+08
6897.75 1.6821e+08
6899.22 1.6984e+08
6900.69 1.7075e+08
6902.16 1.7013e+08
6903.63 1.6751e+08
6905.10 1.6327e+08
6906.57 1.6578e+08
6908.04 1.6518e+08
6909.51 1.6315e+08
6910.98 1.6624e+08
6912.45 1.7138e+08
6913.92 1.7059e+08
6915.39 1.6455e+08
6916.86 1.6335e+08
6918.33 1.6435e+08
6919.80 1.6476e+08
6921.27 1.646e+08
6922.74 1.6763e+08
6924.21 1.6502e+08
6925.68 1.5672e+08
6927.15 1.5771e+08
6928.62 1.582e+08
6930.09 1.5569e+08
6931.56 1.5479e+08
6933.03 1.524e+08
6934.50 1.4943e+08
6935.97 1.4867e+08
6937.44 1.5353e+08
6938.91 1.5427e+08
6940.38 1.4749e+08
6941.85 1.4745e+08
6943.32 1.4688e+08
6944.79 1.4321e+08
6946.26 1.4391e+08
6947.73 1.4322e+08
6949.20 1.4107e+08
6950.67 1.3783e+08
6952.14 1.3517e+08
6953.61 1.3857e+08
6955.08 1.4091e+08
6956.55 1.3494e+08
6958.02 1.2849e+08
6959.49 1.2541e+08
6960.96 1.2268e+08
6962.43 1.1964e+08
6963.90 1.1964e+08
6965.37 1.1823e+08
6966.84 1.166e+08
6968.31 1.1742e+08
6969.78 1.1885e+08
6971.25 1.1936e+08
6972.72 1.1615e+08
6974.19 1.155e+08
6975.66 1.1606e+08
6977.13 1.123e+08
6978.60 1.072e+08
6980.07 1.0327e+08
6981.54 1.0018e+08
6983.01 9.9866e+07
6984.48 1.0036e+08
6985.95 1.0125e+08
6987.42 9.8719e+07
6988.89 9.4487e+07
6990.36 9.0835e+07
6991.83 8.8778e+07
6993.30 8.8749e+07
6994.77 8.7709e+07
6996.24 8.755e+07
6997.71 8.6442e+07
6999.18 8.2492e+07
7000.65 7.9548e+07
7002.12 7.9055e+07
7003.59 7.7408e+07
7005.06 7.4121e+07
7006.53 7.3562e+07
7008.00 7.1008e+07
7009.47 6.9481e+07
7010.94 7.0912e+07
7012.41 6.9534e+07
7013.88 7.0204e+07
7015.35 6.8423e+07
7016.82 6.5011e+07
7018.29 6.357e+07
7019.76 6.403e+07
7021.23 6.464e+07
7022.70 6.1165e+07
7024.17 5.7862e+07
7025.64 5.7602e+07
7027.11 5.8534e+07
7028.58 5.8038e+07
7030.05 5.5811e+07
7031.52 5.7717e+07
7032.99 5.7408e+07
7034.46 5.6338e+07
7035.93 5.7841e+07
7037.40 5.9466e+07
7038.87 6.0656e+07
7040.34 5.8814e+07
7041.81 6.0067e+07
7043.28 6.1142e+07
7044.75 5.896e+07
7046.22 5.6638e+07
7047.69 5.5789e+07
7049.16 5.8221e+07
7050.63 5.5739e+07
7052.10 5.4629e+07
7053.57 5.6939e+07
7055.04 5.7636e+07
7056.51 5.8161e+07
7057.98 5.9199e+07
7059.45 5.7445e+07
7060.92 5.5735e+07
7062.39 5.403e+07
7063.86 5.4029e+07
7065.33 5.5319e+07
7066.80 5.4816e+07
7068.27 5.4982e+07
7069.74 5.4531e+07
7071.21 5.1681e+07
7072.68 5.2311e+07
7074.15 5.5626e+07
7075.62 5.3688e+07
7077.09 5.598e+07
7078.56 5.9035e+07
7080.03 5.5956e+07
7081.50 5.5458e+07
7082.97 5.8829e+07
7084.44 5.9833e+07
7085.91 6.0907e+07
7087.38 6.1228e+07
7088.85 5.9729e+07
7090.32 6.1262e+07
7091.79 6.3844e+07
7093.26 6.5613e+07
7094.73 6.5041e+07
7096.20 6.3961e+07
7097.67 6.364e+07
7099.14 6.3554e+07
7100.61 6.3316e+07
7102.08 6.2499e+07
7103.55 6.0803e+07
7105.02 6.077e+07
7106.49 6.118e+07
7107.96 6.1428e+07
7109.43 6.4388e+07
7110.90 6.4439e+07
7112.37 6.0739e+07
7113.84 6.0146e+07
7115.31 6.098e+07
7116.78 6.1289e+07
7118.25 6.1471e+07
7119.72 6.0567e+07
7121.19 5.9337e+07
7122.66 5.9831e+07
7124.13 6.1504e+07
7125.60 6.2025e+07
7127.07 6.0661e+07
7128.54 6.0296e+07
7130.01 6.3541e+07
7131.48 6.3444e+07
7132.95 6.2099e+07
7134.42 6.4294e+07
7135.89 6.5393e+07
7137.36 6.5502e+07
7138.83 6.6185e+07
7140.30 6.5683e+07
7141.77 6.266e+07
7143.24 6.22e+07
7144.71 6.4782e+07
7146.18 6.8119e+07
7147.65 7.0014e+07
7149.12 7.0881e+07
7150.59 7.1193e+07
7152.06 7.1506e+07
7153.53 6.9933e+07
7155.00 6.6888e+07
7156.47 6.8536e+07
7157.94 6.9621e+07
7159.41 7.1488e+07
7160.88 7.4834e+07
7162.35 7.2452e+07
7163.82 7.0709e+07
7165.29 7.5022e+07
7166.76 7.5359e+07
7168.23 7.4464e+07
7169.70 7.8245e+07
7171.17 7.6394e+07
7172.64 7.5433e+07
7174.11 8.0165e+07
7175.58 8.1626e+07
7177.05 8.073e+07
7178.52 8.2619e+07
7179.99 8.2937e+07
7181.46 8.0747e+07
7182.93 8.2681e+07
7184.40 8.2148e+07
7185.87 7.9799e+07
7187.34 7.6776e+07
7188.81 7.4995e+07
7190.28 7.7756e+07
7191.75 7.6683e+07
7193.22 7.4615e+07
7194.69 7.1966e+07
7196.16 7.0349e+07
7197.63 7.19e+07
7199.10 7.5832e+07
7200.57 7.5212e+07
7202.04 7.2481e+07
7203.51 7.4181e+07
7204.98 7.6539e+07
7206.45 7.2552e+07
7207.92 6.8101e+07
7209.39 6.7489e+07
7210.86 6.6538e+07
7212.33 6.5839e+07
7213.80 6.4206e+07
7215.27 6.1758e+07
7216.74 6.0919e+07
7218.21 5.8881e+07
7219.68 5.5603e+07
7221.15 5.4405e+07
7222.62 5.3031e+07
7224.09 5.1493e+07
7225.56 5.231e+07
7227.03 5.0572e+07
7228.50 4.9088e+07
7229.97 5.0767e+07
7231.44 4.8668e+07
7232.91 4.7933e+07
7234.38 5.0775e+07
7235.85 4.9473e+07
7237.32 4.8652e+07
7238.79 5.0654e+07
7240.26 5.2541e+07
7241.73 4.9986e+07
7243.20 4.5213e+07
7244.67 4.6381e+07
7246.14 4.5373e+07
7247.61 4.2545e+07
7249.08 4.281e+07
7250.55 4.2636e+07
7252.02 3.9726e+07
7253.49 3.5336e+07
7254.96 3.445e+07
7256.43 3.2528e+07
7257.90 2.865e+07
7259.37 2.6099e+07
7260.84 2.6622e+07
7262.31 2.6598e+07
7263.78 2.6785e+07
7265.25 2.6021e+07
7266.72 2.4056e+07
7268.19 2.2889e+07
7269.66 2.3322e+07
7271.13 2.2487e+07
7272.60 2.0675e+07
7274.07 2.0769e+07
7275.54 2.0758e+07
7277.01 2.0848e+07
7278.48 2.0472e+07
7279.95 1.9367e+07
7281.42 1.8948e+07
7282.89 1.8632e+07
7284.36 1.8823e+07
7285.83 1.817e+07
7287.30 1.7434e+07
7288.77 1.7378e+07
7290.24 1.7088e+07
7291.71 1.6053e+07
7293.18 1.5041e+07
7294.65 1.398e+07
7296.12 1.3861e+07
7297.59 1.3506e+07
7299.06 1.3767e+07
7300.53 1.5243e+07
7302.00 1.5208e+07
7303.47 1.2719e+07
7304.94 1.2073e+07
7306.41 1.2307e+07
7307.88 1.2656e+07
7309.35 1.1998e+07
7310.82 1.1929e+07
7312.29 1.2341e+07
7313.76 1.2778e+07
7315.23 1.3051e+07
7316.70 1.4226e+07
7318.17 1.4399e+07
7319.64 1.4484e+07
7321.11 1.4806e+07
7322.58 1.4308e+07
7324.05 1.4909e+07
7325.52 1.6439e+07
7326.99 1.5333e+07
7328.46 1.5229e+07
7329.93 1.523e+07
7331.40 1.5788e+07
7332.87 1.6027e+07
7334.34 1.59e+07
7335.81 1.5227e+07
7337.28 1.4331e+07
7338.75 1.4645e+07
7340.22 1.5913e+07
7341.69 1.7797e+07
7343.16 1.8274e+07
7344.63 1.7863e+07
7346.10 1.8956e+07
7347.57 2.1419e+07
7349.04 2.2246e+07
7350.51 2.1898e+07
7351.98 2.2764e+07
7353.45 2.4028e+07
7354.92 2.6015e+07
7356.39 2.6746e+07
7357.86 2.876e+07
7359.33 2.8801e+07
7360.80 2.739e+07
7362.27 2.9872e+07
7363.74 3.0635e+07
7365.21 3.3203e+07
7366.68 3.6133e+07
7368.15 3.6008e+07
7369.62 3.3551e+07
7371.09 3.5289e+07
7372.56 3.9229e+07
7374.03 4.1564e+07
7375.50 4.2885e+07
7376.97 4.0242e+07
7378.44 3.9388e+07
7379.91 4.2215e+07
7381.38 4.2798e+07
7382.85 4.4602e+07
7384.32 4.3992e+07
7385.79 4.3898e+07
7387.26 4.8882e+07
7388.73 5.0438e+07
7390.20 4.9474e+07
7391.67 5.1119e+07
7393.14 5.0862e+07
7394.61 5.0121e+07
7396.08 5.355e+07
7397.55 5.4814e+07
7399.02 5.3446e+07
7400.49 5.4319e+07
7401.96 5.9508e+07
7403.43 5.9805e+07
7404.90 5.6405e+07
7406.37 5.6817e+07
7407.84 5.8938e+07
7409.31 5.9434e+07
7410.78 6.4186e+07
7412.25 6.6496e+07
7413.72 6.5888e+07
7415.19 6.6689e+07
7416.66 6.6595e+07
7418.13 6.7084e+07
7419.60 6.9592e+07
7421.07 7.129e+07
7422.54 7.1227e+07
