3500.19 1.3949e-15
3503.19 1.4704e-15
3506.20 1.5312e-15
3509.21 1.4249e-15
3512.21 1.39e-15
3515.22 1.319e-15
3518.23 1.3863e-15
3521.23 1.4955e-15
3524.24 1.3782e-15
3527.25 1.2868e-15
3530.25 1.3012e-15
3533.26 1.2217e-15
3536.27 1.2969e-15
3539.27 1.0718e-15
3542.28 9.7267e-16
3545.29 1.0762e-15
3548.29 1.1895e-15
3551.30 1.0612e-15
3554.31 1.0866e-15
3557.31 1.1393e-15
3560.32 1.2111e-15
3563.33 1.2031e-15
3566.33 1.1532e-15
3569.34 1.1858e-15
3572.35 1.2401e-15
3575.35 1.1927e-15
3578.36 1.2066e-15
3581.37 1.2006e-15
3584.37 1.2201e-15
3587.38 1.2677e-15
3590.39 1.2855e-15
3593.39 1.3567e-15
3596.40 1.3886e-15
3599.41 1.3798e-15
3602.41 1.2463e-15
3605.42 1.281e-15
3608.43 1.3874e-15
3611.43 1.2714e-15
3614.44 1.2258e-15
3617.45 1.3103e-15
3620.45 1.3636e-15
3623.46 1.3485e-15
3626.47 1.2532e-15
3629.47 1.1874e-15
3632.48 1.2117e-15
3635.49 1.2245e-15
3638.49 1.2279e-15
3641.50 1.2674e-15
3644.51 1.2476e-15
3647.51 1.1826e-15
3650.52 1.206e-15
3653.53 1.2861e-15
3656.53 1.34e-15
3659.54 1.3515e-15
3662.55 1.3178e-15
3665.55 1.3463e-15
3668.56 1.3151e-15
3671.57 1.2433e-15
3674.58 1.2459e-15
3677.58 1.2351e-15
3680.59 1.2193e-15
3683.60 1.2388e-15
3686.60 1.2219e-15
3689.61 1.2742e-15
3692.62 1.3345e-15
3695.62 1.3593e-15
3698.63 1.3755e-15
3701.64 1.3417e-15
3704.64 1.3899e-15
3707.65 1.4275e-15
3710.66 1.4354e-15
3713.66 1.4079e-15
3716.67 1.47e-15
3719.68 1.5445e-15
3722.68 1.5377e-15
3725.69 1.6009e-15
3728.70 1.7206e-15
3731.70 1.7861e-15
3734.71 1.822e-15
3737.72 1.8284e-15
3740.72 1.7791e-15
3743.73 1.788e-15
3746.74 1.7298e-15
3749.74 1.6818e-15
3752.75 1.5972e-15
3755.76 1.4471e-15
3758.76 1.3651e-15
3761.77 1.2566e-15
3764.78 1.1278e-15
3767.78 1.043e-15
3770.79 9.0127e-16
3773.80 7.6191e-16
3776.80 6.8816e-16
3779.81 6.532e-16
3782.82 6.0373e-16
3785.82 4.9866e-16
3788.83 5.1185e-16
3791.84 4.9553e-16
3794.84 4.6023e-16
3797.85 4.3542e-16
3800.86 4.043e-16
3803.86 3.7563e-16
3806.87 3.3287e-16
3809.88 3.0298e-16
3812.88 3.1698e-16
3815.89 3.2286e-16
3818.90 3.3017e-16
3821.90 3.1234e-16
3824.91 2.9927e-16
3827.92 3.4537e-16
3830.92 3.4731e-16
3833.93 3.3958e-16
3836.94 3.5545e-16
3839.94 3.2739e-16
3842.95 3.1301e-16
3845.96 3.1953e-16
3848.96 3.0855e-16
3851.97 2.7462e-16
3854.98 3.0779e-16
3857.99 3.6992e-16
3860.99 3.8705e-16
3864.00 4.0191e-16
3867.01 4.2643e-16
3870.01 4.4558e-16
3873.02 4.4645e-16
3876.03 4.9288e-16
3879.03 5.25e-16
3882.04 5.7131e-16
3885.05 6.2938e-16
3888.05 7.0308e-16
3891.06 7.71e-16
3894.07 8.0806e-16
3897.07 8.9521e-16
3900.08 1.0056e-15
3903.09 1.1786e-15
3906.09 1.2977e-15
3909.10 1.3974e-15
3912.11 1.5255e-15
3915.11 1.7034e-15
3918.12 1.8967e-15
3921.13 2.0191e-15
3924.13 2.1811e-15
3927.14 2.3399e-15
3930.15 2.4402e-15
3933.15 2.5479e-15
3936.16 2.6497e-15
3939.17 2.7524e-15
3942.17 2.9355e-15
3945.18 3.1096e-15
3948.19 3.1543e-15
3951.19 3.197e-15
3954.20 3.3015e-15
3957.21 3.3128e-15
3960.21 3.323e-15
3963.22 3.3398e-15
3966.23 3.2936e-15
3969.23 3.2651e-15
3972.24 3.2684e-15
3975.25 3.2235e-15
3978.25 3.2251e-15
3981.26 3.1669e-15
3984.27 3.1439e-15
3987.27 3.1512e-15
3990.28 3.0758e-15
3993.29 3.0464e-15
3996.29 3.0122e-15
3999.30 2.9599e-15
4002.31 2.9632e-15
4005.31 3.0324e-15
4008.32 3.0154e-15
4011.33 3.0929e-15
4014.33 3.1279e-15
4017.34 3.1155e-15
4020.35 3.1146e-15
4023.35 3.1967e-15
4026.36 3.2404e-15
4029.37 3.2542e-15
4032.37 3.3329e-15
4035.38 3.4109e-15
4038.39 3.5053e-15
4041.40 3.5707e-15
4044.40 3.6185e-15
4047.41 3.6914e-15
4050.42 3.7527e-15
4053.42 3.8397e-15
4056.43 3.8349e-15
4059.44 3.7995e-15
4062.44 3.8576e-15
4065.45 3.9498e-15
4068.46 3.9452e-15
4071.46 3.8869e-15
4074.47 3.8523e-15
4077.48 3.8197e-15
4080.48 3.737e-15
4083.49 3.6723e-15
4086.50 3.6337e-15
4089.50 3.5786e-15
4092.51 3.4571e-15
4095.52 3.3871e-15
4098.52 3.321e-15
4101.53 3.2807e-15
4104.54 3.2723e-15
4107.54 3.1775e-15
4110.55 3.1278e-15
4113.56 3.1056e-15
4116.56 3.0429e-15
4119.57 2.9901e-15
4122.58 2.9639e-15
4125.58 2.9507e-15
4128.59 2.8748e-15
4131.60 2.8053e-15
4134.60 2.8034e-15
4137.61 2.8104e-15
4140.62 2.7755e-15
4143.62 2.7782e-15
4146.63 2.7976e-15
4149.64 2.7881e-15
4152.64 2.7615e-15
4155.65 2.756e-15
4158.66 2.7576e-15
4161.66 2.7411e-15
4164.67 2.6984e-15
4167.68 2.7033e-15
4170.68 2.7347e-15
4173.69 2.6571e-15
4176.70 2.599e-15
4179.70 2.623e-15
4182.71 2.5592e-15
4185.72 2.5347e-15
4188.72 2.527e-15
4191.73 2.4704e-15
4194.74 2.4177e-15
4197.74 2.4093e-15
4200.75 2.3996e-15
4203.76 2.4283e-15
4206.76 2.4694e-15
4209.77 2.5153e-15
4212.78 2.5108e-15
4215.79 2.5235e-15
4218.79 2.5721e-15
4221.80 2.6342e-15
4224.81 2.6477e-15
4227.81 2.665e-15
4230.82 2.6842e-15
4233.83 2.6662e-15
4236.83 2.6378e-15
4239.84 2.6462e-15
4242.85 2.617e-15
4245.85 2.5965e-15
4248.86 2.5576e-15
4251.87 2.5265e-15
4254.87 2.5016e-15
4257.88 2.5167e-15
4260.89 2.4729e-15
4263.89 2.4257e-15
4266.90 2.4779e-15
4269.91 2.4895e-15
4272.91 2.4605e-15
4275.92 2.4927e-15
4278.93 2.4839e-15
4281.93 2.4805e-15
4284.94 2.5151e-15
4287.95 2.4959e-15
4290.95 2.5299e-15
4293.96 2.5677e-15
4296.97 2.5369e-15
4299.97 2.5656e-15
4302.98 2.6399e-15
4305.99 2.6446e-15
4308.99 2.66e-15
4312.00 2.7004e-15
4315.01 2.6737e-15
4318.01 2.6802e-15
4321.02 2.7258e-15
4324.03 2.7093e-15
4327.03 2.6627e-15
4330.04 2.6282e-15
4333.05 2.6322e-15
4336.05 2.6136e-15
4339.06 2.5542e-15
4342.07 2.5352e-15
4345.07 2.5241e-15
4348.08 2.4908e-15
4351.09 2.4807e-15
4354.09 2.4681e-15
4357.10 2.4806e-15
4360.11 2.4941e-15
4363.11 2.4683e-15
4366.12 2.4849e-15
4369.13 2.5331e-15
4372.13 2.5465e-15
4375.14 2.5228e-15
4378.15 2.5096e-15
4381.15 2.4693e-15
4384.16 2.4145e-15
4387.17 2.3876e-15
4390.17 2.3714e-15
4393.18 2.3162e-15
4396.19 2.2559e-15
4399.20 2.2137e-15
4402.20 2.1931e-15
4405.21 2.1524e-15
4408.22 2.0798e-15
4411.22 2.0594e-15
4414.23 2.0871e-15
4417.24 2.0473e-15
4420.24 2.0148e-15
4423.25 2.0491e-15
4426.26 2.0757e-15
4429.26 2.0786e-15
4432.27 2.0776e-15
4435.28 2.0903e-15
4438.28 2.1454e-15
4441.29 2.1983e-15
4444.30 2.2257e-15
4447.30 2.2687e-15
4450.31 2.3216e-15
4453.32 2.3564e-15
4456.32 2.4053e-15
4459.33 2.4231e-15
4462.34 2.426e-15
4465.34 2.4559e-15
4468.35 2.4947e-15
4471.36 2.5254e-15
4474.36 2.5313e-15
4477.37 2.5225e-15
4480.38 2.5609e-15
4483.38 2.6139e-15
4486.39 2.6525e-15
4489.40 2.6338e-15
4492.40 2.6504e-15
4495.41 2.6835e-15
4498.42 2.709e-15
4501.42 2.718e-15
4504.43 2.6968e-15
4507.44 2.7535e-15
4510.44 2.8303e-15
4513.45 2.8564e-15
4516.46 2.8655e-15
4519.46 2.9231e-15
4522.47 2.9947e-15
4525.48 3.033e-15
4528.48 3.0985e-15
4531.49 3.1562e-15
4534.50 3.2292e-15
4537.50 3.304e-15
4540.51 3.3816e-15
4543.52 3.5098e-15
4546.52 3.6197e-15
4549.53 3.7038e-15
4552.54 3.7818e-15
4555.54 3.9066e-15
4558.55 4.04e-15
4561.56 4.1401e-15
4564.56 4.2297e-15
4567.57 4.3334e-15
4570.58 4.3933e-15
4573.58 4.4401e-15
4576.59 4.5406e-15
4579.60 4.7055e-15
4582.61 4.8178e-15
4585.61 4.837e-15
4588.62 4.9014e-15
4591.63 4.9694e-15
4594.63 4.9789e-15
4597.64 5.0018e-15
4600.65 5.0208e-15
4603.65 5.0137e-15
4606.66 5.0573e-15
4609.67 5.1524e-15
4612.67 5.1979e-15
4615.68 5.2158e-15
4618.69 5.2941e-15
4621.69 5.3292e-15
4624.70 5.303e-15
4627.71 5.3073e-15
4630.71 5.3241e-15
4633.72 5.3549e-15
4636.73 5.3719e-15
4639.73 5.4411e-15
4642.74 5.4679e-15
4645.75 5.4402e-15
4648.75 5.4288e-15
4651.76 5.3653e-15
4654.77 5.3361e-15
4657.77 5.3104e-15
4660.78 5.2705e-15
4663.79 5.2493e-15
4666.79 5.2494e-15
4669.80 5.1731e-15
4672.81 5.0995e-15
4675.81 5.0656e-15
4678.82 5.0036e-15
4681.83 4.9423e-15
4684.83 4.8632e-15
4687.84 4.7997e-15
4690.85 4.7789e-15
4693.85 4.7686e-15
4696.86 4.7137e-15
4699.87 4.6808e-15
4702.87 4.7017e-15
4705.88 4.7082e-15
4708.89 4.8003e-15
4711.89 4.9507e-15
4714.90 5.0264e-15
4717.91 5.0916e-15
4720.91 5.1935e-15
4723.92 5.2465e-15
4726.93 5.2837e-15
4729.93 5.3209e-15
4732.94 5.3381e-15
4735.95 5.3515e-15
4738.95 5.3624e-15
4741.96 5.3679e-15
4744.97 5.3788e-15
4747.97 5.3441e-15
4750.98 5.2988e-15
4753.99 5.2637e-15
4756.99 5.1993e-15
4760.00 5.1213e-15
4763.01 5.0339e-15
4766.02 4.9446e-15
4769.02 4.9215e-15
4772.03 4.9173e-15
4775.04 4.9175e-15
4778.04 4.9027e-15
4781.05 4.8802e-15
4784.06 4.8577e-15
4787.06 4.8669e-15
4790.07 4.8761e-15
4793.08 4.8808e-15
4796.08 4.8691e-15
4799.09 4.8063e-15
4802.10 4.768e-15
4805.10 4.7515e-15
4808.11 4.7546e-15
4811.12 4.7441e-15
4814.12 4.7115e-15
4817.13 4.6338e-15
4820.14 4.5231e-15
4823.14 4.4611e-15
4826.15 4.4094e-15
4829.16 4.3268e-15
4832.16 4.2589e-15
4835.17 4.1616e-15
4838.18 4.0312e-15
4841.18 3.9613e-15
4844.19 3.9391e-15
4847.20 3.8483e-15
4850.20 3.7468e-15
4853.21 3.6523e-15
4856.22 3.5616e-15
4859.22 3.4596e-15
4862.23 3.3745e-15
4865.24 3.301e-15
4868.24 3.2363e-15
4871.25 3.1678e-15
4874.26 3.0782e-15
4877.26 3.0044e-15
4880.27 2.9485e-15
4883.28 2.8625e-15
4886.28 2.7976e-15
4889.29 2.729e-15
4892.30 2.6464e-15
4895.30 2.5861e-15
4898.31 2.523e-15
4901.32 2.4542e-15
4904.32 2.4217e-15
4907.33 2.4357e-15
4910.34 2.4681e-15
4913.34 2.4702e-15
4916.35 2.5005e-15
4919.36 2.5914e-15
4922.36 2.7049e-15
4925.37 2.823e-15
4928.38 2.9531e-15
4931.38 3.0478e-15
4934.39 3.1462e-15
4937.40 3.2522e-15
4940.40 3.2952e-15
4943.41 3.3617e-15
4946.42 3.4503e-15
4949.43 3.5013e-15
4952.43 3.5486e-15
4955.44 3.6225e-15
4958.45 3.7007e-15
4961.45 3.8016e-15
4964.46 3.9004e-15
4967.47 4.0292e-15
4970.47 4.168e-15
4973.48 4.2804e-15
4976.49 4.4031e-15
4979.49 4.5721e-15
4982.50 4.7675e-15
4985.51 4.9599e-15
4988.51 5.1523e-15
4991.52 5.3274e-15
4994.53 5.5508e-15
4997.53 5.7814e-15
5000.54 5.964e-15
5003.55 6.1525e-15
5006.55 6.3496e-15
5009.56 6.5425e-15
5012.57 6.7207e-15
5015.57 6.8368e-15
5018.58 6.8822e-15
5021.59 6.9337e-15
5024.59 6.9742e-15
5027.60 6.9946e-15
5030.61 6.9736e-15
5033.61 6.916e-15
5036.62 6.8374e-15
5039.63 6.7536e-15
5042.63 6.6878e-15
5045.64 6.5447e-15
5048.65 6.3694e-15
5051.65 6.2127e-15
5054.66 6.0326e-15
5057.67 5.8089e-15
5060.67 5.5881e-15
5063.68 5.3387e-15
5066.69 5.1125e-15
5069.69 4.8886e-15
5072.70 4.6792e-15
5075.71 4.4789e-15
5078.71 4.2966e-15
5081.72 4.1264e-15
5084.73 3.9524e-15
5087.73 3.8344e-15
5090.74 3.7493e-15
5093.75 3.6346e-15
5096.75 3.5577e-15
5099.76 3.532e-15
5102.77 3.534e-15
5105.77 3.5137e-15
5108.78 3.4987e-15
5111.79 3.4922e-15
5114.79 3.4701e-15
5117.80 3.4927e-15
5120.81 3.5768e-15
5123.81 3.6211e-15
5126.82 3.6523e-15
5129.83 3.7139e-15
5132.84 3.8067e-15
5135.84 3.9071e-15
5138.85 3.9843e-15
5141.86 4.0739e-15
5144.86 4.1614e-15
5147.87 4.2534e-15
5150.88 4.382e-15
5153.88 4.4989e-15
5156.89 4.5889e-15
5159.90 4.7059e-15
5162.90 4.7899e-15
5165.91 4.779e-15
5168.92 4.8104e-15
5171.92 4.8852e-15
5174.93 4.9674e-15
5177.94 5.0252e-15
5180.94 5.0544e-15
5183.95 5.0542e-15
5186.96 5.0476e-15
5189.96 5.0153e-15
5192.97 5.0166e-15
5195.98 5.0043e-15
5198.98 4.9904e-15
5201.99 4.9733e-15
5205.00 4.9303e-15
5208.00 4.9144e-15
5211.01 4.9118e-15
5214.02 4.8829e-15
5217.02 4.8734e-15
5220.03 4.8576e-15
5223.04 4.8456e-15
5226.04 4.8361e-15
5229.05 4.8286e-15
5232.06 4.8042e-15
5235.06 4.8136e-15
5238.07 4.84e-15
5241.08 4.831e-15
5244.08 4.8318e-15
5247.09 4.869e-15
5250.10 4.874e-15
5253.10 4.8636e-15
5256.11 4.905e-15
5259.12 4.9511e-15
5262.12 4.9837e-15
5265.13 4.9898e-15
5268.14 5.0113e-15
5271.14 5.0302e-15
5274.15 5.0331e-15
5277.16 5.0438e-15
5280.16 5.092e-15
5283.17 5.0756e-15
5286.18 5.1776e-15
5289.18 5.2466e-15
5292.19 5.2645e-15
5295.20 5.3221e-15
5298.20 5.3835e-15
5301.21 5.4124e-15
5304.22 5.4582e-15
5307.22 5.5327e-15
5310.23 5.576e-15
5313.24 5.573e-15
5316.25 5.5692e-15
5319.25 5.6398e-15
5322.26 5.7085e-15
5325.27 5.753e-15
5328.27 5.7753e-15
5331.28 5.7937e-15
5334.29 5.8251e-15
5337.29 5.8272e-15
5340.30 5.8517e-15
5343.31 5.9169e-15
5346.31 5.9676e-15
5349.32 5.98e-15
5352.33 5.9655e-15
5355.33 5.9326e-15
5358.34 5.9699e-15
5361.35 6.0279e-15
5364.35 6.0277e-15
5367.36 6.0566e-15
5370.37 6.0799e-15
5373.37 6.0748e-15
5376.38 6.1053e-15
5379.39 6.13e-15
5382.39 6.1173e-15
5385.40 6.1246e-15
5388.41 6.128e-15
5391.41 6.1273e-15
5394.42 6.1864e-15
5397.43 6.2078e-15
5400.43 6.2144e-15
5403.44 6.2677e-15
5406.45 6.3123e-15
5409.45 6.352e-15
5412.46 6.4076e-15
5415.47 6.4811e-15
5418.47 6.5336e-15
5421.48 6.5464e-15
5424.49 6.5726e-15
5427.49 6.5911e-15
5430.50 6.5906e-15
5433.51 6.6126e-15
5436.51 6.6425e-15
5439.52 6.6183e-15
5442.53 6.6101e-15
5445.53 6.6125e-15
5448.54 6.5494e-15
5451.55 6.4699e-15
5454.55 6.4047e-15
5457.56 6.3294e-15
5460.57 6.2865e-15
5463.57 6.235e-15
5466.58 6.1827e-15
5469.59 6.1639e-15
5472.59 6.1704e-15
5475.60 6.1582e-15
5478.61 6.1524e-15
5481.61 6.1529e-15
5484.62 6.1359e-15
5487.63 6.196e-15
5490.63 6.2143e-15
5493.64 6.2773e-15
5496.65 6.418e-15
5499.66 6.5553e-15
5502.66 6.7326e-15
5505.67 6.8673e-15
5508.68 6.9157e-15
5511.68 7.1152e-15
5514.69 7.3489e-15
5517.70 7.5289e-15
5520.70 7.7212e-15
5523.71 7.8796e-15
5526.72 8.0689e-15
5529.72 8.2031e-15
5532.73 8.3352e-15
5535.74 8.5098e-15
5538.74 8.6408e-15
5541.75 8.7033e-15
5544.76 8.7718e-15
5547.76 8.8834e-15
5550.77 8.96e-15
5553.78 8.9693e-15
5556.78 8.9414e-15
5559.79 8.8721e-15
5562.80 8.8106e-15
5565.80 8.721e-15
5568.81 8.5108e-15
5571.82 8.2891e-15
5574.82 8.0815e-15
5577.83 7.8641e-15
5580.84 7.6911e-15
5583.84 7.5178e-15
5586.85 7.3206e-15
5589.86 7.086e-15
5592.86 6.8831e-15
5595.87 6.722e-15
5598.88 6.5066e-15
5601.88 6.2695e-15
5604.89 6.0684e-15
5607.90 5.9074e-15
5610.90 5.7516e-15
5613.91 5.6595e-15
5616.92 5.5934e-15
5619.92 5.5215e-15
5622.93 5.4608e-15
5625.94 5.4224e-15
5628.94 5.3882e-15
5631.95 5.3602e-15
5634.96 5.3338e-15
5637.96 5.3317e-15
5640.97 5.3704e-15
5643.98 5.3815e-15
5646.98 5.357e-15
5649.99 5.3714e-15
5653.00 5.4097e-15
5656.00 5.4072e-15
5659.01 5.3917e-15
5662.02 5.3455e-15
5665.02 5.2552e-15
5668.03 5.135e-15
5671.04 4.9671e-15
5674.04 4.7698e-15
5677.05 4.5316e-15
5680.06 4.2821e-15
5683.07 4.0384e-15
5686.07 3.7707e-15
5689.08 3.5103e-15
5692.09 3.2188e-15
5695.09 2.9281e-15
5698.10 2.6701e-15
5701.11 2.4276e-15
5704.11 2.2134e-15
5707.12 2.0277e-15
5710.13 1.8915e-15
5713.13 1.7675e-15
5716.14 1.6766e-15
5719.15 1.5978e-15
5722.15 1.5436e-15
5725.16 1.4939e-15
5728.17 1.4447e-15
5731.17 1.4164e-15
5734.18 1.3931e-15
5737.19 1.3882e-15
5740.19 1.3949e-15
5743.20 1.3969e-15
5746.21 1.41e-15
5749.21 1.4378e-15
5752.22 1.4687e-15
5755.23 1.4958e-15
5758.23 1.5395e-15
5761.24 1.5777e-15
5764.25 1.6036e-15
5767.25 1.6666e-15
5770.26 1.7561e-15
5773.27 1.8368e-15
5776.27 1.906e-15
5779.28 1.9914e-15
5782.29 2.1097e-15
5785.29 2.2202e-15
5788.30 2.3157e-15
5791.31 2.4224e-15
5794.31 2.5631e-15
5797.32 2.7159e-15
5800.33 2.8417e-15
5803.33 2.9601e-15
5806.34 3.1122e-15
5809.35 3.2333e-15
5812.35 3.368e-15
5815.36 3.5224e-15
5818.37 3.6705e-15
5821.37 3.8246e-15
5824.38 4.0051e-15
5827.39 4.1926e-15
5830.39 4.3858e-15
5833.40 4.6191e-15
5836.41 4.8082e-15
5839.41 5.0069e-15
5842.42 5.2881e-15
5845.43 5.5807e-15
5848.43 5.8786e-15
5851.44 6.1798e-15
5854.45 6.4373e-15
5857.45 6.7385e-15
5860.46 7.1297e-15
5863.47 7.5001e-15
5866.48 7.8776e-15
5869.48 8.284e-15
5872.49 8.687e-15
5875.50 9.086e-15
5878.50 9.4097e-15
5881.51 9.7072e-15
5884.52 9.9802e-15
5887.52 1.0211e-14
5890.53 1.0428e-14
5893.54 1.0576e-14
5896.54 1.0804e-14
5899.55 1.1035e-14
5902.56 1.1168e-14
5905.56 1.1335e-14
5908.57 1.1476e-14
5911.58 1.15e-14
5914.58 1.1526e-14
5917.59 1.1554e-14
5920.60 1.148e-14
5923.60 1.1343e-14
5926.61 1.1254e-14
5929.62 1.1185e-14
5932.62 1.0999e-14
5935.63 1.0784e-14
5938.64 1.0632e-14
5941.64 1.0494e-14
5944.65 1.0301e-14
5947.66 1.0138e-14
5950.66 9.9369e-15
5953.67 9.7079e-15
5956.68 9.5047e-15
5959.68 9.3629e-15
5962.69 9.2294e-15
5965.70 9.0359e-15
5968.70 8.8323e-15
5971.71 8.7779e-15
5974.72 8.7897e-15
5977.72 8.7176e-15
5980.73 8.5807e-15
5983.74 8.4525e-15
5986.74 8.3887e-15
5989.75 8.3432e-15
5992.76 8.2891e-15
5995.76 8.2178e-15
5998.77 8.1104e-15
6001.78 8.0656e-15
6004.78 8.0419e-15
6007.79 7.9517e-15
6010.80 7.8811e-15
6013.80 7.8408e-15
6016.81 7.7639e-15
6019.82 7.6162e-15
6022.82 7.481e-15
6025.83 7.4017e-15
6028.84 7.2577e-15
6031.84 7.0861e-15
6034.85 6.97e-15
6037.86 6.8837e-15
6040.86 6.8164e-15
6043.87 6.7445e-15
6046.88 6.6626e-15
6049.89 6.5725e-15
6052.89 6.4749e-15
6055.90 6.4023e-15
6058.91 6.3388e-15
6061.91 6.2543e-15
6064.92 6.1927e-15
6067.93 6.1323e-15
6070.93 6.046e-15
6073.94 5.9844e-15
6076.95 5.9375e-15
6079.95 5.9141e-15
6082.96 5.9053e-15
6085.97 5.8577e-15
6088.97 5.8434e-15
6091.98 5.8337e-15
6094.99 5.8648e-15
6097.99 5.908e-15
6101.00 5.8991e-15
6104.01 5.8682e-15
6107.01 5.8484e-15
6110.02 5.8393e-15
6113.03 5.8197e-15
6116.03 5.8201e-15
6119.04 5.8167e-15
6122.05 5.7618e-15
6125.05 5.758e-15
6128.06 5.7647e-15
6131.07 5.8163e-15
6134.07 5.8969e-15
6137.08 5.966e-15
6140.09 5.984e-15
6143.09 6.072e-15
6146.10 6.1197e-15
6149.11 6.1624e-15
6152.11 6.242e-15
6155.12 6.2886e-15
6158.13 6.2872e-15
6161.13 6.3195e-15
6164.14 6.3678e-15
6167.15 6.3687e-15
6170.15 6.3224e-15
6173.16 6.2762e-15
6176.17 6.252e-15
6179.17 6.2164e-15
6182.18 6.1779e-15
6185.19 6.1456e-15
6188.19 6.1427e-15
6191.20 6.0602e-15
6194.21 5.9117e-15
6197.21 5.8143e-15
6200.22 5.7912e-15
6203.23 5.7606e-15
6206.23 5.7214e-15
6209.24 5.7238e-15
6212.25 5.7211e-15
6215.25 5.6988e-15
6218.26 5.7259e-15
6221.27 5.7935e-15
6224.28 5.8949e-15
6227.28 6.001e-15
6230.29 6.0535e-15
6233.30 6.1545e-15
6236.30 6.2298e-15
6239.31 6.2326e-15
6242.32 6.2903e-15
6245.32 6.4411e-15
6248.33 6.5727e-15
6251.34 6.6672e-15
6254.34 6.7354e-15
6257.35 6.816e-15
6260.36 6.9295e-15
6263.36 7.0085e-15
6266.37 7.1016e-15
6269.38 7.1899e-15
6272.38 7.2031e-15
6275.39 7.1518e-15
6278.40 7.0517e-15
6281.40 6.9795e-15
6284.41 6.9667e-15
6287.42 6.9508e-15
6290.42 6.9335e-15
6293.43 6.8372e-15
6296.44 6.6564e-15
6299.44 6.4942e-15
6302.45 6.3835e-15
6305.46 6.2585e-15
6308.46 6.1165e-15
6311.47 5.9415e-15
6314.48 5.7035e-15
6317.48 5.4723e-15
6320.49 5.2299e-15
6323.50 5.0093e-15
6326.50 4.8558e-15
6329.51 4.704e-15
6332.52 4.6114e-15
6335.52 4.5942e-15
6338.53 4.5754e-15
6341.54 4.6242e-15
6344.54 4.7481e-15
6347.55 4.8727e-15
6350.56 5.0259e-15
6353.56 5.2179e-15
6356.57 5.4064e-15
6359.58 5.6166e-15
6362.58 5.8066e-15
6365.59 5.9264e-15
6368.60 6.0222e-15
6371.60 6.0512e-15
6374.61 6.0787e-15
6377.62 6.1107e-15
6380.62 6.0947e-15
6383.63 6.0751e-15
6386.64 6.0824e-15
6389.64 6.1446e-15
6392.65 6.1848e-15
6395.66 6.2066e-15
6398.66 6.2524e-15
6401.67 6.2806e-15
6404.68 6.3046e-15
6407.69 6.3291e-15
6410.69 6.3521e-15
6413.70 6.3528e-15
6416.71 6.3167e-15
6419.71 6.3575e-15
6422.72 6.4386e-15
6425.73 6.4774e-15
6428.73 6.5112e-15
6431.74 6.5487e-15
6434.75 6.593e-15
6437.75 6.6495e-15
6440.76 6.6737e-15
6443.77 6.7072e-15
6446.77 6.7957e-15
6449.78 6.9042e-15
6452.79 6.982e-15
6455.79 7.0303e-15
6458.80 7.0377e-15
6461.81 7.0414e-15
6464.81 7.0631e-15
6467.82 7.0749e-15
6470.83 7.1028e-15
6473.83 7.1135e-15
6476.84 7.0949e-15
6479.85 7.1308e-15
6482.85 7.2071e-15
6485.86 7.2475e-15
6488.87 7.3134e-15
6491.87 7.4202e-15
6494.88 7.4904e-15
6497.89 7.5281e-15
6500.89 7.5382e-15
6503.90 7.5461e-15
6506.91 7.5729e-15
6509.91 7.5447e-15
6512.92 7.4832e-15
6515.93 7.4555e-15
6518.93 7.3738e-15
6521.94 7.2648e-15
6524.95 7.2219e-15
6527.95 7.1938e-15
6530.96 7.1502e-15
6533.97 7.0751e-15
6536.97 6.9526e-15
6539.98 6.805e-15
6542.99 6.6733e-15
6545.99 6.5048e-15
6549.00 6.2681e-15
6552.01 6.0584e-15
6555.01 5.8992e-15
6558.02 5.7708e-15
6561.03 5.6524e-15
6564.03 5.5262e-15
6567.04 5.4418e-15
6570.05 5.3782e-15
6573.05 5.3712e-15
6576.06 5.3804e-15
6579.07 5.368e-15
6582.07 5.3762e-15
6585.08 5.4253e-15
6588.09 5.4698e-15
6591.10 5.531e-15
6594.10 5.6227e-15
6597.11 5.7002e-15
6600.12 5.7692e-15
6603.12 5.8741e-15
6606.13 5.9698e-15
6609.14 6.0243e-15
6612.14 6.086e-15
6615.15 6.1515e-15
6618.16 6.2091e-15
6621.16 6.2954e-15
6624.17 6.3896e-15
6627.18 6.4903e-15
6630.18 6.6321e-15
6633.19 6.7421e-15
6636.20 6.7747e-15
6639.20 6.8e-15
6642.21 6.8696e-15
6645.22 6.9504e-15
6648.22 7.0268e-15
6651.23 7.1298e-15
6654.24 7.2554e-15
6657.24 7.4153e-15
6660.25 7.5566e-15
6663.26 7.6335e-15
6666.26 7.7004e-15
6669.27 7.7831e-15
6672.28 7.87e-15
6675.28 7.9366e-15
6678.29 8.0172e-15
6681.30 8.0732e-15
6684.30 8.0959e-15
6687.31 8.1291e-15
6690.32 8.1508e-15
6693.32 8.1423e-15
6696.33 8.1886e-15
6699.34 8.2586e-15
6702.34 8.2808e-15
6705.35 8.2894e-15
6708.36 8.2622e-15
6711.36 8.23e-15
6714.37 8.2037e-15
6717.38 8.1263e-15
6720.38 8.0056e-15
6723.39 7.8773e-15
6726.40 7.7624e-15
6729.40 7.6659e-15
6732.41 7.5864e-15
6735.42 7.479e-15
6738.42 7.3742e-15
6741.43 7.2853e-15
6744.44 7.1811e-15
6747.44 7.105e-15
6750.45 7.0595e-15
6753.46 6.9192e-15
6756.46 6.7692e-15
6759.47 6.6766e-15
6762.48 6.5612e-15
6765.48 6.4299e-15
6768.49 6.3288e-15
6771.50 6.2635e-15
6774.51 6.1791e-15
6777.51 6.0553e-15
6780.52 5.9363e-15
6783.53 5.8404e-15
6786.53 5.7689e-15
6789.54 5.7271e-15
6792.55 5.6904e-15
6795.55 5.6468e-15
6798.56 5.5919e-15
6801.57 5.4821e-15
6804.57 5.3695e-15
6807.58 5.3321e-15
6810.59 5.3514e-15
6813.59 5.3549e-15
6816.60 5.3078e-15
6819.61 5.274e-15
6822.61 5.2523e-15
6825.62 5.2208e-15
6828.63 5.1857e-15
6831.63 5.1395e-15
6834.64 5.1061e-15
6837.65 5.1138e-15
6840.65 5.158e-15
6843.66 5.1658e-15
6846.67 5.1315e-15
6849.67 5.0992e-15
6852.68 5.0712e-15
6855.69 5.0411e-15
6858.69 4.981e-15
6861.70 4.9043e-15
6864.71 4.8448e-15
6867.71 4.7839e-15
6870.72 4.7119e-15
6873.73 4.6385e-15
6876.73 4.597e-15
6879.74 4.5898e-15
6882.75 4.6466e-15
6885.75 4.7056e-15
6888.76 4.631e-15
6891.77 4.4229e-15
6894.77 4.2363e-15
6897.78 4.1199e-15
6900.79 4.0284e-15
6903.79 3.9578e-15
6906.80 3.9161e-15
6909.81 3.855e-15
6912.81 3.7756e-15
6915.82 3.7013e-15
6918.83 3.6033e-15
6921.83 3.5096e-15
6924.84 3.4815e-15
6927.85 3.4489e-15
6930.85 3.395e-15
6933.86 3.3171e-15
6936.87 3.2255e-15
6939.87 3.2095e-15
6942.88 3.1912e-15
6945.89 3.1608e-15
6948.89 3.1717e-15
6951.90 3.1807e-15
6954.91 3.2046e-15
6957.92 3.257e-15
6960.92 3.3312e-15
6963.93 3.3923e-15
6966.94 3.4262e-15
6969.94 3.479e-15
6972.95 3.5541e-15
6975.96 3.6162e-15
6978.96 3.7184e-15
6981.97 3.8375e-15
6984.98 3.9365e-15
6987.98 4.0643e-15
6990.99 4.2357e-15
6994.00 4.4149e-15
6997.00 4.5685e-15
7000.01 4.7242e-15
7003.02 4.8881e-15
7006.02 5.0544e-15
7009.03 5.2636e-15
7012.04 5.489e-15
7015.04 5.7034e-15
7018.05 5.9564e-15
7021.06 6.1628e-15
7024.06 6.355e-15
7027.07 6.6432e-15
7030.08 6.9162e-15
7033.08 7.1286e-15
7036.09 7.4126e-15
7039.10 7.7422e-15
7042.10 8.0687e-15
7045.11 8.432e-15
7048.12 8.7803e-15
7051.12 9.0503e-15
7054.13 9.2127e-15
7057.14 9.3444e-15
7060.14 9.4197e-15
7063.15 9.506e-15
7066.16 9.5496e-15
7069.16 9.5566e-15
7072.17 9.6139e-15
7075.18 9.6376e-15
7078.18 9.6647e-15
7081.19 9.7249e-15
7084.20 9.8129e-15
7087.20 9.8788e-15
7090.21 9.8927e-15
7093.22 9.8913e-15
7096.22 9.8164e-15
7099.23 9.7268e-15
7102.24 9.6449e-15
7105.24 9.5577e-15
7108.25 9.4556e-15
7111.26 9.3721e-15
7114.26 9.3077e-15
7117.27 9.2298e-15
7120.28 9.0919e-15
7123.28 8.9166e-15
7126.29 8.7205e-15
7129.30 8.4777e-15
7132.30 8.2457e-15
7135.31 8.1015e-15
7138.32 7.9817e-15
7141.33 7.8512e-15
7144.33 7.763e-15
7147.34 7.7256e-15
7150.35 7.6762e-15
7153.35 7.5457e-15
7156.36 7.429e-15
7159.37 7.356e-15
7162.37 7.2547e-15
7165.38 7.1173e-15
7168.39 6.9451e-15
7171.39 6.772e-15
7174.40 6.6467e-15
7177.41 6.6532e-15
7180.41 6.6559e-15
7183.42 6.6671e-15
7186.43 6.6423e-15
7189.43 6.5282e-15
7192.44 6.4325e-15
7195.45 6.3826e-15
7198.45 6.3282e-15
7201.46 6.2855e-15
7204.47 6.2613e-15
7207.47 6.3284e-15
7210.48 6.4441e-15
7213.49 6.4252e-15
7216.49 6.4802e-15
7219.50 6.6116e-15
7222.51 6.7571e-15
7225.51 6.8425e-15
7228.52 6.9113e-15
7231.53 7.0424e-15
7234.53 7.1401e-15
7237.54 7.1897e-15
7240.55 7.279e-15
7243.55 7.3878e-15
7246.56 7.45e-15
7249.57 7.495e-15
7252.57 7.5561e-15
7255.58 7.5516e-15
7258.59 7.5961e-15
7261.59 7.6749e-15
7264.60 7.8002e-15
7267.61 7.9959e-15
7270.61 8.1581e-15
7273.62 8.2778e-15
7276.63 8.3733e-15
7279.63 8.4434e-15
7282.64 8.5e-15
7285.65 8.5255e-15
7288.65 8.537e-15
7291.66 8.6051e-15
7294.67 8.6477e-15
7297.67 8.7168e-15
7300.68 8.8644e-15
7303.69 8.9974e-15
7306.69 9.0681e-15
7309.70 9.2024e-15
7312.71 9.3867e-15
7315.71 9.4791e-15
7318.72 9.5332e-15
7321.73 9.6088e-15
7324.74 9.6432e-15
7327.74 9.6971e-15
7330.75 9.7912e-15
7333.76 9.8108e-15
7336.76 9.7694e-15
7339.77 9.7181e-15
7342.78 9.6836e-15
7345.78 9.6122e-15
7348.79 9.5171e-15
7351.80 9.4607e-15
7354.80 9.396e-15
7357.81 9.2759e-15
7360.82 9.143e-15
7363.82 8.9633e-15
7366.83 8.7147e-15
7369.84 8.5269e-15
7372.84 8.3847e-15
7375.85 8.2628e-15
7378.86 8.1853e-15
7381.86 8.0978e-15
7384.87 7.98e-15
7387.88 7.888e-15
7390.88 7.7916e-15
7393.89 7.6635e-15
7396.90 7.494e-15
7399.90 7.3755e-15
7402.91 7.2895e-15
7405.92 7.1018e-15
7408.92 6.9601e-15
7411.93 6.9103e-15
7414.94 6.8204e-15
7417.94 6.7376e-15
7420.95 6.6464e-15
7423.96 6.5929e-15
7426.96 6.5797e-15
7429.97 6.5061e-15
7432.98 6.4355e-15
7435.98 6.3763e-15
7438.99 6.3192e-15
7442.00 6.2654e-15
7445.00 6.1802e-15
7448.01 6.1347e-15
7451.02 6.1172e-15
7454.02 6.086e-15
7457.03 6.0828e-15
7460.04 6.1159e-15
7463.04 6.1386e-15
7466.05 6.1573e-15
7469.06 6.1849e-15
7472.06 6.1769e-15
7475.07 6.1476e-15
7478.08 6.0766e-15
7481.08 6.0207e-15
7484.09 5.9476e-15
7487.10 5.8916e-15
7490.10 5.7953e-15
7493.11 5.7103e-15
7496.12 5.7077e-15
7499.12 5.6606e-15
7502.13 5.5625e-15
7505.14 5.5582e-15
7508.15 5.5946e-15
7511.15 5.5414e-15
7514.16 5.4585e-15
7517.17 5.4379e-15
7520.17 5.3584e-15
7523.18 5.2412e-15
7526.19 5.1368e-15
7529.19 5.0559e-15
7532.20 5.0071e-15
7535.21 4.9874e-15
7538.21 4.9341e-15
7541.22 4.877e-15
7544.23 4.8452e-15
7547.23 4.8251e-15
7550.24 4.8082e-15
7553.25 4.7905e-15
7556.25 4.7767e-15
7559.26 4.7418e-15
7562.27 4.6959e-15
7565.27 4.6188e-15
7568.28 4.5105e-15
7571.29 4.3971e-15
7574.29 4.3138e-15
7577.30 4.2499e-15
7580.31 4.2089e-15
7583.31 4.1659e-15
7586.32 4.1222e-15
7589.33 4.1036e-15
7592.33 4.0952e-15
7595.34 4.1217e-15
7598.35 4.2111e-15
7601.35 4.3072e-15
7604.36 4.2263e-15
7607.37 4.042e-15
7610.37 3.9288e-15
7613.38 3.8339e-15
7616.39 3.7118e-15
7619.39 3.8374e-15
7622.40 3.8537e-15
7625.41 4.0518e-15
7628.41 4.1711e-15
7631.42 4.07e-15
7634.43 3.9405e-15
7637.43 3.7932e-15
7640.44 3.7149e-15
7643.45 3.7064e-15
7646.45 3.6749e-15
7649.46 3.6461e-15
7652.47 3.6049e-15
7655.47 3.5749e-15
7658.48 3.5502e-15
7661.49 3.5893e-15
7664.49 3.5388e-15
7667.50 3.5253e-15
7670.51 3.6291e-15
7673.51 3.7036e-15
7676.52 3.7546e-15
7679.53 3.7772e-15
7682.53 3.7378e-15
7685.54 3.7186e-15
7688.55 3.707e-15
7691.56 3.7356e-15
7694.56 3.7502e-15
7697.57 3.7217e-15
7700.58 3.7166e-15
7703.58 3.7125e-15
7706.59 3.7644e-15
7709.60 3.8296e-15
7712.60 3.8647e-15
7715.61 3.9113e-15
7718.62 4.0035e-15
7721.62 4.1144e-15
7724.63 4.1932e-15
7727.64 4.234e-15
7730.64 4.2626e-15
7733.65 4.3686e-15
7736.66 4.4985e-15
7739.66 4.5984e-15
7742.67 4.6638e-15
7745.68 4.7548e-15
7748.68 4.8739e-15
7751.69 4.932e-15
7754.70 4.9548e-15
7757.70 5.0819e-15
7760.71 5.2634e-15
7763.72 5.3849e-15
7766.72 5.4566e-15
7769.73 5.568e-15
7772.74 5.6954e-15
7775.74 5.8165e-15
7778.75 5.9005e-15
7781.76 5.9316e-15
7784.76 5.9917e-15
7787.77 6.0549e-15
7790.78 6.0666e-15
7793.78 6.0607e-15
7796.79 6.1261e-15
7799.80 6.1715e-15
7802.80 6.2514e-15
7805.81 6.3569e-15
7808.82 6.4237e-15
7811.82 6.489e-15
7814.83 6.5225e-15
7817.84 6.5003e-15
7820.84 6.4156e-15
7823.85 6.3521e-15
7826.86 6.2628e-15
7829.86 6.1047e-15
7832.87 5.966e-15
7835.88 5.8968e-15
7838.88 5.8165e-15
7841.89 5.6977e-15
7844.90 5.5706e-15
7847.90 5.4581e-15
7850.91 5.3771e-15
7853.92 5.3492e-15
7856.92 5.3247e-15
7859.93 5.2521e-15
7862.94 5.1293e-15
7865.94 5.0242e-15
7868.95 4.9427e-15
7871.96 4.8677e-15
7874.97 4.8059e-15
7877.97 4.7332e-15
7880.98 4.6163e-15
7883.99 4.503e-15
7886.99 4.4612e-15
7890.00 4.4778e-15
7893.01 4.4677e-15
7896.01 4.3984e-15
7899.02 4.3937e-15
7902.03 4.4091e-15
7905.03 4.3691e-15
7908.04 4.3403e-15
7911.05 4.3074e-15
7914.05 4.2758e-15
7917.06 4.2396e-15
7920.07 4.1913e-15
7923.07 4.1459e-15
7926.08 4.0973e-15
7929.09 4.0814e-15
7932.09 4.0752e-15
7935.10 4.0512e-15
7938.11 4.0807e-15
7941.11 4.133e-15
7944.12 4.1781e-15
7947.13 4.2515e-15
7950.13 4.2809e-15
7953.14 4.2309e-15
7956.15 4.1924e-15
7959.15 4.1988e-15
7962.16 4.1925e-15
7965.17 4.148e-15
7968.17 4.1043e-15
7971.18 4.0448e-15
7974.19 3.99e-15
7977.19 3.9545e-15
7980.20 3.9993e-15
7983.21 4.0735e-15
7986.21 4.0506e-15
7989.22 4.0061e-15
7992.23 4.0092e-15
7995.23 4.0206e-15
7998.24 4.0188e-15
8001.25 3.9851e-15
8004.25 3.987e-15
8007.26 3.9844e-15
8010.27 3.9525e-15
8013.27 3.8896e-15
8016.28 3.843e-15
8019.29 3.8003e-15
8022.29 3.743e-15
8025.30 3.7268e-15
8028.31 3.7345e-15
8031.31 3.7268e-15
8034.32 3.6669e-15
8037.33 3.6258e-15
8040.33 3.6303e-15
8043.34 3.6194e-15
8046.35 3.6114e-15
8049.35 3.5766e-15
8052.36 3.562e-15
8055.37 3.5534e-15
8058.38 3.5278e-15
8061.38 3.5107e-15
8064.39 3.51e-15
8067.40 3.4725e-15
8070.40 3.4161e-15
8073.41 3.4054e-15
8076.42 3.3846e-15
8079.42 3.3358e-15
8082.43 3.3215e-15
8085.44 3.3321e-15
8088.44 3.2845e-15
8091.45 3.2171e-15
8094.46 3.1725e-15
8097.46 3.14e-15
8100.47 3.1242e-15
8103.48 3.1312e-15
8106.48 3.1454e-15
8109.49 3.1555e-15
8112.50 3.1819e-15
8115.50 3.1862e-15
8118.51 3.1809e-15
8121.52 3.2163e-15
8124.52 3.2349e-15
8127.53 3.2094e-15
8130.54 3.2116e-15
8133.54 3.2345e-15
8136.55 3.2087e-15
8139.56 3.1226e-15
8142.56 3.0766e-15
8145.57 3.0513e-15
8148.58 3.0149e-15
8151.58 2.9822e-15
8154.59 2.9935e-15
8157.60 3.0321e-15
8160.60 3.0487e-15
8163.61 3.0536e-15
8166.62 3.025e-15
8169.62 3.0078e-15
8172.63 3.0166e-15
8175.64 2.9944e-15
8178.64 3.0048e-15
8181.65 3.0106e-15
8184.66 2.9938e-15
8187.66 2.9853e-15
8190.67 2.972e-15
8193.68 2.9834e-15
8196.68 3.0115e-15
8199.69 2.9962e-15
8202.70 2.982e-15
8205.70 3.0061e-15
8208.71 3.0607e-15
8211.72 3.1345e-15
8214.72 3.1621e-15
8217.73 3.1528e-15
8220.74 3.1374e-15
8223.74 3.132e-15
8226.75 3.1112e-15
8229.76 3.0618e-15
8232.77 3.0439e-15
8235.77 3.0324e-15
8238.78 3.0061e-15
8241.79 3.0328e-15
8244.79 3.0941e-15
8247.80 3.1441e-15
8250.81 3.1065e-15
8253.81 3.0759e-15
8256.82 3.1039e-15
8259.83 3.0575e-15
8262.83 2.9961e-15
8265.84 2.9744e-15
8268.85 2.8829e-15
8271.85 2.8026e-15
8274.86 2.7499e-15
8277.87 2.7074e-15
8280.87 2.6514e-15
8283.88 2.6028e-15
8286.89 2.5626e-15
8289.89 2.5031e-15
8292.90 2.4556e-15
8295.91 2.4384e-15
8298.91 2.3976e-15
8301.92 2.3297e-15
8304.93 2.2671e-15
8307.93 2.1797e-15
8310.94 2.0905e-15
8313.95 2.0166e-15
8316.95 1.951e-15
8319.96 1.8751e-15
8322.97 1.7798e-15
8325.97 1.7187e-15
8328.98 1.6917e-15
8331.99 1.64e-15
8334.99 1.5936e-15
8338.00 1.5318e-15
8341.01 1.4849e-15
8344.01 1.4461e-15
8347.02 1.3696e-15
8350.03 1.3315e-15
8353.03 1.2944e-15
8356.04 1.2202e-15
8359.05 1.1794e-15
8362.05 1.1461e-15
8365.06 1.1094e-15
8368.07 1.054e-15
8371.07 1.0041e-15
8374.08 9.9331e-16
8377.09 9.7526e-16
8380.09 9.4455e-16
8383.10 9.0905e-16
8386.11 8.9594e-16
8389.11 9.2785e-16
8392.12 9.6829e-16
8395.13 1.0159e-15
8398.13 1.0434e-15
8401.14 1.0402e-15
8404.15 1.0829e-15
8407.15 1.1581e-15
8410.16 1.2059e-15
8413.17 1.2498e-15
8416.18 1.3083e-15
8419.18 1.3679e-15
8422.19 1.4368e-15
8425.20 1.4954e-15
8428.20 1.5947e-15
8431.21 1.6766e-15
8434.22 1.7125e-15
8437.22 1.8259e-15
8440.23 1.9496e-15
8443.24 2.016e-15
8446.24 2.1135e-15
8449.25 2.2599e-15
8452.26 2.359e-15
8455.26 2.4307e-15
8458.27 2.5386e-15
8461.28 2.64e-15
8464.28 2.7423e-15
8467.29 2.8013e-15
8470.30 2.8545e-15
8473.30 2.9641e-15
8476.31 3.0335e-15
8479.32 3.1274e-15
8482.32 3.2496e-15
8485.33 3.3392e-15
8488.34 3.4067e-15
8491.34 3.4982e-15
8494.35 3.6145e-15
8497.36 3.7304e-15
8500.36 3.8072e-15
8503.37 3.8723e-15
8506.38 3.9278e-15
8509.38 3.9722e-15
8512.39 4.0213e-15
8515.40 4.0159e-15
8518.40 4.0697e-15
8521.41 4.1571e-15
8524.42 4.1868e-15
8527.42 4.2396e-15
8530.43 4.3709e-15
8533.44 4.4693e-15
8536.44 4.5818e-15
8539.45 4.7676e-15
8542.46 4.9493e-15
8545.46 5.0647e-15
8548.47 5.17e-15
8551.48 5.2722e-15
8554.48 5.3365e-15
8557.49 5.3768e-15
8560.50 5.468e-15
8563.50 5.5845e-15
8566.51 5.6711e-15
8569.52 5.7488e-15
8572.52 5.8566e-15
8575.53 5.9836e-15
8578.54 6.1824e-15
8581.54 6.3578e-15
8584.55 6.4698e-15
8587.56 6.6753e-15
8590.56 6.9238e-15
8593.57 7.0902e-15
8596.58 7.1769e-15
8599.59 7.3087e-15
8602.59 7.4813e-15
8605.60 7.6293e-15
8608.61 7.7466e-15
8611.61 7.87e-15
8614.62 8.0343e-15
8617.63 8.2272e-15
8620.63 8.4549e-15
8623.64 8.6909e-15
8626.65 8.9593e-15
8629.65 9.2646e-15
8632.66 9.6379e-15
8635.67 1.001e-14
8638.67 1.0368e-14
8641.68 1.0638e-14
8644.69 1.0892e-14
8647.69 1.1165e-14
8650.70 1.1362e-14
8653.71 1.1484e-14
8656.71 1.1572e-14
8659.72 1.1569e-14
8662.73 1.1639e-14
8665.73 1.1753e-14
8668.74 1.1706e-14
8671.75 1.1614e-14
8674.75 1.1642e-14
8677.76 1.1799e-14
8680.77 1.1932e-14
8683.77 1.187e-14
8686.78 1.1846e-14
8689.79 1.1955e-14
8692.79 1.1983e-14
8695.80 1.2023e-14
8698.81 1.2046e-14
8701.81 1.2097e-14
8704.82 1.2065e-14
8707.83 1.1961e-14
8710.83 1.171e-14
8713.84 1.1414e-14
8716.85 1.1216e-14
8719.85 1.1076e-14
8722.86 1.0939e-14
8725.87 1.0683e-14
8728.87 1.0448e-14
8731.88 1.0273e-14
8734.89 1.0072e-14
8737.89 9.9716e-15
8740.90 9.9297e-15
8743.91 9.8193e-15
8746.91 9.6529e-15
8749.92 9.4851e-15
8752.93 9.373e-15
8755.93 9.328e-15
8758.94 9.1712e-15
8761.95 9.0397e-15
8764.95 8.9421e-15
8767.96 8.7277e-15
8770.97 8.581e-15
8773.97 8.5013e-15
8776.98 8.3178e-15
8779.99 8.1393e-15
8783.00 8.0013e-15
8786.00 7.8844e-15
8789.01 7.7905e-15
8792.02 7.7058e-15
8795.02 7.676e-15
8798.03 7.6649e-15
8801.04 7.5969e-15
8804.04 7.508e-15
8807.05 7.4894e-15
8810.06 7.4522e-15
8813.06 7.3444e-15
8816.07 7.2442e-15
8819.08 7.2084e-15
8822.08 7.2427e-15
8825.09 7.1525e-15
8828.10 6.9374e-15
8831.10 6.8517e-15
8834.11 6.764e-15
8837.12 6.5958e-15
8840.12 6.4465e-15
8843.13 6.2997e-15
8846.14 6.1681e-15
8849.14 6.0914e-15
8852.15 6.0107e-15
8855.16 5.8577e-15
8858.16 5.781e-15
8861.17 5.6981e-15
8864.18 5.5649e-15
8867.18 5.4868e-15
8870.19 5.4264e-15
8873.20 5.3536e-15
8876.20 5.27e-15
8879.21 5.148e-15
8882.22 5.0473e-15
8885.22 5.0148e-15
8888.23 4.9653e-15
8891.24 4.8047e-15
8894.24 4.6692e-15
8897.25 4.5745e-15
8900.26 4.5119e-15
8903.26 4.4131e-15
8906.27 4.2863e-15
8909.28 4.2634e-15
8912.28 4.2757e-15
8915.29 4.2356e-15
8918.30 4.0698e-15
8921.30 3.9272e-15
8924.31 3.9018e-15
8927.32 3.9058e-15
8930.32 3.8868e-15
8933.33 3.8171e-15
8936.34 3.7539e-15
8939.34 3.7476e-15
8942.35 3.6979e-15
8945.36 3.6354e-15
8948.36 3.6146e-15
8951.37 3.58e-15
8954.38 3.4835e-15
8957.38 3.4424e-15
8960.39 3.3952e-15
8963.40 3.3794e-15
8966.41 3.3907e-15
8969.41 3.3244e-15
8972.42 3.2407e-15
8975.43 3.2229e-15
8978.43 3.2049e-15
8981.44 3.2094e-15
8984.45 3.2406e-15
8987.45 3.2241e-15
8990.46 3.2078e-15
8993.47 3.2194e-15
8996.47 3.2102e-15
8999.48 3.148e-15
9002.49 3.1124e-15
9005.49 3.1261e-15
9008.50 3.1358e-15
9011.51 3.1622e-15
9014.51 3.2243e-15
9017.52 3.2508e-15
9020.53 3.2787e-15
9023.53 3.2708e-15
9026.54 3.2093e-15
9029.55 3.1641e-15
9032.55 3.2023e-15
9035.56 3.2649e-15
9038.57 3.2757e-15
9041.57 3.2833e-15
9044.58 3.2609e-15
9047.59 3.1998e-15
9050.59 3.2006e-15
9053.60 3.2327e-15
9056.61 3.2785e-15
9059.61 3.2613e-15
9062.62 3.2102e-15
9065.63 3.2202e-15
9068.63 3.2173e-15
9071.64 3.2211e-15
9074.65 3.2149e-15
9077.65 3.1879e-15
9080.66 3.168e-15
9083.67 3.1789e-15
9086.67 3.2418e-15
9089.68 3.2401e-15
9092.69 3.254e-15
9095.69 3.2924e-15
9098.70 3.2701e-15
