3502.00 24706
3504.00 36029
3506.00 35614
3508.00 22447
3510.00 30247
3512.00 40679
3514.00 26891
3516.00 30164
3518.00 33399
3520.00 27575
3522.00 36124
3524.00 38615
3526.00 47858
3528.00 35331
3530.00 53754
3532.00 57462
3534.00 50980
3536.00 48483
3538.00 73228
3540.00 76426
3542.00 76938
3544.00 90902
3546.00 66239
3548.00 1.1621e+05
3550.00 1.0899e+05
3552.00 92261
3554.00 88486
3556.00 78504
3558.00 1.1269e+05
3560.00 71869
3562.00 83742
3564.00 1.0181e+05
3566.00 52619
3568.00 1.2916e+05
3570.00 74253
3572.00 64036
3574.00 71918
3576.00 74591
3578.00 69108
3580.00 1.0186e+05
3582.00 1.0578e+05
3584.00 90444
3586.00 1.326e+05
3588.00 97263
3590.00 1.0104e+05
3592.00 1.3798e+05
3594.00 1.5712e+05
3596.00 1.5461e+05
3598.00 1.7031e+05
3600.00 1.2398e+05
3602.00 1.786e+05
3604.00 1.4539e+05
3606.00 1.2783e+05
3608.00 1.0335e+05
3610.00 1.137e+05
3612.00 1.3238e+05
3614.00 1.2743e+05
3616.00 1.5166e+05
3618.00 1.3676e+05
3620.00 1.0702e+05
3622.00 1.0914e+05
3624.00 64019
3626.00 70551
3628.00 60148
3630.00 59366
3632.00 56868
3634.00 54059
3636.00 24502
3638.00 19962
3640.00 20241
3642.00 19321
3644.00 16956
3646.00 11154
3648.00 8755.5
3650.00 9429.3
3652.00 5941.8
3654.00 5187
3656.00 3158.8
3658.00 2790.2
3660.00 1944.5
3662.00 2086
3664.00 1550.7
3666.00 1007
3668.00 757.11
3670.00 975.62
3672.00 424.74
3674.00 474.64
3676.00 236.57
3678.00 297.14
3680.00 269.65
3682.00 212.64
3684.00 184.6
3686.00 159.4
3688.00 148.2
3690.00 157.14
3692.00 137.63
3694.00 180.75
3696.00 100.24
3698.00 112.12
3700.00 106.01
3702.00 81.156
3704.00 61.038
3706.00 57.311
3708.00 64.542
3710.00 78.654
3712.00 70.165
3714.00 59.99
3716.00 100.8
3718.00 113.04
3720.00 194.91
3722.00 204.87
3724.00 297.63
3726.00 422.9
3728.00 671.12
3730.00 562.5
3732.00 819.75
3734.00 1230.9
3736.00 1801.9
3738.00 1826.6
3740.00 3516.9
3742.00 4276.4
3744.00 5305.9
3746.00 7445.3
3748.00 9482.4
3750.00 13276
3752.00 13491
3754.00 19180
3756.00 26409
3758.00 34656
3760.00 43083
3762.00 53016
3764.00 59671
3766.00 63296
3768.00 72866
3770.00 74483
3772.00 1.1753e+05
3774.00 1.3171e+05
3776.00 1.22e+05
3778.00 1.8972e+05
3780.00 1.5163e+05
3782.00 1.5331e+05
3784.00 1.8422e+05
3786.00 1.7577e+05
3788.00 1.9599e+05
3790.00 2.2708e+05
3792.00 2.467e+05
3794.00 2.1698e+05
3796.00 2.1333e+05
3798.00 1.9196e+05
3800.00 2.366e+05
3802.00 2.4632e+05
3804.00 2.3095e+05
3806.00 1.7265e+05
3808.00 2.0378e+05
3810.00 1.7983e+05
3812.00 1.6378e+05
3814.00 1.4983e+05
3816.00 1.7531e+05
3818.00 1.8939e+05
3820.00 1.0954e+05
3822.00 92746
3824.00 58280
3826.00 59510
3828.00 51419
3830.00 33926
3832.00 35278
3834.00 19128
3836.00 17168
3838.00 15165
3840.00 11529
3842.00 10324
3844.00 6795.8
3846.00 4488.3
3848.00 4325.1
3850.00 2567.6
3852.00 1861.6
3854.00 1278.8
3856.00 1233.3
3858.00 819.07
3860.00 653.97
3862.00 421.93
3864.00 328.52
3866.00 168.17
3868.00 156.34
3870.00 107.4
3872.00 65.802
3874.00 79.645
3876.00 41.818
3878.00 33.835
3880.00 18.547
3882.00 19.806
3884.00 11.563
3886.00 8.4365
3888.00 7.2812
3890.00 4.7285
3892.00 2.5038
3894.00 1.83
3896.00 1.5916
3898.00 1.0093
3900.00 0.70795
3902.00 0.4686
3904.00 0.30003
3906.00 0.34872
3908.00 0.24108
3910.00 0.28085
3912.00 0.20232
3914.00 0.093051
3916.00 0.087732
3918.00 0.04856
3920.00 0.043021
3922.00 0.043623
3924.00 0.054979
3926.00 0.046456
3928.00 0.037858
3930.00 0.044718
3932.00 0.10938
3934.00 0.092062
3936.00 0.042662
3938.00 0.079068
3940.00 0.10161
3942.00 0.051818
3944.00 0.042084
3946.00 0.05821
3948.00 0.0927
3950.00 0.076075
3952.00 0.067291
3954.00 0.085302
3956.00 0.10575
3958.00 0.088699
3960.00 0.079301
3962.00 0.083846
3964.00 0.066964
3966.00 0.072324
3968.00 0.095087
3970.00 0.059852
3972.00 0.064989
3974.00 0.090765
3976.00 0.063235
3978.00 0.064405
3980.00 0.072517
3982.00 0.10006
3984.00 0.07174
3986.00 0.098956
3988.00 0.088896
3990.00 0.072457
3992.00 0.067137
3994.00 0.078842
3996.00 0.058463
3998.00 0.065205
4000.00 0.076313
4002.00 0.088838
4004.00 0.089068
4006.00 0.08553
4008.00 0.088618
4010.00 0.11026
4012.00 0.092914
4014.00 0.16066
4016.00 0.2274
4018.00 0.2598
4020.00 0.29287
4022.00 0.3578
4024.00 0.33309
4026.00 0.62053
4028.00 0.63856
4030.00 0.65349
4032.00 0.91437
4034.00 1.0702
4036.00 1.3538
4038.00 2.3012
4040.00 1.9588
4042.00 3.9653
4044.00 4.2321
4046.00 3.9243
4048.00 7.4405
4050.00 5.5785
4052.00 4.9737
4054.00 5.0666
4056.00 6.4989
4058.00 6.1904
4060.00 5.4833
4062.00 5.7048
4064.00 6.8637
4066.00 7.6215
4068.00 10.322
4070.00 8.5791
4072.00 18.546
4074.00 20.21
4076.00 17.421
4078.00 34.047
4080.00 34.044
4082.00 45.094
4084.00 54.782
4086.00 55.806
4088.00 70.01
4090.00 77.076
4092.00 99.293
4094.00 98.175
4096.00 93.334
4098.00 101.84
4100.00 136.26
4102.00 152.81
4104.00 177.89
4106.00 230.82
4108.00 177.19
4110.00 210.07
4112.00 252.19
4114.00 278.1
4116.00 338.44
4118.00 311.31
4120.00 348.4
4122.00 392.14
4124.00 532.35
4126.00 442.18
4128.00 638.5
4130.00 768.21
4132.00 868
4134.00 886.18
4136.00 806.86
4138.00 1322.3
4140.00 1295.9
4142.00 1619.3
4144.00 1651.5
4146.00 1637.4
4148.00 1546.8
4150.00 1613.5
4152.00 1591.3
4154.00 1795.4
4156.00 1748.7
4158.00 1810.2
4160.00 1951.3
4162.00 1602.4
4164.00 1706.7
4166.00 1937.5
4168.00 1617
4170.00 1853.9
4172.00 1392.9
4174.00 1830.5
4176.00 1674.3
4178.00 1848.6
4180.00 1509.1
4182.00 1482.2
4184.00 1721.6
4186.00 1739.1
4188.00 1427.2
4190.00 1187.5
4192.00 1380.1
4194.00 1260.5
4196.00 909.08
4198.00 949.38
4200.00 860.68
4202.00 761.24
4204.00 807.61
4206.00 729.46
4208.00 737.7
4210.00 707.82
4212.00 718.46
4214.00 626.79
4216.00 509.52
4218.00 491.63
4220.00 442.59
4222.00 515.23
4224.00 431.8
4226.00 422.98
4228.00 398.58
4230.00 478.41
4232.00 368.23
4234.00 257.87
4236.00 220.96
4238.00 252.23
4240.00 192.72
4242.00 174.26
4244.00 153.32
4246.00 129.8
4248.00 132.65
4250.00 135.38
4252.00 103.39
4254.00 98.764
4256.00 79.895
4258.00 67.802
4260.00 49.948
4262.00 59.424
4264.00 48.847
4266.00 34.805
4268.00 37.332
4270.00 36.178
4272.00 29.714
4274.00 30.244
4276.00 24.506
4278.00 21.476
4280.00 18.965
4282.00 18.683
4284.00 14.691
4286.00 13.498
4288.00 13.623
4290.00 10.729
4292.00 11.166
4294.00 9.8673
4296.00 10.01
4298.00 9.0415
4300.00 8.0501
4302.00 8.2043
4304.00 9.9101
4306.00 9.1336
4308.00 8.31
4310.00 8.0605
4312.00 9.0224
4314.00 8.6896
4316.00 9.6971
4318.00 7.1076
4320.00 11.392
4322.00 9.5174
4324.00 10.991
4326.00 14.865
4328.00 18.746
4330.00 25.4
4332.00 24.706
4334.00 22.017
4336.00 21.191
4338.00 29.174
4340.00 34.204
4342.00 39.544
4344.00 47.938
4346.00 59.096
4348.00 70.314
4350.00 88.398
4352.00 89.669
4354.00 119.74
4356.00 164.92
4358.00 154.51
4360.00 183.76
4362.00 217.47
4364.00 318.98
4366.00 297.58
4368.00 352.31
4370.00 326.77
4372.00 319.86
4374.00 407.34
4376.00 491.81
4378.00 677.83
4380.00 706.25
4382.00 554.32
4384.00 774.53
4386.00 739.67
4388.00 728.58
4390.00 784.44
4392.00 889.45
4394.00 927
4396.00 846.76
4398.00 878.21
4400.00 840.39
4402.00 755.23
4404.00 786.32
4406.00 791.92
4408.00 650.19
4410.00 537.33
4412.00 547.57
4414.00 634.22
4416.00 541.2
4418.00 576.18
4420.00 596.82
4422.00 468.42
4424.00 407.23
4426.00 397.23
4428.00 364.18
4430.00 282.88
4432.00 264.78
4434.00 199.32
4436.00 201.56
4438.00 142.15
4440.00 160.06
4442.00 111.19
4444.00 94.033
4446.00 76.047
4448.00 88.154
4450.00 73.594
4452.00 52.211
4454.00 55.744
4456.00 42.415
4458.00 47.306
4460.00 33.122
4462.00 30.552
4464.00 29.358
4466.00 21.518
4468.00 20.595
4470.00 17.434
4472.00 18.138
4474.00 14.481
4476.00 11.342
4478.00 8.8137
4480.00 7.7425
4482.00 6.2345
4484.00 5.1775
4486.00 3.5059
4488.00 3.395
4490.00 3.749
4492.00 2.8494
4494.00 2.7797
4496.00 1.4161
4498.00 1.9823
4500.00 1.4837
4502.00 1.206
4504.00 1.058
4506.00 1.0386
4508.00 0.80486
4510.00 0.6069
4512.00 0.70489
4514.00 0.53664
4516.00 0.38729
4518.00 0.33217
4520.00 0.41729
4522.00 0.29258
4524.00 0.27631
4526.00 0.26708
4528.00 0.3035
4530.00 0.37099
4532.00 0.37921
4534.00 0.41335
4536.00 0.36728
4538.00 0.28119
4540.00 0.18671
4542.00 0.20059
4544.00 0.17678
4546.00 0.14086
4548.00 0.15718
4550.00 0.14229
4552.00 0.15634
4554.00 0.17045
4556.00 0.15382
4558.00 0.17845
4560.00 0.19311
4562.00 0.1881
4564.00 0.22451
4566.00 0.25302
4568.00 0.24747
4570.00 0.30177
4572.00 0.39366
4574.00 0.41675
4576.00 0.49449
4578.00 0.45511
4580.00 0.49682
4582.00 0.4565
4584.00 0.50568
4586.00 0.53304
4588.00 0.65905
4590.00 0.50466
4592.00 0.8333
4594.00 0.75461
4596.00 1.0447
4598.00 0.89503
4600.00 0.85326
4602.00 1.2325
4604.00 1.4939
4606.00 1.5686
4608.00 1.6247
4610.00 2.3208
4612.00 2.2204
4614.00 2.062
4616.00 2.7726
4618.00 4.0678
4620.00 4.5007
4622.00 5.2172
4624.00 6.5512
4626.00 9.2931
4628.00 12.058
4630.00 14.661
4632.00 22.447
4634.00 23.044
4636.00 27.55
4638.00 32.33
4640.00 50.369
4642.00 56.911
4644.00 67.341
4646.00 74.817
4648.00 93.274
4650.00 150.45
4652.00 159.97
4654.00 195.83
4656.00 255.13
4658.00 355.93
4660.00 460.21
4662.00 466.66
4664.00 602.5
4666.00 727.65
4668.00 777.39
4670.00 1100.5
4672.00 1456.9
4674.00 1370.4
4676.00 1451.6
4678.00 1802.5
4680.00 1924.5
4682.00 2159.7
4684.00 1854.2
4686.00 2089.7
4688.00 1953.4
4690.00 1806.7
4692.00 2012.2
4694.00 1615
4696.00 1357.9
4698.00 1231.4
4700.00 922.49
4702.00 919.69
4704.00 766.16
4706.00 576.13
4708.00 538.07
4710.00 489.06
4712.00 485.33
4714.00 389.01
4716.00 344.6
4718.00 290.4
4720.00 274.36
4722.00 226.17
4724.00 196.72
4726.00 172.6
4728.00 175.47
4730.00 179.13
4732.00 174.26
4734.00 196.03
4736.00 218.29
4738.00 205.87
4740.00 237.75
4742.00 235.2
4744.00 248.43
4746.00 234.51
4748.00 297.6
4750.00 248.79
4752.00 249.51
4754.00 237.18
4756.00 197.73
4758.00 202.96
4760.00 190.93
4762.00 175.02
4764.00 151.51
4766.00 155.77
4768.00 155.77
4770.00 190.62
4772.00 174.71
4774.00 156.72
4776.00 118.26
4778.00 112.87
4780.00 85.688
4782.00 107.52
4784.00 88.446
4786.00 90.682
4788.00 74.679
4790.00 69.196
4792.00 61.111
4794.00 55.811
4796.00 47.35
4798.00 44.381
4800.00 45.306
4802.00 45.44
4804.00 41.714
4806.00 36.284
4808.00 35.872
4810.00 37.39
4812.00 41.903
4814.00 39.073
4816.00 38.036
4818.00 42.061
4820.00 53.738
4822.00 50.308
4824.00 54.48
4826.00 58.614
4828.00 60.948
4830.00 66.767
4832.00 61.677
4834.00 78.915
4836.00 86.282
4838.00 89.199
4840.00 98.792
4842.00 91.605
4844.00 89.1
4846.00 90.774
4848.00 94.189
4850.00 86.155
4852.00 82.111
4854.00 77.211
4856.00 63.498
4858.00 61.876
4860.00 64.714
4862.00 63.527
4864.00 62.184
4866.00 54.285
4868.00 62.887
4870.00 52.879
4872.00 53.52
4874.00 54.666
4876.00 40.896
4878.00 45.315
4880.00 42.741
4882.00 44.047
4884.00 44.283
4886.00 44.492
4888.00 36.864
4890.00 32.825
4892.00 25.963
4894.00 27.879
4896.00 23.648
4898.00 21.587
4900.00 16.676
4902.00 20.943
4904.00 19.87
4906.00 19.035
4908.00 13.697
4910.00 14.229
4912.00 13.365
4914.00 14.668
4916.00 12.762
4918.00 10.193
4920.00 10.926
4922.00 10.824
4924.00 10.841
4926.00 8.4824
4928.00 7.2117
4930.00 8.1111
4932.00 7.1056
4934.00 7.1694
4936.00 7.9477
4938.00 7.1076
4940.00 6.777
4942.00 7.1952
4944.00 8.0843
4946.00 8.4973
4948.00 9.7913
4950.00 10.909
4952.00 12.029
4954.00 14.889
4956.00 15.881
4958.00 14.458
4960.00 20.004
4962.00 23.657
4964.00 28.356
4966.00 29.752
4968.00 45.667
4970.00 50.914
4972.00 59.979
4974.00 84.863
4976.00 105.37
4978.00 111.57
4980.00 143.97
4982.00 150.23
4984.00 178.62
4986.00 199.65
4988.00 192.89
4990.00 198.65
4992.00 250.06
4994.00 250.75
4996.00 252.3
4998.00 294.23
5000.00 279.36
5002.00 272.9
5004.00 301.13
5006.00 345.3
5008.00 368.88
5010.00 362.54
5012.00 395.59
5014.00 366.74
5016.00 375.66
5018.00 352.4
5020.00 330.98
5022.00 331.28
5024.00 332.32
5026.00 312.21
5028.00 303.17
5030.00 244.79
5032.00 291.34
5034.00 243.58
5036.00 228.08
5038.00 254.71
5040.00 267.18
5042.00 224.62
5044.00 226.8
5046.00 207.01
5048.00 175.97
5050.00 210.59
5052.00 193.02
5054.00 194.63
5056.00 172.08
5058.00 162.03
5060.00 144.6
5062.00 121.41
5064.00 100.26
5066.00 106.47
5068.00 110.24
5070.00 90.473
5072.00 84.062
5074.00 77.596
5076.00 87.185
5078.00 68.815
5080.00 59.869
5082.00 55.868
5084.00 54.305
5086.00 59.342
5088.00 56.265
5090.00 63.973
5092.00 49.852
5094.00 45.721
5096.00 55.473
5098.00 48.838
5100.00 41.134
5102.00 46.576
5104.00 36.833
5106.00 41.53
5108.00 38.015
5110.00 38.879
5112.00 35.485
5114.00 40.573
5116.00 39.301
5118.00 42.302
5120.00 45.802
5122.00 49.258
5124.00 44.186
5126.00 55.524
5128.00 53.644
5130.00 45.369
5132.00 45.256
5134.00 48.106
5136.00 46.623
5138.00 47.007
5140.00 41.779
5142.00 39.511
5144.00 40.157
5146.00 40.09
5148.00 42.969
5150.00 38.998
5152.00 34.67
5154.00 35.763
5156.00 34.214
5158.00 27.441
5160.00 28.468
5162.00 28.755
5164.00 26.853
5166.00 24.128
5168.00 19.196
5170.00 17.558
5172.00 17.966
5174.00 22.47
5176.00 17.631
5178.00 14.029
5180.00 14.437
5182.00 12.466
5184.00 12.741
5186.00 11.473
5188.00 10.906
5190.00 10.524
5192.00 11.96
5194.00 10.166
5196.00 7.8012
5198.00 6.5627
5200.00 5.5401
5202.00 5.9632
5204.00 4.8933
5206.00 4.7206
5208.00 4.3563
5210.00 4.4986
5212.00 3.6928
5214.00 3.5098
5216.00 3.9142
5218.00 3.0222
5220.00 2.9575
5222.00 2.4985
5224.00 2.2362
5226.00 2.4137
5228.00 2.0389
5230.00 2.1299
5232.00 1.7781
5234.00 1.6136
5236.00 1.2779
5238.00 1.2358
5240.00 1.2104
5242.00 1.0805
5244.00 1.1424
5246.00 1.4654
5248.00 1.2481
5250.00 0.93627
5252.00 1.0227
5254.00 0.99412
5256.00 0.98755
5258.00 1.2314
5260.00 1.2842
5262.00 1.1366
5264.00 0.95843
5266.00 0.90749
5268.00 0.90058
5270.00 0.9392
5272.00 1.0666
5274.00 1.3174
5276.00 0.99138
5278.00 0.88503
5280.00 1.1102
5282.00 0.98012
5284.00 1.0135
5286.00 0.9425
5288.00 1.041
5290.00 1.1384
5292.00 1.0493
5294.00 1.1809
5296.00 1.2378
5298.00 0.92512
5300.00 1.1052
5302.00 1.3259
5304.00 1.2526
5306.00 1.5155
5308.00 1.3619
5310.00 1.4191
5312.00 1.3507
5314.00 1.237
5316.00 1.3549
5318.00 1.6928
5320.00 1.4812
5322.00 1.2511
5324.00 1.458
5326.00 1.8083
5328.00 1.8534
5330.00 1.7599
5332.00 2.0337
5334.00 2.013
5336.00 1.8175
5338.00 1.8702
5340.00 2.4106
5342.00 1.687
5344.00 1.8364
5346.00 2.2694
5348.00 2.1639
5350.00 1.9266
5352.00 2.0061
5354.00 2.3496
5356.00 2.6028
5358.00 2.5133
5360.00 2.6524
5362.00 2.8589
5364.00 2.7723
5366.00 2.3444
5368.00 2.8309
5370.00 3.5985
5372.00 3.8826
5374.00 3.1626
5376.00 2.7509
5378.00 3.1907
5380.00 3.9171
5382.00 3.7082
5384.00 3.3156
5386.00 3.3294
5388.00 3.1989
5390.00 3.41
5392.00 3.208
5394.00 4.8457
5396.00 4.1293
5398.00 4.156
5400.00 5.1438
5402.00 4.9875
5404.00 6.1881
5406.00 5.6676
5408.00 5.0308
5410.00 8.1171
5412.00 5.9074
5414.00 6.7044
5416.00 6.9631
5418.00 8.1298
5420.00 7.2157
5422.00 8.3637
5424.00 7.9097
5426.00 8.0316
5428.00 8.1455
5430.00 8.817
5432.00 8.1388
5434.00 9.8112
5436.00 10.243
5438.00 11.237
5440.00 11.917
5442.00 12.561
5444.00 12.236
5446.00 11.77
5448.00 10.54
5450.00 10.086
5452.00 11.186
5454.00 13.132
5456.00 13.794
5458.00 13.305
5460.00 14.252
5462.00 16.855
5464.00 18.719
5466.00 19.69
5468.00 19.993
5470.00 19.27
5472.00 17.853
5474.00 18.496
5476.00 21.534
5478.00 23.15
5480.00 23.812
5482.00 24.847
5484.00 27.012
5486.00 29.223
5488.00 29.515
5490.00 28.241
5492.00 28.225
5494.00 27.843
5496.00 29.414
5498.00 34.859
5500.00 39.526
5502.00 38.865
5504.00 35.972
5506.00 36.711
5508.00 39.628
5510.00 42.185
5512.00 46.55
5514.00 48.838
5516.00 47.934
5518.00 46.128
5520.00 44.862
5522.00 43.427
5524.00 43.991
5526.00 46.452
5528.00 48.942
5530.00 53.098
5532.00 56.048
5534.00 55.904
5536.00 54.853
5538.00 56.359
5540.00 59.709
5542.00 61.705
5544.00 63.055
5546.00 64.47
5548.00 66.699
5550.00 67.621
5552.00 65.163
5554.00 61.06
5556.00 60.018
5558.00 60.73
5560.00 61.371
5562.00 62.041
5564.00 64.109
5566.00 68.999
5568.00 74.357
5570.00 76.426
5572.00 76.215
5574.00 77.339
5576.00 77.668
5578.00 80.323
5580.00 86.904
5582.00 92.13
5584.00 93.025
5586.00 91.842
5588.00 91.504
5590.00 90.215
5592.00 91.42
5594.00 94.72
5596.00 98.374
5598.00 101.69
5600.00 106.88
5602.00 116.81
5604.00 131.14
5606.00 142.52
5608.00 153.49
5610.00 162.21
5612.00 169.09
5614.00 172.73
5616.00 171.66
5618.00 168.24
5620.00 166.04
5622.00 164.04
5624.00 158.85
5626.00 148.96
5628.00 143.73
5630.00 141.2
5632.00 141.15
5634.00 145.14
5636.00 151.48
5638.00 152.48
5640.00 147.87
5642.00 150.04
5644.00 157.88
5646.00 164.21
5648.00 168.59
5650.00 172.27
5652.00 175.45
5654.00 177.94
5656.00 182
5658.00 186.57
5660.00 192.97
5662.00 201.6
5664.00 211.1
5666.00 221.86
5668.00 233.11
5670.00 242.15
5672.00 249.6
5674.00 256.24
5676.00 257.51
5678.00 266.42
5680.00 287.93
5682.00 308.23
5684.00 314.6
5686.00 313.7
5688.00 323.06
5690.00 342.83
5692.00 351.5
5694.00 351.85
5696.00 352.6
5698.00 350.36
5700.00 352.4
5702.00 373.15
5704.00 412.82
5706.00 427.44
5708.00 427.17
5710.00 419.41
5712.00 395.4
5714.00 376.57
5716.00 369.15
5718.00 367.21
5720.00 368.03
5722.00 374.8
5724.00 377.09
5726.00 371.84
5728.00 378.13
5730.00 402.68
5732.00 428.19
5734.00 437.8
5736.00 438.65
5738.00 445.49
5740.00 452.86
5742.00 462.51
5744.00 477.49
5746.00 488.47
5748.00 497.6
5750.00 498.75
5752.00 477.75
5754.00 438.65
5756.00 413.73
5758.00 388.69
5760.00 374.01
5762.00 372.22
5764.00 368.91
5766.00 356.71
5768.00 341.41
5770.00 329.94
5772.00 319.89
5774.00 309.91
5776.00 304.12
5778.00 291.21
5780.00 267.33
5782.00 245.49
5784.00 236.31
5786.00 234.12
5788.00 221.02
5790.00 200.52
5792.00 185.28
5794.00 171.33
5796.00 159.99
5798.00 150.77
5800.00 143.83
5802.00 140.26
5804.00 139.11
5806.00 141.31
5808.00 153.79
5810.00 154.61
5812.00 139.03
5814.00 127.13
5816.00 129.57
5818.00 139.02
5820.00 137.91
5822.00 129.1
5824.00 125.11
5826.00 122.22
5828.00 120.15
5830.00 118.04
5832.00 117.53
5834.00 121.48
5836.00 129.9
5838.00 133.12
5840.00 135.17
5842.00 132.35
5844.00 121.65
5846.00 114.46
5848.00 114.94
5850.00 118.54
5852.00 118.53
5854.00 116.55
5856.00 116.77
5858.00 118.74
5860.00 119.94
5862.00 119.56
5864.00 119.94
5866.00 123.78
5868.00 129.91
5870.00 130.24
5872.00 124.36
5874.00 122.91
5876.00 121.85
5878.00 124.14
5880.00 131.18
5882.00 141.71
5884.00 154.57
5886.00 172.76
5888.00 184.08
5890.00 186.48
5892.00 195.11
5894.00 215.73
5896.00 229.23
5898.00 220.72
5900.00 201.43
5902.00 189.55
5904.00 175.63
5906.00 170.69
5908.00 173.73
5910.00 175.78
5912.00 176.6
5914.00 177.34
5916.00 177.44
5918.00 176.86
5920.00 182.42
5922.00 198.13
5924.00 204.89
5926.00 204.02
5928.00 202.81
5930.00 201.21
5932.00 200.84
5934.00 208.72
5936.00 225.05
5938.00 237.9
5940.00 254.5
5942.00 263.66
5944.00 261.43
5946.00 258.92
5948.00 262.93
5950.00 269.85
5952.00 276.39
5954.00 285.73
5956.00 290.94
5958.00 291.02
5960.00 294.17
5962.00 300.64
5964.00 310.54
5966.00 327.85
5968.00 354.55
5970.00 364.02
5972.00 359.55
5974.00 354.65
5976.00 338.03
5978.00 332.75
5980.00 352.63
5982.00 385.9
5984.00 403.68
5986.00 417.02
5988.00 418.29
5990.00 396.39
5992.00 391.85
5994.00 409.45
5996.00 430.13
5998.00 436.8
6000.00 437.08
6002.00 450.32
6004.00 476.04
6006.00 496.27
6008.00 522.93
6010.00 535.7
6012.00 519.28
6014.00 498.56
6016.00 508.63
6018.00 539.66
6020.00 566.03
6022.00 600.01
6024.00 630.67
6026.00 660.88
6028.00 686.44
6030.00 701.91
6032.00 711.02
6034.00 727.71
6036.00 751.76
6038.00 764.75
6040.00 765.74
6042.00 772.47
6044.00 785.16
6046.00 802.42
6048.00 827.33
6050.00 860.36
6052.00 879.59
6054.00 885.03
6056.00 898.59
6058.00 917.32
6060.00 935.49
6062.00 953.59
6064.00 969.53
6066.00 975.71
6068.00 973.46
6070.00 971.05
6072.00 961.35
6074.00 958.52
6076.00 956.84
6078.00 965.7
6080.00 997.15
6082.00 1044.9
6084.00 1074.9
6086.00 1095.4
6088.00 1116.1
6090.00 1124.6
6092.00 1148.5
6094.00 1192.4
6096.00 1252.3
6098.00 1329.1
6100.00 1428.2
6102.00 1530
6104.00 1637
6106.00 1768
6108.00 1907.7
6110.00 2100.9
6112.00 2393.5
6114.00 2783.8
6116.00 3229.1
6118.00 3824
6120.00 4322.7
6122.00 4744.6
6124.00 5110.2
6126.00 5319.1
6128.00 5533
6130.00 5932.5
6132.00 6460.7
6134.00 7014.6
6136.00 7629.2
6138.00 8356
6140.00 9188.4
6142.00 10193
6144.00 11441
6146.00 12932
6148.00 14630
6150.00 16611
6152.00 18882
6154.00 21729
6156.00 24502
6158.00 27000
6160.00 29672
6162.00 32866
6164.00 36435
6166.00 40081
6168.00 44015
6170.00 47702
6172.00 50916
6174.00 54401
6176.00 58041
6178.00 62102
6180.00 67131
6182.00 73107
6184.00 79535
6186.00 88441
6188.00 94036
6190.00 95299
6192.00 96924
6194.00 1.0024e+05
6196.00 1.044e+05
6198.00 1.0973e+05
6200.00 1.1694e+05
6202.00 1.2258e+05
6204.00 1.2735e+05
6206.00 1.3187e+05
6208.00 1.3589e+05
6210.00 1.3967e+05
6212.00 1.4316e+05
6214.00 1.4646e+05
6216.00 1.5154e+05
6218.00 1.5928e+05
6220.00 1.6478e+05
6222.00 1.692e+05
6224.00 1.729e+05
6226.00 1.7594e+05
6228.00 1.781e+05
6230.00 1.7934e+05
6232.00 1.7977e+05
6234.00 1.7814e+05
6236.00 1.7142e+05
6238.00 1.7101e+05
6240.00 1.7625e+05
6242.00 1.8301e+05
6244.00 1.9102e+05
6246.00 1.9963e+05
6248.00 2.0237e+05
6250.00 1.9846e+05
6252.00 2.01e+05
6254.00 2.0709e+05
6256.00 2.1392e+05
6258.00 2.2331e+05
6260.00 2.3187e+05
6262.00 2.3603e+05
6264.00 2.3717e+05
6266.00 2.3486e+05
6268.00 2.2506e+05
6270.00 2.2239e+05
6272.00 2.2407e+05
6274.00 2.2656e+05
6276.00 2.3101e+05
6278.00 2.3482e+05
6280.00 2.3118e+05
6282.00 2.2118e+05
6284.00 2.1753e+05
6286.00 2.1702e+05
6288.00 2.165e+05
6290.00 2.1845e+05
6292.00 2.1787e+05
6294.00 2.1249e+05
6296.00 2.0372e+05
6298.00 1.9048e+05
6300.00 1.7119e+05
6302.00 1.5826e+05
6304.00 1.4764e+05
6306.00 1.3858e+05
6308.00 1.3199e+05
6310.00 1.2523e+05
6312.00 1.163e+05
6314.00 1.0674e+05
6316.00 93840
6318.00 77833
6320.00 66295
6322.00 56625
6324.00 49036
6326.00 43787
6328.00 39333
6330.00 33666
6332.00 27869
6334.00 23040
6336.00 18568
6338.00 15246
6340.00 12843
6342.00 10783
6344.00 8829.2
6346.00 7137.7
6348.00 5863.5
6350.00 4852.4
6352.00 4024.9
6354.00 3336.7
6356.00 2798.7
6358.00 2398.8
6360.00 2060.4
6362.00 1729.2
6364.00 1431.8
6366.00 1178.3
6368.00 952.18
6370.00 779.4
6372.00 640.15
6374.00 532.11
6376.00 451.65
6378.00 387.69
6380.00 328.82
6382.00 277.97
6384.00 234.1
6386.00 195.18
6388.00 164.3
6390.00 139.39
6392.00 119.33
6394.00 103.37
6396.00 90.49
6398.00 80.168
6400.00 71.779
6402.00 65.139
6404.00 61.648
6406.00 56.063
6408.00 47.241
6410.00 38.879
6412.00 33.564
6414.00 29.553
6416.00 26.465
6418.00 24.583
6420.00 22.317
6422.00 20.152
6424.00 17.729
6426.00 14.754
6428.00 11.923
6430.00 10.279
6432.00 8.8105
6434.00 8.6497
6436.00 10.57
6438.00 11.108
6440.00 9.2232
6442.00 7.3641
6444.00 6.7478
6446.00 6.5936
6448.00 6.4162
6450.00 6.5361
6452.00 6.3685
6454.00 5.9963
6456.00 5.6131
6458.00 5.2024
6460.00 4.8404
6462.00 4.7555
6464.00 4.9236
6466.00 4.9046
6468.00 4.7898
6470.00 4.7211
6472.00 4.7132
6474.00 4.689
6476.00 4.6311
6478.00 4.5415
6480.00 4.247
6482.00 3.7229
6484.00 3.4053
6486.00 3.1763
6488.00 2.9507
6490.00 2.702
6492.00 2.4845
6494.00 2.341
6496.00 2.2387
6498.00 2.1977
6500.00 2.2282
6502.00 2.2611
6504.00 2.3078
6506.00 2.3762
6508.00 2.4802
6510.00 2.6074
6512.00 2.7112
6514.00 2.8536
6516.00 2.8288
6518.00 2.6298
6520.00 2.4808
6522.00 2.3326
6524.00 2.2507
6526.00 2.3227
6528.00 2.5174
6530.00 2.672
6532.00 2.87
6534.00 3.0261
6536.00 3.1486
6538.00 3.2566
6540.00 3.358
6542.00 3.4387
6544.00 3.4728
6546.00 3.4518
6548.00 3.4824
6550.00 3.5869
6552.00 3.5899
6554.00 3.4779
6556.00 3.3558
6558.00 3.2404
6560.00 3.1388
6562.00 3.219
6564.00 3.5602
6566.00 3.6745
6568.00 3.6144
6570.00 3.6148
6572.00 3.7198
6574.00 3.8321
6576.00 3.8466
6578.00 3.7945
6580.00 3.8647
6582.00 4.099
6584.00 4.1706
6586.00 4.0387
6588.00 3.9976
6590.00 4.1926
6592.00 4.478
6594.00 4.5608
6596.00 4.5165
6598.00 4.478
6600.00 4.3447
6602.00 4.3057
6604.00 4.3267
6606.00 4.4365
6608.00 4.7211
6610.00 5.157
6612.00 5.3931
6614.00 5.3333
6616.00 5.6525
6618.00 6.3592
6620.00 7.0385
6622.00 7.6166
6624.00 8.1014
6626.00 8.3815
6628.00 8.4497
6630.00 8.4723
6632.00 8.0634
6634.00 8.2909
6636.00 9.3575
6638.00 10.437
6640.00 10.962
6642.00 11.221
6644.00 11.549
6646.00 11.66
6648.00 12.224
6650.00 13.376
6652.00 14.282
6654.00 14.761
6656.00 15.176
6658.00 15.877
6660.00 16.736
6662.00 17.182
6664.00 16.878
6666.00 17.498
6668.00 19.062
6670.00 20.591
6672.00 21.675
6674.00 22.692
6676.00 24.152
6678.00 26.014
6680.00 27.613
6682.00 29.08
6684.00 30.546
6686.00 31.769
6688.00 33.254
6690.00 35.573
6692.00 38.452
6694.00 40.521
6696.00 41.343
6698.00 43.999
6700.00 49.046
6702.00 53.02
6704.00 54.848
6706.00 55.919
6708.00 57.375
6710.00 58.587
6712.00 61.128
6714.00 64.524
6716.00 69.189
6718.00 75.767
6720.00 83.33
6722.00 92.266
6724.00 101.99
6726.00 108.81
6728.00 112.11
6730.00 118.73
6732.00 126.82
6734.00 136.55
6736.00 150.49
6738.00 163.7
6740.00 170.55
6742.00 172.85
6744.00 174.81
6746.00 171.06
6748.00 174.55
6750.00 183.52
6752.00 193.5
6754.00 204.4
6756.00 216.17
6758.00 226.74
6760.00 235.77
6762.00 251.86
6764.00 280.1
6766.00 299.42
6768.00 307.41
6770.00 315.56
6772.00 328.91
6774.00 344.95
6776.00 365.02
6778.00 395.48
6780.00 410.54
6782.00 407.61
6784.00 413.28
6786.00 427.29
6788.00 448.29
6790.00 479.91
6792.00 523.36
6794.00 562.55
6796.00 611.05
6798.00 640.21
6800.00 646.19
6802.00 651.45
6804.00 657.6
6806.00 666.5
6808.00 691.96
6810.00 733.84
6812.00 769.98
6814.00 802.2
6816.00 846.68
6818.00 912.18
6820.00 977.51
6822.00 1028
6824.00 1068.5
6826.00 1093.9
6828.00 1084.6
6830.00 1114.3
6832.00 1167.7
6834.00 1232.4
6836.00 1312.3
6838.00 1405
6840.00 1510.1
6842.00 1635.9
6844.00 1707.7
6846.00 1720
6848.00 1746.6
6850.00 1754.2
6852.00 1787.3
6854.00 1893.6
6856.00 2021.3
6858.00 2027.7
6860.00 1956.7
6862.00 1844.3
6864.00 1546.7
6866.00 1515.9
6868.00 1825.9
6870.00 2250.1
6872.00 2518.1
6874.00 2713.2
6876.00 2817.1
6878.00 2724
6880.00 2753.2
6882.00 2819.2
6884.00 2912.6
6886.00 3055.5
6888.00 3213.4
6890.00 3309.2
6892.00 3355.2
6894.00 3466.7
6896.00 3630.4
6898.00 3783
6900.00 3919.6
6902.00 4080.2
6904.00 4295.8
6906.00 4547.8
6908.00 4783.2
6910.00 5055.9
6912.00 5213.4
6914.00 5244.7
6916.00 5286.4
6918.00 5378.7
6920.00 5417
6922.00 5264
6924.00 4980.6
6926.00 4986.5
6928.00 5284.9
6930.00 5392.1
6932.00 5409.5
6934.00 5374.8
6936.00 5242.8
6938.00 5103.6
6940.00 5145.6
6942.00 5330.4
6944.00 5453.1
6946.00 5598.1
6948.00 5703.2
6950.00 5778.8
6952.00 5816.7
6954.00 5767.1
6956.00 5677.5
6958.00 5809.8
6960.00 6166.5
6962.00 6443.5
6964.00 6822.8
6966.00 7035.9
6968.00 6966.9
6970.00 6821.5
6972.00 6836
6974.00 6936.8
6976.00 6788.3
6978.00 6292.7
6980.00 6176.2
6982.00 6408.6
6984.00 6620.3
6986.00 6654.6
6988.00 6636.8
6990.00 6692.7
6992.00 6734.7
6994.00 6960.5
6996.00 7455.6
6998.00 7836.5
7000.00 8093.9
7002.00 8288.6
7004.00 8465.3
7006.00 8594.1
7008.00 8519.2
7010.00 8167.3
7012.00 7986.6
7014.00 7779.6
7016.00 7742.5
7018.00 7957.9
7020.00 8297.7
7022.00 8584.6
7024.00 8895.3
7026.00 9209.6
7028.00 9571.1
7030.00 9861
7032.00 9983.4
7034.00 10216
7036.00 10818
7038.00 11603
7040.00 11888
7042.00 11711
7044.00 11802
7046.00 11943
7048.00 12134
7050.00 12420
7052.00 12708
7054.00 12830
7056.00 12834
7058.00 13351
7060.00 14731
7062.00 15293
7064.00 15204
7066.00 14961
7068.00 14543
7070.00 14108
7072.00 14148
7074.00 14497
7076.00 14986
7078.00 15894
7080.00 16605
7082.00 17176
7084.00 17604
7086.00 17858
7088.00 17937
7090.00 17773
7092.00 17069
7094.00 17015
7096.00 17455
7098.00 17821
7100.00 18063
7102.00 18256
7104.00 18364
7106.00 18364
7108.00 18676
7110.00 19311
7112.00 19841
7114.00 20357
7116.00 20845
7118.00 21325
7120.00 21745
7122.00 21902
7124.00 21699
7126.00 21916
7128.00 22665
7130.00 22896
7132.00 22484
7134.00 21928
7136.00 21447
7138.00 20945
7140.00 20980
7142.00 21731
7144.00 21934
7146.00 21823
7148.00 21709
7150.00 21655
7152.00 21577
7154.00 21443
7156.00 21297
7158.00 20883
7160.00 20050
7162.00 19603
7164.00 19429
7166.00 19403
7168.00 19502
7170.00 19730
7172.00 20019
7174.00 20770
7176.00 20463
7178.00 18760
7180.00 18165
7182.00 19025
7184.00 20212
7186.00 20701
7188.00 20912
7190.00 20895
7192.00 20580
7194.00 20145
7196.00 19067
7198.00 18707
7200.00 19610
7202.00 21180
7204.00 22426
7206.00 23777
7208.00 24985
7210.00 26114
7212.00 27112
7214.00 27992
7216.00 28671
7218.00 29094
7220.00 29267
7222.00 29134
7224.00 28548
7226.00 28125
7228.00 27525
7230.00 27214
7232.00 27423
7234.00 27671
7236.00 27297
7238.00 26500
7240.00 26395
7242.00 26960
7244.00 27069
7246.00 26371
7248.00 26419
7250.00 28366
7252.00 31196
7254.00 31807
7256.00 30393
7258.00 30838
7260.00 32359
7262.00 33877
7264.00 35955
7266.00 37535
7268.00 37272
7270.00 35790
7272.00 35029
7274.00 33420
7276.00 34018
7278.00 37516
7280.00 40030
7282.00 40433
7284.00 39660
7286.00 37962
7288.00 34840
7290.00 34375
7292.00 35900
7294.00 37115
7296.00 38601
7298.00 39901
7300.00 40595
7302.00 40939
7304.00 41450
7306.00 42197
7308.00 42141
7310.00 40946
7312.00 40551
7314.00 40824
7316.00 41878
7318.00 44619
7320.00 49199
7322.00 50392
7324.00 49401
7326.00 47311
7328.00 42449
7330.00 39472
7332.00 39325
7334.00 40626
7336.00 42415
7338.00 45732
7340.00 47690
7342.00 48947
7344.00 49903
7346.00 50679
7348.00 50778
7350.00 49881
7352.00 48209
7354.00 46018
7356.00 42259
7358.00 40801
7360.00 40404
7362.00 40884
7364.00 42871
7366.00 45256
7368.00 46087
7370.00 45911
7372.00 46703
7374.00 48211
7376.00 49247
7378.00 49974
7380.00 50543
7382.00 50947
7384.00 51220
7386.00 51536
7388.00 51672
7390.00 52361
7392.00 54314
7394.00 54748
7396.00 53044
7398.00 51161
7400.00 50486
7402.00 50309
7404.00 49590
7406.00 48003
7408.00 47900
7410.00 48780
7412.00 50253
7414.00 52774
7416.00 55616
7418.00 56995
7420.00 57276
7422.00 58208
7424.00 59636
7426.00 60300
7428.00 59811
7430.00 59629
7432.00 60370
7434.00 61750
7436.00 64236
7438.00 68842
7440.00 71519
7442.00 73076
7444.00 74248
7446.00 74878
7448.00 75198
7450.00 75515
7452.00 75663
7454.00 76140
7456.00 77496
7458.00 77369
7460.00 74648
7462.00 73936
7464.00 76810
7466.00 81907
7468.00 87893
7470.00 96669
7472.00 1.0276e+05
7474.00 1.0798e+05
7476.00 1.107e+05
7478.00 1.0891e+05
7480.00 1.0748e+05
7482.00 1.0963e+05
7484.00 1.1376e+05
7486.00 1.188e+05
7488.00 1.3047e+05
7490.00 1.3075e+05
7492.00 1.1905e+05
7494.00 1.1245e+05
7496.00 1.1269e+05
7498.00 1.153e+05
7500.00 1.1702e+05
7502.00 1.1902e+05
7504.00 1.2362e+05
7506.00 1.3285e+05
7508.00 1.3878e+05
7510.00 1.4294e+05
7512.00 1.4457e+05
7514.00 1.4266e+05
7516.00 1.384e+05
7518.00 1.345e+05
7520.00 1.2881e+05
7522.00 1.2685e+05
7524.00 1.2867e+05
7526.00 1.2862e+05
7528.00 1.2554e+05
7530.00 1.2317e+05
7532.00 1.2416e+05
7534.00 1.2728e+05
7536.00 1.3181e+05
7538.00 1.3984e+05
7540.00 1.4605e+05
7542.00 1.5381e+05
7544.00 1.5734e+05
7546.00 1.5473e+05
7548.00 1.4824e+05
7550.00 1.3923e+05
7552.00 1.2604e+05
7554.00 1.2142e+05
7556.00 1.2362e+05
7558.00 1.2307e+05
7560.00 1.2124e+05
7562.00 1.1837e+05
7564.00 1.1333e+05
7566.00 1.0765e+05
7568.00 1.0684e+05
7570.00 1.1037e+05
7572.00 1.1189e+05
7574.00 1.1454e+05
7576.00 1.146e+05
7578.00 1.0994e+05
7580.00 1.0559e+05
7582.00 1.0616e+05
7584.00 1.0969e+05
7586.00 1.1369e+05
7588.00 1.2058e+05
7590.00 1.2577e+05
7592.00 1.259e+05
7594.00 1.3255e+05
7596.00 1.5754e+05
7598.00 1.9216e+05
7600.00 1.9918e+05
7602.00 1.8411e+05
7604.00 1.7315e+05
7606.00 1.606e+05
7608.00 1.4252e+05
7610.00 1.1332e+05
7612.00 95447
7614.00 97664
7616.00 1.1224e+05
7618.00 1.2079e+05
7620.00 1.2864e+05
7622.00 1.3961e+05
7624.00 1.5979e+05
7626.00 1.7052e+05
7628.00 1.6213e+05
7630.00 1.4939e+05
7632.00 1.4719e+05
7634.00 1.4985e+05
7636.00 1.476e+05
7638.00 1.4077e+05
7640.00 1.3895e+05
7642.00 1.4201e+05
7644.00 1.4501e+05
7646.00 1.4633e+05
7648.00 1.4674e+05
7650.00 1.4484e+05
7652.00 1.3981e+05
7654.00 1.3808e+05
7656.00 1.3654e+05
7658.00 1.3851e+05
7660.00 1.4638e+05
7662.00 1.5492e+05
7664.00 1.584e+05
7666.00 1.5909e+05
7668.00 1.6173e+05
7670.00 1.6496e+05
7672.00 1.6805e+05
7674.00 1.7159e+05
7676.00 1.745e+05
7678.00 1.7715e+05
7680.00 1.7854e+05
7682.00 1.7623e+05
7684.00 1.7056e+05
7686.00 1.6647e+05
7688.00 1.6136e+05
7690.00 1.5853e+05
7692.00 1.5776e+05
7694.00 1.5799e+05
7696.00 1.5915e+05
7698.00 1.6106e+05
7700.00 1.6162e+05
7702.00 1.6233e+05
7704.00 1.6026e+05
7706.00 1.5488e+05
7708.00 1.5071e+05
7710.00 1.4704e+05
7712.00 1.4499e+05
7714.00 1.467e+05
7716.00 1.5159e+05
7718.00 1.5511e+05
7720.00 1.5919e+05
7722.00 1.6243e+05
7724.00 1.6651e+05
7726.00 1.6759e+05
7728.00 1.6315e+05
7730.00 1.5652e+05
7732.00 1.532e+05
7734.00 1.5178e+05
7736.00 1.4799e+05
7738.00 1.4118e+05
7740.00 1.3786e+05
7742.00 1.3773e+05
7744.00 1.392e+05
7746.00 1.4237e+05
7748.00 1.471e+05
7750.00 1.4779e+05
7752.00 1.4536e+05
7754.00 1.4321e+05
7756.00 1.3819e+05
7758.00 1.3666e+05
7760.00 1.4057e+05
7762.00 1.4653e+05
7764.00 1.5113e+05
7766.00 1.5657e+05
7768.00 1.5552e+05
7770.00 1.4726e+05
7772.00 1.422e+05
7774.00 1.3727e+05
7776.00 1.349e+05
7778.00 1.3694e+05
7780.00 1.4165e+05
7782.00 1.4533e+05
7784.00 1.523e+05
7786.00 1.4972e+05
7788.00 1.3647e+05
7790.00 1.2917e+05
7792.00 1.2674e+05
7794.00 1.2722e+05
7796.00 1.3192e+05
7798.00 1.4085e+05
7800.00 1.4045e+05
7802.00 1.2894e+05
7804.00 1.2782e+05
7806.00 1.3466e+05
7808.00 1.4031e+05
7810.00 1.4218e+05
7812.00 1.4268e+05
7814.00 1.4303e+05
7816.00 1.4179e+05
7818.00 1.4514e+05
7820.00 1.5494e+05
7822.00 1.6008e+05
7824.00 1.5994e+05
7826.00 1.5939e+05
7828.00 1.6004e+05
7830.00 1.6139e+05
7832.00 1.6737e+05
7834.00 1.8214e+05
7836.00 1.8631e+05
7838.00 1.8195e+05
7840.00 1.7839e+05
7842.00 1.7623e+05
7844.00 1.7378e+05
7846.00 1.6983e+05
7848.00 1.6462e+05
7850.00 1.6408e+05
7852.00 1.6721e+05
7854.00 1.7069e+05
7856.00 1.7694e+05
7858.00 1.8176e+05
7860.00 1.8342e+05
7862.00 1.8318e+05
7864.00 1.8158e+05
7866.00 1.7651e+05
7868.00 1.7807e+05
7870.00 1.8454e+05
7872.00 1.9207e+05
7874.00 2.0492e+05
7876.00 2.1466e+05
7878.00 2.1182e+05
7880.00 2.0154e+05
7882.00 1.9832e+05
7884.00 1.9807e+05
7886.00 1.9695e+05
7888.00 1.9639e+05
7890.00 1.9543e+05
7892.00 1.9236e+05
7894.00 1.9055e+05
7896.00 1.9582e+05
7898.00 2.0801e+05
7900.00 2.1094e+05
7902.00 2.0301e+05
7904.00 2.053e+05
7906.00 2.1876e+05
7908.00 2.3193e+05
7910.00 2.3955e+05
7912.00 2.4402e+05
7914.00 2.4401e+05
7916.00 2.3677e+05
7918.00 2.3617e+05
7920.00 2.3774e+05
7922.00 2.4225e+05
7924.00 2.5294e+05
7926.00 2.6308e+05
7928.00 2.6396e+05
7930.00 2.5901e+05
7932.00 2.6364e+05
7934.00 2.7817e+05
7936.00 2.8515e+05
7938.00 2.8988e+05
7940.00 2.8918e+05
7942.00 2.7844e+05
7944.00 2.6606e+05
7946.00 2.6502e+05
7948.00 2.6963e+05
7950.00 2.8176e+05
7952.00 3.1187e+05
7954.00 3.2994e+05
7956.00 3.3672e+05
7958.00 3.3659e+05
7960.00 3.2713e+05
7962.00 3.1247e+05
7964.00 3.1563e+05
7966.00 3.3441e+05
7968.00 3.4717e+05
7970.00 3.6334e+05
7972.00 3.742e+05
7974.00 3.7817e+05
7976.00 3.7749e+05
7978.00 3.7216e+05
7980.00 3.6126e+05
7982.00 3.6079e+05
7984.00 3.6883e+05
7986.00 3.7419e+05
7988.00 3.8136e+05
7990.00 3.8495e+05
7992.00 3.8115e+05
7994.00 3.7443e+05
7996.00 3.7288e+05
7998.00 3.7345e+05
8000.00 3.7566e+05
8002.00 3.7983e+05
8004.00 3.8557e+05
8006.00 3.9247e+05
8008.00 4.0189e+05
8010.00 4.1534e+05
8012.00 4.3241e+05
8014.00 4.5027e+05
8016.00 4.8352e+05
8018.00 4.8632e+05
8020.00 4.5079e+05
8022.00 4.3645e+05
8024.00 4.5572e+05
8026.00 4.8769e+05
8028.00 5.106e+05
8030.00 5.3486e+05
8032.00 5.458e+05
8034.00 5.4428e+05
8036.00 5.3981e+05
8038.00 5.2778e+05
8040.00 5.161e+05
8042.00 5.0499e+05
8044.00 4.9651e+05
8046.00 5.0591e+05
8048.00 5.3503e+05
8050.00 5.5576e+05
8052.00 5.7663e+05
8054.00 5.9728e+05
8056.00 6.1608e+05
8058.00 6.3647e+05
8060.00 6.6277e+05
8062.00 6.9377e+05
8064.00 7.2352e+05
8066.00 7.4839e+05
8068.00 7.8737e+05
8070.00 8.3543e+05
8072.00 8.9918e+05
8074.00 9.9788e+05
8076.00 1.1102e+06
8078.00 1.1727e+06
8080.00 1.1976e+06
8082.00 1.2074e+06
8084.00 1.1567e+06
8086.00 1.1635e+06
8088.00 1.2194e+06
8090.00 1.3093e+06
8092.00 1.4528e+06
8094.00 1.6457e+06
8096.00 1.7429e+06
8098.00 1.7207e+06
8100.00 1.8004e+06
8102.00 1.9301e+06
8104.00 2.0943e+06
8106.00 2.3367e+06
8108.00 2.593e+06
8110.00 2.7234e+06
8112.00 2.7478e+06
8114.00 2.9072e+06
8116.00 3.1933e+06
8118.00 3.4232e+06
8120.00 3.6264e+06
8122.00 3.808e+06
8124.00 3.9408e+06
8126.00 4.0574e+06
8128.00 4.2694e+06
8130.00 4.5699e+06
8132.00 4.8406e+06
8134.00 5.091e+06
8136.00 5.4007e+06
8138.00 5.7979e+06
8140.00 6.2269e+06
8142.00 6.6435e+06
8144.00 7.0649e+06
8146.00 7.4637e+06
8148.00 7.8736e+06
8150.00 8.1813e+06
8152.00 8.3488e+06
8154.00 8.5308e+06
8156.00 8.7343e+06
8158.00 8.9669e+06
8160.00 9.2955e+06
8162.00 9.7238e+06
8164.00 1.0079e+07
8166.00 1.0296e+07
8168.00 1.0749e+07
8170.00 1.1635e+07
8172.00 1.2371e+07
8174.00 1.2521e+07
8176.00 1.2368e+07
8178.00 1.2455e+07
8180.00 1.2564e+07
8182.00 1.2782e+07
8184.00 1.3157e+07
8186.00 1.3492e+07
8188.00 1.3819e+07
8190.00 1.408e+07
8192.00 1.4152e+07
8194.00 1.4074e+07
8196.00 1.4213e+07
8198.00 1.4369e+07
8200.00 1.4816e+07
8202.00 1.5737e+07
8204.00 1.6536e+07
8206.00 1.6917e+07
8208.00 1.7192e+07
8210.00 1.7875e+07
8212.00 1.9005e+07
8214.00 1.9317e+07
8216.00 1.9305e+07
8218.00 1.8556e+07
8220.00 1.6612e+07
8222.00 1.5114e+07
8224.00 1.4868e+07
8226.00 1.5211e+07
8228.00 1.502e+07
8230.00 1.435e+07
8232.00 1.4499e+07
8234.00 1.5545e+07
8236.00 1.6216e+07
8238.00 1.6237e+07
8240.00 1.605e+07
8242.00 1.5928e+07
8244.00 1.5703e+07
8246.00 1.6031e+07
8248.00 1.7304e+07
8250.00 1.7638e+07
8252.00 1.6945e+07
8254.00 1.6464e+07
8256.00 1.6652e+07
8258.00 1.7087e+07
8260.00 1.7252e+07
8262.00 1.7287e+07
8264.00 1.7445e+07
8266.00 1.7718e+07
8268.00 1.7896e+07
8270.00 1.8098e+07
8272.00 1.8082e+07
8274.00 1.7507e+07
8276.00 1.6603e+07
8278.00 1.6397e+07
8280.00 1.6753e+07
8282.00 1.685e+07
8284.00 1.6881e+07
8286.00 1.6953e+07
8288.00 1.7103e+07
8290.00 1.7276e+07
8292.00 1.7408e+07
8294.00 1.7519e+07
8296.00 1.7666e+07
8298.00 1.7948e+07
8300.00 1.7987e+07
8302.00 1.782e+07
8304.00 1.7526e+07
8306.00 1.7056e+07
8308.00 1.6511e+07
8310.00 1.6291e+07
8312.00 1.6404e+07
8314.00 1.616e+07
8316.00 1.5616e+07
8318.00 1.5255e+07
8320.00 1.5022e+07
8322.00 1.4962e+07
8324.00 1.5282e+07
8326.00 1.5943e+07
8328.00 1.5885e+07
8330.00 1.5284e+07
8332.00 1.4753e+07
8334.00 1.4109e+07
8336.00 1.3481e+07
8338.00 1.2872e+07
8340.00 1.2302e+07
8342.00 1.1815e+07
8344.00 1.1281e+07
8346.00 1.131e+07
8348.00 1.2149e+07
8350.00 1.2438e+07
8352.00 1.2161e+07
8354.00 1.1756e+07
8356.00 1.1429e+07
8358.00 1.1068e+07
8360.00 1.0606e+07
8362.00 9.9911e+06
8364.00 9.5598e+06
8366.00 9.2272e+06
8368.00 8.9127e+06
8370.00 8.6467e+06
8372.00 8.3605e+06
8374.00 7.9451e+06
8376.00 7.4437e+06
8378.00 7.1137e+06
8380.00 6.8253e+06
8382.00 6.6772e+06
8384.00 6.76e+06
8386.00 6.7488e+06
8388.00 6.5242e+06
8390.00 6.193e+06
8392.00 5.8114e+06
8394.00 5.2923e+06
8396.00 5.0495e+06
8398.00 4.9459e+06
8400.00 4.9266e+06
8402.00 5.1021e+06
8404.00 5.2262e+06
8406.00 5.07e+06
8408.00 4.7591e+06
8410.00 4.4603e+06
8412.00 4.0373e+06
8414.00 3.8095e+06
8416.00 3.7767e+06
8418.00 3.6227e+06
8420.00 3.2885e+06
8422.00 2.917e+06
8424.00 2.5903e+06
8426.00 2.2507e+06
8428.00 2.1132e+06
8430.00 2.0952e+06
8432.00 2.1334e+06
8434.00 2.3099e+06
8436.00 2.463e+06
8438.00 2.4899e+06
8440.00 2.4429e+06
8442.00 2.3488e+06
8444.00 2.1823e+06
8446.00 2.0459e+06
8448.00 1.8842e+06
8450.00 1.7762e+06
8452.00 1.7261e+06
8454.00 1.6957e+06
8456.00 1.6633e+06
8458.00 1.6398e+06
8460.00 1.5847e+06
8462.00 1.4788e+06
8464.00 1.4411e+06
8466.00 1.4536e+06
8468.00 1.475e+06
8470.00 1.5146e+06
8472.00 1.5482e+06
8474.00 1.501e+06
8476.00 1.3961e+06
8478.00 1.3003e+06
8480.00 1.1823e+06
8482.00 1.0896e+06
8484.00 1.0181e+06
8486.00 9.5219e+05
8488.00 8.7918e+05
8490.00 8.0986e+05
8492.00 7.8056e+05
8494.00 7.8498e+05
8496.00 7.8288e+05
8498.00 7.9822e+05
8500.00 7.9542e+05
8502.00 7.534e+05
8504.00 7.1768e+05
8506.00 7.3991e+05
8508.00 8.0726e+05
8510.00 8.446e+05
8512.00 8.9329e+05
8514.00 8.9302e+05
8516.00 8.394e+05
8518.00 7.8089e+05
8520.00 7.2665e+05
8522.00 6.7542e+05
8524.00 6.4658e+05
8526.00 6.3795e+05
8528.00 6.1234e+05
8530.00 5.7722e+05
8532.00 5.4794e+05
8534.00 5.1799e+05
8536.00 4.9803e+05
8538.00 4.9941e+05
8540.00 5.1577e+05
8542.00 5.2095e+05
8544.00 5.2743e+05
8546.00 5.2286e+05
8548.00 5.0267e+05
8550.00 4.904e+05
8552.00 4.929e+05
8554.00 4.9903e+05
8556.00 4.9505e+05
8558.00 4.8448e+05
8560.00 4.8324e+05
8562.00 4.9135e+05
8564.00 4.9235e+05
8566.00 4.8788e+05
8568.00 4.8091e+05
8570.00 4.7006e+05
8572.00 4.5803e+05
8574.00 4.5792e+05
8576.00 4.733e+05
8578.00 4.701e+05
8580.00 4.5853e+05
8582.00 4.3946e+05
8584.00 4.0699e+05
8586.00 3.7787e+05
8588.00 3.6686e+05
8590.00 3.6615e+05
8592.00 3.6004e+05
8594.00 3.5015e+05
8596.00 3.4855e+05
8598.00 3.5781e+05
8600.00 3.6276e+05
8602.00 3.5639e+05
8604.00 3.4702e+05
8606.00 3.4591e+05
8608.00 3.4925e+05
8610.00 3.5325e+05
8612.00 3.598e+05
8614.00 3.6703e+05
8616.00 3.7682e+05
8618.00 3.8538e+05
8620.00 3.8806e+05
8622.00 3.8784e+05
8624.00 3.9717e+05
8626.00 4.1765e+05
8628.00 4.2997e+05
8630.00 4.4177e+05
8632.00 4.4622e+05
8634.00 4.3834e+05
8636.00 4.2792e+05
8638.00 4.2883e+05
8640.00 4.3842e+05
8642.00 4.2198e+05
8644.00 3.8429e+05
8646.00 3.5481e+05
8648.00 3.2048e+05
8650.00 2.9973e+05
8652.00 2.9977e+05
8654.00 3.1111e+05
8656.00 3.1886e+05
8658.00 3.2924e+05
8660.00 3.4025e+05
8662.00 3.5445e+05
8664.00 3.6646e+05
8666.00 3.7524e+05
8668.00 3.8354e+05
8670.00 3.928e+05
8672.00 4.0238e+05
8674.00 4.174e+05
8676.00 4.4352e+05
8678.00 4.5765e+05
8680.00 4.657e+05
8682.00 4.6612e+05
8684.00 4.5464e+05
8686.00 4.3961e+05
8688.00 4.3427e+05
8690.00 4.3455e+05
8692.00 4.2921e+05
8694.00 4.2203e+05
8696.00 4.1275e+05
8698.00 3.9959e+05
8700.00 3.8775e+05
8702.00 3.781e+05
8704.00 3.7078e+05
8706.00 3.7292e+05
8708.00 3.876e+05
8710.00 3.9264e+05
8712.00 3.9609e+05
8714.00 3.9321e+05
8716.00 3.7689e+05
8718.00 3.6397e+05
8720.00 3.7167e+05
8722.00 3.9372e+05
8724.00 4.1167e+05
8726.00 4.3357e+05
8728.00 4.5429e+05
8730.00 4.7677e+05
8732.00 4.9598e+05
8734.00 5.1081e+05
8736.00 5.2057e+05
8738.00 5.2094e+05
8740.00 5.0979e+05
8742.00 5.0741e+05
8744.00 5.0639e+05
8746.00 5.1003e+05
8748.00 5.258e+05
8750.00 5.3504e+05
8752.00 5.2306e+05
8754.00 4.9886e+05
8756.00 4.7625e+05
8758.00 4.4218e+05
8760.00 4.2824e+05
8762.00 4.2184e+05
8764.00 4.2845e+05
8766.00 4.5676e+05
8768.00 4.9317e+05
8770.00 5.1481e+05
8772.00 5.2924e+05
8774.00 5.4202e+05
8776.00 5.3713e+05
8778.00 5.5937e+05
8780.00 6.2289e+05
8782.00 6.7804e+05
8784.00 6.9485e+05
8786.00 6.8976e+05
8788.00 6.7828e+05
8790.00 6.4049e+05
8792.00 6.4442e+05
8794.00 6.981e+05
8796.00 7.1633e+05
8798.00 6.919e+05
8800.00 6.5303e+05
8802.00 6.0949e+05
8804.00 5.5931e+05
8806.00 5.4345e+05
8808.00 5.519e+05
8810.00 5.618e+05
8812.00 5.8758e+05
8814.00 6.0791e+05
8816.00 6.2008e+05
8818.00 6.2365e+05
8820.00 6.08e+05
8822.00 5.7067e+05
8824.00 5.6708e+05
8826.00 5.7543e+05
8828.00 6.0769e+05
8830.00 6.8955e+05
8832.00 7.694e+05
8834.00 7.9941e+05
8836.00 8.0276e+05
8838.00 8.2653e+05
8840.00 8.6133e+05
8842.00 8.7881e+05
8844.00 8.823e+05
8846.00 8.8436e+05
8848.00 8.8205e+05
8850.00 8.8102e+05
8852.00 8.978e+05
8854.00 9.3065e+05
8856.00 8.903e+05
8858.00 7.681e+05
8860.00 7.1816e+05
8862.00 6.9991e+05
8864.00 7.029e+05
8866.00 7.224e+05
8868.00 7.6723e+05
8870.00 8.6801e+05
8872.00 1.0803e+06
8874.00 1.1662e+06
8876.00 1.1334e+06
8878.00 1.1111e+06
8880.00 1.0632e+06
8882.00 1.0405e+06
8884.00 1.0873e+06
8886.00 1.1841e+06
8888.00 1.2835e+06
8890.00 1.4465e+06
8892.00 1.5395e+06
8894.00 1.5772e+06
8896.00 1.5966e+06
8898.00 1.585e+06
8900.00 1.5693e+06
8902.00 1.5937e+06
8904.00 1.6393e+06
8906.00 1.7205e+06
8908.00 1.9115e+06
8910.00 1.9793e+06
8912.00 1.8878e+06
8914.00 1.8277e+06
8916.00 1.8711e+06
8918.00 1.9652e+06
8920.00 2.0624e+06
8922.00 2.1924e+06
8924.00 2.3205e+06
8926.00 2.5032e+06
8928.00 2.6047e+06
8930.00 2.6193e+06
8932.00 2.558e+06
8934.00 2.3939e+06
8936.00 2.1589e+06
8938.00 2.0841e+06
8940.00 2.0958e+06
8942.00 2.1327e+06
8944.00 2.2517e+06
8946.00 2.3499e+06
8948.00 2.4161e+06
8950.00 2.4421e+06
8952.00 2.3639e+06
8954.00 2.174e+06
8956.00 2.1516e+06
8958.00 2.2322e+06
8960.00 2.3278e+06
8962.00 2.5086e+06
8964.00 2.6495e+06
8966.00 2.6475e+06
8968.00 2.5627e+06
8970.00 2.4955e+06
8972.00 2.3949e+06
8974.00 2.3271e+06
8976.00 2.2869e+06
8978.00 2.227e+06
8980.00 2.1207e+06
8982.00 2.0344e+06
8984.00 2.034e+06
8986.00 2.0929e+06
8988.00 2.1293e+06
8990.00 2.2158e+06
8992.00 2.2028e+06
8994.00 2.0655e+06
8996.00 1.9738e+06
8998.00 1.9655e+06
9000.00 2.005e+06
9002.00 2.0947e+06
9004.00 2.2821e+06
9006.00 2.3575e+06
9008.00 2.4007e+06
9010.00 2.3409e+06
9012.00 2.1289e+06
9014.00 1.9399e+06
9016.00 1.8516e+06
9018.00 1.8117e+06
9020.00 1.8485e+06
9022.00 1.9977e+06
9024.00 2.1217e+06
9026.00 2.3208e+06
9028.00 2.4328e+06
9030.00 2.3704e+06
9032.00 2.2708e+06
9034.00 2.2944e+06
9036.00 2.3911e+06
9038.00 2.408e+06
9040.00 2.3702e+06
9042.00 2.3526e+06
9044.00 2.3612e+06
9046.00 2.3418e+06
9048.00 2.2544e+06
9050.00 2.1459e+06
9052.00 2.1128e+06
9054.00 2.1264e+06
9056.00 2.1413e+06
9058.00 2.1885e+06
9060.00 2.2172e+06
9062.00 2.2091e+06
9064.00 2.2121e+06
9066.00 2.2871e+06
9068.00 2.4133e+06
9070.00 2.394e+06
9072.00 2.2511e+06
9074.00 2.1438e+06
9076.00 2.0107e+06
9078.00 1.9129e+06
9080.00 1.8593e+06
9082.00 1.832e+06
9084.00 1.8256e+06
9086.00 1.8516e+06
9088.00 1.8449e+06
9090.00 1.8161e+06
9092.00 1.7978e+06
9094.00 1.7972e+06
9096.00 1.7829e+06
9098.00 1.7139e+06
9100.00 1.6318e+06
9102.00 1.6813e+06
9104.00 1.9004e+06
9106.00 1.9791e+06
9108.00 1.976e+06
9110.00 1.96e+06
9112.00 1.9251e+06
9114.00 1.8833e+06
9116.00 1.8545e+06
9118.00 1.8286e+06
9120.00 1.8206e+06
9122.00 1.8259e+06
9124.00 1.8425e+06
9126.00 1.8862e+06
9128.00 1.9169e+06
9130.00 1.922e+06
9132.00 1.9094e+06
9134.00 1.8727e+06
9136.00 1.7902e+06
9138.00 1.796e+06
9140.00 1.915e+06
9142.00 1.9448e+06
9144.00 1.8676e+06
9146.00 1.7763e+06
9148.00 1.7054e+06
9150.00 1.6403e+06
9152.00 1.6587e+06
9154.00 1.8229e+06
9156.00 1.834e+06
9158.00 1.7208e+06
9160.00 1.6477e+06
9162.00 1.6307e+06
9164.00 1.6386e+06
9166.00 1.6691e+06
9168.00 1.7377e+06
9170.00 1.7273e+06
9172.00 1.6183e+06
9174.00 1.5999e+06
9176.00 1.6676e+06
9178.00 1.7363e+06
9180.00 1.7697e+06
9182.00 1.7882e+06
9184.00 1.7936e+06
9186.00 1.7701e+06
9188.00 1.7825e+06
9190.00 1.819e+06
9192.00 1.8577e+06
9194.00 1.9106e+06
9196.00 1.9543e+06
9198.00 1.9559e+06
9200.00 1.9288e+06
9202.00 1.9367e+06
9204.00 1.9785e+06
9206.00 1.9863e+06
9208.00 1.9822e+06
9210.00 1.9529e+06
9212.00 1.8941e+06
9214.00 1.8153e+06
9216.00 1.7234e+06
9218.00 1.6098e+06
9220.00 1.5358e+06
9222.00 1.4945e+06
9224.00 1.435e+06
9226.00 1.3171e+06
9228.00 1.2668e+06
9230.00 1.375e+06
9232.00 1.5953e+06
9234.00 1.7075e+06
9236.00 1.784e+06
9238.00 1.7932e+06
9240.00 1.6915e+06
9242.00 1.6317e+06
9244.00 1.6056e+06
9246.00 1.6174e+06
9248.00 1.7165e+06
9250.00 1.9127e+06
9252.00 1.9584e+06
9254.00 1.8598e+06
9256.00 1.836e+06
9258.00 1.8622e+06
9260.00 1.8693e+06
9262.00 1.8184e+06
9264.00 1.7568e+06
9266.00 1.7653e+06
9268.00 1.8277e+06
9270.00 1.8693e+06
9272.00 1.9343e+06
9274.00 1.9578e+06
9276.00 1.9359e+06
9278.00 1.8918e+06
9280.00 1.8302e+06
9282.00 1.7533e+06
9284.00 1.7176e+06
9286.00 1.7161e+06
9288.00 1.6985e+06
9290.00 1.686e+06
9292.00 1.6593e+06
9294.00 1.6216e+06
9296.00 1.5673e+06
9298.00 1.4774e+06
9300.00 1.3543e+06
9302.00 1.3004e+06
9304.00 1.3052e+06
9306.00 1.276e+06
9308.00 1.1835e+06
9310.00 1.1542e+06
9312.00 1.2932e+06
9314.00 1.5226e+06
9316.00 1.4846e+06
9318.00 1.2276e+06
9320.00 1.1338e+06
9322.00 1.0588e+06
9324.00 1.0504e+06
9326.00 1.1367e+06
9328.00 1.2557e+06
9330.00 1.3514e+06
9332.00 1.4504e+06
9334.00 1.4291e+06
9336.00 1.2301e+06
9338.00 1.2006e+06
9340.00 1.3166e+06
9342.00 1.383e+06
9344.00 1.3162e+06
9346.00 1.2163e+06
9348.00 1.181e+06
9350.00 1.1608e+06
9352.00 1.1987e+06
9354.00 1.3577e+06
9356.00 1.4187e+06
9358.00 1.3655e+06
9360.00 1.2946e+06
9362.00 1.2662e+06
9364.00 1.2365e+06
9366.00 1.1009e+06
9368.00 8.3518e+05
9370.00 7.8589e+05
9372.00 8.3019e+05
9374.00 9.5238e+05
9376.00 1.285e+06
9378.00 1.7221e+06
9380.00 1.8325e+06
9382.00 1.6804e+06
9384.00 1.6325e+06
9386.00 1.5134e+06
9388.00 1.5101e+06
9390.00 1.624e+06
9392.00 1.7463e+06
9394.00 1.8462e+06
9396.00 1.9321e+06
9398.00 1.9533e+06
9400.00 1.9052e+06
9402.00 1.8902e+06
9404.00 1.856e+06
9406.00 1.8662e+06
9408.00 1.9704e+06
9410.00 2.041e+06
9412.00 1.9468e+06
9414.00 1.7697e+06
9416.00 1.7151e+06
9418.00 1.6996e+06
9420.00 1.7399e+06
9422.00 1.9318e+06
9424.00 2.0076e+06
9426.00 1.901e+06
9428.00 1.7023e+06
9430.00 1.4508e+06
9432.00 1.1421e+06
9434.00 1.0404e+06
9436.00 1.0458e+06
9438.00 1.0707e+06
9440.00 1.1355e+06
9442.00 1.2403e+06
9444.00 1.4198e+06
9446.00 1.6589e+06
9448.00 1.7754e+06
9450.00 1.8093e+06
9452.00 1.7622e+06
9454.00 1.5395e+06
9456.00 1.4549e+06
9458.00 1.5386e+06
9460.00 1.6499e+06
9462.00 1.6585e+06
9464.00 1.6183e+06
9466.00 1.5886e+06
9468.00 1.5458e+06
9470.00 1.5049e+06
9472.00 1.426e+06
9474.00 1.4102e+06
9476.00 1.5182e+06
9478.00 1.6747e+06
9480.00 1.7024e+06
9482.00 1.614e+06
9484.00 1.7108e+06
9486.00 2.1015e+06
9488.00 2.234e+06
9490.00 2.0401e+06
9492.00 1.8069e+06
9494.00 1.6046e+06
9496.00 1.422e+06
9498.00 1.4718e+06
9500.00 1.8065e+06
9502.00 2.0188e+06
9504.00 2.2801e+06
9506.00 2.4097e+06
9508.00 2.3284e+06
9510.00 2.1599e+06
9512.00 2.0018e+06
9514.00 1.8105e+06
9516.00 1.7315e+06
9518.00 1.7303e+06
9520.00 1.7231e+06
9522.00 1.69e+06
9524.00 1.7317e+06
9526.00 1.9475e+06
9528.00 2.2616e+06
9530.00 2.3728e+06
9532.00 2.3452e+06
9534.00 2.2797e+06
9536.00 2.157e+06
9538.00 1.9694e+06
9540.00 1.6595e+06
9542.00 1.4369e+06
9544.00 1.3835e+06
9546.00 1.4254e+06
9548.00 1.5783e+06
9550.00 2.0676e+06
9552.00 2.2969e+06
9554.00 2.297e+06
9556.00 2.2784e+06
9558.00 2.2333e+06
9560.00 2.2033e+06
9562.00 2.326e+06
9564.00 2.6045e+06
9566.00 2.7162e+06
9568.00 2.6473e+06
9570.00 2.7268e+06
9572.00 3.0551e+06
9574.00 3.2658e+06
9576.00 3.062e+06
9578.00 2.7013e+06
9580.00 2.5991e+06
9582.00 2.6213e+06
9584.00 2.6098e+06
9586.00 2.5978e+06
9588.00 2.6271e+06
9590.00 2.7158e+06
9592.00 2.8256e+06
9594.00 2.9356e+06
9596.00 3.0617e+06
9598.00 3.0458e+06
9600.00 2.8773e+06
9602.00 2.7748e+06
9604.00 2.6544e+06
9606.00 2.5937e+06
9608.00 2.6102e+06
9610.00 2.6843e+06
9612.00 2.8189e+06
9614.00 3.0582e+06
9616.00 3.2052e+06
9618.00 3.3333e+06
9620.00 3.378e+06
9622.00 3.2759e+06
9624.00 3.1988e+06
9626.00 3.2676e+06
9628.00 3.4078e+06
9630.00 3.4347e+06
9632.00 3.4204e+06
9634.00 3.3332e+06
9636.00 3.1023e+06
9638.00 2.9851e+06
9640.00 2.9923e+06
9642.00 3.0783e+06
9644.00 3.2412e+06
9646.00 3.5072e+06
9648.00 3.7641e+06
9650.00 4.2384e+06
9652.00 4.3276e+06
9654.00 3.9323e+06
9656.00 3.6329e+06
9658.00 3.5508e+06
9660.00 3.5853e+06
9662.00 3.8175e+06
9664.00 4.4358e+06
9666.00 4.5911e+06
9668.00 4.3592e+06
9670.00 4.1989e+06
9672.00 4.0038e+06
9674.00 3.9164e+06
9676.00 4.1252e+06
9678.00 4.5616e+06
9680.00 4.7495e+06
9682.00 4.7974e+06
9684.00 4.8241e+06
9686.00 4.7697e+06
9688.00 4.706e+06
9690.00 4.6173e+06
9692.00 4.5441e+06
9694.00 4.5667e+06
9696.00 4.6542e+06
9698.00 4.7955e+06
9700.00 5.1077e+06
9702.00 5.2536e+06
9704.00 5.3611e+06
9706.00 5.2222e+06
9708.00 4.5757e+06
9710.00 3.8405e+06
9712.00 3.8229e+06
9714.00 4.375e+06
9716.00 4.7463e+06
9718.00 5.3912e+06
9720.00 5.664e+06
9722.00 5.2487e+06
9724.00 4.8241e+06
9726.00 4.9161e+06
9728.00 5.2972e+06
9730.00 5.5799e+06
9732.00 6.0644e+06
9734.00 6.2005e+06
9736.00 5.9676e+06
9738.00 5.7449e+06
9740.00 5.5524e+06
9742.00 5.4246e+06
9744.00 5.6099e+06
9746.00 6.1918e+06
9748.00 6.2608e+06
9750.00 5.8335e+06
9752.00 5.7112e+06
9754.00 5.8781e+06
9756.00 6.0833e+06
9758.00 6.2546e+06
9760.00 6.4018e+06
9762.00 6.1348e+06
9764.00 5.2807e+06
9766.00 5.1341e+06
9768.00 5.4418e+06
9770.00 5.7295e+06
9772.00 6.0495e+06
9774.00 6.2657e+06
9776.00 6.0397e+06
9778.00 5.4915e+06
9780.00 5.2177e+06
9782.00 4.9362e+06
9784.00 4.881e+06
9786.00 5.0313e+06
9788.00 5.2986e+06
9790.00 5.7724e+06
9792.00 6.3482e+06
9794.00 6.4651e+06
9796.00 6.1832e+06
9798.00 6.0627e+06
9800.00 5.8889e+06
9802.00 5.7973e+06
9804.00 5.8412e+06
9806.00 5.859e+06
9808.00 5.6775e+06
9810.00 5.397e+06
9812.00 5.4186e+06
9814.00 5.7497e+06
9816.00 5.9017e+06
9818.00 6.0008e+06
9820.00 6.0548e+06
9822.00 6.0831e+06
9824.00 6.047e+06
9826.00 5.8507e+06
9828.00 5.477e+06
9830.00 5.4511e+06
9832.00 5.7275e+06
9834.00 5.9025e+06
9836.00 6.102e+06
9838.00 6.1706e+06
9840.00 5.9786e+06
9842.00 5.6439e+06
9844.00 5.3844e+06
9846.00 5.0388e+06
9848.00 4.9473e+06
9850.00 5.034e+06
9852.00 5.1855e+06
9854.00 5.4919e+06
9856.00 5.7904e+06
9858.00 5.8218e+06
9860.00 5.6731e+06
9862.00 5.763e+06
9864.00 5.9635e+06
9866.00 6.2594e+06
9868.00 6.8963e+06
9870.00 7.2811e+06
9872.00 7.093e+06
9874.00 6.6613e+06
9876.00 6.3697e+06
9878.00 6.0066e+06
9880.00 5.9358e+06
9882.00 6.0553e+06
9884.00 6.299e+06
9886.00 6.8336e+06
9888.00 7.3462e+06
9890.00 7.582e+06
9892.00 7.6351e+06
9894.00 7.4663e+06
9896.00 6.9505e+06
9898.00 6.6555e+06
9900.00 6.3692e+06
9902.00 6.2e+06
9904.00 6.1504e+06
9906.00 6.1977e+06
9908.00 6.3709e+06
9910.00 6.7071e+06
9912.00 6.7975e+06
9914.00 6.6587e+06
9916.00 6.6465e+06
9918.00 6.7672e+06
9920.00 6.8093e+06
9922.00 6.6918e+06
9924.00 6.4788e+06
9926.00 6.1914e+06
9928.00 5.7038e+06
9930.00 5.6373e+06
9932.00 5.8496e+06
9934.00 6.1615e+06
9936.00 6.8203e+06
9938.00 7.3661e+06
9940.00 7.1822e+06
9942.00 6.5659e+06
9944.00 6.3417e+06
9946.00 6.1254e+06
9948.00 6.2054e+06
9950.00 6.7064e+06
9952.00 7.1053e+06
9954.00 7.2852e+06
9956.00 7.3163e+06
9958.00 7.1368e+06
9960.00 6.7083e+06
9962.00 6.5969e+06
9964.00 6.6906e+06
9966.00 6.7381e+06
9968.00 6.7098e+06
9970.00 6.7877e+06
9972.00 7.204e+06
9974.00 7.7722e+06
9976.00 7.6264e+06
9978.00 6.8165e+06
9980.00 6.4841e+06
9982.00 6.1813e+06
9984.00 6.1493e+06
9986.00 6.5743e+06
9988.00 7.0611e+06
9990.00 7.1327e+06
9992.00 6.9771e+06
9994.00 6.6491e+06
9996.00 5.8895e+06
9998.00 5.6317e+06
10000.00 5.5898e+06
10002.00 5.8132e+06
10004.00 6.5133e+06
10006.00 7.5208e+06
10008.00 8.1394e+06
10010.00 8.562e+06
10012.00 8.7768e+06
10014.00 8.683e+06
10016.00 8.5229e+06
10018.00 8.2544e+06
10020.00 7.9277e+06
10022.00 7.6039e+06
10024.00 7.2502e+06
10026.00 6.7528e+06
10028.00 5.8768e+06
10030.00 5.7192e+06
10032.00 6.0904e+06
10034.00 6.4895e+06
10036.00 6.9704e+06
10038.00 7.4018e+06
10040.00 7.3802e+06
10042.00 6.9871e+06
10044.00 7.0038e+06
10046.00 7.3282e+06
10048.00 7.4695e+06
10050.00 7.476e+06
10052.00 7.4661e+06
10054.00 7.446e+06
10056.00 7.4376e+06
10058.00 7.6083e+06
10060.00 8.0843e+06
10062.00 8.0471e+06
10064.00 7.5298e+06
10066.00 7.2129e+06
10068.00 6.762e+06
10070.00 6.7793e+06
10072.00 8.2388e+06
10074.00 1.1434e+07
10076.00 1.2639e+07
10078.00 1.2027e+07
10080.00 1.1493e+07
10082.00 1.004e+07
10084.00 9.2937e+06
10086.00 9.6107e+06
10088.00 1.0294e+07
10090.00 1.0431e+07
10092.00 1.0332e+07
10094.00 1.028e+07
10096.00 1.0297e+07
10098.00 1.0031e+07
10100.00 9.348e+06
10102.00 8.8132e+06
10104.00 8.603e+06
10106.00 8.602e+06
10108.00 8.9986e+06
10110.00 1.0026e+07
10112.00 1.0755e+07
10114.00 1.1929e+07
10116.00 1.2108e+07
10118.00 1.0624e+07
10120.00 9.1898e+06
10122.00 8.9289e+06
10124.00 9.2217e+06
10126.00 9.5965e+06
10128.00 1.0756e+07
10130.00 1.1041e+07
10132.00 1.0168e+07
10134.00 9.8628e+06
10136.00 1.0967e+07
10138.00 1.261e+07
10140.00 1.2582e+07
10142.00 1.1273e+07
10144.00 1.0887e+07
10146.00 1.0719e+07
10148.00 1.0722e+07
10150.00 1.1054e+07
10152.00 1.1351e+07
10154.00 1.1307e+07
10156.00 1.1087e+07
10158.00 1.0977e+07
10160.00 1.1168e+07
10162.00 1.0638e+07
10164.00 9.2267e+06
10166.00 8.5448e+06
10168.00 8.723e+06
10170.00 9.2872e+06
10172.00 9.9749e+06
10174.00 1.1129e+07
10176.00 1.1103e+07
10178.00 9.7224e+06
10180.00 9.2976e+06
10182.00 9.4296e+06
10184.00 9.7693e+06
10186.00 1.0383e+07
10188.00 1.1151e+07
10190.00 1.1199e+07
10192.00 1.0308e+07
10194.00 1.0854e+07
10196.00 1.3366e+07
10198.00 1.4667e+07
10200.00 1.42e+07
10202.00 1.2999e+07
10204.00 1.1372e+07
10206.00 9.4497e+06
10208.00 9.2147e+06
10210.00 1.0777e+07
10212.00 1.1007e+07
10214.00 1.0399e+07
10216.00 9.7982e+06
10218.00 9.3944e+06
10220.00 8.9349e+06
10222.00 8.1386e+06
10224.00 7.0111e+06
10226.00 6.8521e+06
10228.00 7.4553e+06
10230.00 7.983e+06
10232.00 8.9858e+06
10234.00 9.4614e+06
10236.00 8.3964e+06
10238.00 6.825e+06
10240.00 6.3992e+06
10242.00 6.4777e+06
10244.00 6.6264e+06
10246.00 7.2597e+06
10248.00 7.6026e+06
10250.00 7.4107e+06
10252.00 7.1622e+06
10254.00 7.2835e+06
10256.00 7.6135e+06
10258.00 7.7847e+06
10260.00 7.8146e+06
10262.00 8.0344e+06
10264.00 8.2996e+06
10266.00 8.8356e+06
10268.00 1.0099e+07
10270.00 1.1657e+07
10272.00 1.1851e+07
10274.00 1.1028e+07
10276.00 1.0136e+07
10278.00 8.6467e+06
10280.00 7.7183e+06
10282.00 6.8833e+06
10284.00 6.6301e+06
10286.00 7.5702e+06
10288.00 9.6673e+06
10290.00 1.0924e+07
10292.00 1.2067e+07
10294.00 1.2253e+07
10296.00 1.1335e+07
10298.00 1.0323e+07
10300.00 9.0672e+06
10302.00 8.0501e+06
10304.00 7.9152e+06
10306.00 8.4027e+06
10308.00 8.5395e+06
10310.00 8.4184e+06
10312.00 8.7514e+06
10314.00 1.0098e+07
10316.00 1.0834e+07
10318.00 9.6932e+06
10320.00 7.9983e+06
10322.00 7.4004e+06
10324.00 7.1301e+06
10326.00 7.2006e+06
10328.00 7.7729e+06
10330.00 8.4011e+06
10332.00 9.299e+06
10334.00 1.0113e+07
