3500.65 7.5966e-15
3503.65 7.7959e-15
3506.65 7.9654e-15
3509.65 7.7794e-15
3512.65 7.5672e-15
3515.65 7.4354e-15
3518.66 7.3574e-15
3521.66 7.2798e-15
3524.66 7.1873e-15
3527.66 7.1783e-15
3530.66 7.2118e-15
3533.66 6.9849e-15
3536.66 7.0245e-15
3539.67 6.9542e-15
3542.67 6.9764e-15
3545.67 6.7633e-15
3548.67 6.5755e-15
3551.67 6.578e-15
3554.67 6.4847e-15
3557.68 6.5692e-15
3560.68 6.6255e-15
3563.68 6.7313e-15
3566.68 6.728e-15
3569.68 6.815e-15
3572.68 6.755e-15
3575.68 6.7096e-15
3578.69 6.5953e-15
3581.69 6.6599e-15
3584.69 6.7402e-15
3587.69 6.6311e-15
3590.69 6.3584e-15
3593.69 6.3821e-15
3596.69 6.5671e-15
3599.70 6.43e-15
3602.70 6.3627e-15
3605.70 6.4216e-15
3608.70 6.5493e-15
3611.70 6.4424e-15
3614.70 6.5386e-15
3617.71 6.817e-15
3620.71 7.0687e-15
3623.71 7.2938e-15
3626.71 7.3748e-15
3629.71 7.6506e-15
3632.71 7.9168e-15
3635.71 8.1854e-15
3638.72 8.2182e-15
3641.72 8.3653e-15
3644.72 8.6717e-15
3647.72 9.0279e-15
3650.72 9.4063e-15
3653.72 9.7492e-15
3656.72 1.0025e-14
3659.73 1.02e-14
3662.73 1.0542e-14
3665.73 1.1194e-14
3668.73 1.1601e-14
3671.73 1.1265e-14
3674.73 1.1527e-14
3677.74 1.1802e-14
3680.74 1.1848e-14
3683.74 1.2153e-14
3686.74 1.2458e-14
3689.74 1.2093e-14
3692.74 1.2273e-14
3695.74 1.2574e-14
3698.75 1.2703e-14
3701.75 1.2688e-14
3704.75 1.326e-14
3707.75 1.3405e-14
3710.75 1.3075e-14
3713.75 1.2785e-14
3716.76 1.2449e-14
3719.76 1.1923e-14
3722.76 1.1658e-14
3725.76 1.1416e-14
3728.76 1.1228e-14
3731.76 1.0845e-14
3734.76 1.0172e-14
3737.77 9.732e-15
3740.77 9.5008e-15
3743.77 9.36e-15
3746.77 8.9559e-15
3749.77 8.5646e-15
3752.77 8.1804e-15
3755.77 7.9282e-15
3758.78 7.7323e-15
3761.78 7.4787e-15
3764.78 7.2574e-15
3767.78 7.0364e-15
3770.78 6.8332e-15
3773.78 6.7597e-15
3776.79 6.6502e-15
3779.79 6.617e-15
3782.79 6.5333e-15
3785.79 6.4337e-15
3788.79 6.4104e-15
3791.79 6.4667e-15
3794.79 6.4747e-15
3797.80 6.6367e-15
3800.80 6.7158e-15
3803.80 6.9492e-15
3806.80 6.8171e-15
3809.80 6.9144e-15
3812.80 6.984e-15
3815.80 7.2473e-15
3818.81 7.4343e-15
3821.81 7.5667e-15
3824.81 7.8148e-15
3827.81 8.2698e-15
3830.81 8.6702e-15
3833.81 9.0606e-15
3836.82 9.498e-15
3839.82 9.765e-15
3842.82 1.0027e-14
3845.82 1.0475e-14
3848.82 1.0741e-14
3851.82 1.1141e-14
3854.82 1.1684e-14
3857.83 1.2303e-14
3860.83 1.2618e-14
3863.83 1.2926e-14
3866.83 1.3577e-14
3869.83 1.421e-14
3872.83 1.469e-14
3875.83 1.5116e-14
3878.84 1.5497e-14
3881.84 1.6123e-14
3884.84 1.6687e-14
3887.84 1.6812e-14
3890.84 1.7346e-14
3893.84 1.8055e-14
3896.85 1.8307e-14
3899.85 1.8355e-14
3902.85 1.9008e-14
3905.85 1.9817e-14
3908.85 2.0173e-14
3911.85 1.9965e-14
3914.85 1.9848e-14
3917.86 2.0083e-14
3920.86 2.0443e-14
3923.86 2.0676e-14
3926.86 2.0627e-14
3929.86 2.0611e-14
3932.86 2.0382e-14
3935.87 2.0169e-14
3938.87 2.0358e-14
3941.87 2.0441e-14
3944.87 2.0338e-14
3947.87 2.0264e-14
3950.87 1.9919e-14
3953.87 1.9867e-14
3956.88 1.9962e-14
3959.88 1.9963e-14
3962.88 2.0129e-14
3965.88 2.0179e-14
3968.88 1.9991e-14
3971.88 1.9879e-14
3974.88 1.9993e-14
3977.89 1.9951e-14
3980.89 1.9933e-14
3983.89 2.0141e-14
3986.89 1.9967e-14
3989.89 1.9685e-14
3992.89 1.9568e-14
3995.90 1.997e-14
3998.90 2.0093e-14
4001.90 1.9908e-14
4004.90 1.9442e-14
4007.90 1.9578e-14
4010.90 1.9563e-14
4013.90 1.9398e-14
4016.91 1.9247e-14
4019.91 1.8891e-14
4022.91 1.8582e-14
4025.91 1.8329e-14
4028.91 1.8171e-14
4031.91 1.7991e-14
4034.91 1.7566e-14
4037.92 1.7247e-14
4040.92 1.6967e-14
4043.92 1.6801e-14
4046.92 1.6392e-14
4049.92 1.6257e-14
4052.92 1.6233e-14
4055.93 1.6045e-14
4058.93 1.6142e-14
4061.93 1.6071e-14
4064.93 1.6011e-14
4067.93 1.5765e-14
4070.93 1.5426e-14
4073.93 1.523e-14
4076.94 1.4905e-14
4079.94 1.4686e-14
4082.94 1.4512e-14
4085.94 1.4295e-14
4088.94 1.3935e-14
4091.94 1.3661e-14
4094.94 1.3431e-14
4097.95 1.325e-14
4100.95 1.3072e-14
4103.95 1.2982e-14
4106.95 1.2871e-14
4109.95 1.272e-14
4112.95 1.2641e-14
4115.96 1.2598e-14
4118.96 1.2466e-14
4121.96 1.2243e-14
4124.96 1.1965e-14
4127.96 1.1825e-14
4130.96 1.1765e-14
4133.96 1.1542e-14
4136.97 1.1382e-14
4139.97 1.1273e-14
4142.97 1.1338e-14
4145.97 1.1313e-14
4148.97 1.1083e-14
4151.97 1.1003e-14
4154.98 1.0954e-14
4157.98 1.0997e-14
4160.98 1.0788e-14
4163.98 1.0606e-14
4166.98 1.0745e-14
4169.98 1.07e-14
4172.98 1.0531e-14
4175.99 1.0553e-14
4178.99 1.0653e-14
4181.99 1.0693e-14
4184.99 1.0704e-14
4187.99 1.0784e-14
4190.99 1.0931e-14
4193.99 1.097e-14
4197.00 1.0968e-14
4200.00 1.1258e-14
4203.00 1.1373e-14
4206.00 1.1279e-14
4209.00 1.1322e-14
4212.00 1.1556e-14
4215.01 1.1675e-14
4218.01 1.1844e-14
4221.01 1.2032e-14
4224.01 1.2094e-14
4227.01 1.2216e-14
4230.01 1.2387e-14
4233.01 1.2607e-14
4236.02 1.2793e-14
4239.02 1.2966e-14
4242.02 1.319e-14
4245.02 1.3331e-14
4248.02 1.3561e-14
4251.02 1.3563e-14
4254.02 1.369e-14
4257.03 1.403e-14
4260.03 1.4169e-14
4263.03 1.4179e-14
4266.03 1.4388e-14
4269.03 1.4533e-14
4272.03 1.4645e-14
4275.04 1.4791e-14
4278.04 1.4906e-14
4281.04 1.5134e-14
4284.04 1.5306e-14
4287.04 1.5385e-14
4290.04 1.5494e-14
4293.04 1.5792e-14
4296.05 1.5793e-14
4299.05 1.5598e-14
4302.05 1.5714e-14
4305.05 1.5874e-14
4308.05 1.574e-14
4311.05 1.5684e-14
4314.05 1.5641e-14
4317.06 1.5476e-14
4320.06 1.5483e-14
4323.06 1.5345e-14
4326.06 1.4983e-14
4329.06 1.4778e-14
4332.06 1.4757e-14
4335.07 1.4455e-14
4338.07 1.421e-14
4341.07 1.4081e-14
4344.07 1.3955e-14
4347.07 1.3761e-14
4350.07 1.3382e-14
4353.07 1.3016e-14
4356.08 1.2866e-14
4359.08 1.2712e-14
4362.08 1.2456e-14
4365.08 1.2366e-14
4368.08 1.2236e-14
4371.08 1.213e-14
4374.09 1.2055e-14
4377.09 1.1865e-14
4380.09 1.1616e-14
4383.09 1.1592e-14
4386.09 1.1579e-14
4389.09 1.1504e-14
4392.09 1.1469e-14
4395.10 1.1325e-14
4398.10 1.129e-14
4401.10 1.1482e-14
4404.10 1.1641e-14
4407.10 1.1786e-14
4410.10 1.1822e-14
4413.10 1.1806e-14
4416.11 1.2026e-14
4419.11 1.2099e-14
4422.11 1.2155e-14
4425.11 1.2413e-14
4428.11 1.2792e-14
4431.11 1.3054e-14
4434.12 1.3171e-14
4437.12 1.332e-14
4440.12 1.354e-14
4443.12 1.3705e-14
4446.12 1.3853e-14
4449.12 1.4146e-14
4452.12 1.436e-14
4455.13 1.4508e-14
4458.13 1.4608e-14
4461.13 1.4602e-14
4464.13 1.4832e-14
4467.13 1.5221e-14
4470.13 1.5553e-14
4473.13 1.5777e-14
4476.14 1.5959e-14
4479.14 1.6359e-14
4482.14 1.66e-14
4485.14 1.6838e-14
4488.14 1.7042e-14
4491.14 1.7277e-14
4494.15 1.75e-14
4497.15 1.7844e-14
4500.15 1.8067e-14
4503.15 1.8287e-14
4506.15 1.8582e-14
4509.15 1.878e-14
4512.15 1.8939e-14
4515.16 1.9063e-14
4518.16 1.9252e-14
4521.16 1.9389e-14
4524.16 1.9314e-14
4527.16 1.9143e-14
4530.16 1.8979e-14
4533.16 1.9093e-14
4536.17 1.9338e-14
4539.17 1.9457e-14
4542.17 1.9537e-14
4545.17 1.9521e-14
4548.17 1.9592e-14
4551.17 1.9694e-14
4554.18 1.9624e-14
4557.18 1.9511e-14
4560.18 1.9358e-14
4563.18 1.918e-14
4566.18 1.9121e-14
4569.18 1.9105e-14
4572.18 1.8891e-14
4575.19 1.863e-14
4578.19 1.845e-14
4581.19 1.836e-14
4584.19 1.8236e-14
4587.19 1.8179e-14
4590.19 1.8252e-14
4593.20 1.8085e-14
4596.20 1.7884e-14
4599.20 1.7567e-14
4602.20 1.7391e-14
4605.20 1.727e-14
4608.20 1.7201e-14
4611.20 1.7105e-14
4614.21 1.687e-14
4617.21 1.6623e-14
4620.21 1.6324e-14
4623.21 1.5936e-14
4626.21 1.5659e-14
4629.21 1.5471e-14
4632.21 1.5133e-14
4635.22 1.4688e-14
4638.22 1.4406e-14
4641.22 1.4218e-14
4644.22 1.396e-14
4647.22 1.3576e-14
4650.22 1.3238e-14
4653.23 1.3025e-14
4656.23 1.271e-14
4659.23 1.2457e-14
4662.23 1.2269e-14
4665.23 1.2002e-14
4668.23 1.1797e-14
4671.23 1.1553e-14
4674.24 1.1431e-14
4677.24 1.1484e-14
4680.24 1.1456e-14
4683.24 1.1341e-14
4686.24 1.1317e-14
4689.24 1.144e-14
4692.24 1.1692e-14
4695.25 1.1853e-14
4698.25 1.187e-14
4701.25 1.2069e-14
4704.25 1.2331e-14
4707.25 1.2412e-14
4710.25 1.2528e-14
4713.26 1.2854e-14
4716.26 1.2968e-14
4719.26 1.3035e-14
4722.26 1.3312e-14
4725.26 1.3492e-14
4728.26 1.3483e-14
4731.26 1.343e-14
4734.27 1.3299e-14
4737.27 1.3201e-14
4740.27 1.3235e-14
4743.27 1.3338e-14
4746.27 1.3365e-14
4749.27 1.3364e-14
4752.27 1.3466e-14
4755.28 1.3517e-14
4758.28 1.3514e-14
4761.28 1.3644e-14
4764.28 1.3805e-14
4767.28 1.3918e-14
4770.28 1.4027e-14
4773.29 1.4129e-14
4776.29 1.4208e-14
4779.29 1.4335e-14
4782.29 1.4468e-14
4785.29 1.464e-14
4788.29 1.4953e-14
4791.29 1.4995e-14
4794.30 1.4966e-14
4797.30 1.5093e-14
4800.30 1.5125e-14
4803.30 1.5052e-14
4806.30 1.4965e-14
4809.30 1.4972e-14
4812.31 1.4991e-14
4815.31 1.497e-14
4818.31 1.4802e-14
4821.31 1.4699e-14
4824.31 1.4607e-14
4827.31 1.4543e-14
4830.31 1.4379e-14
4833.32 1.439e-14
4836.32 1.4407e-14
4839.32 1.438e-14
4842.32 1.4328e-14
4845.32 1.4306e-14
4848.32 1.4374e-14
4851.32 1.4625e-14
4854.33 1.4825e-14
4857.33 1.4735e-14
4860.33 1.4731e-14
4863.33 1.4822e-14
4866.33 1.492e-14
4869.33 1.5246e-14
4872.34 1.535e-14
4875.34 1.5241e-14
4878.34 1.5342e-14
4881.34 1.5425e-14
4884.34 1.5515e-14
4887.34 1.5553e-14
4890.34 1.5673e-14
4893.35 1.5674e-14
4896.35 1.5883e-14
4899.35 1.6053e-14
4902.35 1.6119e-14
4905.35 1.6251e-14
4908.35 1.6281e-14
4911.35 1.6386e-14
4914.36 1.64e-14
4917.36 1.6573e-14
4920.36 1.6786e-14
4923.36 1.6741e-14
4926.36 1.6655e-14
4929.36 1.6789e-14
4932.37 1.675e-14
4935.37 1.6646e-14
4938.37 1.6704e-14
4941.37 1.6722e-14
4944.37 1.6484e-14
4947.37 1.6179e-14
4950.37 1.6089e-14
4953.38 1.5893e-14
4956.38 1.5727e-14
4959.38 1.5483e-14
4962.38 1.5173e-14
4965.38 1.4924e-14
4968.38 1.4617e-14
4971.39 1.4381e-14
4974.39 1.4159e-14
4977.39 1.3914e-14
4980.39 1.3756e-14
4983.39 1.3674e-14
4986.39 1.3458e-14
4989.39 1.3439e-14
4992.40 1.3444e-14
4995.40 1.3239e-14
4998.40 1.3161e-14
5001.40 1.3227e-14
5004.40 1.3285e-14
5007.40 1.3181e-14
5010.40 1.3125e-14
5013.41 1.3172e-14
5016.41 1.3181e-14
5019.41 1.3209e-14
5022.41 1.3229e-14
5025.41 1.3266e-14
5028.41 1.3429e-14
5031.42 1.3542e-14
5034.42 1.359e-14
5037.42 1.3653e-14
5040.42 1.368e-14
5043.42 1.3741e-14
5046.42 1.3799e-14
5049.42 1.3905e-14
5052.43 1.3875e-14
5055.43 1.3928e-14
5058.43 1.4123e-14
5061.43 1.4201e-14
5064.43 1.4254e-14
5067.43 1.4303e-14
5070.43 1.4395e-14
5073.44 1.4442e-14
5076.44 1.4548e-14
5079.44 1.4653e-14
5082.44 1.4707e-14
5085.44 1.4763e-14
5088.44 1.4724e-14
5091.45 1.476e-14
5094.45 1.485e-14
5097.45 1.4868e-14
5100.45 1.4983e-14
5103.45 1.5049e-14
5106.45 1.4977e-14
5109.45 1.4965e-14
5112.46 1.4977e-14
5115.46 1.5008e-14
5118.46 1.4925e-14
5121.46 1.4879e-14
5124.46 1.4846e-14
5127.46 1.4833e-14
5130.46 1.4942e-14
5133.47 1.4927e-14
5136.47 1.4926e-14
5139.47 1.5042e-14
5142.47 1.5068e-14
5145.47 1.5054e-14
5148.47 1.5115e-14
5151.48 1.5182e-14
5154.48 1.5295e-14
5157.48 1.5403e-14
5160.48 1.5419e-14
5163.48 1.5515e-14
5166.48 1.5549e-14
5169.48 1.5548e-14
5172.49 1.5761e-14
5175.49 1.5877e-14
5178.49 1.5886e-14
5181.49 1.6075e-14
5184.49 1.629e-14
5187.49 1.6324e-14
5190.50 1.631e-14
5193.50 1.6412e-14
5196.50 1.6589e-14
5199.50 1.6764e-14
5202.50 1.6924e-14
5205.50 1.6998e-14
5208.50 1.7099e-14
5211.51 1.7271e-14
5214.51 1.738e-14
5217.51 1.7412e-14
5220.51 1.7439e-14
5223.51 1.7504e-14
5226.51 1.7631e-14
5229.51 1.7763e-14
5232.52 1.7719e-14
5235.52 1.7838e-14
5238.52 1.7905e-14
5241.52 1.7847e-14
5244.52 1.7935e-14
5247.52 1.8054e-14
5250.53 1.8108e-14
5253.53 1.8172e-14
5256.53 1.8215e-14
5259.53 1.8183e-14
5262.53 1.8329e-14
5265.53 1.8275e-14
5268.53 1.8169e-14
5271.54 1.8105e-14
5274.54 1.8189e-14
5277.54 1.8174e-14
5280.54 1.806e-14
5283.54 1.8178e-14
5286.54 1.8072e-14
5289.54 1.7894e-14
5292.55 1.7894e-14
5295.55 1.8016e-14
5298.55 1.7947e-14
5301.55 1.7747e-14
5304.55 1.7656e-14
5307.55 1.7581e-14
5310.56 1.7644e-14
5313.56 1.7744e-14
5316.56 1.7686e-14
5319.56 1.7618e-14
5322.56 1.7612e-14
5325.56 1.7524e-14
5328.56 1.7421e-14
5331.57 1.7325e-14
5334.57 1.7341e-14
5337.57 1.7318e-14
5340.57 1.73e-14
5343.57 1.7351e-14
5346.57 1.7271e-14
5349.57 1.7215e-14
5352.58 1.7193e-14
5355.58 1.7107e-14
5358.58 1.7068e-14
5361.58 1.7017e-14
5364.58 1.7016e-14
5367.58 1.7032e-14
5370.59 1.695e-14
5373.59 1.6905e-14
5376.59 1.6921e-14
5379.59 1.6904e-14
5382.59 1.6777e-14
5385.59 1.6751e-14
5388.59 1.6776e-14
5391.60 1.686e-14
5394.60 1.6802e-14
5397.60 1.6731e-14
5400.60 1.6627e-14
5403.60 1.6545e-14
5406.60 1.6577e-14
5409.61 1.6468e-14
5412.61 1.6402e-14
5415.61 1.6326e-14
5418.61 1.6228e-14
5421.61 1.6166e-14
5424.61 1.6074e-14
5427.61 1.6051e-14
5430.62 1.5986e-14
5433.62 1.5943e-14
5436.62 1.5982e-14
5439.62 1.5952e-14
5442.62 1.5864e-14
5445.62 1.5828e-14
5448.62 1.5621e-14
5451.63 1.5414e-14
5454.63 1.5476e-14
5457.63 1.5581e-14
5460.63 1.5545e-14
5463.63 1.5408e-14
5466.63 1.533e-14
5469.64 1.5276e-14
5472.64 1.5115e-14
5475.64 1.4963e-14
5478.64 1.494e-14
5481.64 1.4981e-14
5484.64 1.4911e-14
5487.64 1.4781e-14
5490.65 1.4761e-14
5493.65 1.477e-14
5496.65 1.4716e-14
5499.65 1.4688e-14
5502.65 1.4638e-14
5505.65 1.4611e-14
5508.65 1.4614e-14
5511.66 1.4617e-14
5514.66 1.4534e-14
5517.66 1.4529e-14
5520.66 1.4471e-14
5523.66 1.4339e-14
5526.66 1.4252e-14
5529.67 1.4183e-14
5532.67 1.4207e-14
5535.67 1.4193e-14
5538.67 1.4167e-14
5541.67 1.4112e-14
5544.67 1.4028e-14
5547.67 1.4014e-14
5550.68 1.4043e-14
5553.68 1.4004e-14
5556.68 1.4002e-14
5559.68 1.4057e-14
5562.68 1.4033e-14
5565.68 1.3945e-14
5568.68 1.3979e-14
5571.69 1.4031e-14
5574.69 1.3974e-14
5577.69 1.3864e-14
5580.69 1.3729e-14
5583.69 1.3725e-14
5586.69 1.3704e-14
5589.70 1.3664e-14
5592.70 1.3713e-14
5595.70 1.3669e-14
5598.70 1.363e-14
5601.70 1.3476e-14
5604.70 1.326e-14
5607.70 1.3189e-14
5610.71 1.32e-14
5613.71 1.3235e-14
5616.71 1.325e-14
5619.71 1.3163e-14
5622.71 1.3147e-14
5625.71 1.322e-14
5628.72 1.3204e-14
5631.72 1.3175e-14
5634.72 1.3203e-14
5637.72 1.3202e-14
5640.72 1.3192e-14
5643.72 1.3133e-14
5646.72 1.31e-14
5649.73 1.3145e-14
5652.73 1.3157e-14
5655.73 1.3134e-14
5658.73 1.309e-14
5661.73 1.3043e-14
5664.73 1.302e-14
5667.73 1.2956e-14
5670.74 1.2893e-14
5673.74 1.29e-14
5676.74 1.29e-14
5679.74 1.2823e-14
5682.74 1.2797e-14
5685.74 1.2723e-14
5688.75 1.2643e-14
5691.75 1.2624e-14
5694.75 1.265e-14
5697.75 1.267e-14
5700.75 1.264e-14
5703.75 1.2649e-14
5706.75 1.2718e-14
5709.76 1.2721e-14
5712.76 1.271e-14
5715.76 1.2718e-14
5718.76 1.2722e-14
5721.76 1.2704e-14
5724.76 1.2662e-14
5727.76 1.2625e-14
5730.77 1.2584e-14
5733.77 1.2575e-14
5736.77 1.2622e-14
5739.77 1.2663e-14
5742.77 1.2631e-14
5745.77 1.2592e-14
5748.78 1.265e-14
5751.78 1.2679e-14
5754.78 1.2694e-14
5757.78 1.2757e-14
5760.78 1.2844e-14
5763.78 1.2813e-14
5766.78 1.2872e-14
5769.79 1.2941e-14
5772.79 1.2947e-14
5775.79 1.3013e-14
5778.79 1.3014e-14
5781.79 1.3124e-14
5784.79 1.324e-14
5787.79 1.3318e-14
5790.80 1.3383e-14
5793.80 1.3414e-14
5796.80 1.3458e-14
5799.80 1.3516e-14
5802.80 1.35e-14
5805.80 1.3518e-14
5808.81 1.3598e-14
5811.81 1.3573e-14
5814.81 1.3568e-14
5817.81 1.3669e-14
5820.81 1.3689e-14
5823.81 1.3642e-14
5826.81 1.3657e-14
5829.82 1.3693e-14
5832.82 1.3668e-14
5835.82 1.3677e-14
5838.82 1.3727e-14
5841.82 1.3668e-14
5844.82 1.3615e-14
5847.83 1.3565e-14
5850.83 1.3583e-14
5853.83 1.3596e-14
5856.83 1.3545e-14
5859.83 1.3544e-14
5862.83 1.354e-14
5865.83 1.3473e-14
5868.84 1.3393e-14
5871.84 1.3398e-14
5874.84 1.3406e-14
5877.84 1.3386e-14
5880.84 1.3293e-14
5883.84 1.3119e-14
5886.84 1.3055e-14
5889.85 1.3067e-14
5892.85 1.3012e-14
5895.85 1.2923e-14
5898.85 1.2898e-14
5901.85 1.2902e-14
5904.85 1.2977e-14
5907.86 1.3076e-14
5910.86 1.3107e-14
5913.86 1.3047e-14
5916.86 1.2996e-14
5919.86 1.2964e-14
5922.86 1.2919e-14
5925.86 1.2892e-14
5928.87 1.2907e-14
5931.87 1.2908e-14
5934.87 1.285e-14
5937.87 1.2792e-14
5940.87 1.2767e-14
5943.87 1.2708e-14
5946.87 1.2664e-14
5949.88 1.2638e-14
5952.88 1.2599e-14
5955.88 1.2597e-14
5958.88 1.2525e-14
5961.88 1.2438e-14
5964.88 1.2476e-14
5967.89 1.2464e-14
5970.89 1.242e-14
5973.89 1.2352e-14
5976.89 1.2318e-14
5979.89 1.2296e-14
5982.89 1.2274e-14
5985.89 1.2272e-14
5988.90 1.2277e-14
5991.90 1.2279e-14
5994.90 1.2254e-14
5997.90 1.2191e-14
6000.90 1.216e-14
6003.90 1.2127e-14
6006.90 1.2115e-14
6009.91 1.2083e-14
6012.91 1.1997e-14
6015.91 1.1944e-14
6018.91 1.1922e-14
6021.91 1.1917e-14
6024.91 1.1869e-14
6027.92 1.1826e-14
6030.92 1.1813e-14
6033.92 1.1812e-14
6036.92 1.1759e-14
6039.92 1.1717e-14
6042.92 1.173e-14
6045.92 1.1696e-14
6048.93 1.1673e-14
6051.93 1.1723e-14
6054.93 1.1747e-14
6057.93 1.167e-14
6060.93 1.163e-14
6063.93 1.1646e-14
6066.94 1.1638e-14
6069.94 1.1624e-14
6072.94 1.1594e-14
6075.94 1.1547e-14
6078.94 1.1572e-14
6081.94 1.1562e-14
6084.94 1.1487e-14
6087.95 1.1436e-14
6090.95 1.1399e-14
6093.95 1.1325e-14
6096.95 1.121e-14
6099.95 1.118e-14
6102.95 1.1115e-14
6105.95 1.0974e-14
6108.96 1.0782e-14
6111.96 1.0613e-14
6114.96 1.0444e-14
6117.96 1.0258e-14
6120.96 1.0058e-14
6123.96 9.8714e-15
6126.97 9.7596e-15
6129.97 9.6662e-15
6132.97 9.5573e-15
6135.97 9.4458e-15
6138.97 9.293e-15
6141.97 9.1117e-15
6144.97 8.9406e-15
6147.98 8.7979e-15
6150.98 8.6722e-15
6153.98 8.5198e-15
6156.98 8.3618e-15
6159.98 8.2265e-15
6162.98 8.0633e-15
6165.98 7.9474e-15
6168.99 7.8778e-15
6171.99 7.8035e-15
6174.99 7.7206e-15
6177.99 7.5874e-15
6180.99 7.483e-15
6183.99 7.4153e-15
6187.00 7.3124e-15
6190.00 7.2114e-15
6193.00 7.1471e-15
6196.00 7.1253e-15
6199.00 7.0997e-15
6202.00 7.0351e-15
6205.00 6.9884e-15
6208.01 6.9586e-15
6211.01 6.9351e-15
6214.01 6.9268e-15
6217.01 6.8652e-15
6220.01 6.8406e-15
6223.01 6.8071e-15
6226.01 6.7853e-15
6229.02 6.7931e-15
6232.02 6.7542e-15
6235.02 6.7373e-15
6238.02 6.754e-15
6241.02 6.7478e-15
6244.02 6.7352e-15
6247.03 6.7323e-15
6250.03 6.7288e-15
6253.03 6.7145e-15
6256.03 6.7052e-15
6259.03 6.6667e-15
6262.03 6.6322e-15
6265.03 6.6048e-15
6268.04 6.5863e-15
6271.04 6.5322e-15
6274.04 6.4827e-15
6277.04 6.4488e-15
6280.04 6.4579e-15
6283.04 6.5405e-15
6286.05 6.6135e-15
6289.05 6.6705e-15
6292.05 6.712e-15
6295.05 6.7956e-15
6298.05 6.9093e-15
6301.05 7.0188e-15
6304.05 7.1804e-15
6307.06 7.3322e-15
6310.06 7.4466e-15
6313.06 7.5836e-15
6316.06 7.7229e-15
6319.06 7.8774e-15
6322.06 8.1493e-15
6325.06 8.4035e-15
6328.07 8.6028e-15
6331.07 8.8797e-15
6334.07 9.1891e-15
6337.07 9.4517e-15
6340.07 9.713e-15
6343.07 9.9927e-15
6346.08 1.0275e-14
6349.08 1.0553e-14
6352.08 1.0826e-14
6355.08 1.1071e-14
6358.08 1.1313e-14
6361.08 1.1587e-14
6364.08 1.1843e-14
6367.09 1.2118e-14
6370.09 1.2387e-14
6373.09 1.2634e-14
6376.09 1.2856e-14
6379.09 1.3081e-14
6382.09 1.3308e-14
6385.09 1.3509e-14
6388.10 1.3713e-14
6391.10 1.3982e-14
6394.10 1.4197e-14
6397.10 1.4306e-14
6400.10 1.4458e-14
6403.10 1.4686e-14
6406.11 1.4894e-14
6409.11 1.5039e-14
6412.11 1.5175e-14
6415.11 1.5326e-14
6418.11 1.5498e-14
6421.11 1.5675e-14
6424.11 1.5836e-14
6427.12 1.5987e-14
6430.12 1.6129e-14
6433.12 1.6205e-14
6436.12 1.6359e-14
6439.12 1.6489e-14
6442.12 1.6556e-14
6445.12 1.6558e-14
6448.13 1.6604e-14
6451.13 1.669e-14
6454.13 1.6775e-14
6457.13 1.6819e-14
6460.13 1.6838e-14
6463.13 1.6819e-14
6466.14 1.6832e-14
6469.14 1.6905e-14
6472.14 1.695e-14
6475.14 1.7042e-14
6478.14 1.7197e-14
6481.14 1.731e-14
6484.14 1.735e-14
6487.15 1.7386e-14
6490.15 1.7446e-14
6493.15 1.7477e-14
6496.15 1.7524e-14
6499.15 1.7581e-14
6502.15 1.757e-14
6505.16 1.7558e-14
6508.16 1.7527e-14
6511.16 1.7523e-14
6514.16 1.7504e-14
6517.16 1.7534e-14
6520.16 1.7518e-14
6523.16 1.7431e-14
6526.17 1.7373e-14
6529.17 1.7354e-14
6532.17 1.7406e-14
6535.17 1.74e-14
6538.17 1.7298e-14
6541.17 1.7261e-14
6544.17 1.7243e-14
6547.18 1.7155e-14
6550.18 1.7071e-14
6553.18 1.7052e-14
6556.18 1.7089e-14
6559.18 1.7059e-14
6562.18 1.7096e-14
6565.19 1.7157e-14
6568.19 1.713e-14
6571.19 1.7121e-14
6574.19 1.7091e-14
6577.19 1.6984e-14
6580.19 1.6925e-14
6583.19 1.6951e-14
6586.20 1.6998e-14
6589.20 1.6964e-14
6592.20 1.6949e-14
6595.20 1.6907e-14
6598.20 1.6793e-14
6601.20 1.6718e-14
6604.20 1.6681e-14
6607.21 1.6617e-14
6610.21 1.6561e-14
6613.21 1.6559e-14
6616.21 1.6544e-14
6619.21 1.6456e-14
6622.21 1.635e-14
6625.22 1.6238e-14
6628.22 1.6144e-14
6631.22 1.6076e-14
6634.22 1.5989e-14
6637.22 1.5933e-14
6640.22 1.5936e-14
6643.22 1.595e-14
6646.23 1.5736e-14
6649.23 1.5503e-14
6652.23 1.5405e-14
6655.23 1.5356e-14
6658.23 1.5276e-14
6661.23 1.5204e-14
6664.23 1.5248e-14
6667.24 1.5311e-14
6670.24 1.5298e-14
6673.24 1.5253e-14
6676.24 1.5118e-14
6679.24 1.4961e-14
6682.24 1.4839e-14
6685.25 1.4723e-14
6688.25 1.4619e-14
6691.25 1.461e-14
6694.25 1.4564e-14
6697.25 1.4531e-14
6700.25 1.4471e-14
6703.25 1.4313e-14
6706.26 1.4165e-14
6709.26 1.4111e-14
6712.26 1.4029e-14
6715.26 1.3952e-14
6718.26 1.389e-14
6721.26 1.3805e-14
6724.27 1.3692e-14
6727.27 1.3543e-14
6730.27 1.3426e-14
6733.27 1.3315e-14
6736.27 1.3193e-14
6739.27 1.3164e-14
6742.27 1.3152e-14
6745.28 1.3079e-14
6748.28 1.3063e-14
6751.28 1.3055e-14
6754.28 1.2968e-14
6757.28 1.2776e-14
6760.28 1.2619e-14
6763.28 1.2614e-14
6766.29 1.2625e-14
6769.29 1.2581e-14
6772.29 1.2559e-14
6775.29 1.2509e-14
6778.29 1.2442e-14
6781.29 1.2304e-14
6784.30 1.2186e-14
6787.30 1.2142e-14
6790.30 1.2097e-14
6793.30 1.2057e-14
6796.30 1.2036e-14
6799.30 1.196e-14
6802.30 1.1901e-14
6805.31 1.1907e-14
6808.31 1.1839e-14
6811.31 1.172e-14
6814.31 1.1625e-14
6817.31 1.1564e-14
6820.31 1.1493e-14
6823.31 1.1399e-14
6826.32 1.1378e-14
6829.32 1.1433e-14
6832.32 1.144e-14
6835.32 1.1358e-14
6838.32 1.1268e-14
6841.32 1.1161e-14
6844.33 1.1094e-14
6847.33 1.1031e-14
6850.33 1.1006e-14
6853.33 1.1005e-14
6856.33 1.0932e-14
6859.33 1.0773e-14
6862.33 1.06e-14
6865.34 1.0458e-14
6868.34 1.0426e-14
6871.34 1.0534e-14
6874.34 1.0601e-14
6877.34 1.0564e-14
6880.34 1.0491e-14
6883.34 1.0424e-14
6886.35 1.039e-14
6889.35 1.0388e-14
6892.35 1.0333e-14
6895.35 1.0255e-14
6898.35 1.0219e-14
6901.35 1.0125e-14
6904.36 1.0028e-14
6907.36 1.0037e-14
6910.36 1.0075e-14
6913.36 1.0057e-14
6916.36 1.0056e-14
6919.36 1.0006e-14
6922.36 9.8824e-15
6925.37 9.8338e-15
6928.37 9.8523e-15
6931.37 9.8385e-15
6934.37 9.8094e-15
6937.37 9.8139e-15
6940.37 9.862e-15
6943.38 9.8986e-15
6946.38 9.8884e-15
6949.38 9.8408e-15
6952.38 9.7299e-15
6955.38 9.6362e-15
6958.38 9.6089e-15
6961.38 9.6655e-15
6964.39 9.7518e-15
6967.39 9.7724e-15
6970.39 9.7561e-15
6973.39 9.7853e-15
6976.39 9.7689e-15
6979.39 9.7e-15
6982.39 9.6349e-15
6985.40 9.553e-15
6988.40 9.4939e-15
6991.40 9.5305e-15
6994.40 9.6015e-15
6997.40 9.612e-15
7000.40 9.5885e-15
7003.41 9.5933e-15
7006.41 9.576e-15
7009.41 9.4783e-15
7012.41 9.3765e-15
7015.41 9.2927e-15
7018.41 9.2441e-15
7021.41 9.3129e-15
7024.42 9.4051e-15
7027.42 9.4356e-15
7030.42 9.3672e-15
7033.42 9.3173e-15
7036.42 9.2719e-15
7039.42 9.2032e-15
7042.42 9.1092e-15
7045.43 9.0144e-15
7048.43 9.0068e-15
7051.43 9.0779e-15
7054.43 9.1265e-15
7057.43 9.1209e-15
7060.43 9.0725e-15
7063.44 8.987e-15
7066.44 8.8987e-15
7069.44 8.8431e-15
7072.44 8.8223e-15
7075.44 8.8315e-15
7078.44 8.8827e-15
7081.44 8.9218e-15
7084.45 8.9334e-15
7087.45 8.9237e-15
7090.45 8.862e-15
7093.45 8.8037e-15
7096.45 8.7633e-15
7099.45 8.7118e-15
7102.45 8.7169e-15
7105.46 8.7543e-15
7108.46 8.7323e-15
7111.46 8.7534e-15
7114.46 8.8255e-15
7117.46 8.8674e-15
7120.46 8.8632e-15
7123.47 8.81e-15
7126.47 8.7464e-15
7129.47 8.6692e-15
7132.47 8.6037e-15
7135.47 8.6503e-15
7138.47 8.7153e-15
7141.47 8.7099e-15
7144.48 8.766e-15
7147.48 8.7894e-15
7150.48 8.7455e-15
7153.48 8.7055e-15
7156.48 8.6662e-15
7159.48 8.5864e-15
7162.49 8.4964e-15
7165.49 8.5383e-15
7168.49 8.5602e-15
7171.49 8.5665e-15
7174.49 8.6255e-15
7177.49 8.6358e-15
7180.49 8.5757e-15
7183.50 8.5634e-15
7186.50 8.6475e-15
7189.50 8.6476e-15
7192.50 8.5163e-15
7195.50 8.4359e-15
7198.50 8.3571e-15
7201.50 8.3271e-15
7204.51 8.3315e-15
7207.51 8.3515e-15
7210.51 8.4283e-15
7213.51 8.4918e-15
7216.51 8.5479e-15
7219.51 8.5427e-15
7222.52 8.4625e-15
7225.52 8.3845e-15
7228.52 8.2829e-15
7231.52 8.2451e-15
7234.52 8.2232e-15
7237.52 8.1746e-15
7240.52 8.2057e-15
7243.53 8.3039e-15
7246.53 8.3018e-15
7249.53 8.2248e-15
7252.53 8.2022e-15
7255.53 8.199e-15
7258.53 8.164e-15
7261.53 8.092e-15
7264.54 8.0267e-15
7267.54 7.9789e-15
7270.54 7.9451e-15
7273.54 7.9596e-15
7276.54 8.1317e-15
7279.54 8.2317e-15
7282.55 8.1525e-15
7285.55 8.0627e-15
7288.55 7.9414e-15
7291.55 7.9053e-15
7294.55 7.956e-15
7297.55 7.927e-15
7300.55 7.8584e-15
7303.56 7.8377e-15
7306.56 7.8884e-15
7309.56 7.9818e-15
7312.56 8.0631e-15
7315.56 8.1173e-15
7318.56 8.1582e-15
7321.56 8.1884e-15
7324.57 8.1411e-15
7327.57 8.0507e-15
7330.57 8.04e-15
7333.57 8.0106e-15
7336.57 8.0546e-15
7339.57 8.1336e-15
7342.58 8.1562e-15
7345.58 8.1799e-15
7348.58 8.2063e-15
7351.58 8.1494e-15
7354.58 8.0549e-15
7357.58 7.9743e-15
7360.58 7.9089e-15
7363.59 7.8636e-15
7366.59 7.9181e-15
7369.59 8.0203e-15
7372.59 8.1006e-15
7375.59 8.1629e-15
7378.59 8.1941e-15
7381.60 8.1929e-15
7384.60 8.1565e-15
7387.60 8.0985e-15
7390.60 8.0333e-15
7393.60 7.9592e-15
7396.60 7.9008e-15
7399.60 7.8868e-15
7402.61 7.974e-15
7405.61 8.0692e-15
7408.61 8.1402e-15
7411.61 8.1663e-15
7414.61 8.1159e-15
7417.61 8.0417e-15
7420.61 7.9739e-15
7423.62 7.8866e-15
7426.62 7.7867e-15
7429.62 7.6948e-15
7432.62 7.6493e-15
7435.62 7.6463e-15
7438.62 7.6732e-15
7441.63 7.7675e-15
7444.63 7.8597e-15
7447.63 7.8761e-15
7450.63 7.8634e-15
7453.63 7.7726e-15
7456.63 7.6363e-15
7459.63 7.5756e-15
7462.64 7.5397e-15
7465.64 7.4496e-15
7468.64 7.4295e-15
7471.64 7.4689e-15
7474.64 7.5521e-15
7477.64 7.6239e-15
7480.64 7.6665e-15
7483.65 7.6298e-15
7486.65 7.5134e-15
7489.65 7.3889e-15
7492.65 7.3014e-15
7495.65 7.2581e-15
7498.65 7.2305e-15
7501.66 7.2427e-15
7504.66 7.3074e-15
7507.66 7.3864e-15
7510.66 7.458e-15
7513.66 7.4894e-15
7516.66 7.45e-15
7519.66 7.3326e-15
7522.67 7.2349e-15
7525.67 7.1894e-15
7528.67 7.161e-15
7531.67 7.2021e-15
7534.67 7.2755e-15
7537.67 7.3442e-15
7540.67 7.376e-15
7543.68 7.4132e-15
7546.68 7.4536e-15
7549.68 7.4869e-15
7552.68 7.4336e-15
7555.68 7.3204e-15
7558.68 7.2561e-15
7561.69 7.2317e-15
7564.69 7.2149e-15
7567.69 7.2317e-15
7570.69 7.3422e-15
7573.69 7.4796e-15
7576.69 7.526e-15
7579.69 7.5653e-15
7582.70 7.5936e-15
7585.70 7.513e-15
7588.70 7.354e-15
7591.70 7.2473e-15
7594.70 7.2647e-15
7597.70 7.2614e-15
7600.71 7.1733e-15
7603.71 7.1569e-15
7606.71 7.2866e-15
7609.71 7.4068e-15
7612.71 7.533e-15
7615.71 7.5009e-15
7618.71 7.3727e-15
7621.72 7.308e-15
7624.72 7.3562e-15
7627.72 7.3701e-15
7630.72 7.2392e-15
7633.72 7.1548e-15
7636.72 7.1378e-15
7639.72 7.0304e-15
7642.73 6.9588e-15
7645.73 7.0199e-15
7648.73 7.1123e-15
7651.73 7.113e-15
7654.73 7.1908e-15
7657.73 7.3597e-15
7660.74 7.4415e-15
7663.74 7.4502e-15
7666.74 7.3619e-15
7669.74 7.2729e-15
7672.74 7.2477e-15
7675.74 7.1859e-15
7678.74 7.1124e-15
7681.75 7.059e-15
7684.75 7.0195e-15
7687.75 6.9846e-15
7690.75 6.9585e-15
7693.75 6.9547e-15
7696.75 6.9958e-15
7699.75 7.109e-15
7702.76 7.2119e-15
7705.76 7.2664e-15
7708.76 7.3549e-15
7711.76 7.3867e-15
7714.76 7.3672e-15
7717.76 7.3155e-15
7720.77 7.2147e-15
7723.77 7.1484e-15
7726.77 7.1093e-15
7729.77 7.0473e-15
7732.77 6.953e-15
7735.77 6.8671e-15
7738.77 6.8767e-15
7741.78 6.9362e-15
7744.78 6.9622e-15
7747.78 7.0293e-15
7750.78 7.1484e-15
7753.78 7.2409e-15
7756.78 7.289e-15
7759.78 7.3217e-15
7762.79 7.3217e-15
7765.79 7.2368e-15
7768.79 7.1298e-15
7771.79 7.0782e-15
7774.79 7.0193e-15
7777.79 6.9778e-15
7780.80 6.9821e-15
7783.80 6.9924e-15
7786.80 7.011e-15
7789.80 7.0628e-15
7792.80 7.1087e-15
7795.80 7.1431e-15
7798.80 7.2009e-15
7801.81 7.2368e-15
7804.81 7.2367e-15
7807.81 7.2527e-15
7810.81 7.1546e-15
7813.81 6.9601e-15
7816.81 6.8216e-15
7819.82 6.7824e-15
7822.82 6.8481e-15
7825.82 6.9432e-15
7828.82 7.0046e-15
7831.82 7.0882e-15
7834.82 7.153e-15
7837.82 7.1637e-15
7840.83 7.1661e-15
7843.83 7.1324e-15
7846.83 7.133e-15
7849.83 7.1641e-15
7852.83 7.1118e-15
7855.83 6.9467e-15
7858.83 6.7658e-15
7861.84 6.6473e-15
7864.84 6.6015e-15
7867.84 6.647e-15
7870.84 6.7969e-15
7873.84 6.9103e-15
7876.84 6.8604e-15
7879.85 6.7897e-15
7882.85 6.7709e-15
7885.85 6.7422e-15
7888.85 6.7127e-15
7891.85 6.6719e-15
7894.85 6.6365e-15
7897.85 6.6161e-15
7900.86 6.5667e-15
7903.86 6.599e-15
7906.86 6.667e-15
7909.86 6.6746e-15
7912.86 6.6812e-15
7915.86 6.682e-15
7918.86 6.6709e-15
7921.87 6.6286e-15
7924.87 6.6019e-15
7927.87 6.4864e-15
7930.87 6.3831e-15
7933.87 6.2776e-15
7936.87 6.1354e-15
7939.88 6.0463e-15
7942.88 6.0064e-15
7945.88 6.01e-15
7948.88 6.0603e-15
7951.88 6.1338e-15
7954.88 6.2414e-15
7957.88 6.3215e-15
7960.89 6.3193e-15
7963.89 6.2481e-15
7966.89 6.1023e-15
7969.89 5.9927e-15
7972.89 5.9015e-15
7975.89 5.8563e-15
7978.90 5.8372e-15
7981.90 5.8151e-15
7984.90 5.8226e-15
7987.90 5.9034e-15
7990.90 5.9791e-15
7993.90 6.0354e-15
7996.90 6.0886e-15
7999.91 6.1036e-15
8002.91 6.0694e-15
8005.91 6.0375e-15
8008.91 5.9931e-15
8011.91 5.9065e-15
8014.91 5.7918e-15
8017.91 5.6776e-15
8020.92 5.5922e-15
8023.92 5.5301e-15
8026.92 5.4984e-15
8029.92 5.5762e-15
8032.92 5.7074e-15
8035.92 5.6917e-15
8038.93 5.6945e-15
8041.93 5.7848e-15
8044.93 5.791e-15
8047.93 5.7389e-15
8050.93 5.6949e-15
8053.93 5.6706e-15
8056.93 5.6081e-15
8059.94 5.4997e-15
8062.94 5.3601e-15
8065.94 5.1979e-15
8068.94 5.079e-15
8071.94 5.0228e-15
8074.94 4.9423e-15
8077.94 4.8185e-15
8080.95 4.7423e-15
8083.95 4.6971e-15
8086.95 4.6163e-15
8089.95 4.5609e-15
8092.95 4.5578e-15
8095.95 4.5484e-15
8098.96 4.4865e-15
8101.96 4.4045e-15
8104.96 4.3611e-15
8107.96 4.3002e-15
8110.96 4.227e-15
8113.96 4.1602e-15
8116.96 4.0505e-15
8119.97 3.913e-15
8122.97 3.7868e-15
8125.97 3.6448e-15
8128.97 3.4841e-15
8131.97 3.3584e-15
8134.97 3.2725e-15
8137.97 3.2007e-15
8140.98 3.0953e-15
8143.98 2.9905e-15
8146.98 2.9488e-15
8149.98 2.9179e-15
8152.98 2.8585e-15
8155.98 2.796e-15
8158.99 2.7477e-15
8161.99 2.7283e-15
8164.99 2.7186e-15
8167.99 2.6856e-15
8170.99 2.6392e-15
8173.99 2.6083e-15
8176.99 2.5972e-15
8180.00 2.5614e-15
8183.00 2.5185e-15
8186.00 2.4463e-15
8189.00 2.4147e-15
8192.00 2.3824e-15
8195.00 2.3378e-15
8198.01 2.3479e-15
8201.01 2.3719e-15
8204.01 2.3705e-15
8207.01 2.3763e-15
8210.01 2.4035e-15
8213.01 2.4182e-15
8216.01 2.3922e-15
8219.02 2.3667e-15
8222.02 2.3571e-15
8225.02 2.3437e-15
8228.02 2.3865e-15
8231.02 2.4734e-15
8234.02 2.5332e-15
8237.02 2.5773e-15
8240.03 2.6136e-15
8243.03 2.6161e-15
8246.03 2.601e-15
8249.03 2.5987e-15
8252.03 2.5367e-15
8255.03 2.4552e-15
8258.04 2.4193e-15
8261.04 2.3899e-15
8264.04 2.3689e-15
8267.04 2.3718e-15
8270.04 2.3725e-15
8273.04 2.3722e-15
8276.04 2.3921e-15
8279.05 2.43e-15
8282.05 2.4649e-15
8285.05 2.4892e-15
8288.05 2.5141e-15
8291.05 2.538e-15
8294.05 2.5624e-15
8297.05 2.5579e-15
8300.06 2.5157e-15
8303.06 2.4932e-15
8306.06 2.498e-15
8309.06 2.4973e-15
8312.06 2.5094e-15
8315.06 2.5472e-15
8318.07 2.5773e-15
8321.07 2.6497e-15
8324.07 2.7333e-15
8327.07 2.7949e-15
8330.07 2.8596e-15
8333.07 2.9397e-15
8336.07 3.0379e-15
8339.08 3.1168e-15
8342.08 3.1649e-15
8345.08 3.2066e-15
8348.08 3.1922e-15
8351.08 3.1499e-15
8354.08 3.1558e-15
8357.08 3.1733e-15
8360.09 3.235e-15
8363.09 3.2827e-15
8366.09 3.3226e-15
8369.09 3.3187e-15
8372.09 3.346e-15
8375.09 3.4245e-15
8378.10 3.5102e-15
8381.10 3.5861e-15
8384.10 3.6825e-15
8387.10 3.8503e-15
8390.10 3.9891e-15
8393.10 4.0603e-15
8396.10 4.157e-15
8399.11 4.2508e-15
8402.11 4.3564e-15
8405.11 4.5283e-15
8408.11 4.6166e-15
8411.11 4.5712e-15
8414.11 4.54e-15
8417.12 4.5397e-15
8420.12 4.5101e-15
8423.12 4.4996e-15
8426.12 4.6029e-15
8429.12 4.6901e-15
8432.12 4.7201e-15
8435.12 4.7968e-15
8438.13 4.9473e-15
8441.13 5.0854e-15
8444.13 5.1662e-15
8447.13 5.2333e-15
8450.13 5.3615e-15
8453.13 5.4487e-15
8456.13 5.4591e-15
8459.14 5.4167e-15
8462.14 5.3754e-15
8465.14 5.3322e-15
8468.14 5.2856e-15
8471.14 5.3122e-15
8474.14 5.337e-15
8477.15 5.3521e-15
8480.15 5.4887e-15
8483.15 5.6288e-15
8486.15 5.6757e-15
8489.15 5.7022e-15
8492.15 5.7519e-15
8495.15 5.8128e-15
8498.16 5.8838e-15
8501.16 5.9727e-15
8504.16 6.0407e-15
8507.16 6.0669e-15
8510.16 6.0567e-15
8513.16 5.9914e-15
8516.16 5.8924e-15
8519.17 5.8265e-15
8522.17 5.7832e-15
8525.17 5.7369e-15
8528.17 5.7347e-15
8531.17 5.711e-15
8534.17 5.6811e-15
8537.18 5.7794e-15
8540.18 5.8619e-15
8543.18 5.8702e-15
8546.18 5.9215e-15
8549.18 5.9905e-15
8552.18 6.1303e-15
8555.18 6.2795e-15
8558.19 6.3794e-15
8561.19 6.4463e-15
8564.19 6.4399e-15
8567.19 6.4023e-15
8570.19 6.3702e-15
8573.19 6.3622e-15
8576.19 6.3328e-15
8579.20 6.261e-15
8582.20 6.1653e-15
8585.20 6.104e-15
8588.20 5.9934e-15
8591.20 5.8728e-15
8594.20 5.8737e-15
8597.21 5.8876e-15
8600.21 5.8499e-15
8603.21 5.8671e-15
8606.21 5.9221e-15
8609.21 5.9205e-15
8612.21 5.9426e-15
8615.21 6.0863e-15
8618.22 6.2239e-15
8621.22 6.3044e-15
8624.22 6.3386e-15
8627.22 6.3233e-15
8630.22 6.3156e-15
8633.22 6.3195e-15
8636.23 6.3067e-15
8639.23 6.2646e-15
8642.23 6.181e-15
8645.23 6.0303e-15
8648.23 5.9324e-15
8651.23 5.9033e-15
8654.23 5.8206e-15
8657.24 5.761e-15
8660.24 5.7935e-15
8663.24 5.825e-15
8666.24 5.8518e-15
8669.24 5.9109e-15
8672.24 5.9782e-15
8675.24 5.981e-15
8678.25 6.0026e-15
8681.25 6.1273e-15
8684.25 6.1685e-15
8687.25 6.176e-15
8690.25 6.2039e-15
8693.25 6.227e-15
8696.26 6.2041e-15
8699.26 6.1511e-15
8702.26 6.0651e-15
8705.26 5.9395e-15
8708.26 5.8197e-15
8711.26 5.7674e-15
8714.26 5.7679e-15
8717.27 5.7302e-15
8720.27 5.6571e-15
8723.27 5.6429e-15
8726.27 5.687e-15
8729.27 5.7327e-15
8732.27 5.7753e-15
8735.27 5.8177e-15
8738.28 5.8424e-15
8741.28 5.8539e-15
8744.28 5.928e-15
8747.28 5.9869e-15
8750.28 5.994e-15
8753.28 5.9048e-15
8756.29 5.8156e-15
8759.29 5.7544e-15
8762.29 5.6689e-15
8765.29 5.5721e-15
8768.29 5.4951e-15
8771.29 5.3933e-15
8774.29 5.3262e-15
8777.30 5.3614e-15
8780.30 5.451e-15
8783.30 5.4926e-15
8786.30 5.4538e-15
8789.30 5.4566e-15
8792.30 5.5388e-15
8795.30 5.6037e-15
8798.31 5.7002e-15
8801.31 5.7998e-15
8804.31 5.7905e-15
8807.31 5.7574e-15
8810.31 5.705e-15
8813.31 5.6076e-15
8816.32 5.523e-15
8819.32 5.4353e-15
8822.32 5.3336e-15
8825.32 5.2355e-15
8828.32 5.1849e-15
8831.32 5.156e-15
8834.32 5.0957e-15
8837.33 5.0596e-15
8840.33 5.0797e-15
8843.33 5.0788e-15
8846.33 5.0689e-15
8849.33 5.1118e-15
8852.33 5.1719e-15
8855.34 5.2554e-15
8858.34 5.397e-15
8861.34 5.4218e-15
8864.34 5.242e-15
8867.34 5.1031e-15
8870.34 5.0082e-15
8873.34 4.9357e-15
8876.35 4.9529e-15
8879.35 5.0235e-15
8882.35 5.0332e-15
8885.35 5.0111e-15
8888.35 4.9028e-15
8891.35 4.798e-15
8894.35 4.821e-15
8897.36 4.887e-15
8900.36 4.8909e-15
8903.36 4.824e-15
8906.36 4.7404e-15
8909.36 4.6783e-15
8912.36 4.6216e-15
8915.37 4.601e-15
8918.37 4.6167e-15
8921.37 4.6195e-15
8924.37 4.6572e-15
8927.37 4.6916e-15
8930.37 4.6657e-15
8933.37 4.6686e-15
8936.38 4.6356e-15
8939.38 4.533e-15
8942.38 4.4029e-15
8945.38 4.2509e-15
8948.38 4.1629e-15
8951.38 4.1451e-15
8954.38 4.1324e-15
8957.39 4.106e-15
8960.39 4.1161e-15
8963.39 4.1434e-15
8966.39 4.1688e-15
8969.39 4.2551e-15
8972.39 4.293e-15
8975.40 4.2455e-15
8978.40 4.2315e-15
8981.40 4.2491e-15
8984.40 4.2944e-15
8987.40 4.3693e-15
8990.40 4.4246e-15
8993.40 4.468e-15
8996.41 4.4532e-15
8999.41 4.4142e-15
9002.41 4.3512e-15
9005.41 4.2751e-15
9008.41 4.2187e-15
9011.41 4.1768e-15
9014.41 4.1393e-15
9017.42 4.1442e-15
9020.42 4.1758e-15
9023.42 4.2851e-15
9026.42 4.4491e-15
9029.42 4.5404e-15
9032.42 4.6323e-15
9035.43 4.7147e-15
9038.43 4.793e-15
9041.43 4.8781e-15
9044.43 4.9428e-15
9047.43 5e-15
9050.43 4.9822e-15
9053.43 4.9136e-15
9056.44 4.8585e-15
9059.44 4.7997e-15
9062.44 4.6638e-15
9065.44 4.5386e-15
9068.44 4.4631e-15
9071.44 4.3995e-15
9074.45 4.3472e-15
9077.45 4.3375e-15
9080.45 4.3663e-15
9083.45 4.4083e-15
9086.45 4.4484e-15
9089.45 4.4382e-15
9092.45 4.4207e-15
9095.46 4.4661e-15
9098.46 4.5681e-15
9101.46 4.679e-15
9104.46 4.7403e-15
9107.46 4.8061e-15
9110.46 4.9232e-15
9113.46 4.9979e-15
9116.47 5.0147e-15
9119.47 5.0097e-15
9122.47 4.9819e-15
9125.47 4.9258e-15
9128.47 4.8584e-15
9131.47 4.8293e-15
9134.48 4.8192e-15
9137.48 4.7742e-15
9140.48 4.7074e-15
9143.48 4.6259e-15
9146.48 4.5995e-15
9149.48 4.5752e-15
9152.48 4.5315e-15
9155.49 4.5143e-15
9158.49 4.5536e-15
9161.49 4.5506e-15
9164.49 4.5133e-15
9167.49 4.5232e-15
9170.49 4.5746e-15
9173.49 4.6056e-15
9176.50 4.644e-15
9179.50 4.7318e-15
9182.50 4.7767e-15
9185.50 4.8214e-15
9188.50 4.8749e-15
9191.50 4.9672e-15
9194.51 5.084e-15
9197.51 5.1569e-15
