3502.18 5.4816e-15
3505.17 5.4908e-15
3508.17 5.193e-15
3511.16 5.7559e-15
3514.16 6.053e-15
3517.15 5.8135e-15
3520.15 5.8679e-15
3523.15 5.7855e-15
3526.14 5.6432e-15
3529.14 5.3792e-15
3532.13 5.6309e-15
3535.13 5.9202e-15
3538.12 5.7858e-15
3541.12 5.2743e-15
3544.11 5.4874e-15
3547.11 5.8363e-15
3550.10 5.777e-15
3553.10 6.0469e-15
3556.09 5.4317e-15
3559.09 5.2408e-15
3562.08 5.217e-15
3565.08 4.8317e-15
3568.08 4.8973e-15
3571.07 5.1708e-15
3574.07 5.1165e-15
3577.06 5.3889e-15
3580.06 5.5908e-15
3583.05 5.3013e-15
3586.05 4.9081e-15
3589.04 4.6514e-15
3592.04 4.7092e-15
3595.03 4.6713e-15
3598.03 4.2613e-15
3601.02 4.233e-15
3604.02 4.5262e-15
3607.01 4.6791e-15
3610.01 4.6116e-15
3613.01 4.638e-15
3616.00 4.6114e-15
3619.00 4.6429e-15
3621.99 4.7095e-15
3624.99 4.977e-15
3627.98 4.6693e-15
3630.98 4.5523e-15
3633.97 4.5518e-15
3636.97 4.4794e-15
3639.96 4.4417e-15
3642.96 4.4725e-15
3645.95 4.7197e-15
3648.95 4.6159e-15
3651.94 4.8056e-15
3654.94 4.7807e-15
3657.94 4.9493e-15
3660.93 5.2757e-15
3663.93 5.5957e-15
3666.92 5.5901e-15
3669.92 5.6018e-15
3672.91 6.0826e-15
3675.91 6.2832e-15
3678.90 6.2552e-15
3681.90 6.8115e-15
3684.89 7.0523e-15
3687.89 7.3563e-15
3690.88 7.7629e-15
3693.88 8.1084e-15
3696.87 8.2918e-15
3699.87 8.5921e-15
3702.87 8.7269e-15
3705.86 9.2776e-15
3708.86 9.6572e-15
3711.85 9.9397e-15
3714.85 1.009e-14
3717.84 1.0192e-14
3720.84 1.0117e-14
3723.83 1.026e-14
3726.83 1.0393e-14
3729.82 1.0774e-14
3732.82 1.1226e-14
3735.81 1.119e-14
3738.81 1.1133e-14
3741.81 1.058e-14
3744.80 1.0309e-14
3747.80 1.0013e-14
3750.79 9.4361e-15
3753.79 8.7537e-15
3756.78 8.0863e-15
3759.78 7.7518e-15
3762.77 7e-15
3765.77 6.5214e-15
3768.76 6.3345e-15
3771.76 5.5376e-15
3774.75 5.1424e-15
3777.75 5.0799e-15
3780.74 4.8994e-15
3783.74 4.5967e-15
3786.74 4.4974e-15
3789.73 4.4719e-15
3792.73 4.3728e-15
3795.72 4.3063e-15
3798.72 4.2478e-15
3801.71 4.0303e-15
3804.71 4.1709e-15
3807.70 4.1113e-15
3810.70 4.1006e-15
3813.69 4.1801e-15
3816.69 4.3077e-15
3819.68 4.4092e-15
3822.68 4.5813e-15
3825.67 4.6951e-15
3828.67 4.751e-15
3831.67 4.7192e-15
3834.66 4.8929e-15
3837.66 5.0945e-15
3840.65 5.2862e-15
3843.65 5.4942e-15
3846.64 5.8028e-15
3849.64 5.9391e-15
3852.63 6.2861e-15
3855.63 6.5138e-15
3858.62 6.8033e-15
3861.62 7.2067e-15
3864.61 7.6174e-15
3867.61 7.9332e-15
3870.60 8.3879e-15
3873.60 8.9047e-15
3876.60 9.5818e-15
3879.59 9.8977e-15
3882.59 1.0169e-14
3885.58 1.0902e-14
3888.58 1.1625e-14
3891.57 1.1998e-14
3894.57 1.2507e-14
3897.56 1.326e-14
3900.56 1.4146e-14
3903.55 1.5043e-14
3906.55 1.5891e-14
3909.54 1.6634e-14
3912.54 1.7062e-14
3915.54 1.7407e-14
3918.53 1.8012e-14
3921.53 1.8364e-14
3924.52 1.8738e-14
3927.52 1.9592e-14
3930.51 1.9866e-14
3933.51 1.9938e-14
3936.50 2.0371e-14
3939.50 2.1399e-14
3942.49 2.1414e-14
3945.49 2.1704e-14
3948.48 2.1918e-14
3951.48 2.2649e-14
3954.47 2.3373e-14
3957.47 2.3723e-14
3960.47 2.4049e-14
3963.46 2.4486e-14
3966.46 2.5263e-14
3969.45 2.5532e-14
3972.45 2.6068e-14
3975.44 2.6291e-14
3978.44 2.6543e-14
3981.43 2.7653e-14
3984.43 2.8277e-14
3987.42 2.86e-14
3990.42 2.8979e-14
3993.41 2.9222e-14
3996.41 2.9881e-14
3999.40 3.0588e-14
4002.40 3.0707e-14
4005.40 3.0669e-14
4008.39 3.0439e-14
4011.39 2.9967e-14
4014.38 2.9814e-14
4017.38 2.9527e-14
4020.37 2.8974e-14
4023.37 2.9335e-14
4026.36 2.889e-14
4029.36 2.8518e-14
4032.35 2.8793e-14
4035.35 2.8591e-14
4038.34 2.8142e-14
4041.34 2.7756e-14
4044.33 2.689e-14
4047.33 2.6077e-14
4050.33 2.5914e-14
4053.32 2.5005e-14
4056.32 2.415e-14
4059.31 2.3743e-14
4062.31 2.3173e-14
4065.30 2.2202e-14
4068.30 2.1431e-14
4071.29 2.0885e-14
4074.29 2.0019e-14
4077.28 1.9522e-14
4080.28 1.872e-14
4083.27 1.8098e-14
4086.27 1.7449e-14
4089.26 1.6884e-14
4092.26 1.6531e-14
4095.26 1.6307e-14
4098.25 1.612e-14
4101.25 1.554e-14
4104.24 1.5142e-14
4107.24 1.5148e-14
4110.23 1.4774e-14
4113.23 1.4722e-14
4116.22 1.4401e-14
4119.22 1.4077e-14
4122.21 1.3951e-14
4125.21 1.3935e-14
4128.20 1.3617e-14
4131.20 1.3332e-14
4134.20 1.3451e-14
4137.19 1.3112e-14
4140.19 1.2633e-14
4143.18 1.2477e-14
4146.18 1.219e-14
4149.17 1.196e-14
4152.17 1.1782e-14
4155.16 1.1636e-14
4158.16 1.1609e-14
4161.15 1.1423e-14
4164.15 1.1167e-14
4167.14 1.1214e-14
4170.14 1.1082e-14
4173.13 1.0718e-14
4176.13 1.0807e-14
4179.13 1.0945e-14
4182.12 1.0773e-14
4185.12 1.0627e-14
4188.11 1.0502e-14
4191.11 1.0416e-14
4194.10 1.0391e-14
4197.10 1.0323e-14
4200.09 1.041e-14
4203.09 1.0474e-14
4206.08 1.0385e-14
4209.08 1.0172e-14
4212.07 1.0135e-14
4215.07 1.0223e-14
4218.06 1.0196e-14
4221.06 1.0393e-14
4224.06 1.053e-14
4227.05 1.0659e-14
4230.05 1.0782e-14
4233.04 1.1055e-14
4236.04 1.1332e-14
4239.03 1.1317e-14
4242.03 1.1169e-14
4245.02 1.1492e-14
4248.02 1.1803e-14
4251.01 1.1895e-14
4254.01 1.2029e-14
4257.00 1.2081e-14
4260.00 1.2471e-14
4262.99 1.2595e-14
4265.99 1.2803e-14
4268.99 1.3328e-14
4271.98 1.3351e-14
4274.98 1.3076e-14
4277.97 1.3209e-14
4280.97 1.3213e-14
4283.96 1.3175e-14
4286.96 1.3211e-14
4289.95 1.3069e-14
4292.95 1.3026e-14
4295.94 1.3019e-14
4298.94 1.3294e-14
4301.93 1.3311e-14
4304.93 1.3437e-14
4307.93 1.325e-14
4310.92 1.3204e-14
4313.92 1.3483e-14
4316.91 1.3698e-14
4319.91 1.3876e-14
4322.90 1.4039e-14
4325.90 1.4069e-14
4328.89 1.4026e-14
4331.89 1.3991e-14
4334.88 1.4069e-14
4337.88 1.416e-14
4340.87 1.4335e-14
4343.87 1.443e-14
4346.86 1.4471e-14
4349.86 1.4483e-14
4352.86 1.4509e-14
4355.85 1.432e-14
4358.85 1.4129e-14
4361.84 1.4089e-14
4364.84 1.3896e-14
4367.83 1.3658e-14
4370.83 1.3537e-14
4373.82 1.36e-14
4376.82 1.349e-14
4379.81 1.3243e-14
4382.81 1.316e-14
4385.80 1.3095e-14
4388.80 1.3053e-14
4391.79 1.3029e-14
4394.79 1.2798e-14
4397.79 1.2583e-14
4400.78 1.2563e-14
4403.78 1.2257e-14
4406.77 1.1764e-14
4409.77 1.16e-14
4412.76 1.1466e-14
4415.76 1.1336e-14
4418.75 1.1305e-14
4421.75 1.1131e-14
4424.74 1.1083e-14
4427.74 1.101e-14
4430.73 1.0852e-14
4433.73 1.082e-14
4436.72 1.0794e-14
4439.72 1.0752e-14
4442.72 1.0649e-14
4445.71 1.0629e-14
4448.71 1.0623e-14
4451.70 1.0854e-14
4454.70 1.0919e-14
4457.69 1.0788e-14
4460.69 1.0905e-14
4463.68 1.124e-14
4466.68 1.1234e-14
4469.67 1.1362e-14
4472.67 1.1483e-14
4475.66 1.176e-14
4478.66 1.2127e-14
4481.66 1.2176e-14
4484.65 1.2119e-14
4487.65 1.2237e-14
4490.64 1.2463e-14
4493.64 1.2962e-14
4496.63 1.3425e-14
4499.63 1.3865e-14
4502.62 1.4239e-14
4505.62 1.4585e-14
4508.61 1.485e-14
4511.61 1.5084e-14
4514.60 1.5422e-14
4517.60 1.571e-14
4520.59 1.5943e-14
4523.59 1.6496e-14
4526.59 1.6834e-14
4529.58 1.7355e-14
4532.58 1.7781e-14
4535.57 1.7819e-14
4538.57 1.8062e-14
4541.56 1.822e-14
4544.56 1.8664e-14
4547.55 1.913e-14
4550.55 1.9452e-14
4553.54 1.9746e-14
4556.54 2.0115e-14
4559.53 2.0457e-14
4562.53 2.0903e-14
4565.52 2.1277e-14
4568.52 2.1764e-14
4571.52 2.2549e-14
4574.51 2.3175e-14
4577.51 2.3627e-14
4580.50 2.416e-14
4583.50 2.4646e-14
4586.49 2.4937e-14
4589.49 2.4944e-14
4592.48 2.5324e-14
4595.48 2.5632e-14
4598.47 2.5811e-14
4601.47 2.6184e-14
4604.46 2.6355e-14
4607.46 2.6631e-14
4610.45 2.7135e-14
4613.45 2.7201e-14
4616.45 2.7185e-14
4619.44 2.7062e-14
4622.44 2.6826e-14
4625.43 2.6706e-14
4628.43 2.6581e-14
4631.42 2.6507e-14
4634.42 2.69e-14
4637.41 2.6744e-14
4640.41 2.6373e-14
4643.40 2.5922e-14
4646.40 2.5047e-14
4649.39 2.4565e-14
4652.39 2.4202e-14
4655.38 2.3446e-14
4658.38 2.2455e-14
4661.38 2.1563e-14
4664.37 2.0877e-14
4667.37 2.0273e-14
4670.36 1.9383e-14
4673.36 1.8343e-14
4676.35 1.7577e-14
4679.35 1.706e-14
4682.34 1.664e-14
4685.34 1.6441e-14
4688.33 1.6494e-14
4691.33 1.6541e-14
4694.32 1.6688e-14
4697.32 1.7061e-14
4700.32 1.7632e-14
4703.31 1.8121e-14
4706.31 1.879e-14
4709.30 1.9419e-14
4712.30 1.9974e-14
4715.29 2.033e-14
4718.29 2.053e-14
4721.28 2.065e-14
4724.28 2.0775e-14
4727.27 2.1188e-14
4730.27 2.1246e-14
4733.26 2.1432e-14
4736.26 2.1577e-14
4739.25 2.1073e-14
4742.25 2.0996e-14
4745.25 2.0798e-14
4748.24 2.0647e-14
4751.24 2.0637e-14
4754.23 2.0388e-14
4757.23 2.0455e-14
4760.22 2.0472e-14
4763.22 2.0316e-14
4766.21 2.0382e-14
4769.21 2.0395e-14
4772.20 2.0187e-14
4775.20 2.0003e-14
4778.19 1.9977e-14
4781.19 1.9949e-14
4784.18 1.9879e-14
4787.18 1.9512e-14
4790.18 1.9054e-14
4793.17 1.8771e-14
4796.17 1.8567e-14
4799.16 1.8362e-14
4802.16 1.8226e-14
4805.15 1.7933e-14
4808.15 1.7622e-14
4811.14 1.7447e-14
4814.14 1.7426e-14
4817.13 1.7474e-14
4820.13 1.7456e-14
4823.12 1.7617e-14
4826.12 1.7896e-14
4829.11 1.8087e-14
4832.11 1.8515e-14
4835.11 1.8932e-14
4838.10 1.9119e-14
4841.10 1.9166e-14
4844.09 1.9371e-14
4847.09 1.9833e-14
4850.08 2.0328e-14
4853.08 2.0958e-14
4856.07 2.1099e-14
4859.07 2.0975e-14
4862.06 2.1059e-14
4865.06 2.1162e-14
4868.05 2.1402e-14
4871.05 2.1316e-14
4874.05 2.0982e-14
4877.04 2.0698e-14
4880.04 2.0492e-14
4883.03 2.025e-14
4886.03 1.9826e-14
4889.02 1.9307e-14
4892.02 1.9047e-14
4895.01 1.8995e-14
4898.01 1.9095e-14
4901.00 1.8836e-14
4904.00 1.8604e-14
4906.99 1.8536e-14
4909.99 1.8466e-14
4912.98 1.8661e-14
4915.98 1.9005e-14
4918.98 1.8997e-14
4921.97 1.9042e-14
4924.97 1.9513e-14
4927.96 1.999e-14
4930.96 2.022e-14
4933.95 2.0681e-14
4936.95 2.1126e-14
4939.94 2.1679e-14
4942.94 2.222e-14
4945.93 2.2846e-14
4948.93 2.3186e-14
4951.92 2.3612e-14
4954.92 2.4215e-14
4957.91 2.4679e-14
4960.91 2.5763e-14
4963.91 2.6541e-14
4966.90 2.721e-14
4969.90 2.753e-14
4972.89 2.7713e-14
4975.89 2.8239e-14
4978.88 2.8744e-14
4981.88 2.9155e-14
4984.87 2.9052e-14
4987.87 2.895e-14
4990.86 2.892e-14
4993.86 2.9114e-14
4996.85 2.9064e-14
4999.85 2.8534e-14
5002.84 2.814e-14
5005.84 2.7477e-14
5008.84 2.6655e-14
5011.83 2.5751e-14
5014.83 2.5055e-14
5017.82 2.415e-14
5020.82 2.3404e-14
5023.81 2.2349e-14
5026.81 2.143e-14
5029.80 2.0514e-14
5032.80 1.9722e-14
5035.79 1.8959e-14
5038.79 1.8056e-14
5041.78 1.7361e-14
5044.78 1.6906e-14
5047.77 1.6506e-14
5050.77 1.6182e-14
5053.77 1.5832e-14
5056.76 1.5789e-14
5059.76 1.5549e-14
5062.75 1.5297e-14
5065.75 1.5257e-14
5068.74 1.5135e-14
5071.74 1.5078e-14
5074.73 1.4978e-14
5077.73 1.5106e-14
5080.72 1.5408e-14
5083.72 1.5536e-14
5086.71 1.5531e-14
5089.71 1.5734e-14
5092.71 1.6164e-14
5095.70 1.632e-14
5098.70 1.6585e-14
5101.69 1.6907e-14
5104.69 1.699e-14
5107.68 1.7044e-14
5110.68 1.719e-14
5113.67 1.7492e-14
5116.67 1.7861e-14
5119.66 1.8036e-14
5122.66 1.8165e-14
5125.65 1.8302e-14
5128.65 1.8443e-14
5131.64 1.8468e-14
5134.64 1.8393e-14
5137.64 1.8457e-14
5140.63 1.8548e-14
5143.63 1.8587e-14
5146.62 1.8532e-14
5149.62 1.8445e-14
5152.61 1.8279e-14
5155.61 1.824e-14
5158.60 1.8341e-14
5161.60 1.8262e-14
5164.59 1.8234e-14
5167.59 1.8416e-14
5170.58 1.8421e-14
5173.58 1.8172e-14
5176.57 1.7935e-14
5179.57 1.7861e-14
5182.57 1.7937e-14
5185.56 1.7937e-14
5188.56 1.7798e-14
5191.55 1.7631e-14
5194.55 1.7505e-14
5197.54 1.737e-14
5200.54 1.7476e-14
5203.53 1.7579e-14
5206.53 1.7331e-14
5209.52 1.7361e-14
5212.52 1.7487e-14
5215.51 1.757e-14
5218.51 1.7699e-14
5221.50 1.7638e-14
5224.50 1.7707e-14
5227.50 1.8001e-14
5230.49 1.8209e-14
5233.49 1.8441e-14
5236.48 1.8761e-14
5239.48 1.9127e-14
5242.47 1.9328e-14
5245.47 1.9569e-14
5248.46 1.9865e-14
5251.46 2.0057e-14
5254.45 2.049e-14
5257.45 2.0936e-14
5260.44 2.1354e-14
5263.44 2.1987e-14
5266.44 2.2334e-14
5269.43 2.2432e-14
5272.43 2.2761e-14
5275.42 2.3118e-14
5278.42 2.3469e-14
5281.41 2.3785e-14
5284.41 2.4187e-14
5287.40 2.4622e-14
5290.40 2.4965e-14
5293.39 2.5402e-14
5296.39 2.5722e-14
5299.38 2.588e-14
5302.38 2.6355e-14
5305.37 2.6789e-14
5308.37 2.721e-14
5311.37 2.7661e-14
5314.36 2.8084e-14
5317.36 2.8441e-14
5320.35 2.8744e-14
5323.35 2.9097e-14
5326.34 2.9372e-14
5329.34 2.953e-14
5332.33 2.9734e-14
5335.33 2.9795e-14
5338.32 2.9766e-14
5341.32 3.0098e-14
5344.31 3.0376e-14
5347.31 3.036e-14
5350.30 3.0448e-14
5353.30 3.0665e-14
5356.30 3.0768e-14
5359.29 3.0581e-14
5362.29 3.0574e-14
5365.28 3.0821e-14
5368.28 3.1078e-14
5371.27 3.1008e-14
5374.27 3.0844e-14
5377.26 3.0982e-14
5380.26 3.1168e-14
5383.25 3.0984e-14
5386.25 3.0996e-14
5389.24 3.0974e-14
5392.24 3.0626e-14
5395.23 3.0503e-14
5398.23 3.0752e-14
5401.23 3.0677e-14
5404.22 3.029e-14
5407.22 3.012e-14
5410.21 3.0062e-14
5413.21 3.0028e-14
5416.20 2.9858e-14
5419.20 2.9781e-14
5422.19 2.9589e-14
5425.19 2.9294e-14
5428.18 2.9115e-14
5431.18 2.9001e-14
5434.17 2.9092e-14
5437.17 2.8989e-14
5440.16 2.892e-14
5443.16 2.8971e-14
5446.16 2.882e-14
5449.15 2.863e-14
5452.15 2.8583e-14
5455.14 2.8617e-14
5458.14 2.8607e-14
5461.13 2.8741e-14
5464.13 2.9061e-14
5467.12 2.9426e-14
5470.12 2.9689e-14
5473.11 2.9875e-14
5476.11 3.0264e-14
5479.10 3.0453e-14
5482.10 3.0636e-14
5485.10 3.1049e-14
5488.09 3.1466e-14
5491.09 3.1717e-14
5494.08 3.187e-14
5497.08 3.2327e-14
5500.07 3.2602e-14
5503.07 3.2794e-14
5506.06 3.3026e-14
5509.06 3.3131e-14
5512.05 3.3423e-14
5515.05 3.3429e-14
5518.04 3.3307e-14
5521.04 3.3436e-14
5524.03 3.338e-14
5527.03 3.3169e-14
5530.03 3.314e-14
5533.02 3.2948e-14
5536.02 3.2713e-14
5539.01 3.2564e-14
5542.01 3.2506e-14
5545.00 3.2382e-14
5548.00 3.219e-14
5550.99 3.2131e-14
5553.99 3.1783e-14
5556.98 3.1512e-14
5559.98 3.175e-14
5562.97 3.1769e-14
5565.97 3.1569e-14
5568.96 3.1238e-14
5571.96 3.1094e-14
5574.96 3.1317e-14
5577.95 3.1386e-14
5580.95 3.1282e-14
5583.94 3.1054e-14
5586.94 3.0796e-14
5589.93 3.0845e-14
5592.93 3.0835e-14
5595.92 3.0709e-14
5598.92 3.054e-14
5601.91 3.0323e-14
5604.91 3.0181e-14
5607.90 3.0265e-14
5610.90 3.0171e-14
5613.89 3.0169e-14
5616.89 3.052e-14
5619.89 3.0899e-14
5622.88 3.0629e-14
5625.88 3.0749e-14
5628.87 3.131e-14
5631.87 3.134e-14
5634.86 3.1131e-14
5637.86 3.1099e-14
5640.85 3.1125e-14
5643.85 3.1073e-14
5646.84 3.1022e-14
5649.84 3.0917e-14
5652.83 3.0564e-14
5655.83 3.0314e-14
5658.83 3.0242e-14
5661.82 2.9977e-14
5664.82 2.9619e-14
5667.81 2.9104e-14
5670.81 2.8454e-14
5673.80 2.7701e-14
5676.80 2.6669e-14
5679.79 2.5906e-14
5682.79 2.5086e-14
5685.78 2.4e-14
5688.78 2.2898e-14
5691.77 2.2122e-14
5694.77 2.1186e-14
5697.76 2.0211e-14
5700.76 1.9519e-14
5703.76 1.9026e-14
5706.75 1.8356e-14
5709.75 1.7601e-14
5712.74 1.7003e-14
5715.74 1.6613e-14
5718.73 1.6278e-14
5721.73 1.591e-14
5724.72 1.5688e-14
5727.72 1.5531e-14
5730.71 1.5331e-14
5733.71 1.5286e-14
5736.70 1.5454e-14
5739.70 1.5603e-14
5742.69 1.5525e-14
5745.69 1.5619e-14
5748.69 1.6142e-14
5751.68 1.6741e-14
5754.68 1.6939e-14
5757.67 1.7155e-14
5760.67 1.7591e-14
5763.66 1.7965e-14
5766.66 1.8295e-14
5769.65 1.873e-14
5772.65 1.9191e-14
5775.64 1.9743e-14
5778.64 2.0278e-14
5781.63 2.054e-14
5784.63 2.0754e-14
5787.62 2.1224e-14
5790.62 2.195e-14
5793.62 2.2452e-14
5796.61 2.2854e-14
5799.61 2.3511e-14
5802.60 2.4101e-14
5805.60 2.4559e-14
5808.59 2.5131e-14
5811.59 2.5679e-14
5814.58 2.6042e-14
5817.58 2.6506e-14
5820.57 2.7204e-14
5823.57 2.7696e-14
5826.56 2.8206e-14
5829.56 2.8624e-14
5832.56 2.8904e-14
5835.55 2.9104e-14
5838.55 2.9238e-14
5841.54 2.9524e-14
5844.54 2.9678e-14
5847.53 2.9766e-14
5850.53 3.0184e-14
5853.52 3.0862e-14
5856.52 3.1356e-14
5859.51 3.1698e-14
5862.51 3.2084e-14
5865.50 3.2491e-14
5868.50 3.2954e-14
5871.49 3.3088e-14
5874.49 3.2994e-14
5877.49 3.3186e-14
5880.48 3.3226e-14
5883.48 3.3019e-14
5886.47 3.291e-14
5889.47 3.2841e-14
5892.46 3.2575e-14
5895.46 3.2448e-14
5898.45 3.248e-14
5901.45 3.2624e-14
5904.44 3.2824e-14
5907.44 3.3124e-14
5910.43 3.314e-14
5913.43 3.2919e-14
5916.42 3.29e-14
5919.42 3.2837e-14
5922.42 3.2914e-14
5925.41 3.2907e-14
5928.41 3.288e-14
5931.40 3.2913e-14
5934.40 3.2709e-14
5937.39 3.2548e-14
5940.39 3.2512e-14
5943.38 3.2467e-14
5946.38 3.2565e-14
5949.37 3.2802e-14
5952.37 3.2858e-14
5955.36 3.279e-14
5958.36 3.2804e-14
5961.35 3.2674e-14
5964.35 3.252e-14
5967.35 3.2506e-14
5970.34 3.2563e-14
5973.34 3.2614e-14
5976.33 3.2702e-14
5979.33 3.2238e-14
5982.32 3.1874e-14
5985.32 3.1782e-14
5988.31 3.1506e-14
5991.31 3.1142e-14
5994.30 3.0885e-14
5997.30 3.0591e-14
6000.29 3.0403e-14
6003.29 3.021e-14
6006.28 2.977e-14
6009.28 2.9542e-14
6012.28 2.9497e-14
6015.27 2.9176e-14
6018.27 2.8808e-14
6021.26 2.8483e-14
6024.26 2.8086e-14
6027.25 2.7863e-14
6030.25 2.7802e-14
6033.24 2.7514e-14
6036.24 2.7177e-14
6039.23 2.6931e-14
6042.23 2.6715e-14
6045.22 2.6372e-14
6048.22 2.6126e-14
6051.22 2.593e-14
6054.21 2.5704e-14
6057.21 2.5467e-14
6060.20 2.5273e-14
6063.20 2.5133e-14
6066.19 2.5043e-14
6069.19 2.4922e-14
6072.18 2.4888e-14
6075.18 2.4877e-14
6078.17 2.481e-14
6081.17 2.4831e-14
6084.16 2.4868e-14
6087.16 2.4741e-14
6090.15 2.473e-14
6093.15 2.4853e-14
6096.15 2.4959e-14
6099.14 2.4976e-14
6102.14 2.5057e-14
6105.13 2.5075e-14
6108.13 2.4955e-14
6111.12 2.4783e-14
6114.12 2.4594e-14
6117.11 2.4458e-14
6120.11 2.4326e-14
6123.10 2.4139e-14
6126.10 2.3956e-14
6129.09 2.3763e-14
6132.09 2.3636e-14
6135.08 2.3572e-14
6138.08 2.347e-14
6141.08 2.3307e-14
6144.07 2.3219e-14
6147.07 2.3053e-14
6150.06 2.2852e-14
6153.06 2.2708e-14
6156.05 2.2504e-14
6159.05 2.2412e-14
6162.04 2.2414e-14
6165.04 2.2234e-14
6168.03 2.2032e-14
6171.03 2.2049e-14
6174.02 2.2211e-14
6177.02 2.2265e-14
6180.01 2.2304e-14
6183.01 2.2448e-14
6186.01 2.2654e-14
6189.00 2.2787e-14
6192.00 2.2696e-14
6194.99 2.2716e-14
6197.99 2.2817e-14
6200.98 2.2837e-14
6203.98 2.2699e-14
6206.97 2.2454e-14
6209.97 2.214e-14
6212.96 2.1899e-14
6215.96 2.1559e-14
6218.95 2.1209e-14
6221.95 2.088e-14
6224.95 2.046e-14
6227.94 2.0013e-14
6230.94 1.9511e-14
6233.93 1.8859e-14
6236.93 1.8192e-14
6239.92 1.7565e-14
6242.92 1.6945e-14
6245.91 1.6229e-14
6248.91 1.5423e-14
6251.90 1.4713e-14
6254.90 1.3953e-14
6257.89 1.3123e-14
6260.89 1.2413e-14
6263.88 1.1786e-14
6266.88 1.1154e-14
6269.88 1.0509e-14
6272.87 9.7937e-15
6275.87 9.1706e-15
6278.86 8.834e-15
6281.86 8.5584e-15
6284.85 8.1987e-15
6287.85 7.8828e-15
6290.84 7.6315e-15
6293.84 7.3911e-15
6296.83 7.2198e-15
6299.83 7.096e-15
6302.82 6.9347e-15
6305.82 6.7905e-15
6308.81 6.7399e-15
6311.81 6.7159e-15
6314.81 6.681e-15
6317.80 6.7154e-15
6320.80 6.7807e-15
6323.79 6.9134e-15
6326.79 7.1974e-15
6329.78 7.5672e-15
6332.78 7.9477e-15
6335.77 8.3264e-15
6338.77 8.7887e-15
6341.76 9.3297e-15
6344.76 9.9548e-15
6347.75 1.0635e-14
6350.75 1.1319e-14
6353.74 1.1984e-14
6356.74 1.2614e-14
6359.74 1.3224e-14
6362.73 1.381e-14
6365.73 1.4454e-14
6368.72 1.5065e-14
6371.72 1.5673e-14
6374.71 1.6373e-14
6377.71 1.6995e-14
6380.70 1.7696e-14
6383.70 1.8449e-14
6386.69 1.9074e-14
6389.69 1.976e-14
6392.68 2.0532e-14
6395.68 2.127e-14
6398.67 2.1935e-14
6401.67 2.2531e-14
6404.67 2.3107e-14
6407.66 2.3712e-14
6410.66 2.4284e-14
6413.65 2.4765e-14
6416.65 2.5222e-14
6419.64 2.5922e-14
6422.64 2.6552e-14
6425.63 2.7026e-14
6428.63 2.7533e-14
6431.62 2.8133e-14
6434.62 2.8692e-14
6437.61 2.9182e-14
6440.61 2.9651e-14
6443.61 3.0044e-14
6446.60 3.0409e-14
6449.60 3.084e-14
6452.59 3.1206e-14
6455.59 3.1473e-14
6458.58 3.1627e-14
6461.58 3.1778e-14
6464.57 3.1856e-14
6467.57 3.1938e-14
6470.56 3.2086e-14
6473.56 3.2332e-14
6476.55 3.259e-14
6479.55 3.26e-14
6482.54 3.2602e-14
6485.54 3.2661e-14
6488.54 3.2558e-14
6491.53 3.2496e-14
6494.53 3.2429e-14
6497.52 3.2297e-14
6500.52 3.2234e-14
6503.51 3.2144e-14
6506.51 3.1938e-14
6509.50 3.1539e-14
6512.50 3.1307e-14
6515.49 3.1191e-14
6518.49 3.1174e-14
6521.48 3.1083e-14
6524.48 3.0906e-14
6527.47 3.0908e-14
6530.47 3.09e-14
6533.47 3.0769e-14
6536.46 3.0816e-14
6539.46 3.0972e-14
6542.45 3.1026e-14
6545.45 3.1196e-14
6548.44 3.1405e-14
6551.44 3.1586e-14
6554.43 3.1758e-14
6557.43 3.1907e-14
6560.42 3.2026e-14
6563.42 3.2297e-14
6566.41 3.2641e-14
6569.41 3.2717e-14
6572.40 3.2809e-14
6575.40 3.2919e-14
6578.40 3.3084e-14
6581.39 3.3204e-14
6584.39 3.3481e-14
6587.38 3.4013e-14
6590.38 3.4403e-14
6593.37 3.4543e-14
6596.37 3.4748e-14
6599.36 3.4953e-14
6602.36 3.4981e-14
6605.35 3.5082e-14
6608.35 3.5341e-14
6611.34 3.5569e-14
6614.34 3.5711e-14
6617.34 3.5909e-14
6620.33 3.6052e-14
6623.33 3.6159e-14
6626.32 3.6146e-14
6629.32 3.611e-14
6632.31 3.5989e-14
6635.31 3.5939e-14
6638.30 3.5991e-14
6641.30 3.5864e-14
6644.29 3.5916e-14
6647.29 3.5958e-14
6650.28 3.5746e-14
6653.28 3.5556e-14
6656.27 3.5491e-14
6659.27 3.5433e-14
6662.27 3.528e-14
6665.26 3.5208e-14
6668.26 3.5359e-14
6671.25 3.5836e-14
6674.25 3.6099e-14
6677.24 3.5954e-14
6680.24 3.5916e-14
6683.23 3.5881e-14
6686.23 3.5562e-14
6689.22 3.5464e-14
6692.22 3.5583e-14
6695.21 3.5588e-14
6698.21 3.544e-14
6701.20 3.5317e-14
6704.20 3.5158e-14
6707.20 3.4988e-14
6710.19 3.4781e-14
6713.19 3.4443e-14
6716.18 3.4272e-14
6719.18 3.4324e-14
6722.17 3.4392e-14
6725.17 3.4363e-14
6728.16 3.4012e-14
6731.16 3.3592e-14
6734.15 3.3287e-14
6737.15 3.3084e-14
6740.14 3.3111e-14
6743.14 3.3046e-14
6746.13 3.2936e-14
6749.13 3.2873e-14
6752.13 3.2815e-14
6755.12 3.2558e-14
6758.12 3.2251e-14
6761.11 3.1832e-14
6764.11 3.1555e-14
6767.10 3.1478e-14
6770.10 3.135e-14
6773.09 3.103e-14
6776.09 3.1005e-14
6779.08 3.106e-14
6782.08 3.0777e-14
6785.07 3.041e-14
6788.07 3.0166e-14
6791.06 3.0072e-14
6794.06 2.9778e-14
6797.06 2.9496e-14
6800.05 2.9287e-14
6803.05 2.9152e-14
6806.04 2.9127e-14
6809.04 2.8838e-14
6812.03 2.836e-14
6815.03 2.7972e-14
6818.02 2.7638e-14
6821.02 2.7459e-14
6824.01 2.7318e-14
6827.01 2.7077e-14
6830.00 2.6783e-14
6833.00 2.6655e-14
6836.00 2.647e-14
6838.99 2.6023e-14
6841.99 2.5824e-14
6844.98 2.5627e-14
6847.98 2.4986e-14
6850.97 2.4436e-14
6853.97 2.4166e-14
6856.96 2.3576e-14
6859.96 2.2875e-14
6862.95 2.2883e-14
6865.95 2.3031e-14
6868.94 2.2875e-14
6871.94 2.2787e-14
6874.93 2.2493e-14
6877.93 2.2101e-14
6880.93 2.1638e-14
6883.92 2.1198e-14
6886.92 2.0922e-14
6889.91 2.0848e-14
6892.91 2.0868e-14
6895.90 2.0986e-14
6898.90 2.1158e-14
6901.89 2.1389e-14
6904.89 2.1565e-14
6907.88 2.1415e-14
6910.88 2.102e-14
6913.87 2.0712e-14
6916.87 2.0639e-14
6919.86 2.0781e-14
6922.86 2.108e-14
6925.86 2.1508e-14
6928.85 2.1981e-14
6931.85 2.2357e-14
6934.84 2.2733e-14
6937.84 2.2931e-14
6940.83 2.2798e-14
6943.83 2.2524e-14
6946.82 2.2322e-14
6949.82 2.2308e-14
6952.81 2.2459e-14
6955.81 2.2642e-14
6958.80 2.2819e-14
6961.80 2.29e-14
6964.79 2.2882e-14
6967.79 2.2859e-14
6970.79 2.2896e-14
6973.78 2.3007e-14
6976.78 2.3063e-14
6979.77 2.3176e-14
6982.77 2.3274e-14
6985.76 2.3082e-14
6988.76 2.2992e-14
6991.75 2.3115e-14
6994.75 2.3282e-14
6997.74 2.3608e-14
7000.74 2.3778e-14
7003.73 2.3898e-14
7006.73 2.3986e-14
7009.73 2.3978e-14
7012.72 2.3802e-14
7015.72 2.3679e-14
7018.71 2.3643e-14
7021.71 2.3588e-14
7024.70 2.3597e-14
7027.70 2.3632e-14
7030.69 2.3666e-14
7033.69 2.3797e-14
7036.68 2.3972e-14
7039.68 2.4124e-14
7042.67 2.4016e-14
7045.67 2.3668e-14
7048.66 2.3638e-14
7051.66 2.3919e-14
7054.66 2.3961e-14
7057.65 2.4064e-14
7060.65 2.4242e-14
7063.64 2.4328e-14
7066.64 2.4372e-14
7069.63 2.4315e-14
7072.63 2.4171e-14
7075.62 2.4108e-14
7078.62 2.4033e-14
7081.61 2.4081e-14
7084.61 2.4138e-14
7087.60 2.4029e-14
7090.60 2.3988e-14
7093.59 2.3993e-14
7096.59 2.3928e-14
7099.59 2.3737e-14
7102.58 2.3384e-14
7105.58 2.3134e-14
7108.57 2.2977e-14
7111.57 2.3039e-14
7114.56 2.3152e-14
7117.56 2.3248e-14
7120.55 2.3329e-14
7123.55 2.3132e-14
7126.54 2.2772e-14
7129.54 2.2565e-14
7132.53 2.2706e-14
7135.53 2.2838e-14
7138.52 2.2804e-14
7141.52 2.2466e-14
7144.52 2.223e-14
7147.51 2.2281e-14
7150.51 2.227e-14
7153.50 2.224e-14
7156.50 2.2154e-14
7159.49 2.2014e-14
7162.49 2.2185e-14
7165.48 2.2609e-14
7168.48 2.2749e-14
7171.47 2.2312e-14
7174.47 2.1767e-14
7177.46 2.1418e-14
7180.46 2.124e-14
7183.45 2.0916e-14
7186.45 2.0553e-14
7189.45 2.0514e-14
7192.44 2.0752e-14
7195.44 2.1036e-14
7198.43 2.1259e-14
7201.43 2.1349e-14
7204.42 2.1291e-14
7207.42 2.0947e-14
7210.41 2.0503e-14
7213.41 2.038e-14
7216.40 2.0564e-14
7219.40 2.0697e-14
7222.39 2.0609e-14
7225.39 2.0604e-14
7228.39 2.0643e-14
7231.38 2.0892e-14
7234.38 2.1275e-14
7237.37 2.145e-14
7240.37 2.1405e-14
7243.36 2.1428e-14
7246.36 2.1319e-14
7249.35 2.1086e-14
7252.35 2.0873e-14
7255.34 2.0877e-14
7258.34 2.0953e-14
7261.33 2.1002e-14
7264.33 2.0977e-14
7267.32 2.0867e-14
7270.32 2.0683e-14
7273.32 2.0675e-14
7276.31 2.1012e-14
7279.31 2.1342e-14
7282.30 2.1534e-14
7285.30 2.1678e-14
7288.29 2.1797e-14
7291.29 2.1951e-14
7294.28 2.184e-14
7297.28 2.1497e-14
7300.27 2.1346e-14
7303.27 2.1364e-14
7306.26 2.1273e-14
7309.26 2.1218e-14
7312.25 2.1416e-14
7315.25 2.1738e-14
7318.25 2.1902e-14
7321.24 2.1775e-14
7324.24 2.1521e-14
7327.23 2.1211e-14
7330.23 2.0945e-14
7333.22 2.0837e-14
7336.22 2.0717e-14
7339.21 2.0562e-14
7342.21 2.0473e-14
7345.20 2.0379e-14
7348.20 2.0414e-14
7351.19 2.0533e-14
7354.19 2.0525e-14
7357.18 2.048e-14
7360.18 2.0439e-14
7363.18 2.026e-14
7366.17 2.0056e-14
7369.17 1.9847e-14
7372.16 1.967e-14
7375.16 1.9802e-14
7378.15 2.0042e-14
7381.15 2.0156e-14
7384.14 2.019e-14
7387.14 2.0224e-14
7390.13 2.0332e-14
7393.13 2.0371e-14
7396.12 2.0207e-14
7399.12 2.0038e-14
7402.12 1.9957e-14
7405.11 1.9934e-14
7408.11 2.0078e-14
7411.10 2.0315e-14
7414.10 2.0482e-14
7417.09 2.0644e-14
7420.09 2.0789e-14
7423.08 2.0941e-14
7426.08 2.084e-14
7429.07 2.0461e-14
7432.07 2.0335e-14
7435.06 2.0465e-14
7438.06 2.0723e-14
7441.05 2.0994e-14
7444.05 2.1251e-14
7447.05 2.1452e-14
7450.04 2.1554e-14
7453.04 2.1707e-14
7456.03 2.1831e-14
7459.03 2.1828e-14
7462.02 2.1843e-14
7465.02 2.1804e-14
7468.01 2.1724e-14
7471.01 2.1657e-14
7474.00 2.1616e-14
7477.00 2.183e-14
7479.99 2.2117e-14
7482.99 2.2263e-14
7485.98 2.2304e-14
7488.98 2.2294e-14
7491.98 2.2217e-14
7494.97 2.2024e-14
7497.97 2.1766e-14
7500.96 2.1506e-14
7503.96 2.1281e-14
7506.95 2.1006e-14
7509.95 2.0691e-14
7512.94 2.0594e-14
7515.94 2.0825e-14
7518.93 2.1041e-14
7521.93 2.1031e-14
7524.92 2.091e-14
7527.92 2.0611e-14
7530.91 2.0172e-14
7533.91 1.9778e-14
7536.91 1.9513e-14
7539.90 1.9333e-14
7542.90 1.9126e-14
7545.89 1.899e-14
7548.89 1.8784e-14
7551.88 1.8597e-14
7554.88 1.8581e-14
7557.87 1.8335e-14
7560.87 1.7861e-14
7563.86 1.7439e-14
7566.86 1.7125e-14
7569.85 1.6852e-14
7572.85 1.6661e-14
7575.85 1.6572e-14
7578.84 1.6424e-14
7581.84 1.6041e-14
7584.83 1.5464e-14
7587.83 1.5105e-14
7590.82 1.5311e-14
7593.82 1.58e-14
7596.81 1.6259e-14
7599.81 1.6247e-14
7602.80 1.5777e-14
7605.80 1.5501e-14
7608.79 1.4558e-14
7611.79 1.3557e-14
7614.78 1.3326e-14
7617.78 1.3488e-14
7620.78 1.3717e-14
7623.77 1.3998e-14
7626.77 1.4156e-14
7629.76 1.431e-14
7632.76 1.4629e-14
7635.75 1.4837e-14
7638.75 1.4854e-14
7641.74 1.4764e-14
7644.74 1.4653e-14
7647.73 1.4724e-14
7650.73 1.4773e-14
7653.72 1.461e-14
7656.72 1.4382e-14
7659.71 1.4378e-14
7662.71 1.4658e-14
7665.71 1.4894e-14
7668.70 1.5227e-14
7671.70 1.5746e-14
7674.69 1.6042e-14
7677.69 1.6263e-14
7680.68 1.6783e-14
7683.68 1.7439e-14
7686.67 1.7716e-14
7689.67 1.7166e-14
7692.66 1.6511e-14
7695.66 1.656e-14
7698.65 1.6899e-14
7701.65 1.7201e-14
7704.64 1.7662e-14
7707.64 1.8167e-14
7710.64 1.856e-14
7713.63 1.8752e-14
7716.63 1.8726e-14
7719.62 1.8547e-14
7722.62 1.82e-14
7725.61 1.8009e-14
7728.61 1.7815e-14
7731.60 1.7696e-14
7734.60 1.7838e-14
7737.59 1.7931e-14
7740.59 1.8002e-14
7743.58 1.8271e-14
7746.58 1.8507e-14
7749.57 1.8681e-14
7752.57 1.8918e-14
7755.57 1.8998e-14
7758.56 1.8805e-14
7761.56 1.8458e-14
7764.55 1.8108e-14
7767.55 1.7826e-14
7770.54 1.744e-14
7773.54 1.707e-14
7776.53 1.7032e-14
7779.53 1.6883e-14
7782.52 1.6628e-14
7785.52 1.6751e-14
7788.51 1.7055e-14
7791.51 1.7359e-14
7794.51 1.7797e-14
7797.50 1.8117e-14
7800.50 1.8234e-14
7803.49 1.8137e-14
7806.49 1.7983e-14
7809.48 1.7796e-14
7812.48 1.7553e-14
7815.47 1.7176e-14
7818.47 1.6877e-14
7821.46 1.6834e-14
7824.46 1.6932e-14
7827.45 1.7112e-14
7830.45 1.7263e-14
7833.44 1.7351e-14
7836.44 1.7395e-14
7839.44 1.7241e-14
7842.43 1.7337e-14
7845.43 1.8035e-14
7848.42 1.8831e-14
7851.42 1.9168e-14
7854.41 1.8985e-14
7857.41 1.8547e-14
7860.40 1.806e-14
7863.40 1.7973e-14
7866.39 1.8206e-14
7869.39 1.8485e-14
7872.38 1.8654e-14
7875.38 1.8819e-14
7878.37 1.911e-14
7881.37 1.9343e-14
7884.37 1.9379e-14
7887.36 1.9257e-14
7890.36 1.9038e-14
7893.35 1.9025e-14
7896.35 1.9133e-14
7899.34 1.8781e-14
7902.34 1.8328e-14
7905.33 1.8158e-14
7908.33 1.8521e-14
7911.32 1.952e-14
7914.32 2.001e-14
7917.31 1.9696e-14
7920.31 1.8406e-14
7923.30 1.7869e-14
7926.30 1.8539e-14
7929.30 1.8924e-14
7932.29 1.8952e-14
7935.29 1.8536e-14
7938.28 1.786e-14
7941.28 1.7488e-14
7944.27 1.7323e-14
7947.27 1.7359e-14
7950.26 1.7555e-14
7953.26 1.7573e-14
7956.25 1.7547e-14
7959.25 1.765e-14
7962.24 1.7864e-14
7965.24 1.8013e-14
7968.24 1.8126e-14
7971.23 1.8243e-14
7974.23 1.8314e-14
7977.22 1.8203e-14
7980.22 1.7975e-14
7983.21 1.7572e-14
7986.21 1.7107e-14
7989.20 1.6672e-14
7992.20 1.6598e-14
7995.19 1.6929e-14
7998.19 1.7244e-14
8001.18 1.7395e-14
8004.18 1.7373e-14
8007.17 1.7127e-14
8010.17 1.6761e-14
8013.17 1.6266e-14
8016.16 1.5824e-14
8019.16 1.5678e-14
8022.15 1.5488e-14
8025.15 1.5458e-14
8028.14 1.5661e-14
8031.14 1.5805e-14
8034.13 1.5999e-14
8037.13 1.6133e-14
8040.12 1.6307e-14
8043.12 1.6599e-14
8046.11 1.6952e-14
8049.11 1.7203e-14
8052.10 1.7142e-14
8055.10 1.6924e-14
8058.10 1.6625e-14
8061.09 1.6255e-14
8064.09 1.596e-14
8067.08 1.5729e-14
8070.08 1.5547e-14
8073.07 1.5437e-14
8076.07 1.5292e-14
8079.06 1.5176e-14
8082.06 1.5192e-14
8085.05 1.5268e-14
8088.05 1.5501e-14
8091.04 1.5844e-14
8094.04 1.5966e-14
8097.03 1.5868e-14
8100.03 1.5703e-14
8103.03 1.5522e-14
8106.02 1.5432e-14
8109.02 1.5321e-14
8112.01 1.5008e-14
8115.01 1.4584e-14
8118.00 1.4165e-14
8121.00 1.3776e-14
8123.99 1.3513e-14
8126.99 1.3371e-14
8129.98 1.3218e-14
8132.98 1.3086e-14
8135.97 1.2998e-14
8138.97 1.2967e-14
8141.96 1.3148e-14
8144.96 1.3315e-14
8147.96 1.3277e-14
8150.95 1.3226e-14
8153.95 1.3168e-14
8156.94 1.3042e-14
8159.94 1.2889e-14
8162.93 1.3109e-14
8165.93 1.323e-14
8168.92 1.3098e-14
8171.92 1.2951e-14
8174.91 1.2779e-14
8177.91 1.2642e-14
8180.90 1.2571e-14
8183.90 1.2264e-14
8186.90 1.1723e-14
8189.89 1.1342e-14
8192.89 1.1169e-14
8195.88 1.1017e-14
8198.88 1.0942e-14
8201.87 1.0933e-14
8204.87 1.0805e-14
8207.86 1.0612e-14
8210.86 1.0457e-14
8213.85 1.0221e-14
8216.85 9.707e-15
8219.84 8.955e-15
8222.84 8.2315e-15
8225.83 7.6793e-15
8228.83 7.3019e-15
8231.83 7.0856e-15
8234.82 6.8417e-15
8237.82 6.5007e-15
8240.81 6.2219e-15
8243.81 5.9939e-15
8246.80 5.6849e-15
8249.80 5.3701e-15
8252.79 5.1165e-15
8255.79 4.9223e-15
8258.78 4.8205e-15
8261.78 4.7678e-15
8264.77 4.7195e-15
8267.77 4.5972e-15
8270.76 4.4245e-15
8273.76 4.3414e-15
8276.76 4.2718e-15
8279.75 4.2613e-15
8282.75 4.159e-15
8285.74 4.0927e-15
8288.74 4.0602e-15
8291.73 4.037e-15
8294.73 3.9952e-15
8297.72 3.9313e-15
8300.72 3.8999e-15
8303.71 3.8779e-15
8306.71 3.8559e-15
8309.70 3.8501e-15
8312.70 3.8134e-15
8315.69 3.7647e-15
8318.69 3.8162e-15
8321.69 3.9493e-15
8324.68 4.0856e-15
8327.68 4.2229e-15
8330.67 4.2664e-15
8333.67 4.2242e-15
8336.66 4.2039e-15
8339.66 4.2365e-15
8342.65 4.225e-15
8345.65 4.1004e-15
8348.64 4.0146e-15
8351.64 3.9474e-15
8354.63 3.9101e-15
8357.63 3.9918e-15
8360.63 4.087e-15
8363.62 4.1986e-15
8366.62 4.3253e-15
8369.61 4.3861e-15
8372.61 4.4593e-15
8375.60 4.5759e-15
8378.60 4.6775e-15
8381.59 4.7607e-15
8384.59 4.7883e-15
8387.58 4.7709e-15
8390.58 4.7591e-15
8393.57 4.8175e-15
8396.57 4.8824e-15
8399.56 4.8973e-15
8402.56 5.0871e-15
8405.56 5.3151e-15
8408.55 5.5186e-15
8411.55 5.6595e-15
8414.54 5.8987e-15
8417.54 5.9739e-15
8420.53 5.9572e-15
8423.53 5.9547e-15
8426.52 5.9638e-15
8429.52 5.9686e-15
8432.51 5.8915e-15
8435.51 5.8494e-15
8438.50 5.9149e-15
8441.50 6.0033e-15
8444.49 6.1652e-15
8447.49 6.3656e-15
8450.49 6.489e-15
8453.48 6.5175e-15
8456.48 6.5313e-15
8459.47 6.6491e-15
8462.47 6.7827e-15
8465.46 6.8577e-15
8468.46 6.8898e-15
8471.45 6.9646e-15
8474.45 6.9902e-15
8477.44 7.1241e-15
8480.44 7.3062e-15
8483.43 7.4077e-15
8486.43 7.4375e-15
8489.42 7.7261e-15
8492.42 8.6161e-15
8495.42 9.1267e-15
8498.41 8.7546e-15
8501.41 8.1343e-15
8504.40 7.7428e-15
8507.40 8.0496e-15
8510.39 9.1424e-15
8513.39 1.0433e-14
8516.38 1.0283e-14
8519.38 9.348e-15
8522.37 9.0649e-15
8525.37 9.2675e-15
8528.36 9.6924e-15
8531.36 1.0185e-14
8534.35 1.0742e-14
8537.35 1.1236e-14
8540.35 1.1493e-14
8543.34 1.1719e-14
8546.34 1.2105e-14
8549.33 1.2455e-14
8552.33 1.2711e-14
8555.32 1.3008e-14
8558.32 1.3316e-14
8561.31 1.3603e-14
8564.31 1.3896e-14
8567.30 1.4208e-14
8570.30 1.465e-14
8573.29 1.5074e-14
8576.29 1.5128e-14
8579.29 1.5094e-14
8582.28 1.5447e-14
8585.28 1.5798e-14
8588.27 1.5785e-14
8591.27 1.5601e-14
8594.26 1.5603e-14
8597.26 1.5753e-14
8600.25 1.5906e-14
8603.25 1.5846e-14
8606.24 1.5851e-14
8609.24 1.5935e-14
8612.23 1.5876e-14
8615.23 1.6229e-14
8618.22 1.6874e-14
8621.22 1.7021e-14
8624.22 1.711e-14
8627.21 1.7578e-14
8630.21 1.7804e-14
8633.20 1.7923e-14
8636.20 1.8297e-14
8639.19 1.845e-14
8642.19 1.8533e-14
8645.18 1.8701e-14
8648.18 1.888e-14
8651.17 1.9083e-14
8654.17 1.8851e-14
8657.16 1.8438e-14
8660.16 1.8296e-14
8663.15 1.8372e-14
8666.15 1.822e-14
8669.15 1.7976e-14
8672.14 1.7883e-14
8675.14 1.7942e-14
8678.13 1.8226e-14
8681.13 1.8667e-14
8684.12 1.9042e-14
8687.12 1.9267e-14
8690.11 1.9246e-14
8693.11 1.9061e-14
8696.10 1.9124e-14
8699.10 1.9314e-14
8702.09 1.9306e-14
8705.09 1.9229e-14
8708.08 1.9045e-14
8711.08 1.8865e-14
8714.08 1.9032e-14
8717.07 1.9115e-14
8720.07 1.873e-14
8723.06 1.8361e-14
8726.06 1.8031e-14
8729.05 1.7455e-14
8732.05 1.6918e-14
8735.04 1.6673e-14
8738.04 1.6859e-14
8741.03 1.7513e-14
8744.03 1.7966e-14
8747.02 1.8308e-14
8750.02 1.8501e-14
8753.02 1.8038e-14
8756.01 1.785e-14
8759.01 1.7539e-14
8762.00 1.7408e-14
8765.00 1.7595e-14
8767.99 1.7306e-14
8770.99 1.7001e-14
8773.98 1.695e-14
8776.98 1.6864e-14
8779.97 1.6692e-14
8782.97 1.6303e-14
8785.96 1.6054e-14
8788.96 1.612e-14
8791.95 1.6216e-14
8794.95 1.6131e-14
8797.95 1.5895e-14
8800.94 1.576e-14
8803.94 1.5982e-14
8806.93 1.632e-14
8809.93 1.6263e-14
8812.92 1.5897e-14
8815.92 1.5678e-14
8818.91 1.5586e-14
8821.91 1.5437e-14
8824.90 1.5263e-14
8827.90 1.5113e-14
8830.89 1.5176e-14
8833.89 1.5434e-14
8836.88 1.539e-14
8839.88 1.5216e-14
8842.88 1.5167e-14
8845.87 1.53e-14
8848.87 1.5312e-14
8851.86 1.5041e-14
8854.86 1.4721e-14
8857.85 1.4353e-14
8860.85 1.422e-14
8863.84 1.455e-14
8866.84 1.4889e-14
8869.83 1.4874e-14
8872.83 1.4611e-14
8875.82 1.4311e-14
8878.82 1.4158e-14
8881.81 1.4362e-14
8884.81 1.5069e-14
8887.81 1.5997e-14
8890.80 1.6221e-14
8893.80 1.5104e-14
8896.79 1.4045e-14
8899.79 1.4195e-14
8902.78 1.4851e-14
8905.78 1.5001e-14
8908.77 1.4423e-14
8911.77 1.3604e-14
8914.76 1.3665e-14
8917.76 1.3841e-14
8920.75 1.3253e-14
8923.75 1.1994e-14
8926.75 1.0826e-14
8929.74 1.0394e-14
8932.74 1.0073e-14
8935.73 9.487e-15
8938.73 9.4249e-15
8941.72 1.0114e-14
8944.72 1.0888e-14
8947.71 1.1655e-14
8950.71 1.226e-14
8953.70 1.1994e-14
8956.70 1.1905e-14
8959.69 1.1897e-14
8962.69 1.1726e-14
8965.68 1.1533e-14
8968.68 1.1411e-14
8971.68 1.1508e-14
8974.67 1.179e-14
8977.67 1.1822e-14
8980.66 1.1774e-14
8983.66 1.1915e-14
8986.65 1.1876e-14
8989.65 1.1773e-14
8992.64 1.204e-14
8995.64 1.2301e-14
8998.63 1.2214e-14
9001.63 1.1978e-14
9004.62 1.1704e-14
9007.62 1.1515e-14
9010.61 1.1545e-14
9013.61 1.1462e-14
9016.61 1.1323e-14
9019.60 1.1303e-14
9022.60 1.1421e-14
9025.59 1.1514e-14
9028.59 1.1419e-14
9031.58 1.1491e-14
9034.58 1.1486e-14
9037.57 1.1231e-14
9040.57 1.0865e-14
9043.56 1.0766e-14
9046.56 1.1025e-14
9049.55 1.1414e-14
9052.55 1.1652e-14
9055.54 1.1637e-14
9058.54 1.1475e-14
9061.54 1.1201e-14
9064.53 1.0926e-14
9067.53 1.0539e-14
9070.52 1.0155e-14
9073.52 9.8159e-15
9076.51 9.4968e-15
9079.51 9.3718e-15
9082.50 9.3661e-15
9085.50 9.3693e-15
9088.49 9.2903e-15
9091.49 9.112e-15
9094.48 8.9136e-15
9097.48 8.7304e-15
9100.47 8.7453e-15
9103.47 9.0332e-15
9106.47 9.365e-15
9109.46 9.6221e-15
9112.46 9.805e-15
9115.45 9.8692e-15
9118.45 9.8443e-15
9121.44 9.7654e-15
9124.44 9.6377e-15
9127.43 9.4399e-15
9130.43 9.2435e-15
9133.42 9.3149e-15
9136.42 9.4732e-15
9139.41 9.5364e-15
9142.41 9.7124e-15
9145.41 9.9331e-15
9148.40 1.0029e-14
9151.40 9.8319e-15
9154.39 9.8545e-15
9157.39 1.0121e-14
9160.38 1.0517e-14
9163.38 1.0672e-14
9166.37 1.0703e-14
9169.37 1.0754e-14
9172.36 1.0932e-14
9175.36 1.1392e-14
9178.35 1.1893e-14
9181.35 1.22e-14
9184.34 1.2305e-14
9187.34 1.2636e-14
9190.34 1.3183e-14
9193.33 1.3291e-14
9196.33 1.3446e-14
9199.32 1.3725e-14
