3865.72 1.3559e-15
3868.55 6.5541e-16
3871.39 2.7278e-16
3874.22 -3.5742e-17
3877.05 1.7885e-16
3879.89 4.0011e-16
3882.72 1.6404e-16
3885.56 1.4472e-16
3888.39 -1.0275e-16
3891.22 -7.6101e-16
3894.06 -9.681e-16
3896.89 -7.2912e-16
3899.73 -5.0696e-16
3902.56 -4.3212e-16
3905.39 -3.2623e-16
3908.23 -3.1879e-16
3911.06 -4.3541e-16
3913.90 -5.3302e-16
3916.73 -3.8963e-16
3919.57 -3.6111e-16
3922.40 -3.3288e-16
3925.23 -3.3988e-16
3928.07 -3.4688e-16
3930.90 -2.4466e-16
3933.74 -3.1366e-16
3936.57 -2.7516e-16
3939.40 -9.7482e-17
3942.24 -3.3033e-17
3945.07 -1.69e-16
3947.91 -1.188e-16
3950.74 -2.696e-16
3953.57 -6.1047e-16
3956.41 -5.9079e-16
3959.24 -4.0447e-16
3962.07 -3.9538e-16
3964.91 -1.5922e-16
3967.74 2.1173e-16
3970.58 2.7269e-16
3973.41 2.1966e-16
3976.24 1.8544e-16
3979.08 8.139e-17
3981.91 -6.792e-17
3984.75 -1.0658e-16
3987.58 -1.024e-16
3990.41 4.181e-17
3993.25 1.1882e-16
3996.08 1.5372e-16
3998.92 1.3719e-16
4001.75 1.1289e-16
4004.59 3.0238e-16
4007.42 3.5574e-16
4010.25 3.5391e-16
4013.09 3.9116e-16
4015.92 3.033e-16
4018.76 9.6617e-17
4021.59 1.7478e-16
4024.42 2.4697e-16
4027.26 2.6296e-16
4030.09 4.0971e-16
4032.93 3.317e-16
4035.76 1.3441e-16
4038.59 8.2545e-17
4041.43 1.4774e-16
4044.26 1.6966e-16
4047.09 3.0854e-16
4049.93 4.9495e-16
4052.76 4.3924e-16
4055.60 2.4634e-16
4058.43 4.0602e-16
4061.26 6.9543e-16
4064.10 6.0704e-16
4066.93 7.2954e-16
4069.77 8.1738e-16
4072.60 6.1606e-16
4075.43 3.3096e-16
4078.27 4.3542e-16
4081.10 4.4743e-16
4083.94 4.2803e-16
4086.77 4.5414e-16
4089.61 4.3839e-16
4092.44 4.0718e-16
4095.27 3.5099e-16
4098.11 4.2028e-16
4100.94 4.0944e-16
4103.77 5.4438e-16
4106.61 4.4349e-16
4109.44 3.8865e-16
4112.28 4.3614e-16
4115.11 5.573e-16
4117.94 4.5616e-16
4120.78 6.1837e-16
4123.61 8.7542e-16
4126.45 9.0537e-16
4129.28 9.076e-16
4132.11 9.9897e-16
4134.95 9.8211e-16
4137.78 8.5372e-16
4140.62 8.3522e-16
4143.45 8.8544e-16
4146.28 7.2677e-16
4149.12 6.7244e-16
4151.95 7.2963e-16
4154.79 6.1844e-16
4157.62 3.5222e-16
4160.45 3.9055e-16
4163.29 3.4285e-16
4166.12 2.5174e-16
4168.96 3.8233e-16
4171.79 5.8063e-16
4174.62 5.8216e-16
4177.46 4.781e-16
4180.29 4.4283e-16
4183.13 3.0846e-16
4185.96 2.2437e-16
4188.80 3.3636e-16
4191.63 6.7417e-16
4194.46 6.7598e-16
4197.30 7.1485e-16
4200.13 7.5689e-16
4202.97 6.9023e-16
4205.80 6.0247e-16
4208.63 7.852e-16
4211.47 8.4293e-16
4214.30 7.7464e-16
4217.14 8.4667e-16
4219.97 8.2864e-16
4222.80 6.9003e-16
4225.64 6.5505e-16
4228.47 7.03e-16
4231.31 6.776e-16
4234.14 5.7109e-16
4236.97 5.4358e-16
4239.81 5.1516e-16
4242.64 3.9801e-16
4245.48 1.5895e-16
4248.31 1.6875e-16
4251.14 1.759e-16
4253.98 2.6908e-16
4256.81 3.4688e-16
4259.65 4.9437e-16
4262.48 4.6447e-16
4265.31 4.015e-16
4268.15 3.6051e-16
4270.98 3.6171e-16
4273.81 2.7283e-16
4276.65 1.4452e-16
4279.48 1.358e-16
4282.32 -5.1681e-17
4285.15 -2.4849e-16
4287.98 -1.4876e-16
4290.82 -7.7359e-17
4293.65 -1.0575e-16
4296.49 -1.5037e-17
4299.32 1.5301e-16
4302.15 9.4053e-17
4304.99 1.323e-16
4307.82 2.5358e-16
4310.66 3.2668e-16
4313.49 3.7611e-16
4316.32 3.2874e-16
4319.16 1.7623e-16
4321.99 1.255e-16
4324.83 1.3751e-16
4327.66 6.9971e-17
4330.49 1.3285e-16
4333.33 3.3531e-16
4336.16 3.5161e-16
4339.00 3.792e-16
4341.83 5.0163e-16
4344.66 5.8965e-16
4347.50 6.2195e-16
4350.33 6.7839e-16
4353.17 6.8608e-16
4356.00 6.4517e-16
4358.84 5.7243e-16
4361.67 4.2057e-16
4364.50 3.6344e-16
4367.34 2.1644e-16
4370.17 7.8766e-17
4373.01 8.5488e-17
4375.84 1.5993e-16
4378.67 1.1748e-16
4381.51 2.3852e-16
4384.34 3.8827e-16
4387.18 4.4632e-16
4390.01 4.411e-16
4392.84 4.3012e-16
4395.68 4.7684e-16
4398.51 5.6232e-16
4401.35 5.2609e-16
4404.18 5.0466e-16
4407.01 5.8318e-16
4409.85 5.6919e-16
4412.68 5.3446e-16
4415.52 4.9462e-16
4418.35 4.9001e-16
4421.18 4.8953e-16
4424.02 3.8311e-16
4426.85 3.5659e-16
4429.69 3.7937e-16
4432.52 3.6597e-16
4435.35 3.49e-16
4438.19 4.0991e-16
4441.02 4.0226e-16
4443.85 4.779e-16
4446.69 5.862e-16
4449.52 6.2823e-16
4452.36 6.8404e-16
4455.19 6.2934e-16
4458.02 6.1382e-16
4460.86 5.4406e-16
4463.69 5.4649e-16
4466.53 5.1677e-16
4469.36 5.4104e-16
4472.19 5.0427e-16
4475.03 4.8498e-16
4477.86 4.4509e-16
4480.70 3.9744e-16
4483.53 3.2975e-16
4486.36 3.8902e-16
4489.20 4.6597e-16
4492.03 4.7039e-16
4494.87 5.0679e-16
4497.70 5.0636e-16
4500.53 3.9354e-16
4503.37 3.8901e-16
4506.20 3.8749e-16
4509.04 4.1561e-16
4511.87 5.0201e-16
4514.70 6.2483e-16
4517.54 5.9672e-16
4520.37 4.692e-16
4523.21 4.0961e-16
4526.04 4.5008e-16
4528.88 4.0871e-16
4531.71 4.5026e-16
4534.54 6.3051e-16
4537.38 6.0361e-16
4540.21 5.2519e-16
4543.05 5.1607e-16
4545.88 5.0749e-16
4548.71 4.6304e-16
4551.55 4.7944e-16
4554.38 3.6565e-16
4557.22 2.2708e-16
4560.05 2.344e-16
4562.88 2.0592e-16
4565.72 3.1862e-16
4568.55 4.9748e-16
4571.39 6.898e-16
4574.22 7.0934e-16
4577.05 6.7702e-16
4579.89 5.5067e-16
4582.72 5.9442e-16
4585.56 5.9785e-16
4588.39 5.3518e-16
4591.22 6.6154e-16
4594.06 7.3992e-16
4596.89 6.6402e-16
4599.73 5.6294e-16
4602.56 6.3021e-16
4605.39 5.8025e-16
4608.23 4.8256e-16
4611.06 3.8927e-16
4613.90 4.105e-16
4616.73 3.7864e-16
4619.56 4.2015e-16
4622.40 5.7771e-16
4625.23 6.9543e-16
4628.06 7.1075e-16
4630.90 7.7126e-16
4633.73 8.1453e-16
4636.57 7.3488e-16
4639.40 6.9502e-16
4642.23 7.6213e-16
4645.07 8.43e-16
4647.90 9.2308e-16
4650.74 1.016e-15
4653.57 1.104e-15
4656.40 1.0962e-15
4659.24 9.755e-16
4662.07 9.0169e-16
4664.91 8.8951e-16
4667.74 8.3984e-16
4670.57 8.1199e-16
4673.41 7.8203e-16
4676.24 7.0084e-16
4679.08 6.7674e-16
4681.91 6.6213e-16
4684.74 5.8807e-16
4687.58 5.087e-16
4690.41 5.0575e-16
4693.25 4.8604e-16
4696.08 4.7466e-16
4698.91 5.6864e-16
4701.75 6.8196e-16
4704.58 5.6377e-16
4707.42 4.8943e-16
4710.25 4.334e-16
4713.09 3.5511e-16
4715.92 2.8885e-16
4718.75 3.6014e-16
4721.59 4.6606e-16
4724.42 5.1826e-16
4727.26 6.0557e-16
4730.09 7.557e-16
4732.92 8.7334e-16
4735.76 8.804e-16
4738.59 9.5367e-16
4741.43 8.2694e-16
4744.26 7.6384e-16
4747.09 6.6472e-16
4749.93 6.3404e-16
4752.76 6.5924e-16
4755.60 6.847e-16
4758.43 5.1741e-16
4761.26 4.8755e-16
4764.10 4.1531e-16
4766.93 2.6407e-16
4769.77 2.9584e-16
4772.60 4.2238e-16
4775.43 5.0025e-16
4778.27 5.9694e-16
4781.10 6.8147e-16
4783.94 7.1063e-16
4786.77 7.457e-16
4789.60 7.535e-16
4792.44 7.356e-16
4795.27 7.8067e-16
4798.10 8.6671e-16
4800.94 8.7708e-16
4803.77 8.3817e-16
4806.61 7.5511e-16
4809.44 6.8474e-16
4812.27 5.7006e-16
4815.11 5.6443e-16
4817.94 6.3918e-16
4820.78 6.4863e-16
4823.61 6.6604e-16
4826.44 7.5243e-16
4829.28 7.4323e-16
4832.11 6.0832e-16
4834.95 6.0636e-16
4837.78 6.1669e-16
4840.61 5.5297e-16
4843.45 5.5636e-16
4846.28 6.2825e-16
4849.12 6.2895e-16
4851.95 6.008e-16
4854.78 6.3953e-16
4857.62 7.0523e-16
4860.45 7.4435e-16
4863.29 8.6517e-16
4866.12 8.1594e-16
4868.95 7.7401e-16
4871.79 6.9839e-16
4874.62 7.3195e-16
4877.46 6.8883e-16
4880.29 7.5788e-16
4883.12 8.4486e-16
4885.96 8.7305e-16
4888.79 8.5106e-16
4891.63 9.2442e-16
4894.46 9.9004e-16
4897.30 9.3777e-16
4900.13 9.0867e-16
4902.96 8.4815e-16
4905.80 6.8187e-16
4908.63 6.129e-16
4911.47 6.1585e-16
4914.30 6.323e-16
4917.13 6.3152e-16
4919.97 7.5115e-16
4922.80 8.5537e-16
4925.64 8.5482e-16
4928.47 8.7803e-16
4931.30 9.5041e-16
4934.14 9.2298e-16
4936.97 8.4568e-16
4939.81 8.3733e-16
4942.64 7.86e-16
4945.47 7.8389e-16
4948.31 8.651e-16
4951.14 8.7641e-16
4953.98 8.9166e-16
4956.81 9.409e-16
4959.64 9.2682e-16
4962.48 7.7428e-16
4965.31 7.2654e-16
4968.15 7.6819e-16
4970.98 7.4229e-16
4973.81 7.8906e-16
4976.65 7.7711e-16
4979.48 7.5649e-16
4982.31 6.2651e-16
4985.15 5.29e-16
4987.98 4.6388e-16
4990.82 4.9333e-16
4993.65 4.1372e-16
4996.48 3.6419e-16
4999.32 4.2796e-16
5002.15 4.0833e-16
5004.99 4.2074e-16
5007.82 5.5378e-16
5010.65 7.0295e-16
5013.49 7.4033e-16
5016.32 7.4976e-16
5019.16 7.7262e-16
5021.99 8.0449e-16
5024.82 7.8915e-16
5027.66 7.1447e-16
5030.49 6.7147e-16
5033.33 6.8177e-16
5036.16 6.4847e-16
5038.99 6.4691e-16
5041.83 7.4529e-16
5044.66 8.3159e-16
5047.50 7.8002e-16
5050.33 8.1923e-16
5053.16 8.3102e-16
5056.00 8.3733e-16
5058.83 7.7705e-16
5061.67 7.7825e-16
5064.50 6.8482e-16
5067.34 6.4609e-16
5070.17 6.6237e-16
5073.00 7.0147e-16
5075.84 7.2556e-16
5078.67 7.5726e-16
5081.51 7.7336e-16
5084.34 7.2497e-16
5087.17 7.1551e-16
5090.01 6.8679e-16
5092.84 6.8252e-16
5095.68 6.1383e-16
5098.51 5.0864e-16
5101.34 4.1525e-16
5104.18 4.0034e-16
5107.01 3.862e-16
5109.85 3.9159e-16
5112.68 4.1177e-16
5115.51 4.2805e-16
5118.35 4.2099e-16
5121.18 3.6823e-16
5124.02 3.8882e-16
5126.85 4.6346e-16
5129.68 4.9146e-16
5132.52 4.5169e-16
5135.35 4.3296e-16
5138.19 4.1728e-16
5141.02 4.016e-16
5143.85 4.4093e-16
5146.69 5.4259e-16
5149.52 6.2955e-16
5152.35 5.9328e-16
5155.19 6.1719e-16
5158.02 6.7845e-16
5160.86 6.7078e-16
5163.69 6.4618e-16
5166.52 7.1537e-16
5169.36 7.0965e-16
5172.19 6.2621e-16
5175.03 6.5588e-16
5177.86 7.1907e-16
5180.69 7.6837e-16
5183.53 7.7088e-16
5186.36 8.3496e-16
5189.20 7.7819e-16
5192.03 7.1583e-16
5194.86 6.8624e-16
5197.70 6.7901e-16
5200.53 5.94e-16
5203.37 6.764e-16
5206.20 7.0806e-16
5209.03 7.6387e-16
5211.87 8.5615e-16
5214.70 9.535e-16
5217.54 9.0187e-16
5220.37 9.4589e-16
5223.20 8.6641e-16
5226.04 7.042e-16
5228.87 6.491e-16
5231.71 7.2833e-16
5234.54 7.082e-16
5237.38 6.6825e-16
5240.21 7.4374e-16
5243.04 7.1863e-16
5245.88 6.8133e-16
5248.71 6.8042e-16
5251.55 7.8862e-16
5254.38 7.4728e-16
5257.21 8.0177e-16
5260.05 7.5693e-16
5262.88 7.6645e-16
5265.72 6.6111e-16
5268.55 6.6718e-16
5271.38 7.1204e-16
5274.22 7.5977e-16
5277.05 7.7668e-16
5279.89 8.3866e-16
5282.72 8.458e-16
5285.55 7.19e-16
5288.39 6.8926e-16
5291.22 6.3519e-16
5294.06 6.2164e-16
5296.89 6.0744e-16
5299.72 6.7337e-16
5302.56 6.3246e-16
5305.39 6.3612e-16
5308.23 6.2616e-16
5311.06 5.6317e-16
5313.89 5.7887e-16
5316.73 6.5087e-16
5319.56 6.6567e-16
5322.40 5.9372e-16
5325.23 6.7559e-16
5328.06 6.1415e-16
5330.90 5.0697e-16
5333.73 4.978e-16
5336.56 6.4436e-16
5339.40 6.8199e-16
5342.23 6.9227e-16
5345.07 7.2057e-16
5347.90 6.7791e-16
5350.73 5.7831e-16
5353.57 5.3522e-16
5356.40 5.2269e-16
5359.24 4.8323e-16
5362.07 4.2885e-16
5364.90 4.8124e-16
5367.74 5.966e-16
5370.57 6.2566e-16
5373.41 7.0307e-16
5376.24 7.9586e-16
5379.07 7.8359e-16
5381.91 7.3371e-16
5384.74 6.9923e-16
5387.58 6.405e-16
5390.41 6.8985e-16
5393.24 7.3607e-16
5396.08 7.0028e-16
5398.91 7.5091e-16
5401.75 7.5618e-16
5404.58 6.0696e-16
5407.41 5.8178e-16
5410.25 5.6296e-16
5413.08 5.2889e-16
5415.92 5.7324e-16
5418.75 6.6829e-16
5421.59 7.0979e-16
5424.42 7.3311e-16
5427.25 7.1163e-16
5430.09 7.1667e-16
5432.92 7.6672e-16
5435.76 7.1962e-16
5438.59 7.1744e-16
5441.42 7.4271e-16
5444.26 7.1712e-16
5447.09 6.656e-16
5449.93 5.9997e-16
5452.76 5.7217e-16
5455.59 5.3218e-16
5458.43 4.2805e-16
5461.26 4.2345e-16
5464.10 4.9677e-16
5466.93 5.0617e-16
5469.76 5.5676e-16
5472.60 6.5431e-16
5475.43 7.054e-16
5478.27 7.5355e-16
5481.10 7.7836e-16
5483.93 7.7592e-16
5486.77 8.2274e-16
5489.60 7.8368e-16
5492.44 7.3737e-16
5495.27 7.6272e-16
5498.10 8.0512e-16
5500.94 8.3476e-16
5503.77 7.8783e-16
5506.60 7.0636e-16
5509.44 6.821e-16
5512.27 6.2491e-16
5515.11 5.9814e-16
5517.94 7.3282e-16
5520.77 8.0736e-16
5523.61 8.4957e-16
5526.44 9.2871e-16
5529.28 9.3608e-16
5532.11 8.062e-16
5534.94 7.5265e-16
5537.78 7.0468e-16
5540.61 6.3593e-16
5543.45 5.6911e-16
5546.28 5.4564e-16
5549.11 6.1793e-16
5551.95 6.4961e-16
5554.78 6.414e-16
5557.62 6.7015e-16
5560.45 6.8947e-16
5563.28 7.1162e-16
5566.12 7.974e-16
5568.95 9.7791e-16
5571.79 1.154e-15
5574.62 1.2238e-15
5577.45 1.1587e-15
5580.29 1.0339e-15
5583.12 8.3143e-16
5585.96 6.1396e-16
5588.79 5.672e-16
5591.62 5.6466e-16
5594.46 5.7145e-16
5597.29 5.888e-16
5600.13 6.1778e-16
5602.96 5.8346e-16
5605.80 5.2396e-16
5608.63 5.55e-16
5611.46 5.5674e-16
5614.30 5.4774e-16
5617.13 6.3132e-16
5619.97 7.1657e-16
5622.80 6.8184e-16
5625.63 6.6492e-16
5628.47 6.8482e-16
5631.30 6.5332e-16
5634.14 6.4441e-16
5636.97 6.1203e-16
5639.80 6.2315e-16
5642.64 6.1515e-16
5645.47 5.7326e-16
5648.31 6.0507e-16
5651.14 6.0702e-16
5653.97 5.9708e-16
5656.81 6.3129e-16
5659.64 7.0924e-16
5662.48 6.8082e-16
5665.31 6.9202e-16
5668.14 7.1373e-16
5670.98 7.1348e-16
5673.81 7.2831e-16
5676.65 6.9535e-16
5679.48 7.0485e-16
5682.31 7.0965e-16
5685.15 7.0383e-16
5687.98 6.756e-16
5690.81 7.2044e-16
5693.65 7.0862e-16
5696.48 7.0608e-16
5699.32 6.6839e-16
5702.15 6.3007e-16
5704.98 5.4536e-16
5707.82 4.6812e-16
5710.65 4.4061e-16
5713.49 4.55e-16
5716.32 4.3644e-16
5719.15 5.3403e-16
5721.99 6.2613e-16
5724.82 6.5707e-16
5727.66 6.618e-16
5730.49 6.9589e-16
5733.32 6.7736e-16
5736.16 6.5966e-16
5738.99 6.1891e-16
5741.83 6.0968e-16
5744.66 5.8881e-16
5747.49 6.1381e-16
5750.33 5.5897e-16
5753.16 5.7031e-16
5756.00 6.0386e-16
5758.83 5.7166e-16
5761.66 5.6698e-16
5764.50 5.6808e-16
5767.33 5.5806e-16
5770.17 4.9615e-16
5773.00 5.5935e-16
5775.84 5.9728e-16
5778.67 7.2126e-16
5781.50 7.5234e-16
5784.34 7.9056e-16
5787.17 7.6387e-16
5790.01 6.7081e-16
5792.84 5.5845e-16
5795.67 5.0677e-16
5798.51 4.3453e-16
5801.34 4.7699e-16
5804.18 4.7919e-16
5807.01 4.9553e-16
5809.84 5.2723e-16
5812.68 6.0216e-16
5815.51 6.3745e-16
5818.35 6.353e-16
5821.18 6.407e-16
5824.01 6.3059e-16
5826.85 5.878e-16
5829.68 4.9937e-16
5832.52 4.4601e-16
5835.35 4.3042e-16
5838.18 4.9689e-16
5841.02 5.3558e-16
5843.85 4.5835e-16
5846.69 4.5263e-16
5849.52 4.6025e-16
5852.35 4.1848e-16
5855.19 3.5807e-16
5858.02 4.0486e-16
5860.85 5.1018e-16
5863.69 5.6976e-16
5866.52 6.2154e-16
5869.36 6.8105e-16
5872.19 6.8079e-16
5875.02 6.4624e-16
5877.86 6.3972e-16
5880.69 5.9432e-16
5883.53 6.1362e-16
5886.36 6.6219e-16
5889.19 6.8178e-16
5892.03 6.8531e-16
5894.86 6.8206e-16
5897.70 6.8468e-16
5900.53 7.4923e-16
5903.36 8.1045e-16
5906.20 8.1983e-16
5909.03 8.1002e-16
5911.87 8.3145e-16
5914.70 7.9358e-16
5917.53 7.6054e-16
5920.37 8.2065e-16
5923.20 8.6332e-16
5926.04 8.1168e-16
5928.87 8.1934e-16
5931.70 7.9333e-16
5934.54 6.757e-16
5937.37 6.9845e-16
5940.21 7.0852e-16
5943.04 6.1155e-16
5945.88 6.2966e-16
5948.71 7.0689e-16
5951.54 6.5354e-16
5954.38 6.5143e-16
5957.21 7.3548e-16
5960.05 6.9933e-16
5962.88 6.1094e-16
5965.71 6.6019e-16
5968.55 6.9481e-16
5971.38 6.5165e-16
5974.22 6.7773e-16
5977.05 7.2354e-16
5979.88 6.6742e-16
5982.72 6.1309e-16
5985.55 5.8634e-16
5988.39 5.3989e-16
5991.22 5.7443e-16
5994.05 5.7842e-16
5996.89 5.3086e-16
5999.72 5.4875e-16
6002.56 5.8117e-16
6005.39 5.5158e-16
6008.22 5.2356e-16
6011.06 5.2327e-16
6013.89 5.0477e-16
6016.73 5.0145e-16
6019.56 4.5268e-16
6022.39 4.6176e-16
6025.23 5.0846e-16
6028.06 5.6458e-16
6030.90 5.384e-16
6033.73 6.2537e-16
6036.56 6.7633e-16
6039.40 7.1011e-16
6042.23 7.4279e-16
6045.06 7.2932e-16
6047.90 6.3712e-16
6050.73 6.0826e-16
6053.57 5.8755e-16
6056.40 5.5968e-16
6059.23 5.5389e-16
6062.07 5.2471e-16
6064.90 3.9968e-16
6067.74 3.1841e-16
6070.57 3.1816e-16
6073.40 4.0008e-16
6076.24 4.4391e-16
6079.07 5.2798e-16
6081.91 6.2664e-16
6084.74 6.3311e-16
6087.57 5.4034e-16
6090.41 5.1837e-16
6093.24 5.6799e-16
6096.08 6.3049e-16
6098.91 5.9547e-16
6101.74 6.8135e-16
6104.58 7.1118e-16
6107.41 6.5707e-16
6110.25 6.0268e-16
6113.08 6.2998e-16
6115.91 5.7103e-16
6118.75 5.8255e-16
6121.58 6.3772e-16
6124.42 5.7349e-16
6127.25 5.5415e-16
6130.09 5.6156e-16
6132.92 5.8508e-16
6135.75 5.8399e-16
6138.59 6.7022e-16
6141.42 6.5764e-16
6144.26 6.2906e-16
6147.09 5.8758e-16
6149.92 5.6232e-16
6152.76 5.3146e-16
6155.59 6.4436e-16
6158.43 7.222e-16
6161.26 7.6996e-16
6164.09 7.5378e-16
6166.93 6.9363e-16
6169.76 5.6905e-16
6172.60 4.9961e-16
6175.43 4.5001e-16
6178.26 4.7794e-16
6181.10 5.3403e-16
6183.93 5.4765e-16
6186.77 5.4058e-16
6189.60 5.9338e-16
6192.43 6.4907e-16
6195.27 6.4407e-16
6198.10 6.6245e-16
6200.94 6.7617e-16
6203.77 6.1058e-16
6206.60 5.8103e-16
6209.44 6.2876e-16
6212.27 6.3163e-16
6215.10 5.5734e-16
6217.94 4.6308e-16
6220.77 3.744e-16
6223.61 2.8583e-16
6226.44 2.0557e-16
6229.27 2.8746e-16
6232.11 4.1337e-16
6234.94 4.5187e-16
6237.78 4.4585e-16
6240.61 4.8856e-16
6243.44 5.0259e-16
6246.28 4.9232e-16
6249.11 5.1503e-16
6251.95 5.8947e-16
6254.78 6.132e-16
6257.61 5.7941e-16
6260.45 5.7248e-16
6263.28 5.9957e-16
6266.12 5.482e-16
6268.95 5.231e-16
6271.78 5.4642e-16
6274.62 5.5652e-16
6277.45 5.1037e-16
6280.29 4.8613e-16
6283.12 5.1527e-16
6285.95 5.7311e-16
6288.79 5.4934e-16
6291.62 4.6175e-16
6294.46 4.6083e-16
6297.29 4.0714e-16
6300.12 3.6827e-16
6302.96 4.5205e-16
6305.79 5.4338e-16
6308.63 5.4876e-16
6311.46 6.1804e-16
6314.30 5.5408e-16
6317.13 4.866e-16
6319.96 5.0799e-16
6322.80 5.9851e-16
6325.63 5.5835e-16
6328.47 5.6001e-16
6331.30 5.4242e-16
6334.13 4.4088e-16
6336.97 3.7527e-16
6339.80 3.7549e-16
6342.64 4.1865e-16
6345.47 3.63e-16
6348.30 3.4211e-16
6351.14 3.2912e-16
6353.97 3.5492e-16
6356.81 3.4919e-16
6359.64 4.6003e-16
6362.47 5.8883e-16
6365.31 5.1172e-16
6368.14 4.5694e-16
6370.98 4.2674e-16
6373.81 3.7968e-16
6376.64 3.1497e-16
6379.48 3.6048e-16
6382.31 3.3033e-16
6385.15 3.1384e-16
6387.98 3.5467e-16
6390.81 4.3521e-16
6393.65 5.2266e-16
6396.48 5.8935e-16
6399.31 5.9753e-16
6402.15 5.4203e-16
6404.98 4.748e-16
6407.82 4.2308e-16
6410.65 4.5464e-16
6413.48 5.0354e-16
6416.32 4.4948e-16
6419.15 4.3216e-16
6421.99 3.8762e-16
6424.82 2.9487e-16
6427.65 2.7226e-16
6430.49 3.0056e-16
6433.32 3.163e-16
6436.16 3.7867e-16
6438.99 4.8532e-16
6441.82 5.1065e-16
6444.66 5.2543e-16
6447.49 5.5426e-16
6450.33 5.536e-16
6453.16 5.0211e-16
6455.99 4.4267e-16
6458.83 4.1898e-16
6461.66 4.3789e-16
6464.50 4.7123e-16
6467.33 4.7416e-16
6470.16 4.5066e-16
6473.00 4.7807e-16
6475.83 4.9541e-16
6478.67 4.5016e-16
6481.50 4.1457e-16
6484.34 4.1344e-16
6487.17 4.0189e-16
6490.00 3.6353e-16
6492.84 3.5083e-16
6495.67 3.8783e-16
6498.51 4.0911e-16
6501.34 4.4825e-16
6504.17 4.6092e-16
6507.01 4.0816e-16
6509.84 3.6829e-16
6512.68 3.8324e-16
6515.51 3.3708e-16
6518.34 2.7669e-16
6521.18 2.9421e-16
6524.01 3.1248e-16
6526.85 3.3199e-16
6529.68 3.8102e-16
6532.51 4.5486e-16
6535.35 5.499e-16
6538.18 6.0253e-16
6541.02 6.4759e-16
6543.85 6.8412e-16
6546.68 6.9765e-16
6549.52 6.8986e-16
6552.35 6.9882e-16
6555.19 7.5303e-16
6558.02 7.4273e-16
6560.85 7.8721e-16
6563.69 7.9436e-16
6566.52 8.4213e-16
6569.35 8.6209e-16
6572.19 9.2755e-16
6575.02 9.1476e-16
6577.86 8.927e-16
6580.69 8.24e-16
6583.52 7.8299e-16
6586.36 7.3195e-16
6589.19 7.341e-16
6592.03 8.1035e-16
6594.86 8.7792e-16
6597.69 8.8125e-16
6600.53 8.8582e-16
6603.36 9.247e-16
6606.20 8.9898e-16
6609.03 7.9258e-16
6611.86 7.2675e-16
6614.70 7.2467e-16
6617.53 6.7143e-16
6620.37 6.8339e-16
6623.20 7.7495e-16
6626.03 8.1133e-16
6628.87 7.9314e-16
6631.70 7.2693e-16
6634.54 6.5728e-16
6637.37 5.8584e-16
6640.20 6.0827e-16
6643.04 6.3516e-16
6645.87 6.7003e-16
6648.71 6.5378e-16
6651.54 6.9152e-16
6654.38 6.6023e-16
6657.21 6.6993e-16
6660.04 6.6793e-16
6662.88 7.1244e-16
6665.71 6.9408e-16
6668.55 6.6599e-16
6671.38 6.8666e-16
6674.21 7.3828e-16
6677.05 7.5681e-16
6679.88 7.9436e-16
6682.72 7.83e-16
6685.55 7.45e-16
6688.38 7.0505e-16
6691.22 6.4295e-16
6694.05 5.7515e-16
6696.89 5.3198e-16
6699.72 4.651e-16
6702.55 4.4451e-16
6705.39 5.2648e-16
6708.22 6.0201e-16
6711.06 6.3963e-16
6713.89 6.5321e-16
6716.72 7.1726e-16
6719.56 6.676e-16
6722.39 5.6231e-16
6725.23 5.5675e-16
6728.06 4.9988e-16
6730.89 4.3865e-16
6733.73 4.054e-16
6736.56 3.952e-16
6739.40 4.2751e-16
6742.23 5.0255e-16
6745.06 5.0513e-16
6747.90 5.017e-16
6750.73 5.4358e-16
6753.56 5.5555e-16
6756.40 5.3187e-16
6759.23 5.1737e-16
6762.07 5.827e-16
6764.90 5.989e-16
6767.73 5.6879e-16
6770.57 5.3929e-16
6773.40 4.8316e-16
6776.24 3.9472e-16
6779.07 3.204e-16
6781.90 3.3855e-16
6784.74 3.7401e-16
6787.57 3.7786e-16
6790.41 4.0518e-16
6793.24 4.1358e-16
6796.07 3.8319e-16
6798.91 3.8401e-16
6801.74 4.2779e-16
6804.58 4.4552e-16
6807.41 4.9537e-16
6810.24 4.8232e-16
6813.08 4.2424e-16
6815.91 3.405e-16
6818.75 2.8567e-16
6821.58 3.1486e-16
6824.41 3.5102e-16
6827.25 3.9695e-16
6830.08 4.6241e-16
6832.92 4.5398e-16
6835.75 3.4393e-16
6838.59 2.6935e-16
6841.42 2.5048e-16
6844.25 2.3178e-16
6847.09 2.7485e-16
6849.92 3.411e-16
6852.76 3.7691e-16
6855.59 3.6714e-16
6858.42 3.6205e-16
6861.26 3.3859e-16
6864.09 3.3774e-16
6866.93 3.1652e-16
6869.76 3.2879e-16
6872.59 3.5983e-16
6875.43 3.3575e-16
6878.26 3.0648e-16
6881.10 3.2191e-16
6883.93 2.9617e-16
6886.76 3.2067e-16
6889.60 3.9315e-16
6892.43 4.1288e-16
6895.27 3.9211e-16
6898.10 3.9383e-16
6900.93 3.4717e-16
6903.77 2.8269e-16
6906.60 2.8834e-16
6909.44 3.5024e-16
6912.27 3.7919e-16
6915.10 3.4071e-16
6917.94 3.372e-16
6920.77 3.2705e-16
6923.60 3.0424e-16
6926.44 3.5597e-16
6929.27 4.7079e-16
6932.11 4.6251e-16
6934.94 4.5414e-16
6937.77 4.9342e-16
6940.61 4.4972e-16
6943.44 3.4225e-16
6946.28 3.8114e-16
6949.11 4.2519e-16
6951.94 3.6478e-16
6954.78 3.3848e-16
6957.61 3.7697e-16
6960.45 3.801e-16
6963.28 3.2155e-16
6966.11 3.0047e-16
6968.95 3.1458e-16
6971.78 2.7251e-16
6974.62 2.4182e-16
6977.45 2.966e-16
6980.28 3.2754e-16
6983.12 2.9283e-16
6985.95 2.7642e-16
6988.79 2.9288e-16
6991.62 2.6582e-16
6994.45 2.7377e-16
6997.29 3.4549e-16
7000.12 4.1701e-16
7002.96 4.5587e-16
7005.79 4.8772e-16
7008.62 5.2664e-16
7011.46 4.8024e-16
7014.29 4.5764e-16
7017.13 4.084e-16
7019.96 3.8216e-16
7022.80 3.409e-16
7025.63 3.9181e-16
7028.46 4.1434e-16
7031.30 4.2932e-16
7034.13 4.1729e-16
7036.97 3.9508e-16
7039.80 3.7442e-16
7042.63 4.1177e-16
7045.47 4.2934e-16
7048.30 4.0986e-16
7051.14 4.4136e-16
7053.97 4.712e-16
7056.80 4.3077e-16
7059.64 3.5002e-16
7062.47 3.3932e-16
7065.31 3.2796e-16
7068.14 2.778e-16
7070.97 2.8146e-16
7073.81 3.5912e-16
7076.64 4.6617e-16
7079.48 4.6171e-16
7082.31 4.5559e-16
7085.14 4.192e-16
7087.98 4.0038e-16
7090.81 3.4393e-16
7093.65 3.3745e-16
7096.48 3.7857e-16
7099.31 4.3971e-16
7102.15 3.9918e-16
7104.98 3.5019e-16
7107.81 3.2627e-16
7110.65 2.971e-16
7113.48 2.6778e-16
7116.32 2.9973e-16
7119.15 3.3191e-16
7121.98 3.8288e-16
7124.82 4.0369e-16
7127.65 4.0468e-16
7130.49 4.2561e-16
7133.32 4.4995e-16
7136.15 4.3582e-16
7138.99 4.2495e-16
7141.82 4.103e-16
7144.66 4.5588e-16
7147.49 4.7905e-16
7150.32 4.6169e-16
7153.16 4.2088e-16
7155.99 4.4807e-16
7158.83 3.6337e-16
7161.66 3.1149e-16
7164.49 3.0975e-16
7167.33 3.0612e-16
7170.16 2.3667e-16
7173.00 2.3411e-16
7175.83 2.8946e-16
7178.66 2.8481e-16
7181.50 2.7179e-16
7184.33 2.9767e-16
7187.17 3.6646e-16
7190.00 3.1447e-16
7192.84 3.3502e-16
7195.67 3.6299e-16
7198.50 3.7919e-16
7201.34 3.2157e-16
7204.17 4.0486e-16
7207.01 4.6011e-16
7209.84 4.3875e-16
7212.67 4.3743e-16
7215.51 4.6143e-16
7218.34 4.0263e-16
7221.18 3.441e-16
7224.01 3.6636e-16
7226.84 3.1036e-16
7229.68 2.4836e-16
7232.51 2.5299e-16
7235.35 2.4046e-16
7238.18 2.1148e-16
7241.01 2.4815e-16
7243.85 2.8486e-16
7246.68 2.6394e-16
7249.52 2.9515e-16
7252.35 3.004e-16
7255.18 3.2746e-16
7258.02 3.6429e-16
7260.85 4.3203e-16
7263.69 4.3352e-16
7266.52 4.4108e-16
7269.35 4.8977e-16
7272.19 5.5439e-16
7275.02 5.0039e-16
7277.85 5.222e-16
7280.69 5.7223e-16
7283.52 5.0047e-16
7286.36 3.8589e-16
7289.19 3.5658e-16
7292.02 2.8707e-16
7294.86 2.4145e-16
7297.69 2.4635e-16
7300.53 2.6467e-16
7303.36 2.2469e-16
7306.19 1.9895e-16
7309.03 1.7579e-16
7311.86 1.5012e-16
7314.70 5.3383e-17
7317.53 7.0988e-17
7320.36 9.3423e-17
7323.20 1.7912e-16
7326.03 2.0394e-16
7328.87 2.9603e-16
7331.70 3.2896e-16
7334.53 3.235e-16
7337.37 2.3497e-16
7340.20 1.8105e-16
7343.04 1.9285e-16
7345.87 2.02e-16
7348.70 2.6578e-16
7351.54 2.9715e-16
7354.37 3.0286e-16
7357.21 2.5201e-16
7360.04 1.7025e-16
7362.88 1.3362e-16
7365.71 2.1521e-16
7368.54 3.3917e-16
7371.38 3.7512e-16
7374.21 4.2827e-16
7377.05 4.3883e-16
7379.88 4.0177e-16
7382.71 3.4129e-16
7385.55 3.1297e-16
7388.38 3.3284e-16
7391.22 2.6794e-16
7394.05 2.9675e-16
