      3194.66  2.05670e-18
      3196.80  2.12459e-18
      3198.93  2.12851e-18
      3201.06  2.52000e-18
      3203.19  4.21354e-18
      3205.33  3.59682e-18
      3207.46  2.82894e-18
      3209.59  1.46051e-18
      3211.72  1.02568e-18
      3213.86 -1.84219e-18
      3215.99 -7.03531e-19
      3218.12  4.81127e-19
      3220.25  1.18413e-18
      3222.39  2.57339e-18
      3224.52  3.90424e-18
      3226.65  2.23951e-18
      3228.78  1.80204e-19
      3230.92  4.44047e-19
      3233.05  1.25583e-18
      3235.18  8.92523e-19
      3237.31  1.31487e-18
      3239.45  2.25655e-19
      3241.58 -3.64942e-19
      3243.71  8.23836e-19
      3245.84  1.04981e-18
      3247.98  1.11899e-18
      3250.11  1.33461e-18
      3252.24  1.04473e-18
      3254.37  1.18562e-18
      3256.51  2.11390e-18
      3258.64  3.12762e-18
      3260.77  2.09808e-18
      3262.90  6.31041e-19
      3265.04  1.26749e-19
      3267.17  2.84346e-19
      3269.30 -3.21363e-19
      3271.43 -2.47734e-20
      3273.57  2.96136e-19
      3275.70  1.15173e-18
      3277.83  1.04954e-18
      3279.96  3.00890e-19
      3282.10  1.20778e-18
      3284.23  2.16782e-18
      3286.36  1.34636e-18
      3288.49  5.71488e-19
      3290.63  1.28788e-19
      3292.76  2.51074e-19
      3294.89  1.31997e-18
      3297.02  2.92181e-18
      3299.16  1.72838e-18
      3301.29  1.41019e-19
      3303.42  3.76633e-19
      3305.55  1.24853e-18
      3307.69  1.14641e-18
      3309.82  1.48445e-18
      3311.95  1.81983e-18
      3314.08  2.27746e-18
      3316.22  2.58531e-18
      3318.35  1.51333e-18
      3320.48  1.45858e-18
      3322.61  2.22787e-18
      3324.75  2.57146e-18
      3326.88  2.33550e-18
      3329.01  2.74750e-18
      3331.14  2.96439e-18
      3333.28  1.89301e-18
      3335.41  1.49376e-18
      3337.54  1.85213e-18
      3339.67  2.03913e-18
      3341.81  1.48323e-18
      3343.94  1.44592e-18
      3346.07  1.90828e-18
      3348.20  2.49090e-18
      3350.34  2.06549e-18
      3352.47  1.88809e-18
      3354.60  2.99397e-18
      3356.73  2.86628e-18
      3358.87  2.17120e-18
      3361.00  2.05301e-18
      3363.13  2.33915e-18
      3365.26  1.83407e-18
      3367.40  1.84312e-18
      3369.53  1.77476e-18
      3371.66  1.68289e-18
      3373.79  2.66532e-18
      3375.93  2.62685e-18
      3378.06  2.61342e-18
      3380.19  2.58250e-18
      3382.33  2.55164e-18
      3384.46  2.31434e-18
      3386.59  2.52777e-18
      3388.72  3.10937e-18
      3390.86  2.88775e-18
      3392.99  2.16860e-18
      3395.12  2.53941e-18
      3397.25  3.10096e-18
      3399.39  3.29564e-18
      3401.52  3.40935e-18
      3403.65  3.53308e-18
      3405.78  3.25054e-18
      3407.92  3.32322e-18
      3410.05  3.30505e-18
      3412.18  3.57075e-18
      3414.31  4.06148e-18
      3416.45  3.75640e-18
      3418.58  3.23015e-18
      3420.71  3.43228e-18
      3422.84  3.53895e-18
      3424.98  3.35931e-18
      3427.11  3.79086e-18
      3429.24  3.79739e-18
      3431.37  3.15032e-18
      3433.51  3.81201e-18
      3435.64  4.42853e-18
      3437.77  4.65093e-18
      3439.90  4.59340e-18
      3442.04  4.44605e-18
      3444.17  4.26695e-18
      3446.30  4.19592e-18
      3448.43  4.15902e-18
      3450.57  4.44779e-18
      3452.70  5.08843e-18
      3454.83  5.73537e-18
      3456.96  6.12409e-18
      3459.10  5.61240e-18
      3461.23  5.58761e-18
      3463.36  6.04453e-18
      3465.49  6.24668e-18
      3467.63  6.21584e-18
      3469.76  6.24790e-18
      3471.89  6.46119e-18
      3474.02  6.41464e-18
      3476.16  6.11997e-18
      3478.29  5.78663e-18
      3480.42  5.52976e-18
      3482.55  5.09008e-18
      3484.69  4.86060e-18
      3486.82  4.55322e-18
      3488.95  4.60573e-18
      3491.08  5.29640e-18
      3493.22  5.48350e-18
      3495.35  4.67493e-18
      3497.48  4.35349e-18
      3499.61  4.65615e-18
      3501.75  4.54891e-18
      3503.88  4.00227e-18
      3506.01  3.92135e-18
      3508.14  4.15390e-18
      3510.28  4.36075e-18
      3512.41  4.50909e-18
      3514.54  4.58005e-18
      3516.67  4.48982e-18
      3518.81  4.29422e-18
      3520.94  4.41611e-18
      3523.07  4.61329e-18
      3525.20  5.04955e-18
      3527.34  5.25917e-18
      3529.47  5.13389e-18
      3531.60  5.15418e-18
      3533.73  5.09003e-18
      3535.87  5.08071e-18
      3538.00  5.16925e-18
      3540.13  5.38490e-18
      3542.26  5.13726e-18
      3544.40  4.43966e-18
      3546.53  4.24429e-18
      3548.66  4.67323e-18
      3550.79  4.75313e-18
      3552.93  4.05292e-18
      3555.06  3.93242e-18
      3557.19  4.51961e-18
      3559.32  4.43440e-18
      3561.46  4.41183e-18
      3563.59  4.22566e-18
      3565.72  3.96089e-18
      3567.85  4.14985e-18
      3569.99  4.39740e-18
      3572.12  4.31665e-18
      3574.25  4.10817e-18
      3576.39  4.07934e-18
      3578.52  4.28246e-18
      3580.65  4.64492e-18
      3582.78  4.91661e-18
      3584.92  5.05627e-18
      3587.05  4.80569e-18
      3589.18  4.57614e-18
      3591.31  4.59542e-18
      3593.45  4.50102e-18
      3595.58  4.43577e-18
      3597.71  4.47963e-18
      3599.84  4.83389e-18
      3601.98  4.91045e-18
      3604.11  4.47916e-18
      3606.24  4.29552e-18
      3608.37  4.47528e-18
      3610.51  4.19292e-18
      3612.64  3.75214e-18
      3614.77  3.67506e-18
      3616.90  3.67287e-18
      3619.04  3.94473e-18
      3621.17  4.25098e-18
      3623.30  4.82209e-18
      3625.43  4.93302e-18
      3627.57  4.59586e-18
      3629.70  4.42198e-18
      3631.83  4.27525e-18
      3633.96  4.67897e-18
      3636.10  5.01331e-18
      3638.23  4.72701e-18
      3640.36  4.82851e-18
      3642.49  4.88239e-18
      3644.63  4.85708e-18
      3646.76  4.70701e-18
      3648.89  4.59389e-18
      3651.02  4.82970e-18
      3653.16  5.41091e-18
      3655.29  5.57006e-18
      3657.42  5.00291e-18
      3659.55  5.12900e-18
      3661.69  5.41527e-18
      3663.82  5.47717e-18
      3665.95  5.93814e-18
      3668.08  6.03073e-18
      3670.22  5.71342e-18
      3672.35  5.92946e-18
      3674.48  6.20599e-18
      3676.61  6.04476e-18
      3678.75  6.17159e-18
      3680.88  6.50806e-18
      3683.01  6.58735e-18
      3685.14  6.35272e-18
      3687.28  6.61973e-18
      3689.41  6.89953e-18
      3691.54  7.21622e-18
      3693.67  7.06535e-18
      3695.81  7.07366e-18
      3697.94  7.26821e-18
      3700.07  7.37352e-18
      3702.20  7.27569e-18
      3704.34  7.08324e-18
      3706.47  6.88458e-18
      3708.60  6.67239e-18
      3710.73  6.46025e-18
      3712.87  6.24415e-18
      3715.00  6.02812e-18
      3717.13  5.81209e-18
      3719.26  5.59608e-18
      3721.40  5.38009e-18
      3723.53  5.16412e-18
      3725.66  4.94820e-18
      3727.79  4.73228e-18
      3729.93  4.51637e-18
      3732.06  4.30049e-18
      3734.19  4.08463e-18
      3736.32  3.86881e-18
      3738.46  3.65299e-18
      3740.59  3.43719e-18
      3742.72  3.22141e-18
      3744.85  3.00565e-18
      3746.99  2.78991e-18
      3749.12  2.60618e-18
      3751.25  2.31118e-18
      3753.38  2.39727e-18
      3755.52  2.16245e-18
      3757.65  1.65258e-18
      3759.78  1.50642e-18
      3761.91  1.71905e-18
      3764.05  1.80250e-18
      3766.18  1.70456e-18
      3768.31  1.70165e-18
      3770.44  1.62372e-18
      3772.58  1.59858e-18
      3774.71  1.42990e-18
      3776.84  1.29237e-18
      3778.97  1.07613e-18
      3781.11  1.21306e-18
      3783.24  1.32500e-18
      3785.37  1.08716e-18
      3787.51  1.02276e-18
      3789.64  1.33404e-18
      3791.77  1.19766e-18
      3793.90  1.33584e-18
      3796.03  1.42750e-18
      3798.17  1.34755e-18
      3800.30  1.22533e-18
      3802.43  1.29222e-18
      3804.57  1.11400e-18
      3806.70  8.62524e-19
      3808.83  7.33058e-19
      3810.96  1.00715e-18
      3813.10  1.15958e-18
      3815.23  1.17132e-18
      3817.36  1.29679e-18
      3819.49  1.24846e-18
      3821.63  1.35847e-18
      3823.76  1.65109e-18
      3825.89  1.83901e-18
      3828.02  2.01196e-18
      3830.16  2.12923e-18
      3832.29  2.33855e-18
      3834.42  2.64572e-18
      3836.55  2.85253e-18
      3838.69  2.70060e-18
      3840.82  2.50110e-18
      3842.95  2.50380e-18
      3845.08  2.68077e-18
      3847.22  2.79992e-18
      3849.35  2.63894e-18
      3851.48  2.85725e-18
      3853.61  3.09762e-18
      3855.75  3.31296e-18
      3857.88  3.62408e-18
      3860.01  3.99501e-18
      3862.14  4.28570e-18
      3864.28  4.17914e-18
      3866.41  4.45806e-18
      3868.54  4.89245e-18
      3870.67  5.10863e-18
      3872.81  5.53635e-18
      3874.94  5.99347e-18
      3877.07  6.18937e-18
      3879.20  6.34348e-18
      3881.34  6.80311e-18
      3883.47  7.48913e-18
      3885.60  8.06587e-18
      3887.73  8.66784e-18
      3889.87  9.09547e-18
      3892.00  9.36848e-18
      3894.13  9.64888e-18
      3896.26  1.00648e-17
      3898.40  1.04757e-17
      3900.53  1.05382e-17
      3902.66  1.05868e-17
      3904.79  1.07248e-17
      3906.93  1.11757e-17
      3909.06  1.13401e-17
      3911.19  1.12719e-17
      3913.32  1.11225e-17
      3915.46  1.08598e-17
      3917.59  1.07566e-17
      3919.72  1.10724e-17
      3921.85  1.13309e-17
      3923.99  1.13871e-17
      3926.12  1.13579e-17
      3928.25  1.11593e-17
      3930.38  1.11271e-17
      3932.52  1.12937e-17
      3934.65  1.18140e-17
      3936.78  1.22222e-17
      3938.91  1.26566e-17
      3941.05  1.31600e-17
      3943.18  1.36399e-17
      3945.31  1.39620e-17
      3947.44  1.43716e-17
      3949.58  1.48738e-17
      3951.71  1.48271e-17
      3953.84  1.48543e-17
      3955.97  1.53547e-17
      3958.11  1.58239e-17
      3960.24  1.60183e-17
      3962.37  1.62250e-17
      3964.50  1.67101e-17
      3966.64  1.68997e-17
      3968.77  1.68057e-17
      3970.90  1.70403e-17
      3973.03  1.75709e-17
      3975.17  1.76711e-17
      3977.30  1.74293e-17
      3979.43  1.73858e-17
      3981.56  1.73612e-17
      3983.70  1.70719e-17
      3985.83  1.69678e-17
      3987.96  1.69760e-17
      3990.09  1.68034e-17
      3992.23  1.65471e-17
      3994.36  1.67073e-17
      3996.49  1.69525e-17
      3998.62  1.66698e-17
      4000.76  1.65701e-17
      4002.89  1.66138e-17
      4005.02  1.67000e-17
      4007.16  1.67012e-17
      4009.29  1.65976e-17
      4011.42  1.65306e-17
      4013.55  1.66844e-17
      4015.69  1.63480e-17
      4017.82  1.60739e-17
      4019.95  1.62890e-17
      4022.08  1.63718e-17
      4024.22  1.61068e-17
      4026.35  1.59631e-17
      4028.48  1.60384e-17
      4030.61  1.59045e-17
      4032.75  1.58351e-17
      4034.88  1.57665e-17
      4037.01  1.55125e-17
      4039.14  1.53222e-17
      4041.28  1.52860e-17
      4043.41  1.54640e-17
      4045.54  1.55895e-17
      4047.67  1.54940e-17
      4049.81  1.51194e-17
      4051.94  1.49145e-17
      4054.07  1.49533e-17
      4056.20  1.49397e-17
      4058.34  1.50065e-17
      4060.47  1.49472e-17
      4062.60  1.47952e-17
      4064.73  1.45493e-17
      4066.87  1.43746e-17
      4069.00  1.44269e-17
      4071.13  1.44377e-17
      4073.26  1.42980e-17
      4075.40  1.40010e-17
      4077.53  1.33799e-17
      4079.66  1.30666e-17
      4081.79  1.32121e-17
      4083.93  1.32219e-17
      4086.06  1.28900e-17
      4088.19  1.28587e-17
      4090.32  1.29356e-17
      4092.46  1.27844e-17
      4094.59  1.24286e-17
      4096.72  1.20891e-17
      4098.85  1.22159e-17
      4100.99  1.24760e-17
      4103.12  1.24148e-17
      4105.25  1.23240e-17
      4107.38  1.22032e-17
      4109.52  1.20638e-17
      4111.65  1.21878e-17
      4113.78  1.19987e-17
      4115.91  1.18795e-17
      4118.05  1.18666e-17
      4120.18  1.18336e-17
      4122.31  1.17777e-17
      4124.44  1.15025e-17
      4126.58  1.13513e-17
      4128.71  1.15021e-17
      4130.84  1.13983e-17
      4132.97  1.12698e-17
      4135.11  1.10631e-17
      4137.24  1.07301e-17
      4139.37  1.06276e-17
      4141.50  1.05975e-17
      4143.64  1.03675e-17
      4145.77  1.01192e-17
      4147.90  9.96016e-18
      4150.03  1.00202e-17
      4152.17  1.01563e-17
      4154.30  1.02577e-17
      4156.43  1.00014e-17
      4158.56  9.95660e-18
      4160.70  9.98999e-18
      4162.83  1.02502e-17
      4164.96  1.05493e-17
      4167.09  1.03618e-17
      4169.23  1.04925e-17
      4171.36  1.09003e-17
      4173.49  1.09692e-17
      4175.62  1.09261e-17
      4177.76  1.07674e-17
      4179.89  1.05424e-17
      4182.02  1.07033e-17
      4184.15  1.07421e-17
      4186.29  1.06939e-17
      4188.42  1.06104e-17
      4190.55  1.06782e-17
      4192.69  1.06907e-17
      4194.82  1.05193e-17
      4196.95  1.03300e-17
      4199.08  1.01901e-17
      4201.22  9.94481e-18
      4203.35  9.97207e-18
      4205.48  9.91429e-18
      4207.61  1.00386e-17
      4209.75  1.00654e-17
      4211.88  9.85185e-18
      4214.01  9.96169e-18
      4216.14  9.82074e-18
      4218.27  9.77072e-18
      4220.41  9.70752e-18
      4222.54  9.69592e-18
      4224.67  9.65715e-18
      4226.81  9.67686e-18
      4228.94  1.00356e-17
      4231.07  9.96818e-18
      4233.20  9.70504e-18
      4235.34  9.56008e-18
      4237.47  9.73338e-18
      4239.60  9.74813e-18
      4241.73  9.79604e-18
      4243.87  1.00123e-17
      4246.00  1.01997e-17
      4248.13  1.01528e-17
      4250.26  1.00792e-17
      4252.40  1.00631e-17
      4254.53  1.01127e-17
      4256.66  9.92722e-18
      4258.79  9.88029e-18
      4260.93  1.02727e-17
      4263.06  1.02796e-17
      4265.19  1.02154e-17
      4267.32  1.02255e-17
      4269.46  1.03368e-17
      4271.59  1.01334e-17
      4273.72  9.93457e-18
      4275.85  9.94125e-18
      4277.99  9.86820e-18
      4280.12  9.70975e-18
      4282.25  9.62694e-18
      4284.38  9.66126e-18
      4286.52  9.63575e-18
      4288.65  9.70851e-18
      4290.78  9.88194e-18
      4292.91  9.84609e-18
      4295.05  9.50709e-18
      4297.18  9.47298e-18
      4299.31  9.44466e-18
      4301.44  9.32224e-18
      4303.58  9.40969e-18
      4305.71  9.55907e-18
      4307.84  9.44718e-18
      4309.97  9.00278e-18
      4312.11  8.89316e-18
      4314.24  8.95438e-18
      4316.37  8.85003e-18
      4318.50  8.61771e-18
      4320.64  8.53870e-18
      4322.77  8.60554e-18
      4324.90  8.36956e-18
      4327.03  8.22487e-18
      4329.17  8.24921e-18
      4331.30  8.11446e-18
      4333.43  7.76751e-18
      4335.56  7.48382e-18
      4337.70  7.41235e-18
      4339.83  7.30663e-18
      4341.96  7.07465e-18
      4344.09  6.88274e-18
      4346.23  6.95525e-18
      4348.36  7.02778e-18
      4350.49  7.10028e-18
      4352.62  7.17278e-18
      4354.76  7.24529e-18
      4356.89  7.31779e-18
      4359.02  7.39027e-18
      4361.15  7.46275e-18
      4363.29  7.53523e-18
      4365.42  7.60770e-18
      4367.55  7.68016e-18
      4369.68  7.75262e-18
      4371.82  7.82509e-18
      4373.95  7.89751e-18
      4376.08  7.96997e-18
      4378.21  8.04241e-18
      4380.35  8.11484e-18
      4382.48  8.18726e-18
      4384.61  8.51411e-18
      4386.75  8.65005e-18
      4388.88  8.74529e-18
      4391.01  8.92626e-18
      4393.14  9.16880e-18
      4395.27  9.25347e-18
      4397.41  9.24280e-18
      4399.54  9.15312e-18
      4401.67  9.22241e-18
      4403.80  9.44636e-18
      4405.94  9.41133e-18
      4408.07  9.35294e-18
      4410.20  9.29386e-18
      4412.33  9.17393e-18
      4414.47  9.16370e-18
      4416.60  9.12656e-18
      4418.73  9.03088e-18
      4420.87  8.92797e-18
      4423.00  8.69410e-18
      4425.13  8.53996e-18
      4427.26  8.44281e-18
      4429.40  8.59873e-18
      4431.53  8.82111e-18
      4433.66  8.90700e-18
      4435.79  8.77964e-18
      4437.93  8.73003e-18
      4440.06  8.66512e-18
      4442.19  8.53034e-18
      4444.32  8.52906e-18
      4446.46  8.75344e-18
      4448.59  8.94680e-18
      4450.72  8.95735e-18
      4452.85  8.94908e-18
      4454.99  8.89950e-18
      4457.12  8.81560e-18
      4459.25  8.77502e-18
      4461.38  8.76216e-18
      4463.52  8.93069e-18
      4465.65  9.03401e-18
      4467.78  9.11404e-18
      4469.91  9.27329e-18
      4472.05  9.18060e-18
      4474.18  9.15028e-18
      4476.31  9.29188e-18
      4478.44  9.29378e-18
      4480.58  9.17490e-18
      4482.71  9.30307e-18
      4484.84  9.56151e-18
      4486.97  9.72089e-18
      4489.11  9.69251e-18
      4491.24  9.66827e-18
      4493.37  1.00306e-17
      4495.50  1.03385e-17
      4497.64  1.02123e-17
      4499.77  1.02539e-17
      4501.90  1.07270e-17
      4504.03  1.10762e-17
      4506.17  1.12419e-17
      4508.30  1.12573e-17
      4510.43  1.12909e-17
      4512.56  1.14432e-17
      4514.70  1.16108e-17
      4516.83  1.19134e-17
      4518.96  1.20983e-17
      4521.09  1.22957e-17
      4523.23  1.26367e-17
      4525.36  1.29186e-17
      4527.49  1.32032e-17
      4529.62  1.32280e-17
      4531.76  1.31427e-17
      4533.89  1.30861e-17
      4536.02  1.30950e-17
      4538.15  1.31213e-17
      4540.29  1.31627e-17
      4542.42  1.33222e-17
      4544.55  1.33416e-17
      4546.68  1.34776e-17
      4548.82  1.37029e-17
      4550.95  1.38491e-17
      4553.08  1.40828e-17
      4555.21  1.41531e-17
      4557.35  1.42333e-17
      4559.48  1.44798e-17
      4561.61  1.44105e-17
      4563.74  1.45106e-17
      4565.88  1.47188e-17
      4568.01  1.47553e-17
      4570.14  1.48263e-17
      4572.27  1.47573e-17
      4574.41  1.46985e-17
      4576.54  1.48005e-17
      4578.67  1.48975e-17
      4580.80  1.48320e-17
      4582.94  1.46274e-17
      4585.07  1.46327e-17
      4587.20  1.46822e-17
      4589.33  1.46825e-17
      4591.47  1.49147e-17
      4593.60  1.51456e-17
      4595.73  1.52612e-17
      4597.86  1.55561e-17
      4600.00  1.55665e-17
      4602.13  1.55067e-17
      4604.26  1.55767e-17
      4606.40  1.54639e-17
      4608.53  1.54459e-17
      4610.66  1.56173e-17
      4612.79  1.57027e-17
      4614.93  1.58429e-17
      4617.06  1.56798e-17
      4619.19  1.55814e-17
      4621.32  1.57618e-17
      4623.46  1.59352e-17
      4625.59  1.61186e-17
      4627.72  1.62229e-17
      4629.85  1.61993e-17
      4631.98  1.62577e-17
      4634.12  1.68557e-17
      4636.25  1.72349e-17
      4638.38  1.73262e-17
      4640.52  1.73915e-17
      4642.65  1.71581e-17
      4644.78  1.70432e-17
      4646.91  1.70017e-17
      4649.05  1.69684e-17
      4651.18  1.70490e-17
      4653.31  1.70003e-17
      4655.44  1.66712e-17
      4657.58  1.63068e-17
      4659.71  1.63680e-17
      4661.84  1.64441e-17
      4663.97  1.64284e-17
      4666.11  1.60925e-17
      4668.24  1.58229e-17
      4670.37  1.58211e-17
      4672.50  1.57907e-17
      4674.64  1.57742e-17
      4676.77  1.56783e-17
      4678.90  1.57253e-17
      4681.03  1.57957e-17
      4683.17  1.57577e-17
      4685.30  1.59624e-17
      4687.43  1.61550e-17
      4689.56  1.62223e-17
      4691.70  1.63138e-17
      4693.83  1.64170e-17
      4695.96  1.66492e-17
      4698.09  1.67701e-17
      4700.23  1.69231e-17
      4702.36  1.70132e-17
      4704.49  1.69495e-17
      4706.62  1.68509e-17
      4708.76  1.67714e-17
      4710.89  1.66770e-17
      4713.02  1.65162e-17
      4715.15  1.64598e-17
      4717.29  1.64576e-17
      4719.42  1.61576e-17
      4721.55  1.57121e-17
      4723.68  1.56184e-17
      4725.82  1.57996e-17
      4727.95  1.56603e-17
      4730.08  1.52826e-17
      4732.21  1.50618e-17
      4734.35  1.49196e-17
      4736.48  1.49119e-17
      4738.61  1.47714e-17
      4740.74  1.46342e-17
      4742.88  1.45198e-17
      4745.01  1.39677e-17
      4747.14  1.35500e-17
      4749.27  1.35178e-17
      4751.41  1.35951e-17
      4753.54  1.34496e-17
      4755.67  1.32803e-17
      4757.80  1.29795e-17
      4759.94  1.28077e-17
      4762.07  1.27157e-17
      4764.20  1.25293e-17
      4766.33  1.25125e-17
      4768.47  1.23897e-17
      4770.60  1.22873e-17
      4772.73  1.22181e-17
      4774.86  1.19685e-17
      4777.00  1.16624e-17
      4779.13  1.15303e-17
      4781.26  1.13091e-17
      4783.39  1.09292e-17
      4785.53  1.10014e-17
      4787.66  1.08662e-17
      4789.79  1.04585e-17
      4791.92  1.01858e-17
      4794.06  1.01073e-17
      4796.19  1.00860e-17
      4798.32  9.80998e-18
      4800.45  9.43541e-18
      4802.59  9.27669e-18
      4804.72  8.91282e-18
      4806.85  8.69788e-18
      4808.98  8.49294e-18
      4811.12  8.28717e-18
      4813.25  8.31554e-18
      4815.38  8.14204e-18
      4817.52  7.98927e-18
      4819.65  7.81953e-18
      4821.78  7.72459e-18
      4823.91  7.87527e-18
      4826.04  7.89002e-18
      4828.18  7.91654e-18
      4830.31  7.94334e-18
      4832.44  8.01839e-18
      4834.58  7.94001e-18
      4836.71  7.80361e-18
      4838.84  7.79460e-18
      4840.97  7.84589e-18
      4843.11  7.86124e-18
      4845.24  7.86470e-18
      4847.37  7.86816e-18
      4849.50  7.87162e-18
      4851.64  7.87508e-18
      4853.77  7.87854e-18
      4855.90  7.88200e-18
      4858.03  7.88547e-18
      4860.17  7.88893e-18
      4862.30  7.89239e-18
      4864.43  7.89585e-18
      4866.56  7.89931e-18
      4868.70  7.90277e-18
      4870.83  7.90622e-18
      4872.96  7.90968e-18
      4875.09  7.91314e-18
      4877.23  7.91660e-18
      4879.36  7.92006e-18
      4881.49  7.88158e-18
      4883.62  8.00493e-18
      4885.76  8.04366e-18
      4887.89  8.15712e-18
      4890.02  8.25269e-18
      4892.15  8.29460e-18
      4894.29  8.51751e-18
      4896.42  8.68839e-18
      4898.55  8.80805e-18
      4900.68  8.93978e-18
      4902.82  8.96401e-18
      4904.95  9.06612e-18
      4907.08  9.15305e-18
      4909.21  9.14445e-18
      4911.35  9.43527e-18
      4913.48  9.81114e-18
      4915.61  1.01936e-17
      4917.74  1.03606e-17
      4919.88  1.03843e-17
      4922.01  1.06848e-17
      4924.14  1.09427e-17
      4926.27  1.12176e-17
      4928.41  1.13987e-17
      4930.54  1.16477e-17
      4932.67  1.19678e-17
      4934.80  1.21948e-17
      4936.94  1.22704e-17
      4939.07  1.25965e-17
      4941.20  1.28674e-17
      4943.33  1.31385e-17
      4945.47  1.34096e-17
      4947.60  1.36805e-17
      4949.73  1.39515e-17
      4951.86  1.42225e-17
      4954.00  1.44934e-17
      4956.13  1.47643e-17
      4958.26  1.50352e-17
      4960.39  1.53061e-17
      4962.53  1.55769e-17
      4964.66  1.58478e-17
      4966.79  1.61186e-17
      4968.92  1.63894e-17
      4971.06  1.66601e-17
      4973.19  1.69309e-17
      4975.32  1.72015e-17
      4977.45  1.74722e-17
      4979.59  1.74394e-17
      4981.72  1.76713e-17
      4983.85  1.77348e-17
      4985.98  1.76853e-17
      4988.12  1.79955e-17
      4990.25  1.77921e-17
      4992.38  1.75886e-17
      4994.51  1.73851e-17
      4996.65  1.71817e-17
      4998.78  1.69783e-17
      5000.91  1.67749e-17
      5003.04  1.65715e-17
      5005.18  1.63682e-17
      5007.31  1.61648e-17
      5009.44  1.59615e-17
      5011.57  1.57582e-17
      5013.71  1.55549e-17
      5015.84  1.53516e-17
      5017.97  1.51483e-17
      5020.10  1.49451e-17
      5022.24  1.47419e-17
      5024.37  1.45386e-17
      5026.50  1.43355e-17
      5028.64  1.40205e-17
      5030.77  1.38709e-17
      5032.90  1.33957e-17
      5035.03  1.30292e-17
      5037.17  1.26590e-17
      5039.30  1.21288e-17
      5041.43  1.18224e-17
      5043.56  1.14531e-17
      5045.70  1.10827e-17
      5047.83  1.08388e-17
      5049.96  1.06351e-17
      5052.09  1.03601e-17
      5054.23  1.02445e-17
      5056.36  1.01962e-17
      5058.49  9.98822e-18
      5060.62  9.80557e-18
      5062.76  9.69458e-18
      5064.89  9.70709e-18
      5067.02  9.79860e-18
      5069.15  9.87889e-18
      5071.29  9.88676e-18
      5073.42  9.81233e-18
      5075.55  1.00797e-17
      5077.68  1.04169e-17
      5079.82  1.05215e-17
      5081.95  1.05808e-17
      5084.08  1.08385e-17
      5086.21  1.10478e-17
      5088.35  1.11666e-17
      5090.48  1.12336e-17
      5092.61  1.12924e-17
      5094.74  1.13801e-17
      5096.88  1.16010e-17
      5099.01  1.18393e-17
      5101.14  1.18902e-17
      5103.27  1.21270e-17
      5105.41  1.23726e-17
      5107.54  1.23834e-17
      5109.67  1.24475e-17
      5111.80  1.25096e-17
      5113.94  1.25663e-17
      5116.07  1.27358e-17
      5118.20  1.29291e-17
      5120.33  1.28995e-17
      5122.47  1.29127e-17
      5124.60  1.29740e-17
      5126.73  1.28522e-17
      5128.86  1.27604e-17
      5131.00  1.28042e-17
      5133.13  1.29860e-17
      5135.26  1.31442e-17
      5137.39  1.32201e-17
      5139.53  1.31770e-17
      5141.66  1.31851e-17
      5143.79  1.32010e-17
      5145.92  1.31327e-17
      5148.06  1.31292e-17
      5150.19  1.31347e-17
      5152.32  1.31549e-17
      5154.45  1.32877e-17
      5156.59  1.32127e-17
      5158.72  1.29943e-17
      5160.85  1.29089e-17
      5162.98  1.29992e-17
      5165.12  1.28919e-17
      5167.25  1.27301e-17
      5169.38  1.28827e-17
      5171.51  1.27636e-17
      5173.65  1.24238e-17
      5175.78  1.22929e-17
      5177.91  1.23199e-17
      5180.04  1.23334e-17
      5182.18  1.21416e-17
      5184.31  1.19031e-17
      5186.44  1.20013e-17
      5188.57  1.19735e-17
      5190.71  1.18962e-17
      5192.84  1.19649e-17
      5194.97  1.19068e-17
      5197.10  1.16347e-17
      5199.24  1.15427e-17
      5201.37  1.16543e-17
      5203.50  1.16976e-17
      5205.63  1.16097e-17
      5207.77  1.14969e-17
      5209.90  1.14128e-17
      5212.03  1.14097e-17
      5214.16  1.14090e-17
      5216.30  1.14530e-17
      5218.43  1.14526e-17
      5220.56  1.14239e-17
      5222.69  1.15084e-17
      5224.83  1.17287e-17
      5226.96  1.20061e-17
      5229.09  1.21181e-17
      5231.23  1.20608e-17
      5233.36  1.21247e-17
      5235.49  1.22293e-17
      5237.62  1.24521e-17
      5239.76  1.26966e-17
      5241.89  1.27830e-17
      5244.02  1.28983e-17
      5246.15  1.30914e-17
      5248.29  1.31479e-17
      5250.42  1.31155e-17
      5252.55  1.33140e-17
      5254.68  1.36662e-17
      5256.82  1.38185e-17
      5258.95  1.39403e-17
      5261.08  1.40475e-17
      5263.21  1.42642e-17
      5265.35  1.44147e-17
      5267.48  1.45478e-17
      5269.61  1.47594e-17
      5271.74  1.49592e-17
      5273.88  1.51216e-17
      5276.01  1.53216e-17
      5278.14  1.55704e-17
      5280.27  1.56515e-17
      5282.41  1.58494e-17
      5284.54  1.62236e-17
      5286.67  1.63938e-17
      5288.80  1.62122e-17
      5290.94  1.63137e-17
      5293.07  1.66450e-17
      5295.20  1.68984e-17
      5297.33  1.69759e-17
      5299.47  1.68942e-17
      5301.60  1.68680e-17
      5303.73  1.68960e-17
      5305.86  1.68969e-17
      5308.00  1.67949e-17
      5310.13  1.67647e-17
      5312.26  1.68651e-17
      5314.39  1.68406e-17
      5316.53  1.68242e-17
      5318.66  1.70269e-17
      5320.79  1.71713e-17
      5322.92  1.71822e-17
      5325.06  1.70970e-17
      5327.19  1.72350e-17
      5329.32  1.71188e-17
      5331.45  1.68745e-17
      5333.59  1.67452e-17
      5335.72  1.67421e-17
      5337.85  1.66997e-17
      5339.98  1.66547e-17
      5342.12  1.67787e-17
      5344.25  1.67972e-17
      5346.38  1.66548e-17
      5348.51  1.64361e-17
      5350.65  1.63368e-17
      5352.78  1.64229e-17
      5354.91  1.64982e-17
      5357.04  1.65330e-17
      5359.18  1.65912e-17
      5361.31  1.64878e-17
      5363.44  1.62234e-17
      5365.57  1.60272e-17
      5367.71  1.59176e-17
      5369.84  1.58303e-17
      5371.97  1.57539e-17
      5374.10  1.58080e-17
      5376.24  1.56689e-17
      5378.37  1.54305e-17
      5380.50  1.53827e-17
      5382.63  1.53643e-17
      5384.77  1.54390e-17
      5386.90  1.53339e-17
      5389.03  1.51298e-17
      5391.16  1.51313e-17
      5393.30  1.52996e-17
      5395.43  1.52843e-17
      5397.56  1.50550e-17
      5399.69  1.51526e-17
      5401.83  1.52747e-17
      5403.96  1.52336e-17
      5406.09  1.49516e-17
      5408.22  1.49281e-17
      5410.36  1.50278e-17
      5412.49  1.49560e-17
      5414.62  1.47565e-17
      5416.75  1.49128e-17
      5418.89  1.48360e-17
      5421.02  1.47305e-17
      5423.15  1.45467e-17
      5425.29  1.48144e-17
      5427.42  1.52131e-17
      5429.55  1.48909e-17
      5431.68  1.47108e-17
      5433.81  1.48887e-17
      5435.95  1.48384e-17
      5438.08  1.47418e-17
      5440.21  1.48757e-17
      5442.34  1.48703e-17
      5444.48  1.50916e-17
      5446.61  1.52860e-17
      5448.74  1.53418e-17
      5450.88  1.54344e-17
      5453.01  1.55985e-17
      5455.14  1.56361e-17
      5457.27  1.56387e-17
      5459.41  1.56662e-17
      5461.54  1.57642e-17
      5463.67  1.61531e-17
      5465.80  1.63767e-17
      5467.94  1.62460e-17
      5470.07  1.63582e-17
      5472.20  1.64632e-17
      5474.33  1.67034e-17
      5476.47  1.71983e-17
      5478.60  1.73443e-17
      5480.73  1.69020e-17
      5482.86  1.67160e-17
      5485.00  1.69135e-17
      5487.13  1.70202e-17
      5489.26  1.70193e-17
      5491.39      0.00000
      5493.53      0.00000
      5495.66      0.00000
      5497.79      0.00000
      5499.92      0.00000
      5502.06      0.00000
      5504.19      0.00000
      5506.32      0.00000
      5508.45      0.00000
      5510.59      0.00000
      5512.72      0.00000
      5514.85      0.00000
      5516.98      0.00000
      5519.12      0.00000
      5521.25      0.00000
      5523.38      0.00000
      5525.51      0.00000
      5527.65      0.00000
      5529.78      0.00000
      5531.91      0.00000
      5534.04      0.00000
      5536.18      0.00000
      5538.31      0.00000
      5540.44      0.00000
      5542.57      0.00000
      5544.71      0.00000
      5546.84      0.00000
      5548.97      0.00000
      5551.10      0.00000
      5553.24      0.00000
      5555.37      0.00000
      5557.50      0.00000
      5559.63      0.00000
      5561.77      0.00000
      5563.90      0.00000
      5566.03      0.00000
      5568.16      0.00000
      5570.30      0.00000
      5572.43      0.00000
      5574.56      0.00000
      5576.69      0.00000
      5578.83      0.00000
      5580.96      0.00000
      5583.09      0.00000
      5585.22      0.00000
      5587.36      0.00000
      5589.49      0.00000
      5591.62      0.00000
      5593.75      0.00000
      5595.89      0.00000
      5598.02      0.00000
      5600.15      0.00000
      5602.28      0.00000
      5604.42      0.00000
      5606.55      0.00000
      5608.68      0.00000
      5610.81      0.00000
      5612.95      0.00000
      5615.08      0.00000
      5617.21      0.00000
      5619.34      0.00000
      5621.48      0.00000
      5623.61      0.00000
      5625.74      0.00000
      5627.87      0.00000
      5630.01      0.00000
      5632.14      0.00000
      5634.27      0.00000
      5636.40      0.00000
      5638.54      0.00000
      5640.67  1.27636e-17
      5642.80  1.32040e-17
      5644.94  1.32373e-17
      5647.07  1.28124e-17
      5649.20  1.25034e-17
      5651.33  1.23628e-17
      5653.47  1.23312e-17
      5655.60  1.21167e-17
      5657.73  1.17339e-17
      5659.86  1.16894e-17
      5662.00  1.13687e-17
      5664.13  1.07817e-17
      5666.26  1.04420e-17
      5668.39  1.00437e-17
      5670.52  9.80027e-18
      5672.66  9.63709e-18
      5674.79  9.37406e-18
      5676.92  9.16058e-18
      5679.06  9.07749e-18
      5681.19  8.80403e-18
      5683.32  8.47370e-18
      5685.45  8.66749e-18
      5687.59  8.37336e-18
      5689.72  8.08387e-18
      5691.85  7.84349e-18
      5693.98  7.69592e-18
      5696.12  7.54418e-18
      5698.25  7.36554e-18
      5700.38  7.54716e-18
      5702.51  7.69973e-18
      5704.65  7.60654e-18
      5706.78  7.62604e-18
      5708.91  7.69990e-18
      5711.04  7.70199e-18
      5713.18  7.74110e-18
      5715.31  7.86970e-18
      5717.44  8.07173e-18
      5719.57  8.30885e-18
      5721.71  8.54664e-18
      5723.84  8.76558e-18
      5725.97  8.87366e-18
      5728.10  8.93638e-18
      5730.24  9.17376e-18
      5732.37  9.58339e-18
      5734.50  9.91076e-18
      5736.63  9.87453e-18
      5738.77  1.01247e-17
      5740.90  1.06034e-17
      5743.03  1.10020e-17
      5745.16  1.14175e-17
      5747.30  1.17828e-17
      5749.43  1.19468e-17
      5751.56  1.22965e-17
      5753.69  1.28708e-17
      5755.83  1.35176e-17
      5757.96  1.39234e-17
      5760.09  1.40827e-17
      5762.22  1.44488e-17
      5764.36  1.50277e-17
      5766.49  1.51489e-17
      5768.62  1.53108e-17
      5770.75  1.58397e-17
      5772.89  1.62281e-17
      5775.02  1.63729e-17
      5777.15  1.66566e-17
      5779.28  1.68766e-17
      5781.42  1.68725e-17
      5783.55  1.71156e-17
      5785.68  1.75214e-17
      5787.81  1.79376e-17
      5789.95  1.82548e-17
      5792.08  1.84166e-17
      5794.21  1.85400e-17
      5796.34  1.86747e-17
      5798.48  1.87042e-17
      5800.61  1.88720e-17
      5802.74  1.91756e-17
      5804.87  1.91687e-17
      5807.01  1.90188e-17
      5809.14  1.93267e-17
      5811.27  1.97826e-17
      5813.40  1.99077e-17
      5815.54  1.99532e-17
      5817.67  2.02860e-17
      5819.80  2.05561e-17
      5821.93  2.06760e-17
      5824.07  2.10597e-17
      5826.20  2.15405e-17
      5828.33  2.15961e-17
      5830.46  2.17309e-17
      5832.60  2.18220e-17
      5834.73  2.21787e-17
      5836.86  2.24585e-17
      5839.00  2.24308e-17
      5841.13  2.26653e-17
      5843.26  2.28845e-17
      5845.39  2.27854e-17
      5847.52  2.30927e-17
      5849.66  2.35008e-17
      5851.79  2.34431e-17
      5853.92  2.33647e-17
      5856.05  2.36882e-17
      5858.19  2.38102e-17
      5860.32  2.37335e-17
      5862.45  2.38347e-17
      5864.58  2.38336e-17
      5866.72  2.35800e-17
      5868.85  2.33800e-17
      5870.98  2.33024e-17
      5873.12  2.30594e-17
      5875.25  2.27720e-17
      5877.38  2.25623e-17
      5879.51  2.21252e-17
      5881.65  2.16421e-17
      5883.78  2.13934e-17
      5885.91  2.11390e-17
      5888.04  2.05150e-17
      5890.18  1.98040e-17
      5892.31  1.96022e-17
      5894.44  1.96965e-17
      5896.57  1.95755e-17
      5898.71  1.97801e-17
      5900.84  2.05894e-17
      5902.97  2.11606e-17
      5905.10  2.10612e-17
      5907.24  2.10487e-17
      5909.37  2.11717e-17
      5911.50  2.12469e-17
      5913.63  2.10184e-17
      5915.77  2.09951e-17
      5917.90  2.10290e-17
      5920.03  2.05649e-17
      5922.16  2.06868e-17
      5924.30  2.07620e-17
      5926.43  2.06223e-17
      5928.56  2.04441e-17
      5930.69  2.03717e-17
      5932.83  2.02928e-17
      5934.96  2.00941e-17
      5937.09  1.99260e-17
      5939.22  1.98225e-17
      5941.36  1.99362e-17
      5943.49  1.99046e-17
      5945.62  1.98689e-17
      5947.75  1.99918e-17
      5949.89  1.99586e-17
      5952.02  1.96771e-17
      5954.15  1.95724e-17
      5956.28  1.95936e-17
      5958.42  1.95639e-17
      5960.55  1.94156e-17
      5962.68  1.93362e-17
      5964.81  1.93301e-17
      5966.95  1.91600e-17
      5969.08  1.89276e-17
      5971.21  1.88361e-17
      5973.34  1.86097e-17
      5975.48  1.81707e-17
      5977.61  1.80388e-17
      5979.74  1.82098e-17
      5981.87  1.82662e-17
      5984.01  1.81807e-17
      5986.14  1.77167e-17
      5988.27  1.74631e-17
      5990.40  1.73820e-17
      5992.54  1.73084e-17
      5994.67  1.70625e-17
      5996.80  1.67750e-17
      5998.93  1.67911e-17
      6001.07  1.68518e-17
      6003.20  1.67160e-17
      6005.33  1.64187e-17
      6007.46  1.62631e-17
      6009.60  1.63108e-17
      6011.73  1.62538e-17
      6013.86  1.61205e-17
      6015.99  1.62754e-17
      6018.13  1.62134e-17
      6020.26  1.59899e-17
      6022.39  1.56679e-17
      6024.52  1.55331e-17
      6026.66  1.54849e-17
      6028.79  1.53620e-17
      6030.92  1.53403e-17
      6033.05  1.51830e-17
      6035.19  1.52762e-17
      6037.32  1.51594e-17
      6039.45  1.49197e-17
      6041.58  1.47484e-17
      6043.72  1.44810e-17
      6045.85  1.42285e-17
      6047.98  1.43661e-17
      6050.11  1.44762e-17
      6052.25  1.43784e-17
      6054.38  1.42088e-17
      6056.51  1.42450e-17
      6058.65  1.43598e-17
      6060.78  1.43523e-17
      6062.91  1.44323e-17
      6065.04  1.44639e-17
      6067.18  1.43268e-17
      6069.31  1.43931e-17
      6071.44  1.45644e-17
      6073.57  1.44731e-17
      6075.71  1.42841e-17
      6077.84  1.43657e-17
      6079.97  1.44576e-17
      6082.10  1.44467e-17
      6084.24  1.44730e-17
      6086.37  1.45092e-17
      6088.50  1.44177e-17
      6090.63  1.44175e-17
      6092.77  1.46232e-17
      6094.90  1.46140e-17
      6097.03  1.46256e-17
      6099.16  1.47901e-17
      6101.30  1.47132e-17
      6103.43  1.44308e-17
      6105.56  1.44416e-17
      6107.69  1.46399e-17
      6109.83  1.45515e-17
      6111.96  1.46250e-17
      6114.09  1.45967e-17
      6116.22  1.45120e-17
      6118.36  1.44222e-17
      6120.49  1.42313e-17
      6122.62  1.40390e-17
      6124.75  1.41066e-17
      6126.89  1.42409e-17
      6129.02  1.39349e-17
      6131.15  1.39397e-17
      6133.28  1.39158e-17
      6135.42  1.38420e-17
      6137.55  1.38562e-17
      6139.68  1.38117e-17
      6141.81  1.37991e-17
      6143.95  1.36149e-17
      6146.08  1.37417e-17
      6148.21  1.37503e-17
      6150.34  1.36754e-17
      6152.48  1.37187e-17
      6154.61  1.36954e-17
      6156.74  1.35531e-17
      6158.87  1.35807e-17
      6161.01  1.38184e-17
      6163.14  1.37203e-17
      6165.27  1.35648e-17
      6167.40  1.35461e-17
      6169.54  1.35566e-17
      6171.67  1.36534e-17
      6173.80  1.37385e-17
      6175.93  1.35582e-17
      6178.07  1.34655e-17
      6180.20  1.36736e-17
      6182.33  1.37431e-17
      6184.46  1.35681e-17
      6186.60  1.35795e-17
      6188.73  1.37456e-17
      6190.86  1.36401e-17
      6192.99  1.35639e-17
      6195.13  1.35176e-17
      6197.26  1.34033e-17
      6199.39  1.32115e-17
      6201.52  1.30338e-17
      6203.66  1.29392e-17
      6205.79  1.28051e-17
      6207.92  1.25528e-17
      6210.05  1.23661e-17
      6212.19  1.23565e-17
      6214.32  1.23142e-17
      6216.45  1.20714e-17
      6218.58  1.17718e-17
      6220.72  1.15952e-17
      6222.85  1.14713e-17
      6224.98  1.11978e-17
      6227.11  1.09023e-17
      6229.25  1.06163e-17
      6231.38  1.03269e-17
      6233.51  1.01526e-17
      6235.64  1.00323e-17
      6237.78  9.71205e-18
      6239.91  9.60409e-18
      6242.04  9.42451e-18
      6244.17  9.05657e-18
      6246.31  8.72392e-18
      6248.44  8.51231e-18
      6250.57  8.21889e-18
      6252.71  7.86261e-18
      6254.84  7.89514e-18
      6256.97  7.57953e-18
      6259.10  7.35503e-18
      6261.23  7.09715e-18
      6263.37  6.78812e-18
      6265.50  6.74172e-18
      6267.63  6.58241e-18
      6269.77  6.47312e-18
      6271.90  6.68997e-18
      6274.03  6.59194e-18
      6276.16  6.51875e-18
      6278.29  6.65837e-18
      6280.43  6.77821e-18
      6282.56  6.87503e-18
      6284.69  6.77660e-18
      6286.83  6.93105e-18
      6288.96  7.15788e-18
      6291.09  7.46864e-18
      6293.22  7.83583e-18
      6295.36  7.98844e-18
      6297.49  7.94134e-18
      6299.62  8.09691e-18
      6301.75  8.37535e-18
      6303.89  8.44488e-18
      6306.02  8.20541e-18
      6308.15  8.14444e-18
      6310.28  8.23076e-18
      6312.42  8.14539e-18
      6314.55  8.18494e-18
      6316.68  8.44836e-18
      6318.81  8.63925e-18
      6320.95  8.77349e-18
      6323.08  9.05215e-18
      6325.21  9.36347e-18
      6327.34  9.58910e-18
      6329.48  9.73724e-18
      6331.61  9.71874e-18
      6333.74  9.96372e-18
      6335.87  1.05542e-17
      6338.01  1.10159e-17
      6340.14  1.11234e-17
      6342.27  1.10419e-17
      6344.40  1.10754e-17
      6346.54  1.13001e-17
      6348.67  1.13356e-17
      6350.80  1.15524e-17
      6352.93  1.18439e-17
      6355.07  1.19384e-17
      6357.20  1.21008e-17
      6359.33  1.23688e-17
      6361.46  1.23967e-17
      6363.60  1.25709e-17
      6365.73  1.28693e-17
      6367.86  1.29006e-17
      6369.99  1.27615e-17
      6372.13  1.28303e-17
      6374.26  1.29482e-17
      6376.39  1.29370e-17
      6378.52  1.31270e-17
      6380.66  1.30924e-17
      6382.79  1.32864e-17
      6384.92  1.34315e-17
      6387.05  1.32811e-17
      6389.19  1.33012e-17
      6391.32  1.35061e-17
      6393.45  1.33661e-17
      6395.58  1.34036e-17
      6397.72  1.33469e-17
      6399.85  1.35000e-17
      6401.98  1.35497e-17
      6404.11  1.32446e-17
      6406.25  1.31129e-17
      6408.38  1.33557e-17
      6410.51  1.33618e-17
      6412.64  1.35706e-17
      6414.78  1.35447e-17
      6416.91  1.34180e-17
      6419.04  1.33560e-17
      6421.17  1.33677e-17
      6423.31  1.34927e-17
      6425.44  1.35665e-17
      6427.57  1.34100e-17
      6429.70  1.33030e-17
      6431.84  1.32431e-17
      6433.97  1.30957e-17
      6436.10  1.30332e-17
      6438.23  1.30160e-17
      6440.37  1.27541e-17
      6442.50  1.25414e-17
      6444.63  1.23338e-17
      6446.76  1.22469e-17
      6448.90  1.20383e-17
      6451.03  1.17917e-17
      6453.16  1.16329e-17
      6455.29  1.13555e-17
      6457.43  1.10672e-17
      6459.56  1.10789e-17
      6461.69  1.09793e-17
      6463.83  1.08530e-17
      6465.96  1.07669e-17
      6468.09  1.05727e-17
      6470.22  1.03450e-17
      6472.35  1.03091e-17
      6474.49  1.02896e-17
      6476.62  1.00588e-17
      6478.75  9.87366e-18
      6480.89  9.83625e-18
      6483.02  9.92706e-18
      6485.15  9.94755e-18
      6487.28  9.72927e-18
      6489.42  9.59478e-18
      6491.55  9.59280e-18
      6493.68  9.59945e-18
      6495.81  9.56610e-18
      6497.95  9.56678e-18
      6500.08  9.57647e-18
      6502.21  9.53500e-18
      6504.34  9.56056e-18
      6506.48  9.69048e-18
      6508.61  9.76441e-18
      6510.74  9.76618e-18
      6512.87  9.94021e-18
      6515.01  1.01065e-17
      6517.14  1.00960e-17
      6519.27  1.02320e-17
      6521.40  1.04411e-17
      6523.54  1.05294e-17
      6525.67  1.06437e-17
      6527.80  1.07714e-17
      6529.93  1.08631e-17
      6532.07  1.09142e-17
      6534.20  1.11013e-17
      6536.33  1.12884e-17
      6538.46  1.14755e-17
      6540.60  1.16626e-17
      6542.73  1.18498e-17
      6544.86  1.20368e-17
      6546.99  1.22239e-17
      6549.13  1.24110e-17
      6551.26  1.25981e-17
      6553.39  1.27852e-17
      6555.52  1.29722e-17
      6557.66  1.31592e-17
      6559.79  1.33463e-17
      6561.92  1.35334e-17
      6564.05  1.37204e-17
      6566.19  1.39074e-17
      6568.32  1.40944e-17
      6570.45  1.42814e-17
      6572.58  1.44684e-17
      6574.72  1.46554e-17
      6576.85  1.48425e-17
      6578.98  1.50294e-17
      6581.11  1.52164e-17
      6583.25  1.54034e-17
      6585.38  1.55904e-17
      6587.51  1.57773e-17
      6589.64  1.59643e-17
      6591.78  1.61512e-17
      6593.91  1.63381e-17
      6596.04  1.62951e-17
      6598.17  1.63748e-17
      6600.31  1.62115e-17
      6602.44  1.61730e-17
      6604.57  1.61643e-17
      6606.70  1.62055e-17
      6608.84  1.63022e-17
      6610.97  1.63539e-17
      6613.10  1.63421e-17
      6615.23  1.63553e-17
      6617.37  1.65266e-17
      6619.50  1.65435e-17
      6621.63  1.65441e-17
      6623.76  1.66564e-17
      6625.90  1.68081e-17
      6628.03  1.70028e-17
      6630.16  1.72375e-17
      6632.29  1.72824e-17
      6634.43  1.72024e-17
      6636.56  1.72656e-17
      6638.69  1.74284e-17
      6640.82  1.74843e-17
      6642.96  1.74691e-17
      6645.09  1.75328e-17
      6647.22  1.75560e-17
      6649.35  1.74949e-17
      6651.49  1.76727e-17
      6653.62  1.76438e-17
      6655.75  1.75393e-17
      6657.88  1.76080e-17
      6660.02  1.75647e-17
      6662.15  1.74708e-17
      6664.28  1.74821e-17
      6666.41  1.74119e-17
      6668.55  1.73038e-17
      6670.68  1.72143e-17
      6672.81  1.71316e-17
      6674.94  1.69836e-17
      6677.08  1.68101e-17
      6679.21  1.68229e-17
      6681.34  1.65573e-17
      6683.48  1.64601e-17
      6685.61  1.64781e-17
      6687.74  1.63643e-17
      6689.87  1.61575e-17
      6692.01  1.58781e-17
      6694.14  1.55511e-17
      6696.27  1.55006e-17
      6698.40  1.55955e-17
      6700.54  1.56365e-17
      6702.67  1.56110e-17
      6704.80  1.56047e-17
      6706.93  1.55526e-17
      6709.07  1.53837e-17
      6711.20  1.53519e-17
      6713.33  1.51851e-17
      6715.46  1.49619e-17
      6717.60  1.49961e-17
      6719.73  1.52071e-17
      6721.86  1.52980e-17
      6723.99  1.52772e-17
      6726.13  1.52619e-17
      6728.26  1.51352e-17
      6730.39  1.50196e-17
      6732.52  1.49557e-17
      6734.66  1.48810e-17
      6736.79  1.48760e-17
      6738.92  1.49762e-17
      6741.05  1.49460e-17
      6743.19  1.47888e-17
      6745.32  1.46243e-17
      6747.45  1.45912e-17
      6749.58  1.45977e-17
      6751.72  1.45435e-17
      6753.85  1.44758e-17
      6755.98  1.44720e-17
      6758.11  1.45641e-17
      6760.25  1.45646e-17
      6762.38  1.44192e-17
      6764.51  1.43340e-17
      6766.64  1.42811e-17
      6768.78  1.41023e-17
      6770.91  1.39413e-17
      6773.04  1.39734e-17
      6775.17  1.39154e-17
      6777.31  1.36654e-17
      6779.44  1.35727e-17
      6781.57  1.37011e-17
      6783.70  1.36956e-17
      6785.84  1.35375e-17
      6787.97  1.35539e-17
      6790.10  1.34566e-17
      6792.23  1.33675e-17
      6794.37  1.32760e-17
      6796.50  1.31653e-17
      6798.63  1.30598e-17
      6800.76  1.29768e-17
      6802.90  1.28929e-17
      6805.03  1.27779e-17
      6807.16  1.27951e-17
      6809.29  1.26577e-17
      6811.43  1.23906e-17
      6813.56  1.22153e-17
      6815.69  1.21572e-17
      6817.82  1.20785e-17
      6819.96  1.19098e-17
      6822.09  1.16779e-17
      6824.22  1.13683e-17
      6826.35  1.12130e-17
      6828.49  1.11280e-17
      6830.62  1.09657e-17
      6832.75  1.08394e-17
      6834.88  1.07884e-17
      6837.02  1.06341e-17
      6839.15  1.04343e-17
      6841.28  1.02165e-17
      6843.41  1.01272e-17
      6845.55  1.00520e-17
      6847.68  9.89837e-18
      6849.81  9.74476e-18
      6851.94  9.45009e-18
      6854.08  9.33825e-18
      6856.21  9.46677e-18
      6858.34  9.45374e-18
      6860.47  9.34218e-18
      6862.61  9.25767e-18
      6864.74  9.10507e-18
      6866.87  8.99758e-18
      6869.00  8.96803e-18
      6871.14  8.91740e-18
      6873.27  8.88625e-18
      6875.40  8.86495e-18
      6877.54  8.86463e-18
      6879.67  8.91378e-18
      6881.80  8.97845e-18
      6883.93  9.06222e-18
      6886.07  9.10756e-18
      6888.20  9.19042e-18
      6890.33  9.29489e-18
      6892.46  9.36243e-18
      6894.59  9.47084e-18
      6896.73  9.66478e-18
      6898.86  9.78748e-18
      6900.99  9.87725e-18
      6903.12  9.97360e-18
      6905.26  1.00717e-17
      6907.39  1.02023e-17
      6909.52  1.03059e-17
      6911.66  1.03895e-17
      6913.79  1.06301e-17
      6915.92  1.09086e-17
      6918.05  1.10028e-17
      6920.19  1.11112e-17
      6922.32  1.13555e-17
      6924.45  1.15019e-17
      6926.58  1.15487e-17
      6928.72  1.17651e-17
      6930.85  1.19802e-17
      6932.98  1.21405e-17
      6935.11  1.22787e-17
      6937.25  1.24751e-17
      6939.38  1.26916e-17
      6941.51  1.28438e-17
      6943.64  1.29119e-17
      6945.78  1.29227e-17
      6947.91  1.29977e-17
      6950.04  1.32540e-17
      6952.17  1.34891e-17
      6954.31  1.36090e-17
      6956.44  1.36020e-17
      6958.57  1.35610e-17
      6960.70  1.36640e-17
      6962.84  1.37540e-17
      6964.97  1.36817e-17
      6967.10  1.37335e-17
      6969.23  1.37403e-17
      6971.37  1.36196e-17
      6973.50  1.36324e-17
      6975.63  1.37832e-17
      6977.76  1.37511e-17
      6979.90  1.36418e-17
      6982.03  1.37436e-17
      6984.16  1.38169e-17
      6986.29  1.37497e-17
      6988.43  1.36890e-17
      6990.56  1.36921e-17
      6992.69  1.37282e-17
      6994.82  1.37828e-17
      6996.96  1.37024e-17
      6999.09  1.37753e-17
      7001.22  1.39517e-17
      7003.35  1.39697e-17
      7005.49  1.39371e-17
      7007.62  1.40886e-17
      7009.75  1.42835e-17
      7011.88  1.45313e-17
      7014.02  1.44267e-17
      7016.15  1.43786e-17
      7018.28  1.45423e-17
      7020.41  1.46274e-17
      7022.55  1.46426e-17
      7024.68  1.47239e-17
      7026.81  1.47352e-17
      7028.94  1.49487e-17
      7031.08  1.50533e-17
      7033.21  1.50003e-17
      7035.34  1.49897e-17
      7037.47  1.50389e-17
      7039.61  1.50499e-17
      7041.74  1.49639e-17
      7043.87  1.49027e-17
      7046.00  1.47251e-17
      7048.14  1.47086e-17
      7050.27  1.49072e-17
      7052.40  1.49282e-17
      7054.53  1.47177e-17
      7056.67  1.46532e-17
      7058.80  1.45345e-17
      7060.93  1.43178e-17
      7063.06  1.41668e-17
      7065.20  1.42479e-17
      7067.33  1.43051e-17
      7069.46  1.41211e-17
      7071.59  1.39451e-17
      7073.73  1.36918e-17
      7075.86  1.36294e-17
      7077.99  1.35441e-17
      7080.12  1.33614e-17
      7082.26  1.33349e-17
      7084.39  1.34035e-17
      7086.52  1.32451e-17
      7088.65  1.30793e-17
      7090.79  1.30728e-17
      7092.92  1.30137e-17
      7095.05  1.28463e-17
      7097.19  1.26793e-17
      7099.32  1.26003e-17
      7101.45  1.26327e-17
      7103.58  1.26728e-17
      7105.72  1.25117e-17
      7107.85  1.24043e-17
      7109.98  1.25115e-17
      7112.11  1.25253e-17
      7114.25  1.24043e-17
      7116.38  1.22997e-17
      7118.51  1.21577e-17
      7120.64  1.22392e-17
      7122.78  1.22658e-17
      7124.91  1.21478e-17
      7127.04  1.20373e-17
      7129.17  1.21328e-17
      7131.31  1.22588e-17
      7133.44  1.21693e-17
      7135.57  1.21817e-17
      7137.70  1.22789e-17
      7139.84  1.22324e-17
      7141.97  1.22119e-17
      7144.10  1.23280e-17
      7146.23  1.24250e-17
      7148.37  1.24402e-17
      7150.50  1.25151e-17
      7152.63  1.26218e-17
      7154.76  1.26236e-17
      7156.90  1.26884e-17
      7159.03  1.28726e-17
      7161.16  1.29207e-17
      7163.29  1.28464e-17
      7165.43  1.28433e-17
      7167.56  1.26566e-17
      7169.69  1.27847e-17
      7171.82  1.28037e-17
      7173.96  1.27134e-17
      7176.09  1.27924e-17
      7178.22  1.28721e-17
      7180.35  1.26970e-17
      7182.49  1.25099e-17
      7184.62  1.24440e-17
      7186.75  1.23380e-17
      7188.88  1.22722e-17
      7191.02  1.23357e-17
      7193.15  1.23537e-17
      7195.28  1.22790e-17
      7197.41  1.22886e-17
      7199.55  1.21922e-17
      7201.68  1.21182e-17
      7203.81  1.21547e-17
      7205.94  1.21358e-17
      7208.08  1.20867e-17
      7210.21  1.20384e-17
      7212.34  1.19266e-17
      7214.47  1.19354e-17
      7216.61  1.18206e-17
      7218.74  1.17328e-17
      7220.87  1.17797e-17
      7223.00  1.18681e-17
      7225.14  1.19007e-17
      7227.27  1.19104e-17
      7229.40  1.19743e-17
      7231.53  1.20580e-17
      7233.67  1.20498e-17
      7235.80  1.20084e-17
      7237.93  1.21002e-17
      7240.06  1.21219e-17
      7242.20  1.19800e-17
      7244.33  1.19612e-17
      7246.46  1.19155e-17
      7248.59  1.19670e-17
      7250.73  1.20390e-17
      7252.86  1.19913e-17
      7254.99  1.19623e-17
      7257.12  1.20836e-17
      7259.26  1.21651e-17
      7261.39  1.21009e-17
      7263.52  1.21869e-17
      7265.65  1.21658e-17
      7267.79  1.19628e-17
      7269.92  1.17768e-17
      7272.05  1.17172e-17
      7274.18  1.17727e-17
      7276.32  1.19011e-17
      7278.45  1.19036e-17
      7280.58  1.18061e-17
      7282.71  1.17290e-17
      7284.85  1.15948e-17
      7286.98  1.15568e-17
      7289.11  1.16563e-17
      7291.25  1.15958e-17
      7293.38  1.14759e-17
      7295.51  1.14087e-17
      7297.64  1.12916e-17
      7299.78  1.11951e-17
      7301.91  1.12333e-17
      7304.04  1.11953e-17
      7306.17  1.10132e-17
      7308.31  1.10189e-17
      7310.44  1.09117e-17
      7312.57  1.08362e-17
      7314.70  1.07641e-17
      7316.83  1.07293e-17
      7318.97  1.06494e-17
      7321.10  1.04811e-17
      7323.23  1.04311e-17
      7325.37  1.04589e-17
      7327.50  1.05489e-17
      7329.63  1.05311e-17
      7331.76  1.03985e-17
      7333.90  1.03158e-17
      7336.03  1.04034e-17
      7338.16  1.05616e-17
      7340.29  1.05395e-17
      7342.43  1.03291e-17
      7344.56  1.02617e-17
      7346.69  1.03724e-17
      7348.82  1.04239e-17
      7350.96  1.03933e-17
      7353.09  1.03914e-17
      7355.22  1.03631e-17
      7357.35  1.03837e-17
      7359.49  1.04442e-17
      7361.62  1.05354e-17
      7363.75  1.05617e-17
      7365.88  1.04750e-17
      7368.02  1.03381e-17
      7370.15  1.02519e-17
      7372.28  1.02907e-17
      7374.41  1.03625e-17
      7376.55  1.03854e-17
      7378.68  1.04874e-17
      7380.81  1.05624e-17
      7382.94  1.04916e-17
      7385.08  1.04304e-17
      7387.21  1.04579e-17
      7389.34  1.04677e-17
      7391.47  1.04349e-17
      7393.61  1.03914e-17
      7395.74  1.04224e-17
      7397.87  1.05387e-17
      7400.00  1.05743e-17
      7402.14  1.04416e-17
      7404.27  1.03915e-17
      7406.40  1.04317e-17
      7408.53  1.04050e-17
      7410.67  1.04451e-17
      7412.80  1.04992e-17
      7414.93  1.04735e-17
      7417.06  1.05006e-17
      7419.20  1.05517e-17
      7421.33  1.06263e-17
      7423.46  1.06273e-17
      7425.59  1.05771e-17
      7427.73  1.05280e-17
      7429.86  1.04813e-17
      7431.99  1.04747e-17
      7434.12  1.05186e-17
      7436.26  1.04338e-17
      7438.39  1.03389e-17
      7440.52  1.03696e-17
      7442.65  1.04272e-17
      7444.79  1.04115e-17
      7446.92  1.03290e-17
      7449.05  1.02449e-17
      7451.18  1.02958e-17
      7453.32  1.04002e-17
      7455.45  1.03604e-17
      7457.58  1.03072e-17
      7459.71  1.02923e-17
      7461.85  1.03005e-17
      7463.98  1.03108e-17
      7466.11  1.02145e-17
      7468.24  1.02634e-17
      7470.38  1.01952e-17
      7472.51  1.01252e-17
      7474.64  9.99246e-18
      7476.77  9.78205e-18
      7478.91  9.70620e-18
      7481.04  9.78226e-18
      7483.17  9.86240e-18
      7485.30  9.75798e-18
      7487.44  9.72902e-18
      7489.57  9.68945e-18
      7491.70  9.56256e-18
      7493.83  9.45836e-18
      7495.97  9.33807e-18
      7498.10  9.18243e-18
      7500.23  9.23307e-18
      7502.36  9.27485e-18
      7504.50  9.28566e-18
      7506.63  9.22506e-18
      7508.76  9.12154e-18
      7510.90  9.10073e-18
      7513.03  9.07232e-18
      7515.16  8.94990e-18
      7517.29  8.81394e-18
      7519.43  8.74442e-18
      7521.56  8.75811e-18
      7523.69  8.70575e-18
      7525.82  8.53064e-18
      7527.96  8.42664e-18
      7530.09  8.44522e-18
      7532.22  8.49234e-18
      7534.35  8.46654e-18
      7536.49  8.28102e-18
      7538.62  8.10210e-18
      7540.75  8.07045e-18
      7542.88  8.09785e-18
      7545.02  8.11500e-18
      7547.15  8.04289e-18
      7549.28  8.11254e-18
      7551.41  8.10191e-18
      7553.55  7.93877e-18
      7555.68  7.85889e-18
      7557.81  7.93934e-18
      7559.94  7.98211e-18
      7562.08  7.88558e-18
      7564.21  7.76521e-18
      7566.34  7.67873e-18
      7568.47  7.63035e-18
      7570.61  7.65404e-18
      7572.74  7.68492e-18
      7574.87  7.57809e-18
      7577.00  7.42287e-18
      7579.14  7.41622e-18
      7581.27  7.30213e-18
      7583.40  7.21381e-18
      7585.53  7.31704e-18
      7587.67  7.42202e-18
      7589.80  7.33996e-18
      7591.93  7.31237e-18
      7594.06  7.64392e-18
      7596.20  7.87220e-18
      7598.33  7.90958e-18
      7600.46  7.77556e-18
      7602.59  7.60119e-18
      7604.73  7.51676e-18
      7606.86  7.45619e-18
      7608.99  7.45762e-18
      7611.12  7.46172e-18
      7613.26  7.43432e-18
      7615.39  7.43441e-18
      7617.52  7.43692e-18
      7619.65  7.37823e-18
      7621.79  7.32412e-18
      7623.92  7.38902e-18
      7626.05  7.50996e-18
      7628.18  7.45201e-18
      7630.32  7.53260e-18
      7632.45  7.53837e-18
      7634.58  7.32444e-18
      7636.71  7.30856e-18
      7638.85  7.52050e-18
      7640.98  7.57421e-18
      7643.11  7.67568e-18
      7645.24  7.73047e-18
      7647.38  7.69795e-18
      7649.51  7.76387e-18
      7651.64  7.82295e-18
      7653.77  7.74852e-18
      7655.91  7.94228e-18
      7658.04  7.92010e-18
      7660.17  7.87079e-18
      7662.30  7.91332e-18
      7664.44  7.93762e-18
      7666.57  7.95087e-18
      7668.70  8.04269e-18
      7670.83  8.14172e-18
      7672.97  8.17879e-18
      7675.10  8.20627e-18
      7677.23  8.19473e-18
      7679.36  8.14941e-18
      7681.50  8.13194e-18
      7683.63  8.17126e-18
      7685.76  8.22664e-18
      7687.90  8.24406e-18
      7690.03  8.26366e-18
      7692.16  8.26255e-18
      7694.29  8.24802e-18
      7696.42  8.16432e-18
      7698.56  8.09849e-18
      7700.69  8.20774e-18
      7702.82  8.33207e-18
      7704.96  8.42384e-18
      7707.09  8.43310e-18
      7709.22  8.48363e-18
      7711.35  8.46769e-18
      7713.48  8.39170e-18
      7715.62  8.40716e-18
      7717.75  8.44451e-18
      7719.88  8.54574e-18
      7722.02  8.41236e-18
      7724.15  8.46828e-18
      7726.28  8.55640e-18
      7728.41  8.47080e-18
      7730.55  8.39112e-18
      7732.68  8.44491e-18
      7734.81  8.63639e-18
      7736.94  8.53694e-18
      7739.08  8.46820e-18
      7741.21  8.45220e-18
      7743.34  8.46927e-18
      7745.47  8.54471e-18
      7747.61  8.57953e-18
      7749.74  8.60588e-18
      7751.87  8.68539e-18
      7754.00  8.62774e-18
      7756.14  8.60245e-18
      7758.27  8.68485e-18
      7760.40  8.79379e-18
      7762.53  8.83515e-18
      7764.67  8.72908e-18
      7766.80  8.59418e-18
      7768.93  8.60445e-18
      7771.06  8.70244e-18
      7773.20  8.61001e-18
      7775.33  8.63303e-18
      7777.46  8.84370e-18
      7779.59  8.79929e-18
      7781.73  8.77087e-18
      7783.86  8.72599e-18
      7785.99  8.84273e-18
      7788.12  8.87395e-18
      7790.26  8.88552e-18
      7792.39  8.94532e-18
      7794.52  8.87925e-18
      7796.65  8.83725e-18
      7798.79  8.93090e-18
      7800.92  8.90789e-18
      7803.05  8.80136e-18
      7805.18  8.77544e-18
      7807.32  8.83310e-18
      7809.45  8.90375e-18
      7811.58  8.87274e-18
      7813.71  8.60245e-18
      7815.85  8.54145e-18
      7817.98  8.53765e-18
      7820.11  8.59913e-18
      7822.24  8.68807e-18
      7824.38  8.62824e-18
      7826.51  8.50149e-18
      7828.64  8.51030e-18
      7830.77  8.47796e-18
      7832.91  8.58406e-18
      7835.04  8.56255e-18
      7837.17  8.49893e-18
      7839.30  8.53875e-18
      7841.44  8.56706e-18
      7843.57  8.57118e-18
      7845.70  8.51697e-18
      7847.83  8.50537e-18
      7849.97  8.55312e-18
      7852.10  8.58522e-18
      7854.23  8.58819e-18
      7856.36  8.58607e-18
      7858.50  8.60221e-18
      7860.63  8.66678e-18
      7862.76  8.61443e-18
      7864.89  8.49264e-18
      7867.03  8.58820e-18
      7869.16  8.68332e-18
      7871.29  8.48608e-18
      7873.42  8.25201e-18
      7875.56  8.31060e-18
      7877.69  8.50604e-18
      7879.82  8.54893e-18
      7881.95  8.44585e-18
      7884.09  8.29389e-18
      7886.22  8.16459e-18
      7888.35  8.13209e-18
      7890.48  8.23553e-18
      7892.62  8.37861e-18
      7894.75  8.34851e-18
      7896.88  8.31817e-18
      7899.01  8.29753e-18
      7901.15  8.38539e-18
      7903.28  8.46265e-18
      7905.41  8.31382e-18
      7907.54  8.28134e-18
      7909.68  8.28833e-18
      7911.81  8.18105e-18
      7913.94  8.16474e-18
      7916.08  8.19972e-18
      7918.21  8.03156e-18
      7920.34  7.83002e-18
      7922.47  7.94277e-18
      7924.60  8.00485e-18
      7926.74  7.93891e-18
      7928.87  7.80406e-18
      7931.00  7.79175e-18
      7933.14  7.83168e-18
      7935.27  7.77952e-18
      7937.40  7.72684e-18
      7939.53  7.71971e-18
      7941.67  7.82868e-18
      7943.80  7.85320e-18
      7945.93  7.80373e-18
      7948.06  7.80713e-18
      7950.20  7.85469e-18
      7952.33  7.85650e-18
      7954.46  7.81101e-18
      7956.59  7.76399e-18
      7958.73  7.71844e-18
      7960.86  7.79554e-18
      7962.99  7.84189e-18
      7965.12  7.81467e-18
      7967.26  7.81586e-18
      7969.39  7.77104e-18
      7971.52  7.72459e-18
      7973.65  7.73096e-18
      7975.79  7.75335e-18
      7977.92  7.72131e-18
      7980.05  7.70178e-18
      7982.18  7.74199e-18
      7984.32  7.73069e-18
      7986.45  7.60822e-18
      7988.58  7.47164e-18
      7990.71  7.49556e-18
      7992.85  7.65933e-18
      7994.98  7.64582e-18
      7997.11  7.46046e-18
      7999.24  7.42125e-18
      8001.38  7.54056e-18
      8003.51  7.66843e-18
      8005.64  7.57481e-18
      8007.77  7.53456e-18
      8009.91  7.58279e-18
      8012.04  7.65328e-18
      8014.17  7.67790e-18
      8016.30  7.57127e-18
      8018.44  7.55166e-18
      8020.57  7.64586e-18
      8022.70  7.71291e-18
      8024.83  7.63178e-18
      8026.97  7.61107e-18
      8029.10  7.64292e-18
      8031.23  7.57156e-18
      8033.36  7.66448e-18
      8035.50  7.76395e-18
      8037.63  7.71752e-18
      8039.76  7.58900e-18
      8041.89  7.53408e-18
      8044.03  7.63321e-18
      8046.16  7.75058e-18
      8048.29  7.70076e-18
      8050.42  7.62348e-18
      8052.56  7.62681e-18
      8054.69  7.54623e-18
      8056.82  7.44923e-18
      8058.95  7.49147e-18
      8061.09  7.55217e-18
      8063.22  7.46537e-18
      8065.35  7.41127e-18
      8067.48  7.46589e-18
      8069.62  7.38423e-18
      8071.75  7.40378e-18
      8073.88  7.53134e-18
      8076.01  7.47938e-18
      8078.15  7.36195e-18
      8080.28  7.45506e-18
      8082.41  7.37114e-18
      8084.54  7.26457e-18
      8086.68  7.20277e-18
      8088.81  7.30352e-18
      8090.94  7.42552e-18
      8093.07  7.36907e-18
      8095.21  7.26283e-18
      8097.34  7.21118e-18
      8099.47  7.30977e-18
      8101.60  7.31590e-18
      8103.74  7.30064e-18
      8105.87  7.34870e-18
      8108.00  7.26935e-18
      8110.14  7.08924e-18
      8112.27  7.14283e-18
      8114.40  7.13849e-18
      8116.53  7.10895e-18
      8118.66  6.96336e-18
      8120.80  6.98429e-18
      8122.93  7.11710e-18
      8125.06  7.06057e-18
      8127.19  7.01585e-18
      8129.33  7.02062e-18
      8131.46  7.16676e-18
      8133.59  7.07208e-18
      8135.73  6.91376e-18
      8137.86  6.93464e-18
      8139.99  6.91642e-18
      8142.12  6.74604e-18
      8144.26  6.69343e-18
      8146.39  6.61240e-18
      8148.52  6.59895e-18
      8150.65  6.66236e-18
      8152.79  6.71461e-18
      8154.92  6.71750e-18
      8157.05  6.64938e-18
      8159.18  6.52038e-18
