3800.00 4.6175e-17
3803.04 -9.8039e-18
3806.08 1.1237e-17
3809.12 1.5072e-17
3812.17 2.214e-17
3815.21 1.8364e-17
3818.25 -2.7066e-18
3821.29 8.5131e-18
3824.33 1.632e-17
3827.37 -9.1854e-18
3830.41 -1.594e-18
3833.46 -3.203e-18
3836.50 1.2879e-17
3839.54 -2.165e-18
3842.58 1.6869e-17
3845.62 -5.7473e-18
3848.66 3.6399e-17
3851.70 8.8269e-18
3854.75 1.9298e-17
3857.79 1.6738e-17
3860.83 1.6323e-17
3863.87 -3.1863e-18
3866.91 -6.064e-18
3869.95 2.4303e-17
3872.99 -5.2375e-20
3876.04 1.5827e-17
3879.08 -3.0505e-18
3882.12 6.8837e-18
3885.16 2.4783e-17
3888.20 -6.9556e-18
3891.24 1.349e-17
3894.28 1.904e-17
3897.33 2.8991e-17
3900.37 6.9306e-18
3903.41 9.2079e-18
3906.45 3.1122e-17
3909.49 -1.9172e-18
3912.53 -3.2669e-17
3915.57 -2.3215e-17
3918.61 -1.1361e-17
3921.66 4.483e-18
3924.70 1.2195e-17
3927.74 1.3258e-17
3930.78 7.7844e-18
3933.82 -7.2304e-18
3936.86 1.1175e-17
3939.90 5.149e-18
3942.95 -5.3102e-18
3945.99 1.1337e-18
3949.03 -7.2849e-18
3952.07 -7.4549e-19
3955.11 7.4605e-20
3958.15 2.0551e-17
3961.19 1.8648e-17
3964.24 1.5861e-17
3967.28 6.1532e-18
3970.32 2.884e-17
3973.36 2.8886e-17
3976.40 1.6419e-17
3979.44 3.285e-17
3982.48 1.801e-17
3985.53 1.0227e-17
3988.57 2.229e-18
3991.61 1.8629e-17
3994.65 2.3825e-17
3997.69 4.5754e-18
4000.73 2.1427e-17
4003.77 3.351e-17
4006.82 3.802e-17
4009.86 3.9731e-17
4012.90 4.876e-17
4015.94 2.0003e-17
4018.98 4.3429e-17
4022.02 3.253e-17
4025.06 4.541e-17
4028.11 4.7854e-17
4031.15 3.581e-17
4034.19 3.4045e-17
4037.23 4.6021e-17
4040.27 3.2819e-17
4043.31 4.6655e-17
4046.35 5.6106e-17
4049.40 4.6028e-17
4052.44 2.4257e-17
4055.48 2.7385e-17
4058.52 3.6723e-17
4061.56 2.9376e-17
4064.60 3.1469e-17
4067.64 4.0952e-17
4070.69 4.3571e-17
4073.73 2.9153e-17
4076.77 3.8173e-17
4079.81 7e-18
4082.85 3.7719e-17
4085.89 8.0535e-18
4088.93 2.4755e-17
4091.98 4.8309e-17
4095.02 1.4068e-17
4098.06 2.9298e-17
4101.10 2.1802e-17
4104.14 2.6855e-17
4107.18 1.8618e-17
4110.22 3.3861e-17
4113.27 3.2908e-17
4116.31 3.9921e-17
4119.35 3.7788e-17
4122.39 2.5759e-17
4125.43 2.7059e-17
4128.47 3.4064e-17
4131.51 4.7859e-17
4134.56 3.4135e-17
4137.60 4.1504e-17
4140.64 4.4961e-17
4143.68 3.9838e-17
4146.72 5.4304e-17
4149.76 6.8076e-17
4152.80 5.3411e-17
4155.84 6.743e-17
4158.89 6.0437e-17
4161.93 5.1469e-17
4164.97 4.4847e-17
4168.01 6.5963e-17
4171.05 6.6511e-17
4174.09 5.6175e-17
4177.13 4.9077e-17
4180.18 6.6168e-17
4183.22 5.7615e-17
4186.26 5.1431e-17
4189.30 6.2208e-17
4192.34 6.2753e-17
4195.38 4.0482e-17
4198.42 6.3945e-17
4201.47 6.1787e-17
4204.51 4.227e-17
4207.55 3.7028e-17
4210.59 3.0416e-17
4213.63 3.8652e-17
4216.67 2.6273e-17
4219.71 3.1413e-17
4222.76 3.913e-17
4225.80 2.4082e-17
4228.84 2.0732e-17
4231.88 2.2247e-17
4234.92 1.7233e-17
4237.96 1.9566e-17
4241.00 2.2734e-17
4244.05 1.9218e-17
4247.09 1.416e-17
4250.13 1.9822e-17
4253.17 1.4923e-17
4256.21 4.1908e-17
4259.25 2.2361e-17
4262.29 3.3238e-17
4265.34 2.0606e-17
4268.38 1.898e-17
4271.42 3.2397e-17
4274.46 3.0344e-17
4277.50 4.5959e-17
4280.54 3.4316e-17
4283.58 4.2089e-17
4286.63 4.2952e-17
4289.67 5.0464e-17
4292.71 4.9377e-17
4295.75 5.3687e-17
4298.79 4.2551e-17
4301.83 4.3534e-17
4304.87 4.7812e-17
4307.92 3.9903e-17
4310.96 3.036e-17
4314.00 3.4378e-17
4317.04 1.7297e-17
4320.08 2.9458e-17
4323.12 2.3689e-17
4326.16 3.3281e-17
4329.21 4.1979e-18
4332.25 1.8432e-17
4335.29 1.7453e-17
4338.33 3.0395e-17
4341.37 2.933e-17
4344.41 1.1319e-17
4347.45 1.4862e-17
4350.50 1.1019e-17
4353.54 1.1567e-17
4356.58 1.966e-17
4359.62 2.5708e-17
4362.66 2.3719e-17
4365.70 1.802e-17
4368.74 2.5603e-17
4371.79 3.2841e-17
4374.83 3.0711e-17
4377.87 2.6759e-17
4380.91 2.3628e-17
4383.95 3.5547e-17
4386.99 3.8031e-17
4390.03 4.7715e-17
4393.07 3.1375e-17
4396.12 3.2771e-17
4399.16 4.7669e-17
4402.20 3.8411e-17
4405.24 2.6928e-17
4408.28 2.9692e-17
4411.32 3.1247e-17
4414.36 3.9306e-17
4417.41 2.8306e-17
4420.45 3.7866e-17
4423.49 2.9564e-17
4426.53 3.3774e-17
4429.57 3.2645e-17
4432.61 3.5739e-17
4435.65 3.8514e-17
4438.70 3.8493e-17
4441.74 3.6962e-17
4444.78 3.7709e-17
4447.82 3.8547e-17
4450.86 4.2764e-17
4453.90 4.015e-17
4456.94 4.2701e-17
4459.99 4.3174e-17
4463.03 4.2138e-17
4466.07 4.7031e-17
4469.11 4.673e-17
4472.15 4.0264e-17
4475.19 3.7633e-17
4478.23 3.4658e-17
4481.28 3.8884e-17
4484.32 2.1953e-17
4487.36 4.3313e-17
4490.40 5.0269e-17
4493.44 5.9501e-17
4496.48 3.8867e-17
4499.52 3.3091e-17
4502.57 4.0961e-17
4505.61 4.8585e-17
4508.65 4.202e-17
4511.69 5.339e-17
4514.73 5.9169e-17
4517.77 5.9447e-17
4520.81 5.5234e-17
4523.86 4.2366e-17
4526.90 5.0449e-17
4529.94 4.6372e-17
4532.98 3.857e-17
4536.02 3.8277e-17
4539.06 2.6309e-17
4542.10 2.3288e-17
4545.15 3.8888e-17
4548.19 5.0148e-17
4551.23 5.1252e-17
4554.27 2.3427e-17
4557.31 2.1571e-17
4560.35 3.2268e-17
4563.39 3.6266e-17
4566.44 3.251e-17
4569.48 3.0773e-17
4572.52 2.6958e-17
4575.56 3.1678e-17
4578.60 3.8948e-17
4581.64 3.236e-17
4584.68 2.9007e-17
4587.73 3.2871e-17
4590.77 2.6008e-17
4593.81 3.4253e-17
4596.85 2.6277e-17
4599.89 1.9569e-17
4602.93 2.265e-17
4605.97 2.5949e-17
4609.02 3.8283e-17
4612.06 4.2103e-17
4615.10 6.1596e-17
4618.14 3.9739e-17
4621.18 4.6855e-17
4624.22 4.0088e-17
4627.26 3.5943e-17
4630.30 4.451e-17
4633.35 6.2925e-17
4636.39 6.8709e-17
4639.43 6.6338e-17
4642.47 6.5717e-17
4645.51 7.8243e-17
4648.55 7.547e-17
4651.59 7.4932e-17
4654.64 7.5546e-17
4657.68 7.6361e-17
4660.72 5.9235e-17
4663.76 5.5886e-17
4666.80 5.735e-17
4669.84 5.8594e-17
4672.88 5.4234e-17
4675.93 5.0852e-17
4678.97 4.6544e-17
4682.01 4.8192e-17
4685.05 5.3358e-17
4688.09 6.7215e-17
4691.13 7.04e-17
4694.17 5.8179e-17
4697.22 6.7154e-17
4700.26 7.3845e-17
4703.30 5.1796e-17
4706.34 6.0416e-17
4709.38 5.9662e-17
4712.42 5.3591e-17
4715.46 6.1604e-17
4718.51 7.8709e-17
4721.55 7.1742e-17
4724.59 6.1656e-17
4727.63 6.5857e-17
4730.67 7.0901e-17
4733.71 7.7248e-17
4736.75 7.8169e-17
4739.80 6.3354e-17
4742.84 7.4075e-17
4745.88 7.2338e-17
4748.92 5.8177e-17
4751.96 6.36e-17
4755.00 5.969e-17
4758.04 6.7898e-17
4761.09 6.8918e-17
4764.13 5.1842e-17
4767.17 5.9975e-17
4770.21 5.5604e-17
4773.25 5.48e-17
4776.29 6.5123e-17
4779.33 5.7956e-17
4782.38 7.0415e-17
4785.42 6.333e-17
4788.46 5.6582e-17
4791.50 5.2516e-17
4794.54 5.9862e-17
4797.58 6.6509e-17
4800.62 5.7772e-17
4803.67 5.784e-17
4806.71 5.8235e-17
4809.75 5.3547e-17
4812.79 4.9739e-17
4815.83 5.9294e-17
4818.87 5.6988e-17
4821.91 5.8617e-17
4824.96 4.8587e-17
4828.00 4.6361e-17
4831.04 4.2902e-17
4834.08 2.8992e-17
4837.12 4.0883e-17
4840.16 3.634e-17
4843.20 3.8523e-17
4846.25 4.0387e-17
4849.29 1.8537e-17
4852.33 2.4257e-17
4855.37 2.6977e-17
4858.41 3.1302e-17
4861.45 2.8951e-17
4864.49 2.4647e-17
4867.53 2.188e-17
4870.58 3.0972e-17
4873.62 2.4861e-17
4876.66 2.1139e-17
4879.70 2.9441e-17
4882.74 2.1676e-17
4885.78 2.3447e-17
4888.82 2.1748e-17
4891.87 2.8723e-17
4894.91 2.8266e-17
4897.95 2.6773e-17
4900.99 3.8084e-17
4904.03 4.9924e-17
4907.07 5.8697e-17
4910.11 5.1098e-17
4913.16 7.4665e-17
4916.20 7.5898e-17
4919.24 8.623e-17
4922.28 8.2222e-17
4925.32 9.0097e-17
4928.36 7.7092e-17
4931.40 7.9058e-17
4934.45 8.3752e-17
4937.49 6.5407e-17
4940.53 6.1528e-17
4943.57 6.6086e-17
4946.61 6.6523e-17
4949.65 5.4482e-17
4952.69 4.3995e-17
4955.74 4.306e-17
4958.78 4.515e-17
4961.82 4.793e-17
4964.86 5.3304e-17
4967.90 4.2829e-17
4970.94 5.3382e-17
4973.98 5.6873e-17
4977.03 5.0087e-17
4980.07 6.2076e-17
4983.11 6.9168e-17
4986.15 5.8641e-17
4989.19 7.5428e-17
4992.23 8.0703e-17
4995.27 7.9515e-17
4998.32 8.959e-17
5001.36 8.2668e-17
5004.40 6.9627e-17
5007.44 7.8904e-17
5010.48 7.9509e-17
5013.52 7.8947e-17
5016.56 8.31e-17
5019.61 7.8606e-17
5022.65 7.6039e-17
5025.69 6.9878e-17
5028.73 7.1238e-17
5031.77 6.7801e-17
5034.81 6.143e-17
5037.85 6.3196e-17
5040.90 5.4883e-17
5043.94 4.6049e-17
5046.98 4.7505e-17
5050.02 4.1241e-17
5053.06 3.981e-17
5056.10 4.4106e-17
5059.14 3.9039e-17
5062.19 3.6844e-17
5065.23 5.7956e-17
5068.27 6.5148e-17
5071.31 5.0765e-17
5074.35 6.3207e-17
5077.39 6.5543e-17
5080.43 6.2562e-17
5083.48 6.7447e-17
5086.52 7.0166e-17
5089.56 7.2809e-17
5092.60 6.9413e-17
5095.64 7.2559e-17
5098.68 7.2228e-17
5101.72 7.6189e-17
5104.76 7.6228e-17
5107.81 7.1954e-17
5110.85 6.6535e-17
5113.89 6.5441e-17
5116.93 7.3029e-17
5119.97 7.2228e-17
5123.01 6.1101e-17
5126.05 5.7271e-17
5129.10 5.1941e-17
5132.14 4.234e-17
5135.18 4.77e-17
5138.22 5.9029e-17
5141.26 6.6367e-17
5144.30 5.3243e-17
5147.34 5.1919e-17
5150.39 6.2149e-17
5153.43 6.2862e-17
5156.47 5.2853e-17
5159.51 6.2878e-17
5162.55 4.9134e-17
5165.59 5.6797e-17
5168.63 6.1885e-17
5171.68 5.8811e-17
5174.72 5.9693e-17
5177.76 4.4387e-17
5180.80 4.4333e-17
5183.84 4.1369e-17
5186.88 3.7039e-17
5189.92 3.9347e-17
5192.97 3.1198e-17
5196.01 3.4744e-17
5199.05 2.7612e-17
5202.09 3.2189e-17
5205.13 1.9852e-17
5208.17 1.9179e-17
5211.21 2.8008e-17
5214.26 2.6656e-17
5217.30 3.36e-17
5220.34 3.3526e-17
5223.38 3.9564e-17
5226.42 3.93e-17
5229.46 3.0633e-17
5232.50 4.8176e-17
5235.55 5.5574e-17
5238.59 4.5997e-17
5241.63 4.6362e-17
5244.67 5.2804e-17
5247.71 6.5562e-17
5250.75 5.9962e-17
5253.79 5.4117e-17
5256.84 5.3768e-17
5259.88 6.0653e-17
5262.92 6.1803e-17
5265.96 5.4809e-17
5269.00 5.7416e-17
5272.04 5.4719e-17
5275.08 5.1281e-17
5278.13 4.9663e-17
5281.17 5.8908e-17
5284.21 5.9498e-17
5287.25 6.0393e-17
5290.29 5.5322e-17
5293.33 5.9548e-17
5296.37 6.6923e-17
5299.42 5.182e-17
5302.46 5.0244e-17
5305.50 5.564e-17
5308.54 5.9321e-17
5311.58 5.2877e-17
5314.62 4.9338e-17
5317.66 4.7797e-17
5320.71 5.3801e-17
5323.75 5.4966e-17
5326.79 4.6827e-17
5329.83 5.451e-17
5332.87 6.4033e-17
5335.91 5.9294e-17
5338.95 5.4909e-17
5341.99 4.6728e-17
5345.04 4.6091e-17
5348.08 5.5626e-17
5351.12 6.2828e-17
5354.16 5.6816e-17
5357.20 5.0735e-17
5360.24 5.6213e-17
5363.28 5.0439e-17
5366.33 4.9179e-17
5369.37 4.8122e-17
5372.41 4.5044e-17
5375.45 4.5879e-17
5378.49 4.4335e-17
5381.53 5.0361e-17
5384.57 5.5352e-17
5387.62 4.7599e-17
5390.66 5.2171e-17
5393.70 5.7724e-17
5396.74 5.7772e-17
5399.78 6.16e-17
5402.82 6.0106e-17
5405.86 4.6893e-17
5408.91 5.9242e-17
5411.95 6.3933e-17
5414.99 5.5507e-17
5418.03 5.4766e-17
5421.07 5.1403e-17
5424.11 5.1714e-17
5427.15 5.2991e-17
5430.20 5.7281e-17
5433.24 4.528e-17
5436.28 5.6649e-17
5439.32 6.5574e-17
5442.36 6.2866e-17
5445.40 6.0722e-17
5448.44 5.7447e-17
5451.49 6.1123e-17
5454.53 6.4307e-17
5457.57 5.4283e-17
5460.61 5.2663e-17
5463.65 4.7701e-17
5466.69 6.0471e-17
5469.73 5.3214e-17
5472.78 4.4139e-17
5475.82 4.8616e-17
5478.86 5.8718e-17
5481.90 5.4747e-17
5484.94 5.2389e-17
5487.98 6.3723e-17
5491.02 5.3584e-17
5494.07 5.5818e-17
5497.11 5.3077e-17
5500.15 5.2858e-17
5503.19 5.262e-17
5506.23 6.389e-17
5509.27 6.0398e-17
5512.31 5.0896e-17
5515.36 6.379e-17
5518.40 5.7347e-17
5521.44 6.2098e-17
5524.48 5.066e-17
5527.52 5.4676e-17
5530.56 6.6713e-17
5533.60 6.6305e-17
5536.65 5.3958e-17
5539.69 5.4827e-17
5542.73 6.0235e-17
5545.77 5.1264e-17
5548.81 5.4901e-17
5551.85 5.1263e-17
5554.89 5.8354e-17
5557.94 5.8077e-17
5560.98 5.791e-17
5564.02 4.7303e-17
5567.06 6.4063e-17
5570.10 6.0632e-17
5573.14 7.1e-17
5576.18 3.9926e-17
5579.22 2.7414e-17
5582.27 3.4054e-17
5585.31 4.1302e-17
5588.35 4.2994e-17
5591.39 5.4513e-17
5594.43 5.1784e-17
5597.47 4.6033e-17
5600.51 6.1571e-17
5603.56 6.0912e-17
5606.60 5.3424e-17
5609.64 6.276e-17
5612.68 6.5867e-17
5615.72 5.7372e-17
5618.76 4.7982e-17
5621.80 4.6863e-17
5624.85 4.4417e-17
5627.89 5.816e-17
5630.93 6.4747e-17
5633.97 5.4358e-17
5637.01 7.3661e-17
5640.05 5.8159e-17
5643.09 5.8445e-17
5646.14 5.6597e-17
5649.18 5.4873e-17
5652.22 5.9378e-17
5655.26 4.7822e-17
5658.30 4.7747e-17
5661.34 4.7373e-17
5664.38 4.7391e-17
5667.43 4.2036e-17
5670.47 4.9302e-17
5673.51 3.992e-17
5676.55 5.3538e-17
5679.59 5.7501e-17
5682.63 4.5639e-17
5685.67 4.1673e-17
5688.72 3.9468e-17
5691.76 3.8834e-17
5694.80 4.3987e-17
5697.84 4.3144e-17
5700.88 5.1115e-17
5703.92 4.569e-17
5706.96 4.5039e-17
5710.01 4.5066e-17
5713.05 4.9702e-17
5716.09 4.1592e-17
5719.13 3.9784e-17
5722.17 4.6551e-17
5725.21 4.9799e-17
5728.25 4.2137e-17
5731.30 5.0047e-17
5734.34 4.6261e-17
5737.38 4.2795e-17
5740.42 5.9575e-17
5743.46 5.4924e-17
5746.50 4.7151e-17
5749.54 4.8737e-17
5752.59 6.541e-17
5755.63 5.3788e-17
5758.67 4.6682e-17
5761.71 5.8871e-17
5764.75 5.9618e-17
5767.79 4.7322e-17
5770.83 4.7729e-17
5773.88 5.5726e-17
5776.92 5.8163e-17
5779.96 5.6614e-17
5783.00 5.388e-17
5786.04 4.2977e-17
5789.08 4.7041e-17
5792.12 4.7057e-17
5795.17 3.8394e-17
5798.21 4.7162e-17
5801.25 4.6281e-17
5804.29 5.9288e-17
5807.33 5.2834e-17
5810.37 4.0134e-17
5813.41 5.7093e-17
5816.45 5.0211e-17
5819.50 5.0556e-17
5822.54 5.5598e-17
5825.58 4.9245e-17
5828.62 3.7928e-17
5831.66 4.6074e-17
5834.70 5.422e-17
5837.74 5.0055e-17
5840.79 4.0638e-17
5843.83 5.3941e-17
5846.87 4.6752e-17
5849.91 4.0793e-17
5852.95 3.7835e-17
5855.99 4.0244e-17
5859.03 4.3039e-17
5862.08 4.4418e-17
5865.12 5.1896e-17
5868.16 3.7702e-17
5871.20 3.3487e-17
5874.24 4.5389e-17
5877.28 4.096e-17
5880.32 3.633e-17
5883.37 3.5377e-17
5886.41 2.9058e-17
5889.45 3.0346e-17
5892.49 3.5806e-17
5895.53 2.6264e-17
5898.57 2.1117e-17
5901.61 1.9147e-17
5904.66 2.6383e-17
5907.70 3.1407e-17
5910.74 3.3909e-17
5913.78 2.417e-17
5916.82 1.6844e-17
5919.86 9.6135e-18
5922.90 1.9365e-17
5925.95 2.3502e-17
5928.99 2.5626e-17
5932.03 2.1608e-17
5935.07 1.8036e-17
5938.11 1.7197e-17
5941.15 2.1348e-17
5944.19 2.8565e-17
5947.24 2.8273e-17
5950.28 3.489e-17
5953.32 3.8118e-17
5956.36 4.5799e-17
5959.40 5.3391e-17
5962.44 5.2571e-17
5965.48 6.2471e-17
5968.53 7.0281e-17
5971.57 5.5488e-17
5974.61 5.8155e-17
5977.65 6.7206e-17
5980.69 7.0227e-17
5983.73 6.9595e-17
5986.77 5.7755e-17
5989.82 6.169e-17
5992.86 6.7471e-17
5995.90 6.6511e-17
5998.94 6.5836e-17
6001.98 5.654e-17
6005.02 5.7431e-17
6008.06 6.2289e-17
6011.11 4.9969e-17
6014.15 4.4977e-17
6017.19 5.8457e-17
6020.23 6.4684e-17
6023.27 5.547e-17
6026.31 5.6878e-17
6029.35 6.1442e-17
6032.40 4.7314e-17
6035.44 5.2329e-17
6038.48 5.3257e-17
6041.52 5.2953e-17
6044.56 5.2891e-17
6047.60 5.5999e-17
6050.64 6.4252e-17
6053.68 5.1527e-17
6056.73 4.591e-17
6059.77 4.5131e-17
6062.81 4.3618e-17
6065.85 4.3723e-17
6068.89 4.5226e-17
6071.93 4.5691e-17
6074.97 5.1055e-17
6078.02 5.5261e-17
6081.06 4.5626e-17
6084.10 4.3618e-17
6087.14 4.6784e-17
6090.18 4.6798e-17
6093.22 4.6414e-17
6096.26 5.0121e-17
6099.31 4.4383e-17
6102.35 4.0503e-17
6105.39 4.3402e-17
6108.43 4.8251e-17
6111.47 3.3054e-17
6114.51 3.8761e-17
6117.55 4.372e-17
6120.60 5.1399e-17
6123.64 4.8142e-17
6126.68 5.0417e-17
6129.72 5.0076e-17
6132.76 4.8199e-17
6135.80 4.5207e-17
6138.84 4.3191e-17
6141.89 4.1974e-17
6144.93 3.5128e-17
6147.97 3.4193e-17
6151.01 4.2243e-17
6154.05 4.3034e-17
6157.09 4.5425e-17
6160.13 5.5206e-17
6163.18 4.6839e-17
6166.22 3.8133e-17
6169.26 4.1097e-17
6172.30 2.894e-17
6175.34 3.6071e-17
6178.38 4.3569e-17
6181.42 4.039e-17
6184.47 3.9803e-17
6187.51 3.8971e-17
6190.55 3.7793e-17
6193.59 3.8118e-17
6196.63 3.3283e-17
6199.67 3.2481e-17
6202.71 4.099e-17
6205.76 3.7977e-17
6208.80 3.8148e-17
6211.84 3.4922e-17
6214.88 4.279e-17
6217.92 4.6016e-17
6220.96 3.9927e-17
6224.00 5.1203e-17
6227.05 4.2904e-17
6230.09 4.4087e-17
6233.13 5.1459e-17
6236.17 4.619e-17
6239.21 4.651e-17
6242.25 5.1137e-17
6245.29 5.6938e-17
6248.34 5.0837e-17
6251.38 5.3745e-17
6254.42 5.2096e-17
6257.46 5.2095e-17
6260.50 4.5637e-17
6263.54 4.3008e-17
6266.58 5.2354e-17
6269.63 5.0704e-17
6272.67 5.7234e-17
6275.71 4.7707e-17
6278.75 4.5523e-17
6281.79 4.4454e-17
6284.83 4.2569e-17
6287.87 4.3729e-17
6290.91 4.0776e-17
6293.96 4.3129e-17
6297.00 4.6266e-17
6300.04 4.1306e-17
6303.08 3.4373e-17
6306.12 4.233e-17
6309.16 2.9618e-17
6312.20 4.1739e-17
6315.25 3.7777e-17
6318.29 3.6025e-17
6321.33 3.5411e-17
6324.37 4.4329e-17
6327.41 4.7097e-17
6330.45 4.7431e-17
6333.49 4.7524e-17
6336.54 4.4195e-17
6339.58 4.526e-17
6342.62 4.4664e-17
6345.66 4.3781e-17
6348.70 5.3008e-17
6351.74 4.2941e-17
6354.78 4.5715e-17
6357.83 5.5192e-17
6360.87 5.114e-17
6363.91 4.9019e-17
6366.95 4.3316e-17
6369.99 3.9869e-17
6373.03 4.9153e-17
6376.07 4.9578e-17
6379.12 4.539e-17
6382.16 4.9487e-17
6385.20 4.7776e-17
6388.24 4.9396e-17
6391.28 4.0032e-17
6394.32 4.0413e-17
6397.36 3.7301e-17
6400.41 3.8586e-17
6403.45 4.236e-17
6406.49 3.9693e-17
6409.53 4.4417e-17
6412.57 3.6206e-17
6415.61 3.6991e-17
6418.65 4.2179e-17
6421.70 3.5598e-17
6424.74 3.8032e-17
6427.78 3.8507e-17
6430.82 3.7712e-17
6433.86 4.1868e-17
6436.90 4.6842e-17
6439.94 4.2678e-17
6442.99 4.2296e-17
6446.03 4.7808e-17
6449.07 4.146e-17
6452.11 3.7279e-17
6455.15 3.5697e-17
6458.19 3.9947e-17
6461.23 3.8097e-17
6464.28 4.7969e-17
6467.32 4.1001e-17
6470.36 3.5537e-17
6473.40 3.3218e-17
6476.44 4.3295e-17
6479.48 3.0162e-17
6482.52 2.9401e-17
6485.57 3.081e-17
6488.61 2.9653e-17
6491.65 2.0219e-17
6494.69 2.0946e-17
6497.73 1.6405e-17
6500.77 2.17e-17
6503.81 1.9995e-17
6506.86 2.0919e-17
6509.90 2.0416e-17
6512.94 9.2913e-18
6515.98 1.5334e-17
6519.02 2.5306e-17
6522.06 1.6548e-17
6525.10 2.1573e-17
6528.14 1.249e-17
6531.19 1.0586e-17
6534.23 1.6737e-17
6537.27 1.9869e-17
6540.31 1.5448e-17
6543.35 1.9475e-17
6546.39 1.5377e-17
6549.43 1.3713e-17
6552.48 2.2336e-17
6555.52 2.6041e-17
6558.56 1.2857e-17
6561.60 1.8406e-17
6564.64 1.7404e-17
6567.68 1.766e-17
6570.72 1.8692e-17
6573.77 1.6744e-17
6576.81 2.1881e-17
6579.85 1.7199e-17
6582.89 2.3713e-17
6585.93 3.0014e-17
6588.97 2.1159e-17
6592.01 3.0547e-17
6595.06 2.5537e-17
6598.10 2.9534e-17
6601.14 3.5455e-17
6604.18 4.3862e-17
6607.22 4.3126e-17
6610.26 5.1129e-17
6613.30 5.9293e-17
6616.35 6.012e-17
6619.39 7.6099e-17
6622.43 8.0198e-17
6625.47 8.8059e-17
6628.51 9.4914e-17
6631.55 9.1394e-17
6634.59 1.0762e-16
6637.64 1.1083e-16
6640.68 1.0672e-16
6643.72 1.1005e-16
6646.76 1.0309e-16
6649.80 9.4662e-17
6652.84 9.8344e-17
6655.88 1.0338e-16
6658.93 9.6958e-17
6661.97 9.8844e-17
6665.01 9.6129e-17
6668.05 9.8698e-17
6671.09 9.7835e-17
6674.13 9.563e-17
6677.17 8.6553e-17
6680.22 7.3813e-17
6683.26 7.4906e-17
6686.30 8.0733e-17
6689.34 7.4602e-17
6692.38 8.0006e-17
6695.42 7.9791e-17
6698.46 6.7552e-17
6701.51 7.0736e-17
6704.55 7.1911e-17
6707.59 6.1101e-17
6710.63 5.9344e-17
6713.67 6.5838e-17
6716.71 6.719e-17
6719.75 6.2304e-17
6722.80 6.1933e-17
6725.84 5.9066e-17
6728.88 5.3326e-17
6731.92 5.7649e-17
6734.96 5.8775e-17
6738.00 5.2956e-17
6741.04 5.1689e-17
6744.09 5.1432e-17
6747.13 3.8883e-17
6750.17 4.7054e-17
6753.21 4.1998e-17
6756.25 4.7004e-17
6759.29 4.6865e-17
6762.33 5.9328e-17
6765.37 5.0634e-17
6768.42 3.7621e-17
6771.46 4.0346e-17
6774.50 4.1153e-17
6777.54 4.1573e-17
6780.58 4.7361e-17
6783.62 4.2295e-17
6786.66 3.7082e-17
6789.71 3.3933e-17
6792.75 3.8088e-17
6795.79 4.0236e-17
6798.83 3.9859e-17
6801.87 4.3379e-17
6804.91 3.9972e-17
6807.95 4.0358e-17
6811.00 3.7276e-17
6814.04 3.7353e-17
6817.08 2.98e-17
6820.12 2.8411e-17
6823.16 2.9894e-17
6826.20 4.2069e-17
6829.24 3.8751e-17
6832.29 4.1541e-17
6835.33 4.5938e-17
6838.37 4.0078e-17
6841.41 4.2221e-17
6844.45 3.7196e-17
6847.49 3.7166e-17
6850.53 3.7878e-17
6853.58 3.094e-17
6856.62 2.9497e-17
6859.66 3.1687e-17
6862.70 2.7557e-17
6865.74 4.6925e-17
6868.78 5.0718e-17
6871.82 3.0826e-17
6874.87 3.2197e-17
6877.91 2.848e-17
6880.95 2.6662e-17
6883.99 3.2846e-17
6887.03 3.844e-17
6890.07 3.4558e-17
6893.11 2.5871e-17
6896.16 3.0155e-17
6899.20 3.0928e-17
6902.24 3.4197e-17
6905.28 2.913e-17
6908.32 2.3672e-17
6911.36 3.0381e-17
6914.40 3.4826e-17
6917.45 3.6688e-17
6920.49 4.0411e-17
6923.53 3.4282e-17
6926.57 2.9396e-17
6929.61 2.7759e-17
6932.65 2.6695e-17
6935.69 3.2408e-17
6938.74 3.2945e-17
6941.78 3.2894e-17
6944.82 3.8938e-17
6947.86 2.9334e-17
6950.90 3.4564e-17
6953.94 3.5547e-17
6956.98 2.6456e-17
6960.03 3.0883e-17
6963.07 3.1071e-17
6966.11 3.2887e-17
6969.15 3.5474e-17
6972.19 3.1016e-17
6975.23 2.8592e-17
6978.27 2.7833e-17
6981.32 2.4717e-17
6984.36 2.8769e-17
6987.40 3.7205e-17
6990.44 3.5876e-17
6993.48 3.0046e-17
6996.52 3.587e-17
6999.56 3.7087e-17
7002.60 3.9326e-17
7005.65 4.0705e-17
7008.69 4.0456e-17
7011.73 3.2808e-17
7014.77 4.2297e-17
7017.81 3.5675e-17
7020.85 2.9196e-17
7023.89 3.626e-17
7026.94 2.7647e-17
7029.98 3.0132e-17
7033.02 3.8343e-17
7036.06 3.3644e-17
7039.10 3.3306e-17
7042.14 3.8089e-17
7045.18 3.1542e-17
7048.23 2.5667e-17
7051.27 2.8146e-17
7054.31 3.3858e-17
7057.35 3.0539e-17
7060.39 2.9311e-17
7063.43 2.8319e-17
7066.47 2.0616e-17
7069.52 3.3371e-17
7072.56 3.0433e-17
7075.60 2.4494e-17
7078.64 3.4174e-17
7081.68 3.5407e-17
7084.72 3.0257e-17
7087.76 2.9548e-17
7090.81 2.9731e-17
7093.85 2.7072e-17
7096.89 3.6397e-17
7099.93 3.1983e-17
7102.97 3.084e-17
7106.01 2.5967e-17
7109.05 2.5245e-17
7112.10 2.9843e-17
7115.14 3.8626e-17
7118.18 2.8187e-17
7121.22 2.7716e-17
7124.26 3.1827e-17
7127.30 2.9743e-17
7130.34 3.0752e-17
7133.39 3.0894e-17
7136.43 3.3187e-17
7139.47 2.823e-17
7142.51 3.722e-17
7145.55 3.1132e-17
7148.59 2.4045e-17
7151.63 3.1602e-17
7154.68 2.5581e-17
7157.72 2.4656e-17
7160.76 2.428e-17
7163.80 2.6487e-17
7166.84 3.0658e-17
7169.88 3.2303e-17
7172.92 3.4888e-17
7175.97 3.4057e-17
7179.01 2.9984e-17
7182.05 2.8301e-17
7185.09 2.8952e-17
7188.13 3.5476e-17
7191.17 2.9157e-17
7194.21 2.4549e-17
7197.26 2.9916e-17
7200.30 2.8493e-17
7203.34 2.4546e-17
7206.38 2.4609e-17
7209.42 2.9314e-17
7212.46 2.8775e-17
7215.50 2.9791e-17
7218.55 3.452e-17
7221.59 3.2708e-17
7224.63 3.3862e-17
7227.67 2.5011e-17
7230.71 2.8161e-17
7233.75 2.6577e-17
7236.79 2.6555e-17
7239.83 2.5947e-17
7242.88 2.511e-17
7245.92 3.362e-17
7248.96 3.1273e-17
7252.00 3.7136e-17
7255.04 3.3102e-17
7258.08 3.0669e-17
7261.12 3.5139e-17
7264.17 3.459e-17
7267.21 2.921e-17
7270.25 3.1299e-17
7273.29 3.8092e-17
7276.33 3.4619e-17
7279.37 3.2558e-17
7282.41 3.3185e-17
7285.46 2.6535e-17
7288.50 4.1089e-17
7291.54 2.7032e-17
7294.58 3.0075e-17
7297.62 2.7676e-17
7300.66 2.2829e-17
7303.70 2.9678e-17
7306.75 2.8611e-17
7309.79 3.7771e-17
7312.83 3.8581e-17
7315.87 4.5084e-17
7318.91 2.8391e-17
7321.95 3.4054e-17
7324.99 3.296e-17
7328.04 3.2763e-17
7331.08 2.9842e-17
7334.12 1.8808e-17
7337.16 3.9341e-17
7340.20 3.8497e-17
7343.24 2.4817e-17
7346.28 2.7236e-17
7349.33 3.2218e-17
7352.37 2.7844e-17
7355.41 3.7226e-17
7358.45 4.6569e-17
7361.49 2.4253e-17
7364.53 2.4873e-17
7367.57 3.4155e-17
7370.62 3.7617e-17
7373.66 2.5396e-17
7376.70 2.2897e-17
7379.74 3.008e-17
7382.78 3.8304e-17
7385.82 3.3673e-17
7388.86 3.6343e-17
7391.91 3.2114e-17
7394.95 2.8404e-17
7397.99 3.2497e-17
7401.03 3.6358e-17
7404.07 2.7034e-17
7407.11 2.9053e-17
7410.15 3.5389e-17
7413.20 2.4212e-17
7416.24 2.8146e-17
7419.28 3.1615e-17
7422.32 3.1314e-17
7425.36 3.2255e-17
7428.40 3.4287e-17
7431.44 3.5314e-17
7434.49 3.6488e-17
7437.53 3.7561e-17
7440.57 1.9058e-17
7443.61 2.6261e-17
7446.65 3.3395e-17
7449.69 2.7252e-17
7452.73 3.2752e-17
7455.78 2.5e-17
7458.82 3.1839e-17
7461.86 3.39e-17
7464.90 2.9152e-17
7467.94 3.418e-17
7470.98 2.374e-17
7474.02 3.2445e-17
7477.06 3.095e-17
7480.11 2.8286e-17
7483.15 2.467e-17
7486.19 2.4394e-17
7489.23 3.0537e-17
7492.27 2.9638e-17
7495.31 2.7289e-17
7498.35 3.4002e-17
7501.40 3.2446e-17
7504.44 3.1436e-17
7507.48 2.9138e-17
7510.52 2.5079e-17
7513.56 2.8313e-17
7516.60 3.2051e-17
7519.64 3.6589e-17
7522.69 2.6915e-17
7525.73 2.3498e-17
7528.77 3.293e-17
7531.81 3.0392e-17
7534.85 2.7658e-17
7537.89 2.5878e-17
7540.93 2.9713e-17
7543.98 2.7932e-17
7547.02 3.0266e-17
7550.06 3.2424e-17
7553.10 2.6913e-17
7556.14 2.5788e-17
7559.18 2.5795e-17
7562.22 2.9174e-17
7565.27 2.33e-17
7568.31 2.3068e-17
7571.35 2.8486e-17
7574.39 1.6321e-17
7577.43 2.5325e-17
7580.47 2.3382e-17
7583.51 2.3542e-17
7586.56 2.8825e-17
7589.60 4.1229e-17
7592.64 4.2444e-17
7595.68 3.7132e-17
7598.72 3.0206e-17
7601.76 2.428e-17
7604.80 3.5736e-17
7607.85 4.3097e-17
7610.89 4.3637e-17
7613.93 1.2712e-17
7616.97 1.2374e-17
7620.01 1.1617e-17
7623.05 2.6513e-17
7626.09 1.7106e-17
7629.14 1.9903e-17
7632.18 3.9059e-17
7635.22 2.8792e-17
7638.26 2.4062e-17
7641.30 4.2107e-17
7644.34 4.0307e-17
7647.38 2.5459e-17
7650.43 2.6124e-17
7653.47 1.985e-17
7656.51 1.8799e-17
7659.55 2.7937e-17
7662.59 3.0109e-17
7665.63 1.2331e-17
7668.67 1.943e-17
7671.72 2.245e-17
7674.76 2.3552e-17
7677.80 2.2588e-17
7680.84 2.2308e-17
7683.88 2.3273e-17
7686.92 3.2812e-17
7689.96 2.4488e-17
7693.01 3.384e-17
7696.05 3.1748e-17
7699.09 3.569e-17
7702.13 3.174e-17
7705.17 2.6354e-17
7708.21 2.7156e-17
7711.25 3.2304e-17
7714.29 3.5223e-17
7717.34 2.2176e-17
7720.38 3.0485e-17
7723.42 1.8515e-17
7726.46 2.1009e-17
7729.50 1.988e-17
7732.54 2.3456e-17
7735.58 2.383e-17
7738.63 1.5594e-17
7741.67 2.2242e-17
7744.71 2.9475e-17
7747.75 3.9357e-17
7750.79 1.6268e-17
7753.83 1.946e-17
7756.87 3.3744e-17
7759.92 1.8697e-17
7762.96 2.6111e-17
7766.00 2.6499e-17
7769.04 1.5489e-17
7772.08 2.5452e-17
7775.12 2.5515e-17
7778.16 2.4803e-17
7781.21 2.981e-17
7784.25 2.1083e-17
7787.29 2.0091e-17
7790.33 3.5869e-17
7793.37 2.9311e-17
7796.41 2.188e-17
7799.45 1.4404e-17
7802.50 2.0991e-17
7805.54 2.3824e-17
7808.58 2.9591e-17
7811.62 2.1543e-17
7814.66 2.9429e-17
7817.70 3.0479e-17
7820.74 2.4475e-17
7823.79 2.3074e-17
7826.83 1.5583e-17
7829.87 2.5019e-17
7832.91 2.8388e-17
7835.95 1.8635e-17
7838.99 2.0687e-17
7842.03 2.8698e-17
7845.08 3.2734e-17
7848.12 1.3236e-17
7851.16 2.5764e-17
7854.20 2.8178e-17
7857.24 2.7322e-17
7860.28 2.597e-17
7863.32 3.1537e-17
7866.37 2.1535e-17
7869.41 2.3167e-17
7872.45 1.2271e-17
7875.49 1.5326e-17
7878.53 2.4633e-17
7881.57 2.1333e-17
7884.61 2.7537e-17
7887.66 3.8225e-17
7890.70 3.2811e-17
7893.74 1.5683e-17
7896.78 1.9447e-17
7899.82 2.8864e-17
7902.86 3.1551e-17
7905.90 3.2056e-17
7908.95 9.3448e-18
7911.99 5.9972e-18
7915.03 1.158e-17
7918.07 2.0201e-17
7921.11 2.8475e-17
7924.15 3.6152e-17
7927.19 2.3323e-17
7930.24 2.0736e-17
7933.28 2.498e-17
7936.32 1.901e-17
7939.36 2.1963e-17
7942.40 1.1963e-17
7945.44 2.504e-17
7948.48 4.0444e-17
7951.52 2.4287e-17
7954.57 2.2336e-17
7957.61 2.1979e-17
7960.65 1.4119e-17
7963.69 1.7829e-17
7966.73 2.8233e-17
7969.77 3.268e-17
7972.81 2.1741e-17
7975.86 2.9484e-17
7978.90 3.7094e-17
7981.94 2.7436e-17
7984.98 2.2676e-17
7988.02 2.7815e-17
7991.06 3.8658e-17
7994.10 3.0332e-17
7997.15 3.1415e-17
8000.19 2.0311e-17
8003.23 2.5781e-17
8006.27 2.6092e-17
8009.31 2.1859e-17
8012.35 1.89e-17
8015.39 2.0589e-17
8018.44 2.6054e-17
8021.48 2.8207e-17
8024.52 8.1257e-18
8027.56 1.7158e-17
8030.60 4.018e-17
8033.64 3.1004e-17
8036.68 2.2782e-17
8039.73 1.658e-17
8042.77 1.7034e-17
8045.81 2.3499e-17
8048.85 1.5429e-17
8051.89 2.2943e-17
8054.93 2.2333e-17
8057.97 2.4296e-17
8061.02 3.7598e-17
8064.06 2.2982e-17
8067.10 1.2447e-17
8070.14 2.0811e-17
8073.18 2.6874e-17
8076.22 2.9465e-17
8079.26 2.4746e-17
8082.31 2.7814e-17
8085.35 2.4661e-17
8088.39 2.3015e-17
8091.43 2.4901e-17
8094.47 1.3471e-17
8097.51 1.7521e-17
8100.55 2.9717e-17
8103.60 2.8411e-17
8106.64 2.2902e-17
8109.68 2.1151e-17
8112.72 2.8218e-17
8115.76 2.6668e-17
8118.80 2.5147e-17
8121.84 1.6813e-17
8124.89 1.9761e-17
8127.93 2.6535e-17
8130.97 2.7033e-17
8134.01 3.0226e-17
8137.05 2.668e-17
8140.09 1.1712e-17
8143.13 2.7116e-17
8146.18 1.5735e-17
8149.22 2.1933e-17
8152.26 2.1338e-17
8155.30 1.5495e-17
8158.34 2.726e-17
8161.38 2.625e-17
8164.42 3.4879e-17
8167.47 3.3501e-17
8170.51 1.9972e-17
8173.55 2.2936e-17
8176.59 2.1069e-17
8179.63 2.5399e-17
8182.67 2.1349e-17
8185.71 2.6576e-17
8188.75 3.8316e-17
8191.80 3.2152e-17
8194.84 1.8966e-17
8197.88 2.4881e-17
8200.92 1.6835e-17
8203.96 1.6747e-17
8207.00 1.5429e-17
8210.04 1.7404e-17
8213.09 2.656e-17
8216.13 2.1678e-17
8219.17 1.6451e-17
8222.21 1.7271e-17
8225.25 3.7411e-17
8228.29 3.5381e-17
8231.33 2.6589e-17
8234.38 2.5138e-17
8237.42 1.6637e-17
8240.46 2.3291e-17
8243.50 3.7017e-17
8246.54 2.081e-17
8249.58 2.5298e-17
8252.62 2.0382e-17
8255.67 2.6928e-17
8258.71 1.1025e-17
8261.75 8.0145e-18
8264.79 1.1747e-17
8267.83 1.4965e-17
8270.87 1.2212e-17
8273.91 3.8542e-17
8276.96 2.7782e-17
8280.00 9.3853e-18
8283.04 2.6186e-17
8286.08 2.2205e-17
8289.12 2.9264e-17
8292.16 2.2079e-17
8295.20 2.1781e-17
8298.25 2.6739e-17
8301.29 -1.0238e-18
8304.33 3.3265e-17
8307.37 3.2901e-17
8310.41 2.8144e-17
8313.45 2.9805e-17
8316.49 2.4009e-17
8319.54 2.6104e-17
8322.58 3.3946e-17
8325.62 2.8034e-17
8328.66 1.7733e-17
8331.70 1.7225e-17
8334.74 1.9878e-17
8337.78 2.939e-17
8340.83 4.3277e-17
8343.87 3.8313e-17
8346.91 5.5602e-17
8349.95 3.7336e-17
8352.99 2.4248e-17
8356.03 3.8308e-17
8359.07 1.7386e-17
8362.12 1.3508e-17
8365.16 2.5899e-17
8368.20 1.9767e-17
8371.24 1.455e-17
8374.28 1.5103e-17
8377.32 2.2703e-17
8380.36 2.5107e-17
8383.41 2.5707e-17
8386.45 1.9552e-17
8389.49 1.574e-17
8392.53 2.6274e-17
8395.57 3.0497e-17
8398.61 2.6616e-17
8401.65 3.0855e-17
8404.70 3.2654e-17
8407.74 1.3472e-17
8410.78 3.1551e-17
8413.82 2.7984e-17
8416.86 1.8296e-17
8419.90 1.5833e-17
8422.94 1.9005e-17
8425.98 2.3659e-17
8429.03 1.5166e-17
8432.07 2.7879e-17
8435.11 2.5067e-17
8438.15 2.4013e-17
8441.19 3.023e-17
8444.23 1.2226e-17
8447.27 1.674e-17
8450.32 1.8506e-17
8453.36 2.3522e-17
8456.40 1.4575e-17
8459.44 1.8216e-17
8462.48 7.3517e-19
8465.52 2.6273e-17
8468.56 2.4377e-17
8471.61 1.8478e-17
8474.65 1.0268e-18
8477.69 1.3692e-17
8480.73 1.2966e-17
8483.77 1.5175e-17
8486.81 3.3757e-18
8489.85 5.8597e-18
8492.90 9.9088e-18
8495.94 2.4078e-18
8498.98 8.3965e-18
8502.02 8.1728e-18
8505.06 -3.4834e-18
8508.10 1.0759e-17
8511.14 4.3511e-18
8514.19 8.9211e-18
8517.23 1.2598e-17
8520.27 1.0713e-17
8523.31 -4.3818e-18
8526.35 -3.3937e-18
8529.39 -2.1194e-18
8532.43 -1.7883e-18
8535.48 1.0547e-17
8538.52 -4.0131e-18
8541.56 -1.4492e-17
8544.60 9.3428e-18
8547.64 1.7599e-17
8550.68 1.6466e-17
8553.72 1.785e-17
8556.77 1.0814e-17
8559.81 8.7797e-18
8562.85 2.0079e-17
8565.89 7.1995e-18
8568.93 1.2526e-17
8571.97 3.0254e-17
8575.01 1.1931e-17
8578.06 7.3221e-18
8581.10 1.0153e-17
8584.14 1.0274e-17
8587.18 7.7558e-18
8590.22 -1.0088e-18
8593.26 1.1404e-17
8596.30 1.3282e-17
8599.35 7.9325e-18
8602.39 1.0369e-17
8605.43 1.1068e-17
8608.47 1.0768e-17
8611.51 3.645e-17
8614.55 3.5751e-17
8617.59 1.8626e-18
8620.64 3.4282e-17
8623.68 3.5327e-17
8626.72 9.0077e-18
8629.76 1.4221e-17
8632.80 6.4243e-18
8635.84 2.2157e-18
8638.88 1.3752e-17
8641.93 1.5918e-17
8644.97 1.4336e-17
8648.01 2.0924e-17
8651.05 3.6908e-17
8654.09 3.4842e-17
8657.13 1.3248e-17
8660.17 4.1392e-17
8663.21 2.4443e-17
8666.26 4.1053e-18
8669.30 -2.6999e-18
8672.34 9.6867e-18
8675.38 1.5899e-17
8678.42 9.7914e-18
8681.46 1.2292e-17
8684.50 2.872e-17
8687.55 2.1096e-17
8690.59 1.8591e-17
8693.63 2.5703e-17
8696.67 1.3351e-17
8699.71 7.3134e-18
8702.75 3.0368e-17
8705.79 2.4442e-17
8708.84 1.8061e-17
8711.88 2.3212e-17
8714.92 1.4339e-17
8717.96 1.4564e-17
8721.00 2.0137e-17
8724.04 1.8789e-17
8727.08 2.5448e-17
8730.13 2.9134e-17
8733.17 1.4266e-17
8736.21 1.2087e-17
8739.25 2.7092e-17
8742.29 3.708e-17
8745.33 2.7987e-17
8748.37 2.8238e-17
8751.42 4.6122e-17
8754.46 2.6109e-17
8757.50 2.0862e-17
8760.54 -8.786e-18
8763.58 2.6248e-17
8766.62 2.4309e-17
8769.66 2.6839e-17
8772.71 8.4089e-18
8775.75 4.4996e-17
8778.79 1.9072e-17
8781.83 3.7063e-17
8784.87 4.0917e-17
8787.91 2.4136e-17
8790.95 2.2742e-17
8794.00 3.7584e-17
8797.04 4.1661e-17
8800.08 3.7409e-17
8803.12 4.5017e-17
8806.16 4.4639e-17
8809.20 4.2915e-17
8812.24 4.8244e-17
8815.29 3.3048e-17
8818.33 3.6648e-17
8821.37 3.1097e-17
8824.41 4.0486e-17
8827.45 1.2211e-17
8830.49 1.5022e-17
8833.53 1.2363e-17
8836.58 2.9342e-17
8839.62 3.2193e-17
8842.66 4.6606e-17
8845.70 2.5207e-17
8848.74 4.1593e-17
8851.78 1.3047e-17
8854.82 2.7522e-17
8857.87 2.7814e-17
8860.91 2.7705e-17
8863.95 3.6947e-17
8866.99 1.5075e-17
8870.03 2.7972e-17
8873.07 3.0854e-17
8876.11 3.7259e-17
8879.16 3.6569e-17
8882.20 3.5309e-17
8885.24 3.6139e-17
8888.28 -1.5607e-18
8891.32 3.41e-17
8894.36 3.7779e-17
8897.40 3.4396e-17
8900.44 3.6225e-17
8903.49 3.1472e-17
8906.53 1.0623e-17
8909.57 2.2101e-17
8912.61 1.6264e-17
8915.65 4.2006e-17
8918.69 4.1917e-17
8921.73 3.4643e-17
8924.78 1.2337e-17
8927.82 8.4241e-18
8930.86 1.9482e-17
8933.90 1.8928e-17
8936.94 1.3e-17
8939.98 2.0839e-17
8943.02 2.2622e-17
8946.07 1.4893e-17
8949.11 5.8437e-18
8952.15 1.3657e-17
8955.19 3.0812e-17
8958.23 6.2113e-18
8961.27 -9.9785e-18
8964.31 -3.7108e-18
8967.36 8.5169e-18
8970.40 2.836e-18
8973.44 2.0451e-17
8976.48 1.1321e-17
8979.52 -8.3693e-18
8982.56 1.2871e-17
8985.60 4.777e-17
8988.65 4.4662e-17
8991.69 2.3895e-17
8994.73 9.6725e-18
8997.77 3.9287e-17
9000.81 1.5998e-17
9003.85 1.5068e-17
9006.89 1.5764e-17
9009.94 1.934e-17
9012.98 2.8735e-17
9016.02 3.1745e-17
9019.06 2.9914e-17
9022.10 2.3006e-17
9025.14 2.5262e-17
9028.18 1.9882e-17
9031.23 3.2944e-17
9034.27 2.1132e-17
9037.31 -5.7573e-18
9040.35 -2.2539e-18
9043.39 2.366e-17
9046.43 2.8317e-17
9049.47 2.6757e-17
9052.52 2.8184e-17
9055.56 2.6699e-17
9058.60 1.5678e-17
9061.64 6.047e-18
9064.68 2.9077e-17
9067.72 1.0047e-17
9070.76 9.4437e-18
9073.81 1.4649e-17
9076.85 1.2284e-17
9079.89 -1.5786e-17
9082.93 1.2647e-17
9085.97 1.9746e-17
9089.01 2.8255e-17
9092.05 8.098e-18
9095.10 5.599e-18
9098.14 2.0928e-17
9101.18 1.0545e-17
9104.22 -8.454e-18
9107.26 1.0121e-17
9110.30 7.5854e-18
9113.34 2.9989e-18
9116.39 1.2656e-17
9119.43 1.3273e-17
9122.47 2.4131e-17
9125.51 2.4067e-17
9128.55 1.855e-17
9131.59 2.3824e-17
9134.63 3.545e-17
9137.67 1.6672e-17
9140.72 4.2462e-17
9143.76 4.4499e-17
9146.80 1.8566e-17
9149.84 2.2441e-17
9152.88 1.6936e-17
9155.92 -2.8325e-17
9158.96 -6.575e-18
9162.01 5.1008e-18
9165.05 1.4228e-17
9168.09 3.1151e-17
9171.13 2.8412e-17
9174.17 4.105e-17
9177.21 2.2425e-17
9180.25 1.3242e-19
9183.30 -7.0741e-19
9186.34 5.673e-18
9189.38 6.3056e-18
9192.42 1.0739e-17
9195.46 1.1031e-17
9198.50 2.9153e-17
9201.54 2.8447e-17
9204.59 1.1388e-20
9207.63 -9.4353e-18
9210.67 2.1496e-18
9213.71 1.8022e-18
9216.75 1.1421e-17
9219.79 7.9034e-18
9222.83 2.3826e-17
9225.88 2.3403e-17
9228.92 2.2369e-17
9231.96 1.8009e-17
9235.00 1.4355e-17
