3500.78 2.142e-15
3501.57 2.0959e-15
3502.35 2.2038e-15
3503.14 2.059e-15
3503.92 2.2925e-15
3504.71 2.0142e-15
3505.49 2.3297e-15
3506.27 2.1223e-15
3507.06 1.9136e-15
3507.84 2.2714e-15
3508.63 1.571e-15
3509.41 1.9171e-15
3510.20 2.5058e-15
3510.98 1.8223e-15
3511.77 1.5122e-15
3512.55 2.0297e-15
3513.33 2.1228e-15
3514.12 1.986e-15
3514.90 1.9292e-15
3515.69 2.3169e-15
3516.47 1.9587e-15
3517.26 1.7935e-15
3518.04 2.2672e-15
3518.82 2.2665e-15
3519.61 1.9199e-15
3520.39 2.2564e-15
3521.18 2.4536e-15
3521.96 2.4259e-15
3522.75 2.1375e-15
3523.53 2.2812e-15
3524.31 1.8345e-15
3525.10 2.0084e-15
3525.88 2.0334e-15
3526.67 1.8117e-15
3527.45 2.224e-15
3528.24 2.818e-15
3529.02 2.7679e-15
3529.81 1.6658e-15
3530.59 2.0393e-15
3531.37 1.5882e-15
3532.16 2.0462e-15
3532.94 1.978e-15
3533.73 2.0512e-15
3534.51 1.6645e-15
3535.30 1.9754e-15
3536.08 1.6029e-15
3536.86 2.2551e-15
3537.65 2.0216e-15
3538.43 2.1289e-15
3539.22 2.4604e-15
3540.00 2.5675e-15
3540.79 2.4887e-15
3541.57 2.3124e-15
3542.36 2.8692e-15
3543.14 2.0822e-15
3543.92 2.1089e-15
3544.71 2.3237e-15
3545.49 2.2887e-15
3546.28 1.9645e-15
3547.06 1.762e-15
3547.85 2.1674e-15
3548.63 2.2709e-15
3549.41 1.8594e-15
3550.20 2.3498e-15
3550.98 2.1212e-15
3551.77 2.066e-15
3552.55 2.0772e-15
3553.34 2.2668e-15
3554.12 2.201e-15
3554.90 2.0709e-15
3555.69 2.1303e-15
3556.47 2.1157e-15
3557.26 2.045e-15
3558.04 1.9982e-15
3558.83 2.3133e-15
3559.61 2.285e-15
3560.40 2.2685e-15
3561.18 2.0519e-15
3561.96 1.7195e-15
3562.75 2.411e-15
3563.53 2.1598e-15
3564.32 1.944e-15
3565.10 1.7092e-15
3565.89 1.9053e-15
3566.67 2.123e-15
3567.45 2.2562e-15
3568.24 1.6491e-15
3569.02 1.9337e-15
3569.81 2.301e-15
3570.59 2.1862e-15
3571.38 2.2963e-15
3572.16 2.2538e-15
3572.95 2.4675e-15
3573.73 1.9216e-15
3574.51 2.05e-15
3575.30 2.4522e-15
3576.08 1.801e-15
3576.87 2.0272e-15
3577.65 2.1458e-15
3578.44 2.2543e-15
3579.22 2.0021e-15
3580.00 1.3244e-15
3580.79 1.9066e-15
3581.57 1.7598e-15
3582.36 1.8714e-15
3583.14 2.001e-15
3583.93 1.7565e-15
3584.71 1.9894e-15
3585.49 1.9741e-15
3586.28 1.695e-15
3587.06 1.9221e-15
3587.85 2.2512e-15
3588.63 1.9973e-15
3589.42 1.2455e-15
3590.20 2.0055e-15
3590.99 2.0305e-15
3591.77 1.8296e-15
3592.55 1.9999e-15
3593.34 2.0976e-15
3594.12 2.303e-15
3594.91 2.5386e-15
3595.69 2.6492e-15
3596.48 2.2249e-15
3597.26 2.5021e-15
3598.04 2.5022e-15
3598.83 1.9578e-15
3599.61 1.9941e-15
3600.40 2.1428e-15
3601.18 2.3684e-15
3601.97 2.0985e-15
3602.75 1.7873e-15
3603.53 1.8849e-15
3604.32 2.0401e-15
3605.10 1.7048e-15
3605.89 1.7375e-15
3606.67 1.7899e-15
3607.46 1.9482e-15
3608.24 1.8945e-15
3609.03 1.8529e-15
3609.81 1.5618e-15
3610.59 2.1539e-15
3611.38 1.6077e-15
3612.16 1.5815e-15
3612.95 1.8415e-15
3613.73 1.7274e-15
3614.52 2.0265e-15
3615.30 2.2734e-15
3616.08 1.7614e-15
3616.87 1.6186e-15
3617.65 1.9608e-15
3618.44 1.5927e-15
3619.22 1.7877e-15
3620.01 1.9877e-15
3620.79 1.6857e-15
3621.58 2.0924e-15
3622.36 1.9825e-15
3623.14 1.6122e-15
3623.93 1.6699e-15
3624.71 1.7176e-15
3625.50 1.7004e-15
3626.28 1.8792e-15
3627.07 1.7958e-15
3627.85 1.7929e-15
3628.63 1.6671e-15
3629.42 1.5894e-15
3630.20 1.5205e-15
3630.99 1.8183e-15
3631.77 1.9925e-15
3632.56 1.7875e-15
3633.34 1.7199e-15
3634.12 1.9919e-15
3634.91 2.0306e-15
3635.69 1.9819e-15
3636.48 2.0845e-15
3637.26 2.0438e-15
3638.05 1.8291e-15
3638.83 1.9975e-15
3639.62 1.7216e-15
3640.40 1.58e-15
3641.18 1.9505e-15
3641.97 1.9251e-15
3642.75 2.0628e-15
3643.54 2.1483e-15
3644.32 1.888e-15
3645.11 1.8807e-15
3645.89 1.9179e-15
3646.67 1.8083e-15
3647.46 1.8712e-15
3648.24 1.5822e-15
3649.03 1.7241e-15
3649.81 2.0272e-15
3650.60 2.0906e-15
3651.38 2.2461e-15
3652.17 1.775e-15
3652.95 1.863e-15
3653.73 2.0313e-15
3654.52 1.8356e-15
3655.30 2.0962e-15
3656.09 1.5719e-15
3656.87 1.7716e-15
3657.66 1.8697e-15
3658.44 1.7865e-15
3659.22 1.5647e-15
3660.01 1.8944e-15
3660.79 1.7774e-15
3661.58 1.7977e-15
3662.36 1.8522e-15
3663.15 1.6515e-15
3663.93 1.926e-15
3664.71 1.8738e-15
3665.50 1.9869e-15
3666.28 1.6382e-15
3667.07 1.9338e-15
3667.85 1.8676e-15
3668.64 1.3558e-15
3669.42 1.675e-15
3670.21 1.6514e-15
3670.99 1.9844e-15
3671.77 1.8775e-15
3672.56 1.826e-15
3673.34 1.5158e-15
3674.13 1.5486e-15
3674.91 1.6172e-15
3675.70 1.756e-15
3676.48 1.8068e-15
3677.26 1.7588e-15
3678.05 1.4172e-15
3678.83 1.7296e-15
3679.62 1.528e-15
3680.40 1.3692e-15
3681.19 1.6303e-15
3681.97 1.8092e-15
3682.75 1.6251e-15
3683.54 1.5671e-15
3684.32 1.5534e-15
3685.11 1.6815e-15
3685.89 1.5552e-15
3686.68 1.3899e-15
3687.46 1.4787e-15
3688.25 1.8939e-15
3689.03 1.4097e-15
3689.81 1.4e-15
3690.60 1.7552e-15
3691.38 1.4774e-15
3692.17 1.5726e-15
3692.95 1.3994e-15
3693.74 1.2226e-15
3694.52 1.3775e-15
3695.30 1.4405e-15
3696.09 1.7742e-15
3696.87 1.9138e-15
3697.66 1.907e-15
3698.44 1.7731e-15
3699.23 1.6185e-15
3700.01 1.7537e-15
3700.79 1.5604e-15
3701.58 1.4926e-15
3702.36 1.5089e-15
3703.15 1.7208e-15
3703.93 1.5044e-15
3704.72 1.4415e-15
3705.50 1.7195e-15
3706.29 1.857e-15
3707.07 1.803e-15
3707.85 1.6532e-15
3708.64 1.7964e-15
3709.42 2.0706e-15
3710.21 1.672e-15
3710.99 1.6981e-15
3711.78 1.9061e-15
3712.56 1.862e-15
3713.34 1.9539e-15
3714.13 1.935e-15
3714.91 1.7704e-15
3715.70 2.0947e-15
3716.48 1.9869e-15
3717.27 1.9654e-15
3718.05 2.0695e-15
3718.84 1.9134e-15
3719.62 1.8184e-15
3720.40 2.0583e-15
3721.19 2.1939e-15
3721.97 2.3256e-15
3722.76 2.1567e-15
3723.54 2.3026e-15
3724.33 2.4269e-15
3725.11 2.4041e-15
3725.89 2.5111e-15
3726.68 2.2356e-15
3727.46 2.4902e-15
3728.25 2.7861e-15
3729.03 2.5707e-15
3729.82 2.4937e-15
3730.60 2.7516e-15
3731.39 2.6259e-15
3732.17 2.6504e-15
3732.95 2.8335e-15
3733.74 2.63e-15
3734.52 2.6281e-15
3735.31 2.9172e-15
3736.09 2.7709e-15
3736.88 2.8538e-15
3737.66 2.6605e-15
3738.44 3.0796e-15
3739.23 3.1913e-15
3740.01 3.4361e-15
3740.80 3.9022e-15
3741.58 4.1969e-15
3742.37 4.7043e-15
3743.15 4.7463e-15
3743.93 4.7671e-15
3744.72 5.4438e-15
3745.50 5.4484e-15
3746.29 4.5788e-15
3747.07 3.6574e-15
3747.86 3.4761e-15
3748.64 3.2564e-15
3749.43 2.9937e-15
3750.21 3.0651e-15
3750.99 3.0376e-15
3751.78 2.947e-15
3752.56 3.0314e-15
3753.35 3.1756e-15
3754.13 3.148e-15
3754.92 3.4454e-15
3755.70 3.2746e-15
3756.48 3.0737e-15
3757.27 3.014e-15
3758.05 3.1682e-15
3758.84 2.9916e-15
3759.62 3.0343e-15
3760.41 2.9953e-15
3761.19 2.986e-15
3761.97 3.2628e-15
3762.76 3.1508e-15
3763.54 3.0317e-15
3764.33 2.8548e-15
3765.11 2.7074e-15
3765.90 2.7076e-15
3766.68 2.6895e-15
3767.47 2.8736e-15
3768.25 3.0944e-15
3769.03 3.4141e-15
3769.82 3.0484e-15
3770.60 3.2554e-15
3771.39 3.3e-15
3772.17 3.296e-15
3772.96 3.284e-15
3773.74 3.3097e-15
3774.52 3.3163e-15
3775.31 3.4017e-15
3776.09 3.3404e-15
3776.88 3.248e-15
3777.66 3.305e-15
3778.45 3.2958e-15
3779.23 3.4898e-15
3780.01 3.2937e-15
3780.80 3.3446e-15
3781.58 3.2569e-15
3782.37 3.0598e-15
3783.15 2.9013e-15
3783.94 2.9281e-15
3784.72 2.9631e-15
3785.51 2.8619e-15
3786.29 2.7407e-15
3787.07 3.1074e-15
3787.86 3.3314e-15
3788.64 3.1401e-15
3789.43 3.0871e-15
3790.21 3.4936e-15
3791.00 3.3998e-15
3791.78 3.2828e-15
3792.56 3.7176e-15
3793.35 3.6562e-15
3794.13 3.7465e-15
3794.92 3.6791e-15
3795.70 3.5701e-15
3796.49 3.4938e-15
3797.27 3.5481e-15
3798.06 3.7442e-15
3798.84 3.8694e-15
3799.62 3.8964e-15
3800.41 3.6617e-15
3801.19 3.7487e-15
3801.98 3.7843e-15
3802.76 3.6461e-15
3803.55 3.6591e-15
3804.33 3.6989e-15
3805.11 3.5005e-15
3805.90 3.7392e-15
3806.68 3.7529e-15
3807.47 3.6733e-15
3808.25 3.4735e-15
3809.04 3.6437e-15
3809.82 3.515e-15
3810.60 3.4839e-15
3811.39 3.4189e-15
3812.17 3.1058e-15
3812.96 3.1971e-15
3813.74 3.2455e-15
3814.53 3.1804e-15
3815.31 3.0992e-15
3816.10 3.1787e-15
3816.88 2.8937e-15
3817.66 3.1884e-15
3818.45 2.927e-15
3819.23 2.9585e-15
3820.02 3.2e-15
3820.80 3.1816e-15
3821.59 3.063e-15
3822.37 3.1659e-15
3823.15 2.7076e-15
3823.94 2.6911e-15
3824.72 2.805e-15
3825.51 2.642e-15
3826.29 2.7518e-15
3827.08 2.7287e-15
3827.86 2.5126e-15
3828.65 2.5374e-15
3829.43 2.4839e-15
3830.21 2.5534e-15
3831.00 2.5373e-15
3831.78 2.4313e-15
3832.57 2.2787e-15
3833.35 2.3246e-15
3834.14 2.1784e-15
3834.92 2.1601e-15
3835.70 2.2063e-15
3836.49 2.2907e-15
3837.27 2.094e-15
3838.06 2.0826e-15
3838.84 2.1791e-15
3839.63 2.0605e-15
3840.41 2.0242e-15
3841.19 2.0525e-15
3841.98 1.8238e-15
3842.76 1.7275e-15
3843.55 1.8415e-15
3844.33 1.8278e-15
3845.12 1.8968e-15
3845.90 1.5715e-15
3846.69 1.9508e-15
3847.47 1.7299e-15
3848.25 1.7033e-15
3849.04 1.6035e-15
3849.82 1.3444e-15
3850.61 1.2993e-15
3851.39 1.3401e-15
3852.18 1.3849e-15
3852.96 1.3708e-15
3853.74 1.3731e-15
3854.53 1.2801e-15
3855.31 1.3569e-15
3856.10 1.2998e-15
3856.88 1.4969e-15
3857.67 1.5416e-15
3858.45 1.9386e-15
3859.23 2.7313e-15
3860.02 2.4332e-15
3860.80 1.7824e-15
3861.59 1.7621e-15
3862.37 1.7122e-15
3863.16 1.7358e-15
3863.94 1.656e-15
3864.73 1.6155e-15
3865.51 1.5333e-15
3866.29 1.5604e-15
3867.08 1.5619e-15
3867.86 1.4926e-15
3868.65 1.7225e-15
3869.43 1.8414e-15
3870.22 1.5338e-15
3871.00 1.651e-15
3871.78 1.7127e-15
3872.57 1.5878e-15
3873.35 1.6963e-15
3874.14 1.6722e-15
3874.92 1.6732e-15
3875.71 1.7051e-15
3876.49 1.6151e-15
3877.28 1.8937e-15
3878.06 1.6837e-15
3878.84 1.6972e-15
3879.63 1.7383e-15
3880.41 1.9824e-15
3881.20 1.6722e-15
3881.98 1.5642e-15
3882.77 1.77e-15
3883.55 1.8717e-15
3884.33 1.7336e-15
3885.12 1.8251e-15
3885.90 1.8858e-15
3886.69 1.8406e-15
3887.47 1.9092e-15
3888.26 2.0622e-15
3889.04 1.9248e-15
3889.82 1.8858e-15
3890.61 1.8333e-15
3891.39 1.7855e-15
3892.18 1.8959e-15
3892.96 1.8921e-15
3893.75 1.8105e-15
3894.53 1.8065e-15
3895.32 1.936e-15
3896.10 1.996e-15
3896.88 1.7043e-15
3897.67 2.0354e-15
3898.45 2.0272e-15
3899.24 1.9562e-15
3900.02 1.8901e-15
3900.81 1.8851e-15
3901.59 1.9038e-15
3902.37 2.0251e-15
3903.16 1.9174e-15
3903.94 1.7973e-15
3904.73 1.8338e-15
3905.51 1.8888e-15
3906.30 2.1254e-15
3907.08 2.2475e-15
3907.86 1.9352e-15
3908.65 1.9669e-15
3909.43 2.1125e-15
3910.22 2.0042e-15
3911.00 2.1121e-15
3911.79 2.0862e-15
3912.57 2.4789e-15
3913.36 2.3126e-15
3914.14 2.4896e-15
3914.92 2.4264e-15
3915.71 2.6205e-15
3916.49 2.5774e-15
3917.28 2.6483e-15
3918.06 2.7637e-15
3918.85 2.6875e-15
3919.63 2.5441e-15
3920.41 2.7959e-15
3921.20 2.9971e-15
3921.98 2.9693e-15
3922.77 3.0949e-15
3923.55 3.3572e-15
3924.34 3.1207e-15
3925.12 3.3228e-15
3925.91 3.3228e-15
3926.69 3.3899e-15
3927.47 3.4135e-15
3928.26 3.4973e-15
3929.04 3.6069e-15
3929.83 3.5112e-15
3930.61 3.5731e-15
3931.40 3.7662e-15
3932.18 3.7244e-15
3932.96 3.7168e-15
3933.75 3.6559e-15
3934.53 3.8425e-15
3935.32 3.8717e-15
3936.10 4.0043e-15
3936.89 4.0854e-15
3937.67 4.1948e-15
3938.45 4.2396e-15
3939.24 4.0822e-15
3940.02 4.3581e-15
3940.81 4.1526e-15
3941.59 4.2682e-15
3942.38 4.305e-15
3943.16 4.3336e-15
3943.95 4.3931e-15
3944.73 4.5717e-15
3945.51 4.4793e-15
3946.30 4.406e-15
3947.08 4.3333e-15
3947.87 4.5087e-15
3948.65 4.2111e-15
3949.44 3.7649e-15
3950.22 3.7982e-15
3951.00 3.9639e-15
3951.79 3.9666e-15
3952.57 4.1505e-15
3953.36 4.2218e-15
3954.14 4.4762e-15
3954.93 4.57e-15
3955.71 4.6072e-15
3956.50 4.5982e-15
3957.28 4.4974e-15
3958.06 4.5528e-15
3958.85 4.5462e-15
3959.63 4.3343e-15
3960.42 4.3709e-15
3961.20 4.4113e-15
3961.99 4.4498e-15
3962.77 4.4596e-15
3963.55 4.4065e-15
3964.34 4.3721e-15
3965.12 4.2569e-15
3965.91 4.288e-15
3966.69 4.3368e-15
3967.48 4.2447e-15
3968.26 4.1143e-15
3969.04 4.1307e-15
3969.83 4.1946e-15
3970.61 4.1005e-15
3971.40 4.4178e-15
3972.18 4.3106e-15
3972.97 4.1583e-15
3973.75 4.1322e-15
3974.54 4.1626e-15
3975.32 4.1572e-15
3976.10 4.1258e-15
3976.89 4.2933e-15
3977.67 4.4696e-15
3978.46 4.4338e-15
3979.24 4.3628e-15
3980.03 4.2852e-15
3980.81 4.2118e-15
3981.59 4.2464e-15
3982.38 4.2592e-15
3983.16 4.0877e-15
3983.95 3.9623e-15
3984.73 3.7193e-15
3985.52 3.6551e-15
3986.30 3.8485e-15
3987.08 4.0574e-15
3987.87 4.2994e-15
3988.65 4.1029e-15
3989.44 4.2016e-15
3990.22 4.3315e-15
3991.01 4.2096e-15
3991.79 4.2312e-15
3992.58 4.3891e-15
3993.36 4.6002e-15
3994.14 4.5712e-15
3994.93 4.4911e-15
3995.71 4.4852e-15
3996.50 4.2879e-15
3997.28 4.4123e-15
3998.07 4.4505e-15
3998.85 4.4147e-15
3999.63 4.3727e-15
4000.42 4.4231e-15
4001.20 4.3463e-15
4001.99 4.3558e-15
4002.77 4.4772e-15
4003.56 4.3855e-15
4004.34 4.3774e-15
4005.12 4.385e-15
4005.91 4.3842e-15
4006.69 4.2092e-15
4007.48 4.6019e-15
4008.26 4.5392e-15
4009.05 4.4958e-15
4009.83 4.5075e-15
4010.62 4.4515e-15
4011.40 4.3457e-15
4012.18 4.2498e-15
4012.97 4.237e-15
4013.75 4.4792e-15
4014.54 4.3123e-15
4015.32 4.245e-15
4016.11 4.3035e-15
4016.89 4.4232e-15
4017.67 4.3223e-15
4018.46 4.1384e-15
4019.24 4.3296e-15
4020.03 4.2373e-15
4020.81 4.3722e-15
4021.60 4.1819e-15
4022.38 4.2808e-15
4023.17 4.0623e-15
4023.95 4.1344e-15
4024.73 4.1199e-15
4025.52 4.1141e-15
4026.30 4.0909e-15
4027.09 4.204e-15
4027.87 4.1093e-15
4028.66 4.3574e-15
4029.44 4.0444e-15
4030.22 4.0103e-15
4031.01 3.944e-15
4031.79 4.116e-15
4032.58 3.9502e-15
4033.36 3.8642e-15
4034.15 3.8655e-15
4034.93 3.7232e-15
4035.71 3.9936e-15
4036.50 3.8499e-15
4037.28 3.8699e-15
4038.07 3.8691e-15
4038.85 3.7682e-15
4039.64 3.8016e-15
4040.42 3.7841e-15
4041.21 3.5714e-15
4041.99 3.7397e-15
4042.77 3.6164e-15
4043.56 3.5866e-15
4044.34 3.505e-15
4045.13 3.7078e-15
4045.91 3.6565e-15
4046.70 3.7721e-15
4047.48 3.7213e-15
4048.26 3.6597e-15
4049.05 3.6514e-15
4049.83 3.6319e-15
4050.62 3.64e-15
4051.40 3.743e-15
4052.19 3.8945e-15
4052.97 3.8501e-15
4053.76 3.883e-15
4054.54 3.7979e-15
4055.32 3.8827e-15
4056.11 3.9668e-15
4056.89 4.0638e-15
4057.68 3.9792e-15
4058.46 4.0398e-15
4059.25 4.1035e-15
4060.03 3.9881e-15
4060.81 4.1041e-15
4061.60 4.1826e-15
4062.38 4.1857e-15
4063.17 4.1622e-15
4063.95 4.0972e-15
4064.74 4.3436e-15
4065.52 4.2255e-15
4066.30 4.4164e-15
4067.09 4.1454e-15
4067.87 4.354e-15
4068.66 4.2741e-15
4069.44 4.2853e-15
4070.23 4.3841e-15
4071.01 4.4014e-15
4071.80 4.4323e-15
4072.58 4.342e-15
4073.36 4.3272e-15
4074.15 4.5124e-15
4074.93 4.4735e-15
4075.72 4.4304e-15
4076.50 4.4639e-15
4077.29 4.4677e-15
4078.07 4.4391e-15
4078.85 4.5317e-15
4079.64 4.6111e-15
4080.42 4.625e-15
4081.21 4.4361e-15
4081.99 4.5778e-15
4082.78 4.3298e-15
4083.56 4.599e-15
4084.34 4.5185e-15
4085.13 4.4795e-15
4085.91 4.7532e-15
4086.70 4.7288e-15
4087.48 4.6578e-15
4088.27 4.7043e-15
4089.05 4.5236e-15
4089.84 4.558e-15
4090.62 4.6662e-15
4091.40 4.6378e-15
4092.19 4.8023e-15
4092.97 4.654e-15
4093.76 4.568e-15
4094.54 4.561e-15
4095.33 4.5292e-15
4096.11 4.6225e-15
4096.89 4.4789e-15
4097.68 4.4302e-15
4098.46 4.4158e-15
4099.25 4.362e-15
4100.03 4.4253e-15
4100.82 4.3419e-15
4101.60 4.5039e-15
4102.39 4.5685e-15
4103.17 4.4083e-15
4103.95 4.5177e-15
4104.74 4.4547e-15
4105.52 4.3113e-15
4106.31 4.27e-15
4107.09 4.2557e-15
4107.88 4.2108e-15
4108.66 4.2027e-15
4109.44 4.1767e-15
4110.23 4.1347e-15
4111.01 4.0564e-15
4111.80 4.0783e-15
4112.58 4.1359e-15
4113.37 4.0229e-15
4114.15 3.8177e-15
4114.93 3.8753e-15
4115.72 3.894e-15
4116.50 3.8405e-15
4117.29 3.8313e-15
4118.07 3.9526e-15
4118.86 4.0482e-15
4119.64 4.146e-15
4120.43 4.1232e-15
4121.21 3.9999e-15
4121.99 3.907e-15
4122.78 3.9142e-15
4123.56 4.0068e-15
4124.35 3.8763e-15
4125.13 3.8279e-15
4125.92 3.7537e-15
4126.70 3.7695e-15
4127.48 3.8948e-15
4128.27 3.8641e-15
4129.05 3.832e-15
4129.84 4.041e-15
4130.62 4.1089e-15
4131.41 3.9909e-15
4132.19 4.1261e-15
4132.98 4.1263e-15
4133.76 4.1642e-15
4134.54 4.3097e-15
4135.33 4.244e-15
4136.11 4.1542e-15
4136.90 4.2838e-15
4137.68 4.246e-15
4138.47 4.062e-15
4139.25 4.2871e-15
4140.03 4.1456e-15
4140.82 4.2119e-15
4141.60 4.2899e-15
4142.39 4.3617e-15
4143.17 4.2458e-15
4143.96 4.3316e-15
4144.74 4.2514e-15
4145.52 4.2953e-15
4146.31 4.3074e-15
4147.09 4.4132e-15
4147.88 4.41e-15
4148.66 4.2954e-15
4149.45 4.2662e-15
4150.23 4.2483e-15
4151.02 4.3842e-15
4151.80 4.2246e-15
4152.58 4.4151e-15
4153.37 4.1152e-15
4154.15 4.2064e-15
4154.94 4.3023e-15
4155.72 4.3388e-15
4156.51 4.2675e-15
4157.29 4.1954e-15
4158.07 4.1374e-15
4158.86 4.1008e-15
4159.64 4.1951e-15
4160.43 4.0969e-15
4161.21 4.0689e-15
4162.00 4.0697e-15
4162.78 4.134e-15
4163.56 4.0564e-15
4164.35 4.0819e-15
4165.13 4.0937e-15
4165.92 4.0868e-15
4166.70 4.0799e-15
4167.49 3.9601e-15
4168.27 3.9047e-15
4169.06 3.8458e-15
4169.84 3.9947e-15
4170.62 3.7974e-15
4171.41 3.7585e-15
4172.19 3.7644e-15
4172.98 3.7776e-15
4173.76 3.8993e-15
4174.55 3.7543e-15
4175.33 3.8116e-15
4176.11 3.8458e-15
4176.90 3.7393e-15
4177.68 3.6929e-15
4178.47 3.7379e-15
4179.25 3.6483e-15
4180.04 3.4928e-15
4180.82 3.5206e-15
4181.60 3.4842e-15
4182.39 3.6308e-15
4183.17 3.6948e-15
4183.96 3.4442e-15
4184.74 3.5161e-15
4185.53 3.5456e-15
4186.31 3.5349e-15
4187.10 3.4118e-15
4187.88 3.6229e-15
4188.66 3.3895e-15
4189.45 3.4454e-15
4190.23 3.4231e-15
4191.02 3.5659e-15
4191.80 3.3432e-15
4192.59 3.3467e-15
4193.37 3.4164e-15
4194.15 3.5057e-15
4194.94 3.1533e-15
4195.72 3.2692e-15
4196.51 3.1893e-15
4197.29 3.1704e-15
4198.08 3.1973e-15
4198.86 3.3299e-15
4199.65 3.218e-15
4200.43 3.2135e-15
4201.21 3.2692e-15
4202.00 3.2317e-15
4202.78 3.2417e-15
4203.57 3.1751e-15
4204.35 3.1369e-15
4205.14 3.3314e-15
4205.92 3.3106e-15
4206.70 3.2624e-15
4207.49 3.1662e-15
4208.27 3.3276e-15
4209.06 3.323e-15
4209.84 3.2171e-15
4210.63 3.2661e-15
4211.41 3.3463e-15
4212.19 3.2019e-15
4212.98 3.1579e-15
4213.76 3.1114e-15
4214.55 3.1914e-15
4215.33 3.1284e-15
4216.12 3.2567e-15
4216.90 3.1817e-15
4217.69 3.1407e-15
4218.47 3.1484e-15
4219.25 3.3218e-15
4220.04 3.1019e-15
4220.82 3.0836e-15
4221.61 3.0238e-15
4222.39 2.8585e-15
4223.18 3.0567e-15
4223.96 2.8526e-15
4224.74 2.918e-15
4225.53 2.9173e-15
4226.31 2.917e-15
4227.10 2.9976e-15
4227.88 3.0456e-15
4228.67 2.8591e-15
4229.45 2.8769e-15
4230.24 2.9672e-15
4231.02 2.7805e-15
4231.80 2.7778e-15
4232.59 2.7728e-15
4233.37 2.5653e-15
4234.16 2.5694e-15
4234.94 2.6774e-15
4235.73 2.6253e-15
4236.51 2.6456e-15
4237.29 2.57e-15
4238.08 2.5636e-15
4238.86 2.728e-15
4239.65 2.6393e-15
4240.43 2.5957e-15
4241.22 2.5549e-15
4242.00 2.4972e-15
4242.78 2.5067e-15
4243.57 2.4834e-15
4244.35 2.3803e-15
4245.14 2.4475e-15
4245.92 2.4086e-15
4246.71 2.2684e-15
4247.49 2.402e-15
4248.28 2.4017e-15
4249.06 2.5325e-15
4249.84 2.5979e-15
4250.63 2.6056e-15
4251.41 2.3838e-15
4252.20 2.5158e-15
4252.98 2.5044e-15
4253.77 2.3925e-15
4254.55 2.4952e-15
4255.33 2.499e-15
4256.12 2.5264e-15
4256.90 2.6494e-15
4257.69 2.5001e-15
4258.47 2.4577e-15
4259.26 2.5201e-15
4260.04 2.3937e-15
4260.83 2.4255e-15
4261.61 2.604e-15
4262.39 2.5962e-15
4263.18 2.4511e-15
4263.96 2.512e-15
4264.75 2.4385e-15
4265.53 2.2915e-15
4266.32 2.448e-15
4267.10 2.4723e-15
4267.88 2.5322e-15
4268.67 2.571e-15
4269.45 2.4479e-15
4270.24 2.4735e-15
4271.02 2.4602e-15
4271.81 2.5061e-15
4272.59 2.5519e-15
4273.37 2.5707e-15
4274.16 2.4745e-15
4274.94 2.476e-15
4275.73 2.4819e-15
4276.51 2.4344e-15
4277.30 2.4684e-15
4278.08 2.4181e-15
4278.87 2.5454e-15
4279.65 2.6044e-15
4280.43 2.604e-15
4281.22 2.6464e-15
4282.00 2.639e-15
4282.79 2.6602e-15
4283.57 2.781e-15
4284.36 2.7118e-15
4285.14 2.7986e-15
4285.92 2.8706e-15
4286.71 2.8345e-15
4287.49 2.8259e-15
4288.28 2.8731e-15
4289.06 2.8723e-15
4289.85 2.9849e-15
4290.63 2.9604e-15
4291.42 3.0023e-15
4292.20 2.9813e-15
4292.98 3.0588e-15
4293.77 3.0937e-15
4294.55 2.9866e-15
4295.34 3.1274e-15
4296.12 3.2555e-15
4296.91 3.2517e-15
4297.69 3.0822e-15
4298.47 3.1396e-15
4299.26 3.426e-15
4300.04 3.3425e-15
4300.83 3.384e-15
4301.61 3.3583e-15
4302.40 3.3404e-15
4303.18 3.4113e-15
4303.96 3.3978e-15
4304.75 3.4659e-15
4305.53 3.4682e-15
4306.32 3.5238e-15
4307.10 3.5368e-15
4307.89 3.424e-15
4308.67 3.5219e-15
4309.46 3.6035e-15
4310.24 3.3836e-15
4311.02 3.5485e-15
4311.81 3.4885e-15
4312.59 3.5148e-15
4313.38 3.5675e-15
4314.16 3.5115e-15
4314.95 3.4419e-15
4315.73 3.5762e-15
4316.51 3.522e-15
4317.30 3.4078e-15
4318.08 3.4705e-15
4318.87 3.4237e-15
4319.65 3.4471e-15
4320.44 3.4685e-15
4321.22 3.4797e-15
4322.00 3.3227e-15
4322.79 3.3916e-15
4323.57 3.2942e-15
4324.36 3.455e-15
4325.14 3.4169e-15
4325.93 3.3842e-15
4326.71 3.3816e-15
4327.50 3.4073e-15
4328.28 3.3601e-15
4329.06 3.2202e-15
4329.85 3.3612e-15
4330.63 3.4006e-15
4331.42 3.4286e-15
4332.20 3.4111e-15
4332.99 3.2181e-15
4333.77 3.4211e-15
4334.55 3.2971e-15
4335.34 3.3061e-15
4336.12 3.3333e-15
4336.91 3.3934e-15
4337.69 3.3809e-15
4338.48 3.279e-15
4339.26 3.3133e-15
4340.04 3.2536e-15
4340.83 3.403e-15
4341.61 3.3181e-15
4342.40 3.3653e-15
4343.18 3.3284e-15
4343.97 3.4219e-15
4344.75 3.3945e-15
4345.54 3.4571e-15
4346.32 3.4697e-15
4347.10 3.4142e-15
4347.89 3.5458e-15
4348.67 3.4777e-15
4349.46 3.6236e-15
4350.24 3.4492e-15
4351.03 3.3631e-15
4351.81 3.5472e-15
4352.59 3.5631e-15
4353.38 3.4709e-15
4354.16 3.2913e-15
4354.95 3.3682e-15
4355.73 3.3042e-15
4356.52 3.3739e-15
4357.30 3.3472e-15
4358.08 3.513e-15
4358.87 3.7642e-15
4359.65 3.9935e-15
4360.44 3.8141e-15
4361.22 3.6446e-15
4362.01 3.4804e-15
4362.79 3.3708e-15
4363.58 3.4843e-15
4364.36 3.5509e-15
4365.14 3.3954e-15
4365.93 3.5101e-15
4366.71 3.4878e-15
4367.50 3.5227e-15
4368.28 3.5602e-15
4369.07 3.793e-15
4369.85 3.6782e-15
4370.63 3.7718e-15
4371.42 3.5634e-15
4372.20 3.6051e-15
4372.99 3.6952e-15
4373.77 3.7446e-15
4374.56 3.5495e-15
4375.34 3.7008e-15
4376.12 3.813e-15
4376.91 3.6598e-15
4377.69 3.5469e-15
4378.48 3.6388e-15
4379.26 3.748e-15
4380.05 3.7707e-15
4380.83 3.7307e-15
4381.62 3.6663e-15
4382.40 3.564e-15
4383.18 3.621e-15
4383.97 3.7391e-15
4384.75 3.66e-15
4385.54 3.6733e-15
4386.32 3.6506e-15
4387.11 3.7015e-15
4387.89 3.5348e-15
4388.67 3.6354e-15
4389.46 3.6542e-15
4390.24 3.7066e-15
4391.03 3.6643e-15
4391.81 3.6691e-15
4392.60 3.6092e-15
4393.38 3.6341e-15
4394.17 3.6708e-15
4394.95 3.6464e-15
4395.73 3.7572e-15
4396.52 3.7659e-15
4397.30 3.6186e-15
4398.09 3.6609e-15
4398.87 3.559e-15
4399.66 3.6577e-15
4400.44 3.6426e-15
4401.22 3.6218e-15
4402.01 3.5718e-15
4402.79 3.4042e-15
4403.58 3.4108e-15
4404.36 3.505e-15
4405.15 3.541e-15
4405.93 3.5153e-15
4406.72 3.4992e-15
4407.50 3.5516e-15
4408.28 3.6432e-15
4409.07 3.713e-15
4409.85 3.673e-15
4410.64 3.602e-15
4411.42 3.6472e-15
4412.21 3.6264e-15
4412.99 3.7097e-15
4413.77 3.7146e-15
4414.56 3.676e-15
4415.34 3.6029e-15
4416.13 3.698e-15
4416.91 3.7343e-15
4417.70 3.7269e-15
4418.48 3.7568e-15
4419.26 3.5432e-15
4420.05 3.7418e-15
4420.83 3.8585e-15
4421.62 3.61e-15
4422.40 3.6679e-15
4423.19 3.643e-15
4423.97 3.7055e-15
4424.76 3.6361e-15
4425.54 3.5944e-15
4426.32 3.5776e-15
4427.11 3.6826e-15
4427.89 3.4485e-15
4428.68 3.5397e-15
4429.46 3.5022e-15
4430.25 3.5949e-15
4431.03 3.6326e-15
4431.81 3.5781e-15
4432.60 3.5095e-15
4433.38 3.251e-15
4434.17 3.4207e-15
4434.95 3.3693e-15
4435.74 3.2694e-15
4436.52 3.3906e-15
4437.31 3.5298e-15
4438.09 3.5179e-15
4438.87 3.4813e-15
4439.66 3.343e-15
4440.44 3.3993e-15
4441.23 3.5068e-15
4442.01 3.3142e-15
4442.80 3.3969e-15
4443.58 3.4119e-15
4444.36 3.4017e-15
4445.15 3.3431e-15
4445.93 3.1517e-15
4446.72 3.2346e-15
4447.50 3.1883e-15
4448.29 3.3099e-15
4449.07 3.2911e-15
4449.85 3.301e-15
4450.64 3.2272e-15
4451.42 3.2555e-15
4452.21 3.1604e-15
4452.99 3.073e-15
4453.78 3.1169e-15
4454.56 3.081e-15
4455.35 3.1659e-15
4456.13 3.2141e-15
4456.91 3.0926e-15
4457.70 3.1548e-15
4458.48 3.1377e-15
4459.27 3.1921e-15
4460.05 3.156e-15
4460.84 3.0225e-15
4461.62 3.1012e-15
4462.40 3.1105e-15
4463.19 3.1371e-15
4463.97 2.983e-15
4464.76 2.995e-15
4465.54 3.0031e-15
4466.33 3.081e-15
4467.11 2.9233e-15
4467.90 2.8947e-15
4468.68 3.0873e-15
4469.46 2.9963e-15
4470.25 2.9554e-15
4471.03 3.0726e-15
4471.82 3.0748e-15
4472.60 2.9686e-15
4473.39 2.9556e-15
4474.17 2.8733e-15
4474.95 2.7821e-15
4475.74 2.9146e-15
4476.52 2.9485e-15
4477.31 2.8844e-15
4478.09 2.8319e-15
4478.88 2.6999e-15
4479.66 2.8419e-15
4480.44 2.7897e-15
4481.23 2.8541e-15
4482.01 2.7525e-15
4482.80 2.9048e-15
4483.58 2.8183e-15
4484.37 2.8692e-15
4485.15 2.7835e-15
4485.94 2.7687e-15
4486.72 2.7233e-15
4487.50 2.7467e-15
4488.29 2.7391e-15
4489.07 2.8063e-15
4489.86 2.7698e-15
4490.64 2.6666e-15
4491.43 2.727e-15
4492.21 2.8319e-15
4492.99 2.7478e-15
4493.78 2.8412e-15
4494.56 2.7939e-15
4495.35 2.8595e-15
4496.13 2.8785e-15
4496.92 2.9154e-15
4497.70 2.8118e-15
4498.48 2.8547e-15
4499.27 2.7275e-15
4500.05 2.7132e-15
4500.84 2.6411e-15
4501.62 2.7765e-15
4502.41 2.8206e-15
4503.19 2.844e-15
4503.98 2.8868e-15
4504.76 2.8651e-15
4505.54 2.8063e-15
4506.33 2.8771e-15
4507.11 2.8545e-15
4507.90 2.8456e-15
4508.68 2.9447e-15
4509.47 2.9855e-15
4510.25 2.9719e-15
4511.03 2.9477e-15
4511.82 2.9734e-15
4512.60 2.9712e-15
4513.39 2.8353e-15
4514.17 2.9619e-15
4514.96 3.0457e-15
4515.74 3.0758e-15
4516.52 3.1208e-15
4517.31 3.1958e-15
4518.09 3.051e-15
4518.88 3.1348e-15
4519.66 3.1022e-15
4520.45 3.2258e-15
4521.23 3.0901e-15
4522.02 3.0851e-15
4522.80 3.1746e-15
4523.58 3.3269e-15
4524.37 3.1932e-15
4525.15 3.2163e-15
4525.94 3.3665e-15
4526.72 3.3264e-15
4527.51 3.398e-15
4528.29 3.3877e-15
4529.07 3.4666e-15
4529.86 3.497e-15
4530.64 3.5007e-15
4531.43 3.6096e-15
4532.21 3.5508e-15
4533.00 3.5838e-15
4533.78 3.606e-15
4534.56 3.7043e-15
4535.35 3.7533e-15
4536.13 3.7249e-15
4536.92 3.795e-15
4537.70 3.7671e-15
4538.49 3.7815e-15
4539.27 3.9426e-15
4540.06 3.8228e-15
4540.84 4.0012e-15
4541.62 4.0082e-15
4542.41 4.0893e-15
4543.19 4.0571e-15
4543.98 4.0419e-15
4544.76 4.0468e-15
4545.55 4.0416e-15
4546.33 4.0946e-15
4547.11 4.0344e-15
4547.90 4.1123e-15
4548.68 4.1582e-15
4549.47 4.2002e-15
4550.25 4.2494e-15
4551.04 4.2885e-15
4551.82 4.304e-15
4552.61 4.2816e-15
4553.39 4.1964e-15
4554.17 4.1403e-15
4554.96 4.3042e-15
4555.74 4.29e-15
4556.53 4.3417e-15
4557.31 4.3542e-15
4558.10 4.2941e-15
4558.88 4.2857e-15
4559.66 4.3835e-15
4560.45 4.2501e-15
4561.23 4.3993e-15
4562.02 4.2741e-15
4562.80 4.3232e-15
4563.59 4.2946e-15
4564.37 4.331e-15
4565.15 4.3159e-15
4565.94 4.3492e-15
4566.72 4.4375e-15
4567.51 4.499e-15
4568.29 4.2865e-15
4569.08 4.3209e-15
4569.86 4.2647e-15
4570.65 4.2519e-15
4571.43 4.3431e-15
4572.21 4.3561e-15
4573.00 4.3539e-15
4573.78 4.2407e-15
4574.57 4.3727e-15
4575.35 4.3734e-15
4576.14 4.4218e-15
4576.92 4.427e-15
4577.70 4.4522e-15
4578.49 4.436e-15
4579.27 4.3313e-15
4580.06 4.3739e-15
4580.84 4.4785e-15
4581.63 4.4902e-15
4582.41 4.5092e-15
4583.20 4.3424e-15
4583.98 4.4568e-15
4584.76 4.5938e-15
4585.55 4.2792e-15
4586.33 4.5088e-15
4587.12 4.4574e-15
4587.90 4.5657e-15
4588.69 4.5835e-15
4589.47 4.6546e-15
4590.25 4.497e-15
4591.04 4.5141e-15
4591.82 4.5328e-15
4592.61 4.5372e-15
4593.39 4.5481e-15
4594.18 4.5332e-15
4594.96 4.5678e-15
4595.75 4.6368e-15
4596.53 4.5037e-15
4597.31 4.5393e-15
4598.10 4.5765e-15
4598.88 4.5776e-15
4599.67 4.5874e-15
4600.45 4.4608e-15
4601.24 4.5056e-15
4602.02 4.5164e-15
4602.80 4.5337e-15
4603.59 4.6264e-15
4604.37 4.5455e-15
4605.16 4.5383e-15
4605.94 4.5344e-15
4606.73 4.5486e-15
4607.51 4.4976e-15
4608.29 4.4872e-15
4609.08 4.6204e-15
4609.86 4.4786e-15
4610.65 4.6043e-15
4611.43 4.512e-15
4612.22 4.566e-15
4613.00 4.6051e-15
4613.79 4.5191e-15
4614.57 4.6349e-15
4615.35 4.5228e-15
4616.14 4.6144e-15
4616.92 4.6373e-15
4617.71 4.5724e-15
4618.49 4.6724e-15
4619.28 4.5662e-15
4620.06 4.6481e-15
4620.84 4.6097e-15
4621.63 4.6321e-15
4622.41 4.5681e-15
4623.20 4.5224e-15
4623.98 4.5604e-15
4624.77 4.5299e-15
4625.55 4.5077e-15
4626.33 4.4846e-15
4627.12 4.5728e-15
4627.90 4.4961e-15
4628.69 4.4977e-15
4629.47 4.4871e-15
4630.26 4.4953e-15
4631.04 4.6204e-15
4631.83 4.5492e-15
4632.61 4.5596e-15
4633.39 4.59e-15
4634.18 4.5703e-15
4634.96 4.4856e-15
4635.75 4.5187e-15
4636.53 4.4892e-15
4637.32 4.5637e-15
4638.10 4.431e-15
4638.88 4.5203e-15
4639.67 4.6253e-15
4640.45 4.5491e-15
4641.24 4.4745e-15
4642.02 4.5117e-15
4642.81 4.4294e-15
4643.59 4.4365e-15
4644.38 4.5e-15
4645.16 4.5197e-15
4645.94 4.4845e-15
4646.73 4.5784e-15
4647.51 4.6134e-15
4648.30 4.3564e-15
4649.08 4.4685e-15
4649.87 4.2607e-15
4650.65 4.3837e-15
4651.43 4.371e-15
4652.22 4.4738e-15
4653.00 4.5163e-15
4653.79 4.4908e-15
4654.57 4.4504e-15
4655.36 4.3576e-15
4656.14 4.4745e-15
4656.92 4.3743e-15
4657.71 4.4468e-15
4658.49 4.4826e-15
4659.28 4.3358e-15
4660.06 4.3286e-15
4660.85 4.4682e-15
4661.63 4.3215e-15
4662.42 4.2487e-15
4663.20 4.2589e-15
4663.98 4.3013e-15
4664.77 4.35e-15
4665.55 4.2422e-15
4666.34 4.2811e-15
4667.12 4.2522e-15
4667.91 4.29e-15
4668.69 4.1793e-15
4669.47 4.227e-15
4670.26 4.1917e-15
4671.04 4.1732e-15
4671.83 4.136e-15
4672.61 4.2103e-15
4673.40 4.1304e-15
4674.18 4.3325e-15
4674.96 4.2095e-15
4675.75 4.2039e-15
4676.53 4.0685e-15
4677.32 4.0523e-15
4678.10 4.1215e-15
4678.89 4.1651e-15
4679.67 4.1987e-15
4680.46 4.1348e-15
4681.24 4.1583e-15
4682.02 4.0964e-15
4682.81 4.0464e-15
4683.59 4.0382e-15
4684.38 4.0425e-15
4685.16 4.1598e-15
4685.95 4.094e-15
4686.73 4.0916e-15
4687.51 4.0308e-15
4688.30 3.9774e-15
4689.08 3.8925e-15
4689.87 3.9677e-15
4690.65 4.0385e-15
4691.44 4.0132e-15
4692.22 3.8681e-15
4693.00 3.8558e-15
4693.79 3.9282e-15
4694.57 3.8225e-15
4695.36 3.8245e-15
4696.14 3.8021e-15
4696.93 3.7532e-15
4697.71 3.614e-15
4698.50 3.5559e-15
4699.28 3.4406e-15
4700.06 3.4055e-15
4700.85 3.8036e-15
4701.63 4.1811e-15
4702.42 3.6172e-15
4703.20 3.2449e-15
4703.99 3.1881e-15
4704.77 3.1802e-15
4705.55 3.2339e-15
4706.34 3.1193e-15
4707.12 3.0482e-15
4707.91 3.0976e-15
4708.69 3.0324e-15
4709.48 3.0298e-15
4710.26 3.1185e-15
4711.04 3.1493e-15
4711.83 3.0679e-15
4712.61 3.158e-15
4713.40 3.1327e-15
4714.18 3.178e-15
4714.97 3.1876e-15
4715.75 3.172e-15
4716.54 3.2502e-15
4717.32 3.3164e-15
4718.10 3.1803e-15
4718.89 3.227e-15
4719.67 3.2803e-15
4720.46 3.238e-15
4721.24 3.2316e-15
4722.03 3.0872e-15
4722.81 3.1852e-15
4723.59 3.1817e-15
4724.38 3.1679e-15
4725.16 3.1781e-15
4725.95 3.0163e-15
4726.73 3.1445e-15
4727.52 3.0574e-15
4728.30 3.1866e-15
4729.09 3.1491e-15
4729.87 3.0401e-15
4730.65 3.1256e-15
4731.44 3.1673e-15
4732.22 3.1092e-15
4733.01 2.9955e-15
4733.79 3.1166e-15
4734.58 2.9679e-15
4735.36 3.0857e-15
4736.14 3.0107e-15
4736.93 2.9825e-15
4737.71 3.0696e-15
4738.50 3.111e-15
4739.28 2.9016e-15
4740.07 2.8095e-15
4740.85 2.8674e-15
4741.63 2.9364e-15
4742.42 2.969e-15
4743.20 2.8889e-15
4743.99 2.7894e-15
4744.77 2.9352e-15
4745.56 2.9452e-15
4746.34 2.922e-15
4747.13 2.7111e-15
4747.91 2.8661e-15
4748.69 2.7009e-15
4749.48 2.8917e-15
4750.26 2.9704e-15
4751.05 2.8258e-15
4751.83 2.82e-15
4752.62 2.6875e-15
4753.40 2.7116e-15
4754.18 2.7314e-15
4754.97 2.614e-15
4755.75 2.6984e-15
4756.54 2.5996e-15
4757.32 2.5937e-15
4758.11 2.5893e-15
4758.89 2.6149e-15
4759.68 2.6047e-15
4760.46 2.5267e-15
4761.24 2.5784e-15
4762.03 2.4123e-15
4762.81 2.5679e-15
4763.60 2.5074e-15
4764.38 2.4717e-15
4765.17 2.47e-15
4765.95 2.4489e-15
4766.73 2.4281e-15
4767.52 2.494e-15
4768.30 2.4236e-15
4769.09 2.4072e-15
4769.87 2.4954e-15
4770.66 2.2789e-15
4771.44 2.4711e-15
4772.22 2.3906e-15
4773.01 2.369e-15
4773.79 2.3459e-15
4774.58 2.3749e-15
4775.36 2.3074e-15
4776.15 2.3396e-15
4776.93 2.3898e-15
4777.72 2.3066e-15
4778.50 2.301e-15
4779.28 2.3054e-15
4780.07 2.34e-15
4780.85 2.2956e-15
4781.64 2.3603e-15
4782.42 2.2373e-15
4783.21 2.3337e-15
4783.99 2.3512e-15
4784.77 2.4741e-15
4785.56 2.4183e-15
4786.34 2.3127e-15
4787.13 2.3545e-15
4787.91 2.431e-15
4788.70 2.4256e-15
4789.48 2.3769e-15
4790.27 2.4922e-15
4791.05 2.5612e-15
4791.83 2.5601e-15
4792.62 2.5864e-15
4793.40 2.4913e-15
4794.19 2.5265e-15
4794.97 2.725e-15
4795.76 2.71e-15
4796.54 2.6584e-15
4797.32 2.8865e-15
4798.11 2.8335e-15
4798.89 2.9793e-15
4799.68 3.0028e-15
4800.46 3.0607e-15
4801.25 3.1603e-15
4802.03 3.1575e-15
4802.81 3.2583e-15
4803.60 3.2582e-15
4804.38 3.2431e-15
4805.17 3.3084e-15
4805.95 3.421e-15
4806.74 3.4612e-15
4807.52 3.5624e-15
4808.31 3.5793e-15
4809.09 3.6334e-15
4809.87 3.7268e-15
4810.66 3.6945e-15
4811.44 3.7803e-15
4812.23 3.8848e-15
4813.01 3.8078e-15
4813.80 3.8307e-15
4814.58 3.8851e-15
4815.36 3.9094e-15
4816.15 3.9354e-15
4816.93 4.1538e-15
4817.72 4.0005e-15
4818.50 4.2081e-15
4819.29 4.2245e-15
4820.07 4.264e-15
4820.85 4.1867e-15
4821.64 4.1735e-15
4822.42 4.3509e-15
4823.21 4.2113e-15
4823.99 4.3826e-15
4824.78 4.3626e-15
4825.56 4.4604e-15
4826.35 4.4395e-15
4827.13 4.4597e-15
4827.91 4.3397e-15
4828.70 4.4935e-15
4829.48 4.4276e-15
4830.27 4.4652e-15
4831.05 4.3505e-15
4831.84 4.4875e-15
4832.62 4.4542e-15
4833.40 4.4842e-15
4834.19 4.6048e-15
4834.97 4.514e-15
4835.76 4.537e-15
4836.54 4.4155e-15
4837.33 4.7843e-15
4838.11 4.7122e-15
4838.90 4.3924e-15
4839.68 4.447e-15
4840.46 4.5475e-15
4841.25 4.5113e-15
4842.03 4.6266e-15
4842.82 4.4405e-15
4843.60 4.3772e-15
4844.39 4.4683e-15
4845.17 4.4596e-15
4845.95 4.42e-15
4846.74 4.5476e-15
4847.52 4.4188e-15
4848.31 4.315e-15
4849.09 4.3026e-15
4849.88 4.3443e-15
4850.66 4.336e-15
4851.44 4.37e-15
4852.23 4.3379e-15
4853.01 4.2222e-15
4853.80 4.1789e-15
4854.58 4.3202e-15
4855.37 4.256e-15
4856.15 4.2751e-15
4856.94 4.2703e-15
4857.72 4.3048e-15
4858.50 4.2813e-15
4859.29 4.1179e-15
4860.07 4.2912e-15
4860.86 4.246e-15
4861.64 4.3346e-15
4862.43 4.2592e-15
4863.21 4.3673e-15
4863.99 4.1777e-15
4864.78 4.3283e-15
4865.56 4.2391e-15
4866.35 4.3781e-15
4867.13 4.3984e-15
4867.92 4.3946e-15
4868.70 4.509e-15
4869.48 4.431e-15
4870.27 4.3854e-15
4871.05 4.4349e-15
4871.84 4.4675e-15
4872.62 4.5616e-15
4873.41 4.5406e-15
4874.19 4.5243e-15
4874.98 4.4482e-15
4875.76 4.4687e-15
4876.54 4.3709e-15
4877.33 4.4926e-15
4878.11 4.5667e-15
4878.90 4.5949e-15
4879.68 4.6052e-15
4880.47 4.862e-15
4881.25 5.351e-15
4882.03 6.0992e-15
4882.82 6.1247e-15
4883.60 5.7448e-15
4884.39 5.1115e-15
4885.17 4.8751e-15
4885.96 4.7326e-15
4886.74 4.7604e-15
4887.53 4.6628e-15
4888.31 4.7664e-15
4889.09 4.7953e-15
4889.88 4.7005e-15
4890.66 4.6494e-15
4891.45 4.8003e-15
4892.23 4.8875e-15
4893.02 4.7494e-15
4893.80 4.7396e-15
4894.58 4.792e-15
4895.37 4.8721e-15
4896.15 4.7734e-15
4896.94 4.819e-15
4897.72 4.7333e-15
4898.51 4.8351e-15
4899.29 4.8988e-15
4900.07 4.7506e-15
4900.86 4.7648e-15
4901.64 4.822e-15
4902.43 4.7362e-15
4903.21 4.8366e-15
4904.00 4.7792e-15
4904.78 4.9615e-15
4905.57 4.8533e-15
4906.35 4.6941e-15
4907.13 4.7362e-15
4907.92 4.6949e-15
4908.70 4.7264e-15
4909.49 4.8025e-15
4910.27 4.777e-15
4911.06 4.6662e-15
4911.84 4.6929e-15
4912.62 4.705e-15
4913.41 4.7245e-15
4914.19 4.8338e-15
4914.98 4.6729e-15
4915.76 4.6307e-15
4916.55 4.6684e-15
4917.33 4.7691e-15
4918.12 4.6392e-15
4918.90 4.5935e-15
4919.68 4.719e-15
4920.47 4.5325e-15
4921.25 4.6494e-15
4922.04 4.5258e-15
4922.82 4.4766e-15
4923.61 4.4666e-15
4924.39 4.4639e-15
4925.17 4.5526e-15
4925.96 4.4384e-15
4926.74 4.457e-15
4927.53 4.4731e-15
4928.31 4.4028e-15
4929.10 4.354e-15
4929.88 4.2595e-15
4930.66 4.1627e-15
4931.45 4.2521e-15
4932.23 4.1766e-15
4933.02 4.1294e-15
4933.80 4.1672e-15
4934.59 4.1168e-15
4935.37 4.1554e-15
4936.16 4.1662e-15
4936.94 4.1097e-15
4937.72 4.0101e-15
4938.51 4.0325e-15
4939.29 3.9614e-15
4940.08 3.9439e-15
4940.86 3.7696e-15
4941.65 3.8303e-15
4942.43 3.7012e-15
4943.21 3.7871e-15
4944.00 3.8013e-15
4944.78 3.7529e-15
4945.57 3.6875e-15
4946.35 3.7417e-15
4947.14 3.7255e-15
4947.92 3.6929e-15
4948.71 3.7079e-15
4949.49 3.6405e-15
4950.27 3.6006e-15
4951.06 3.6144e-15
4951.84 3.6241e-15
4952.63 3.6704e-15
4953.41 3.6413e-15
4954.20 3.6509e-15
4954.98 3.6332e-15
4955.76 3.6533e-15
4956.55 3.7228e-15
4957.33 3.7235e-15
4958.12 3.8249e-15
4958.90 3.6951e-15
4959.69 3.7273e-15
4960.47 3.723e-15
4961.25 3.7783e-15
4962.04 3.7821e-15
4962.82 3.8521e-15
4963.61 3.8204e-15
4964.39 3.8039e-15
4965.18 3.8854e-15
4965.96 3.8471e-15
4966.75 3.9153e-15
4967.53 3.8654e-15
4968.31 3.8074e-15
4969.10 3.9877e-15
4969.88 4.4646e-15
4970.67 8.9884e-15
4971.45 1.1804e-14
4972.24 5.5901e-15
4973.02 4.1156e-15
4973.80 4.0448e-15
4974.59 4.1147e-15
4975.37 4.1288e-15
4976.16 4.1679e-15
4976.94 4.1061e-15
4977.73 4.2686e-15
4978.51 4.2782e-15
4979.29 4.2375e-15
4980.08 4.3153e-15
4980.86 4.3822e-15
4981.65 4.4819e-15
4982.43 4.3777e-15
4983.22 4.2456e-15
4984.00 4.2723e-15
4984.79 4.3127e-15
4985.57 4.2859e-15
4986.35 4.2769e-15
4987.14 4.2925e-15
4987.92 4.2412e-15
4988.71 4.2486e-15
4989.49 4.2442e-15
4990.28 4.2901e-15
4991.06 4.3152e-15
4991.84 4.3743e-15
4992.63 4.2253e-15
4993.41 4.2525e-15
4994.20 4.3198e-15
4994.98 4.3564e-15
4995.77 4.3063e-15
4996.55 4.2797e-15
4997.33 4.2075e-15
4998.12 4.2867e-15
4998.90 4.3166e-15
4999.69 4.3043e-15
5000.47 4.3584e-15
5001.26 4.3009e-15
5002.04 4.231e-15
5002.83 4.3194e-15
5003.61 4.3283e-15
5004.39 4.2321e-15
5005.18 4.2518e-15
5005.96 4.2404e-15
5006.75 4.489e-15
5007.53 4.4103e-15
5008.32 4.301e-15
5009.10 4.3208e-15
5009.88 4.3408e-15
5010.67 4.2595e-15
5011.45 4.2441e-15
5012.24 4.2279e-15
5013.02 4.2919e-15
5013.81 4.2367e-15
5014.59 4.2521e-15
5015.38 4.3251e-15
5016.16 4.3161e-15
5016.94 4.307e-15
5017.73 4.2852e-15
5018.51 4.5171e-15
5019.30 4.2838e-15
5020.08 4.2889e-15
5020.87 4.3045e-15
5021.65 4.3152e-15
5022.43 4.3409e-15
5023.22 4.2265e-15
5024.00 4.245e-15
5024.79 4.3588e-15
5025.57 4.3389e-15
5026.36 4.4595e-15
5027.14 4.7287e-15
5027.92 5.0562e-15
5028.71 5.2249e-15
5029.49 5.0905e-15
5030.28 4.7757e-15
5031.06 4.486e-15
5031.85 4.4894e-15
5032.63 4.2924e-15
5033.42 4.2133e-15
5034.20 4.1584e-15
5034.98 4.3056e-15
5035.77 4.2287e-15
5036.55 4.2175e-15
5037.34 4.2619e-15
5038.12 4.2834e-15
5038.91 4.2309e-15
5039.69 4.1786e-15
5040.47 4.0925e-15
5041.26 4.2e-15
5042.04 4.1988e-15
5042.83 4.2144e-15
5043.61 4.174e-15
5044.40 4.2352e-15
5045.18 4.164e-15
5045.96 4.154e-15
5046.75 4.0728e-15
5047.53 4.073e-15
5048.32 4.1425e-15
5049.10 4.0946e-15
5049.89 4.0308e-15
5050.67 4.1031e-15
5051.46 4.0353e-15
5052.24 3.9768e-15
5053.02 4.0018e-15
5053.81 3.9393e-15
5054.59 3.9819e-15
5055.38 4.0348e-15
5056.16 3.9777e-15
5056.95 3.9428e-15
5057.73 3.9633e-15
5058.51 3.9562e-15
5059.30 3.884e-15
5060.08 3.7987e-15
5060.87 3.8557e-15
5061.65 3.8049e-15
5062.44 3.8055e-15
5063.22 3.71e-15
5064.00 3.6994e-15
5064.79 3.8252e-15
5065.57 3.775e-15
5066.36 3.7515e-15
5067.14 3.7339e-15
5067.93 3.609e-15
5068.71 3.6648e-15
5069.50 3.6997e-15
5070.28 3.6762e-15
5071.06 3.5406e-15
5071.85 3.5778e-15
5072.63 3.6003e-15
5073.42 3.532e-15
5074.20 3.5022e-15
5074.99 3.4828e-15
5075.77 3.5613e-15
5076.55 3.4714e-15
5077.34 3.4525e-15
5078.12 3.3322e-15
5078.91 3.2464e-15
5079.69 3.3629e-15
5080.48 3.4556e-15
5081.26 3.3449e-15
5082.05 3.3788e-15
5082.83 3.1609e-15
5083.61 3.2369e-15
5084.40 3.1346e-15
5085.18 3.1211e-15
5085.97 3.3198e-15
5086.75 3.2068e-15
5087.54 3.1058e-15
5088.32 3.0894e-15
5089.10 2.9912e-15
5089.89 3.0104e-15
5090.67 3.0624e-15
5091.46 2.9572e-15
5092.24 2.9519e-15
5093.03 2.9865e-15
5093.81 2.9269e-15
5094.59 2.9127e-15
5095.38 2.9131e-15
5096.16 2.8482e-15
5096.95 2.9705e-15
5097.73 2.9296e-15
5098.52 3.0165e-15
5099.30 2.9217e-15
5100.09 2.8865e-15
5100.87 2.9444e-15
5101.65 2.8486e-15
5102.44 2.8711e-15
5103.22 2.8463e-15
5104.01 2.9e-15
5104.79 2.8995e-15
5105.58 2.828e-15
5106.36 2.8542e-15
5107.14 2.9111e-15
5107.93 2.9508e-15
5108.71 2.9661e-15
5109.50 2.9795e-15
5110.28 2.971e-15
5111.07 2.9878e-15
5111.85 3.016e-15
5112.64 3.0426e-15
5113.42 3.1594e-15
5114.20 3.0232e-15
5114.99 2.9869e-15
5115.77 3.038e-15
5116.56 3.1158e-15
5117.34 3.1035e-15
5118.13 3.1417e-15
5118.91 3.1249e-15
5119.69 3.1888e-15
5120.48 3.059e-15
5121.26 3.1623e-15
5122.05 3.2043e-15
5122.83 3.1444e-15
5123.62 3.299e-15
5124.40 3.2181e-15
5125.19 3.2737e-15
5125.97 3.3511e-15
5126.75 3.3146e-15
5127.54 3.4403e-15
5128.32 3.4488e-15
5129.11 3.2363e-15
5129.89 3.3444e-15
5130.68 3.3468e-15
5131.46 3.4069e-15
5132.24 3.4029e-15
5133.03 3.5032e-15
5133.81 3.4867e-15
5134.60 3.5348e-15
5135.38 3.557e-15
5136.17 3.5621e-15
5136.95 3.5679e-15
5137.73 3.5759e-15
5138.52 3.6404e-15
5139.30 3.781e-15
5140.09 3.7893e-15
5140.87 3.7331e-15
5141.66 3.7341e-15
5142.44 3.7011e-15
5143.23 3.6483e-15
5144.01 3.6837e-15
5144.79 3.7629e-15
5145.58 3.7089e-15
5146.36 3.778e-15
5147.15 3.7995e-15
5147.93 3.782e-15
5148.72 3.8314e-15
5149.50 3.7752e-15
5150.28 3.8618e-15
5151.07 3.7917e-15
5151.85 3.8918e-15
5152.64 3.8303e-15
5153.42 3.8021e-15
5154.21 3.8691e-15
5154.99 3.863e-15
5155.77 3.7966e-15
5156.56 3.9492e-15
5157.34 3.9356e-15
5158.13 3.9526e-15
5158.91 3.9329e-15
5159.70 3.8894e-15
5160.48 3.8764e-15
5161.27 3.9014e-15
5162.05 3.9736e-15
5162.83 3.8472e-15
5163.62 3.9829e-15
5164.40 3.9517e-15
5165.19 3.9798e-15
5165.97 3.9397e-15
5166.76 3.931e-15
5167.54 3.9499e-15
5168.32 4.0381e-15
5169.11 4.0769e-15
5169.89 3.9499e-15
5170.68 3.9401e-15
5171.46 4.074e-15
5172.25 3.9425e-15
5173.03 4.0915e-15
5173.81 4.1145e-15
5174.60 4.0234e-15
5175.38 4.0223e-15
5176.17 4.0458e-15
5176.95 4.0449e-15
5177.74 4.0681e-15
5178.52 4.1439e-15
5179.31 4.0451e-15
5180.09 3.6915e-15
5180.87 3.6076e-15
5181.66 3.6659e-15
5182.44 3.9324e-15
5183.23 3.8398e-15
5184.01 3.7383e-15
5184.80 3.6732e-15
5185.58 3.749e-15
5186.36 4.1476e-15
5187.15 4.0964e-15
5187.93 4.1999e-15
5188.72 4.0911e-15
5189.50 4.0606e-15
5190.29 4.0303e-15
5191.07 4.0988e-15
5191.85 4.0652e-15
5192.64 4.0747e-15
5193.42 4.1054e-15
5194.21 4.0918e-15
5194.99 4.0399e-15
5195.78 4.0626e-15
5196.56 4.0504e-15
5197.35 4.0469e-15
5198.13 4.0566e-15
5198.91 4.0127e-15
5199.70 4.1613e-15
5200.48 4.0795e-15
5201.27 4.0642e-15
5202.05 4.1381e-15
5202.84 4.0495e-15
5203.62 4.108e-15
5204.40 4.04e-15
5205.19 4.0759e-15
5205.97 3.9203e-15
5206.76 3.9988e-15
5207.54 4.0094e-15
5208.33 3.9729e-15
5209.11 4.0416e-15
5209.90 4.0336e-15
5210.68 3.9897e-15
5211.46 3.9827e-15
5212.25 4.0552e-15
5213.03 4.0114e-15
5213.82 3.9235e-15
5214.60 4.0467e-15
5215.39 4.0585e-15
5216.17 4.0593e-15
5216.95 4.0666e-15
5217.74 4.0505e-15
5218.52 3.9883e-15
5219.31 4.0563e-15
5220.09 4.0727e-15
5220.88 4.0582e-15
5221.66 3.9897e-15
5222.44 3.9775e-15
5223.23 4.1334e-15
5224.01 3.9575e-15
5224.80 4.0669e-15
5225.58 4.0803e-15
5226.37 4.1047e-15
5227.15 3.9457e-15
5227.94 3.9876e-15
5228.72 3.9869e-15
5229.50 3.945e-15
5230.29 3.8565e-15
5231.07 3.9813e-15
5231.86 3.971e-15
5232.64 3.9003e-15
5233.43 4.0795e-15
5234.21 3.9627e-15
5234.99 3.9193e-15
5235.78 3.9293e-15
5236.56 3.9293e-15
5237.35 3.9879e-15
5238.13 3.9272e-15
5238.92 3.9936e-15
5239.70 3.8822e-15
5240.49 3.9004e-15
5241.27 3.9125e-15
5242.05 3.824e-15
5242.84 3.861e-15
5243.62 3.9313e-15
5244.41 3.8817e-15
5245.19 3.8804e-15
5245.98 3.9528e-15
5246.76 3.8676e-15
5247.54 3.8787e-15
5248.33 3.8399e-15
5249.11 3.7825e-15
5249.90 3.7705e-15
5250.68 3.7482e-15
5251.47 3.9013e-15
5252.25 3.8287e-15
5253.04 3.9086e-15
5253.82 3.9072e-15
5254.60 3.851e-15
5255.39 3.9812e-15
5256.17 3.8998e-15
5256.96 4.0383e-15
5257.74 3.8814e-15
5258.53 3.9372e-15
5259.31 3.8508e-15
5260.09 3.9004e-15
5260.88 3.9217e-15
5261.66 3.88e-15
5262.45 4.0006e-15
5263.23 3.9913e-15
5264.02 4.1117e-15
5264.80 3.9753e-15
5265.58 3.9901e-15
5266.37 3.9896e-15
5267.15 4.0587e-15
5267.94 4.0811e-15
5268.72 3.9639e-15
5269.51 4.0079e-15
5270.29 4.0302e-15
5271.08 4.0861e-15
5271.86 4.1647e-15
5272.64 4.0989e-15
5273.43 3.9646e-15
5274.21 3.9347e-15
5275.00 3.9963e-15
5275.78 4.139e-15
5276.57 4.1232e-15
5277.35 4.1129e-15
5278.13 3.974e-15
5278.92 4.0948e-15
5279.70 4.0983e-15
5280.49 4.1774e-15
5281.27 4.1322e-15
5282.06 4.1075e-15
5282.84 4.1751e-15
5283.62 4.1289e-15
5284.41 4.189e-15
5285.19 4.1937e-15
5285.98 4.091e-15
5286.76 4.1244e-15
5287.55 4.1304e-15
5288.33 4.0633e-15
5289.12 4.0993e-15
5289.90 4.0047e-15
5290.68 4.0367e-15
5291.47 4.0674e-15
5292.25 4.1168e-15
5293.04 4.1556e-15
5293.82 4.169e-15
5294.61 4.0808e-15
5295.39 3.9959e-15
5296.17 4.0274e-15
5296.96 4.086e-15
5297.74 4.104e-15
5298.53 4.0944e-15
5299.31 4.1492e-15
5300.10 4.0696e-15
5300.88 4.0547e-15
5301.67 4.185e-15
5302.45 4.242e-15
5303.23 4.2359e-15
5304.02 4.1692e-15
5304.80 4.2062e-15
5305.59 4.1842e-15
5306.37 4.1314e-15
5307.16 4.1819e-15
5307.94 4.2243e-15
5308.72 4.1963e-15
5309.51 4.1893e-15
5310.29 4.3248e-15
5311.08 4.2971e-15
5311.86 4.1053e-15
5312.65 4.2006e-15
5313.43 4.2531e-15
5314.21 4.2152e-15
5315.00 4.2308e-15
5315.78 4.1306e-15
5316.57 4.2632e-15
5317.35 4.1702e-15
5318.14 4.2866e-15
5318.92 4.2083e-15
5319.71 4.2816e-15
5320.49 4.2532e-15
5321.27 4.1863e-15
5322.06 4.1187e-15
5322.84 4.1369e-15
5323.63 4.1423e-15
5324.41 4.1261e-15
5325.20 4.1779e-15
5325.98 4.2185e-15
5326.76 4.2037e-15
5327.55 4.2349e-15
5328.33 4.1869e-15
5329.12 4.2859e-15
5329.90 4.3192e-15
5330.69 4.237e-15
5331.47 4.2923e-15
5332.25 4.2299e-15
5333.04 4.2105e-15
5333.82 4.1621e-15
5334.61 4.1973e-15
5335.39 4.1448e-15
5336.18 4.1966e-15
5336.96 4.1379e-15
5337.75 4.175e-15
5338.53 4.1592e-15
5339.31 4.1984e-15
5340.10 4.1541e-15
5340.88 4.0479e-15
5341.67 4.161e-15
5342.45 4.1405e-15
5343.24 4.0764e-15
5344.02 4.073e-15
5344.80 4.1157e-15
5345.59 4.1241e-15
5346.37 4.0072e-15
5347.16 4.1641e-15
5347.94 4.0763e-15
5348.73 3.9949e-15
5349.51 4.1372e-15
5350.29 4.0915e-15
5351.08 3.9932e-15
5351.86 3.9563e-15
5352.65 4.139e-15
5353.43 4.0798e-15
5354.22 4.0901e-15
5355.00 4.0666e-15
5355.79 4.1341e-15
5356.57 4.0942e-15
5357.35 4.045e-15
5358.14 4.0872e-15
5358.92 4.111e-15
5359.71 4.0322e-15
5360.49 4.042e-15
5361.28 4.0382e-15
5362.06 4.1175e-15
5362.84 3.9729e-15
5363.63 4.0317e-15
5364.41 3.9878e-15
5365.20 3.9193e-15
5365.98 3.9954e-15
5366.77 4.0183e-15
5367.55 3.9878e-15
5368.33 4.0525e-15
5369.12 4.0567e-15
5369.90 3.9688e-15
5370.69 3.9685e-15
5371.47 3.9553e-15
5372.26 3.9193e-15
5373.04 3.9925e-15
5373.83 4.0887e-15
5374.61 3.9936e-15
5375.39 4.0799e-15
5376.18 4.0516e-15
5376.96 4.0714e-15
5377.75 3.9478e-15
5378.53 3.9594e-15
5379.32 4.0975e-15
5380.10 4.0052e-15
5380.88 4.0164e-15
5381.67 4.0113e-15
5382.45 4.0333e-15
5383.24 4.1244e-15
5384.02 3.9819e-15
5384.81 4.0595e-15
5385.59 4.0209e-15
5386.38 3.954e-15
5387.16 3.9609e-15
5387.94 3.9546e-15
5388.73 3.9392e-15
5389.51 3.8813e-15
5390.30 3.9525e-15
5391.08 3.8833e-15
5391.87 3.9291e-15
5392.65 3.8801e-15
5393.43 4.0317e-15
5394.22 3.8714e-15
5395.00 3.7841e-15
5395.79 3.9239e-15
5396.57 3.9233e-15
5397.36 3.9369e-15
5398.14 3.8497e-15
5398.92 3.9013e-15
5399.71 4.0694e-15
5400.49 3.9548e-15
5401.28 3.9131e-15
5402.06 3.8856e-15
5402.85 3.8377e-15
5403.63 3.9186e-15
5404.42 3.8399e-15
5405.20 3.8491e-15
5405.98 3.92e-15
5406.77 3.8487e-15
5407.55 3.8987e-15
5408.34 3.8344e-15
5409.12 3.8471e-15
5409.91 3.8921e-15
5410.69 3.7922e-15
5411.47 3.8985e-15
5412.26 3.8148e-15
5413.04 3.7767e-15
5413.83 3.8207e-15
5414.61 3.8174e-15
5415.40 3.8208e-15
5416.18 3.851e-15
5416.97 3.8272e-15
5417.75 3.8312e-15
5418.53 3.7632e-15
5419.32 3.783e-15
5420.10 3.9111e-15
5420.89 3.6892e-15
5421.67 3.7472e-15
5422.46 3.683e-15
5423.24 3.7658e-15
5424.02 3.7492e-15
5424.81 3.6998e-15
5425.59 3.775e-15
5426.38 3.7666e-15
5427.16 3.6672e-15
5427.95 3.6907e-15
5428.73 3.7419e-15
5429.51 3.7315e-15
5430.30 3.7126e-15
5431.08 3.8204e-15
5431.87 3.6732e-15
5432.65 3.7235e-15
5433.44 3.6116e-15
5434.22 3.6328e-15
5435.01 3.7229e-15
5435.79 3.7791e-15
5436.57 3.7498e-15
5437.36 3.6929e-15
5438.14 3.5728e-15
5438.93 3.6838e-15
5439.71 3.7044e-15
5440.50 3.6585e-15
5441.28 3.6545e-15
5442.06 3.7046e-15
5442.85 3.6728e-15
5443.63 3.7051e-15
5444.42 3.6001e-15
5445.20 3.6592e-15
5445.99 3.5852e-15
5446.77 3.6569e-15
5447.56 3.4131e-15
5448.34 3.3648e-15
5449.12 3.5784e-15
5449.91 3.5923e-15
5450.69 3.6357e-15
5451.48 3.6797e-15
5452.26 3.6199e-15
5453.05 3.5912e-15
5453.83 3.5863e-15
5454.61 3.594e-15
5455.40 3.7047e-15
5456.18 3.5261e-15
5456.97 3.6675e-15
5457.75 3.6686e-15
5458.54 3.6168e-15
5459.32 3.6603e-15
5460.10 3.4066e-15
5460.89 3.5549e-15
5461.67 3.5127e-15
5462.46 3.6068e-15
5463.24 3.6386e-15
5464.03 3.5489e-15
5464.81 3.6285e-15
5465.60 3.4904e-15
5466.38 3.564e-15
5467.16 3.6386e-15
5467.95 3.5059e-15
5468.73 3.5288e-15
5469.52 3.649e-15
5470.30 3.6635e-15
5471.09 3.5389e-15
5471.87 3.508e-15
5472.65 3.5377e-15
5473.44 3.5876e-15
5474.22 3.6813e-15
5475.01 3.629e-15
5475.79 3.6521e-15
5476.58 3.6589e-15
5477.36 3.5753e-15
5478.15 3.6484e-15
5478.93 3.6219e-15
5479.71 3.6655e-15
5480.50 3.6179e-15
5481.28 3.7448e-15
5482.07 3.7067e-15
5482.85 3.6974e-15
5483.64 3.7031e-15
5484.42 3.6802e-15
5485.20 3.7201e-15
5485.99 3.6825e-15
5486.77 3.6379e-15
5487.56 3.6588e-15
5488.34 3.6657e-15
5489.13 3.6003e-15
5489.91 3.5854e-15
5490.69 3.6816e-15
5491.48 3.6308e-15
5492.26 3.7159e-15
5493.05 3.7254e-15
5493.83 3.7163e-15
5494.62 3.7121e-15
5495.40 3.618e-15
5496.19 3.6277e-15
5496.97 3.6386e-15
5497.75 3.6899e-15
5498.54 3.569e-15
5499.32 3.7243e-15
5500.11 3.6972e-15
5500.89 3.6055e-15
5501.68 3.663e-15
5502.46 3.626e-15
5503.24 3.6608e-15
5504.03 3.7449e-15
5504.81 3.6874e-15
5505.60 3.6247e-15
5506.38 3.7401e-15
5507.17 3.594e-15
5507.95 3.727e-15
5508.73 3.7103e-15
5509.52 3.6832e-15
5510.30 3.8324e-15
5511.09 3.6959e-15
5511.87 3.6179e-15
5512.66 3.6819e-15
5513.44 3.7278e-15
5514.23 3.6929e-15
5515.01 3.7394e-15
5515.79 3.6844e-15
5516.58 3.7721e-15
5517.36 3.7289e-15
5518.15 3.7516e-15
5518.93 3.7709e-15
5519.72 3.6947e-15
5520.50 3.821e-15
5521.28 3.7131e-15
5522.07 3.6422e-15
5522.85 3.6761e-15
5523.64 3.8272e-15
5524.42 3.7714e-15
5525.21 3.7283e-15
5525.99 3.7822e-15
5526.77 3.6548e-15
5527.56 3.7584e-15
5528.34 3.696e-15
5529.13 3.7152e-15
5529.91 3.7498e-15
5530.70 3.7246e-15
5531.48 3.5804e-15
5532.27 3.7554e-15
5533.05 3.6795e-15
5533.83 3.654e-15
5534.62 3.6645e-15
5535.40 3.6472e-15
5536.19 3.6687e-15
5536.97 3.7242e-15
5537.76 3.7e-15
5538.54 3.688e-15
5539.32 3.6331e-15
5540.11 3.7351e-15
5540.89 3.2938e-15
5541.68 3.302e-15
5542.46 3.2685e-15
5543.25 3.2545e-15
5544.03 3.3189e-15
5544.82 3.3001e-15
5545.60 3.5161e-15
5546.38 3.6643e-15
5547.17 3.7358e-15
5547.95 3.6207e-15
5548.74 3.7496e-15
5549.52 3.6567e-15
5550.31 3.6834e-15
5551.09 3.574e-15
5551.87 3.7071e-15
5552.66 3.6239e-15
5553.44 3.5308e-15
5554.23 3.6932e-15
5555.01 3.6143e-15
5555.80 3.5983e-15
5556.58 3.5063e-15
5557.36 3.6475e-15
5558.15 3.5433e-15
5558.93 3.6578e-15
5559.72 3.5936e-15
5560.50 3.6547e-15
5561.29 3.6483e-15
5562.07 3.6094e-15
5562.86 3.5446e-15
5563.64 3.5779e-15
5564.42 3.7069e-15
5565.21 3.5923e-15
5565.99 3.6649e-15
5566.78 3.5319e-15
5567.56 3.5267e-15
5568.35 3.4752e-15
5569.13 3.4418e-15
5569.91 3.6029e-15
5570.70 3.594e-15
5571.48 3.5201e-15
5572.27 3.5959e-15
5573.05 3.7385e-15
5573.84 3.5406e-15
5574.62 3.6051e-15
5575.41 3.8446e-15
5576.19 4.6057e-15
5576.97 4.3149e-15
5577.76 2.8201e-15
5578.54 2.4992e-15
5579.33 3.3451e-15
5580.11 3.4211e-15
5580.90 3.4738e-15
5581.68 3.5008e-15
5582.46 3.5545e-15
5583.25 3.4239e-15
5584.03 3.5522e-15
5584.82 3.5023e-15
5585.60 3.3997e-15
5586.39 3.465e-15
5587.17 3.5076e-15
5587.96 3.4254e-15
5588.74 3.4345e-15
5589.52 3.322e-15
5590.31 3.4541e-15
5591.09 3.4727e-15
5591.88 3.5614e-15
5592.66 3.4219e-15
5593.45 3.4607e-15
5594.23 3.4689e-15
5595.01 3.5794e-15
5595.80 3.4201e-15
5596.58 3.4862e-15
5597.37 3.5302e-15
5598.15 3.4947e-15
5598.94 3.4516e-15
5599.72 3.4452e-15
5600.50 3.4098e-15
5601.29 3.3804e-15
5602.07 3.5068e-15
5602.86 3.4824e-15
5603.64 3.6395e-15
5604.43 3.4727e-15
5605.21 3.3473e-15
5606.00 3.55e-15
5606.78 3.4315e-15
5607.56 3.5672e-15
5608.35 3.4352e-15
5609.13 3.4094e-15
5609.92 3.4075e-15
5610.70 3.2388e-15
5611.49 3.3915e-15
5612.27 3.4922e-15
5613.05 3.3515e-15
5613.84 3.3781e-15
5614.62 3.4007e-15
5615.41 3.3928e-15
5616.19 3.3565e-15
5616.98 3.2938e-15
5617.76 3.4321e-15
5618.54 3.4111e-15
5619.33 3.379e-15
5620.11 3.4781e-15
5620.90 3.4538e-15
5621.68 3.4162e-15
5622.47 3.5419e-15
5623.25 3.3438e-15
5624.04 3.4504e-15
5624.82 3.5032e-15
5625.60 3.4366e-15
5626.39 3.547e-15
5627.17 3.4769e-15
5627.96 3.3988e-15
5628.74 3.443e-15
5629.53 3.3569e-15
5630.31 3.4363e-15
5631.09 3.3841e-15
5631.88 3.4256e-15
5632.66 3.534e-15
5633.45 3.4531e-15
5634.23 3.4018e-15
5635.02 3.4477e-15
5635.80 3.4503e-15
5636.58 3.4394e-15
5637.37 3.3906e-15
5638.15 3.4544e-15
5638.94 3.4728e-15
5639.72 3.298e-15
5640.51 3.3382e-15
5641.29 3.3537e-15
5642.08 3.4627e-15
5642.86 3.2601e-15
5643.64 3.4055e-15
5644.43 3.5144e-15
5645.21 3.4799e-15
5646.00 3.453e-15
5646.78 3.4382e-15
5647.57 3.6121e-15
5648.35 3.3891e-15
5649.13 3.3999e-15
5649.92 3.4217e-15
5650.70 3.4955e-15
5651.49 3.3936e-15
5652.27 3.5154e-15
5653.06 3.433e-15
5653.84 3.3607e-15
5654.62 3.4828e-15
5655.41 3.3147e-15
5656.19 3.5542e-15
5656.98 3.3439e-15
5657.76 3.3339e-15
5658.55 3.462e-15
5659.33 3.3473e-15
5660.12 3.4245e-15
5660.90 3.2813e-15
5661.68 3.3769e-15
5662.47 3.3326e-15
5663.25 3.3525e-15
5664.04 3.356e-15
5664.82 3.295e-15
5665.61 3.2537e-15
5666.39 3.3164e-15
5667.17 3.427e-15
5667.96 3.3127e-15
5668.74 3.3731e-15
5669.53 3.3527e-15
5670.31 3.2276e-15
5671.10 3.3361e-15
5671.88 3.4116e-15
5672.67 3.366e-15
5673.45 3.4086e-15
5674.23 3.3847e-15
5675.02 3.2794e-15
5675.80 3.4155e-15
5676.59 3.2289e-15
5677.37 3.2766e-15
5678.16 3.2255e-15
5678.94 3.1838e-15
5679.72 3.3629e-15
5680.51 3.188e-15
5681.29 3.4043e-15
5682.08 3.2152e-15
5682.86 3.3308e-15
5683.65 3.1665e-15
5684.43 3.0133e-15
5685.21 3.0662e-15
5686.00 3.1069e-15
5686.78 3.1129e-15
5687.57 3.1971e-15
5688.35 3.2647e-15
5689.14 3.1561e-15
5689.92 3.3242e-15
5690.71 3.1858e-15
5691.49 3.391e-15
5692.27 3.1448e-15
5693.06 3.2198e-15
5693.84 3.0955e-15
5694.63 3.0281e-15
5695.41 3.1537e-15
5696.20 2.9986e-15
5696.98 3.2591e-15
5697.76 3.2247e-15
5698.55 3.1223e-15
5699.33 3.2365e-15
