3500.78000 2.57960e-15
3501.56000 2.15150e-15
3502.35000 1.79790e-15
3503.13000 2.12500e-15
3503.91000 2.36200e-15
3504.69000 2.42750e-15
3505.47000 2.29840e-15
3506.26000 2.65580e-15
3507.04000 2.81880e-15
3507.82000 2.15110e-15
3508.60000 1.42230e-15
3509.39000 2.13780e-15
3510.17000 2.43790e-15
3510.95000 2.00710e-15
3511.73000 2.33620e-15
3512.51000 2.55490e-15
3513.30000 2.35890e-15
3514.08000 1.63190e-15
3514.86000 2.28120e-15
3515.64000 2.34860e-15
3516.42000 2.73460e-15
3517.21000 2.66910e-15
3517.99000 2.76090e-15
3518.77000 2.24040e-15
3519.55000 2.09170e-15
3520.33000 2.28360e-15
3521.12000 1.91330e-15
3521.90000 2.10120e-15
3522.68000 2.22590e-15
3523.46000 2.10750e-15
3524.24000 1.59970e-15
3525.03000 2.08880e-15
3525.81000 1.97390e-15
3526.59000 2.58870e-15
3527.37000 2.84400e-15
3528.16000 2.40670e-15
3528.94000 2.29150e-15
3529.72000 2.04040e-15
3530.50000 2.57790e-15
3531.28000 2.29130e-15
3532.07000 1.60970e-15
3532.85000 1.89320e-15
3533.63000 2.20370e-15
3534.41000 2.44940e-15
3535.19000 1.63960e-15
3535.98000 1.53830e-15
3536.76000 2.51100e-15
3537.54000 2.58950e-15
3538.32000 1.56440e-15
3539.10000 2.37280e-15
3539.89000 2.18300e-15
3540.67000 2.13460e-15
3541.45000 2.52610e-15
3542.23000 2.63190e-15
3543.01000 2.20160e-15
3543.80000 1.69110e-15
3544.58000 2.16430e-15
3545.36000 2.14480e-15
3546.14000 2.18770e-15
3546.93000 2.27720e-15
3547.71000 2.15280e-15
3548.49000 2.24060e-15
3549.27000 2.25690e-15
3550.05000 1.84030e-15
3550.84000 1.80760e-15
3551.62000 2.22240e-15
3552.40000 2.49510e-15
3553.18000 2.06220e-15
3553.96000 2.07880e-15
3554.75000 2.68730e-15
3555.53000 2.78420e-15
3556.31000 2.55120e-15
3557.09000 2.76600e-15
3557.87000 2.45490e-15
3558.66000 2.17900e-15
3559.44000 2.06840e-15
3560.22000 2.70960e-15
3561.00000 2.64260e-15
3561.78000 2.76460e-15
3562.57000 2.16570e-15
3563.35000 2.20580e-15
3564.13000 2.19750e-15
3564.91000 2.64760e-15
3565.69000 1.80650e-15
3566.48000 2.02250e-15
3567.26000 2.07460e-15
3568.04000 1.98360e-15
3568.82000 2.24150e-15
3569.61000 2.32070e-15
3570.39000 2.22820e-15
3571.17000 2.70930e-15
3571.95000 2.19430e-15
3572.73000 3.01110e-15
3573.52000 2.66960e-15
3574.30000 2.28570e-15
3575.08000 2.28870e-15
3575.86000 2.04420e-15
3576.64000 2.07390e-15
3577.43000 2.43130e-15
3578.21000 2.01420e-15
3578.99000 1.87970e-15
3579.77000 2.00010e-15
3580.55000 1.76160e-15
3581.34000 1.92810e-15
3582.12000 2.05850e-15
3582.90000 2.35180e-15
3583.68000 1.68030e-15
3584.46000 1.89290e-15
3585.25000 2.02130e-15
3586.03000 2.33870e-15
3586.81000 2.27210e-15
3587.59000 2.37610e-15
3588.38000 2.82070e-15
3589.16000 2.39040e-15
3589.94000 1.96800e-15
3590.72000 3.04590e-15
3591.50000 2.64450e-15
3592.29000 1.91200e-15
3593.07000 2.37780e-15
3593.85000 2.38930e-15
3594.63000 2.52260e-15
3595.41000 1.87110e-15
3596.20000 2.27790e-15
3596.98000 1.97290e-15
3597.76000 1.57640e-15
3598.54000 2.42970e-15
3599.32000 2.46200e-15
3600.11000 2.36380e-15
3600.89000 2.22280e-15
3601.67000 1.57650e-15
3602.45000 1.79430e-15
3603.23000 2.25450e-15
3604.02000 1.83910e-15
3604.80000 1.63700e-15
3605.58000 2.22680e-15
3606.36000 2.24710e-15
3607.15000 2.21740e-15
3607.93000 2.36770e-15
3608.71000 1.85320e-15
3609.49000 2.17020e-15
3610.27000 2.16810e-15
3611.06000 2.07430e-15
3611.84000 2.25470e-15
3612.62000 2.19580e-15
3613.40000 1.92670e-15
3614.18000 1.79020e-15
3614.97000 1.54480e-15
3615.75000 1.92090e-15
3616.53000 1.47000e-15
3617.31000 1.87310e-15
3618.09000 1.52470e-15
3618.88000 1.86440e-15
3619.66000 1.78010e-15
3620.44000 1.93710e-15
3621.22000 2.17610e-15
3622.00000 1.71010e-15
3622.79000 2.13320e-15
3623.57000 1.96020e-15
3624.35000 1.64800e-15
3625.13000 2.11650e-15
3625.92000 1.97430e-15
3626.70000 1.91490e-15
3627.48000 1.80700e-15
3628.26000 2.37920e-15
3629.04000 1.93920e-15
3629.83000 1.93410e-15
3630.61000 1.66360e-15
3631.39000 1.50860e-15
3632.17000 1.57280e-15
3632.95000 1.85710e-15
3633.74000 2.11780e-15
3634.52000 2.11130e-15
3635.30000 1.98960e-15
3636.08000 1.81620e-15
3636.86000 2.07640e-15
3637.65000 2.19460e-15
3638.43000 2.37200e-15
3639.21000 1.71450e-15
3639.99000 1.84990e-15
3640.77000 2.29960e-15
3641.56000 2.35390e-15
3642.34000 2.22040e-15
3643.12000 1.85130e-15
3643.90000 2.04480e-15
3644.69000 1.61720e-15
3645.47000 1.65510e-15
3646.25000 1.91070e-15
3647.03000 1.77170e-15
3647.81000 2.07890e-15
3648.60000 1.71420e-15
3649.38000 2.05260e-15
3650.16000 1.79950e-15
3650.94000 1.84080e-15
3651.72000 1.81820e-15
3652.51000 1.90700e-15
3653.29000 1.89220e-15
3654.07000 2.37720e-15
3654.85000 2.07540e-15
3655.63000 1.81060e-15
3656.42000 1.76310e-15
3657.20000 1.71760e-15
3657.98000 1.75350e-15
3658.76000 1.51310e-15
3659.54000 2.46970e-15
3660.33000 1.84060e-15
3661.11000 1.88720e-15
3661.89000 1.97940e-15
3662.67000 1.79520e-15
3663.46000 2.01550e-15
3664.24000 1.47850e-15
3665.02000 1.45000e-15
3665.80000 1.72010e-15
3666.58000 1.92710e-15
3667.37000 1.19820e-15
3668.15000 1.77620e-15
3668.93000 1.87680e-15
3669.71000 1.83240e-15
3670.49000 1.82810e-15
3671.28000 1.65900e-15
3672.06000 1.77790e-15
3672.84000 1.90710e-15
3673.62000 1.94390e-15
3674.40000 1.70040e-15
3675.19000 1.94140e-15
3675.97000 1.74380e-15
3676.75000 1.83980e-15
3677.53000 1.73680e-15
3678.31000 1.61040e-15
3679.10000 1.55400e-15
3679.88000 1.58510e-15
3680.66000 1.83180e-15
3681.44000 1.48130e-15
3682.23000 1.74960e-15
3683.01000 1.78040e-15
3683.79000 1.69210e-15
3684.57000 1.63740e-15
3685.35000 1.75870e-15
3686.14000 1.74040e-15
3686.92000 1.22390e-15
3687.70000 1.66830e-15
3688.48000 1.70260e-15
3689.26000 1.60730e-15
3690.05000 1.44490e-15
3690.83000 1.19160e-15
3691.61000 1.52280e-15
3692.39000 1.53750e-15
3693.17000 1.67030e-15
3693.96000 2.05070e-15
3694.74000 1.47840e-15
3695.52000 1.34960e-15
3696.30000 1.42160e-15
3697.08000 1.54730e-15
3697.87000 1.97740e-15
3698.65000 1.91790e-15
3699.43000 1.73470e-15
3700.21000 1.46740e-15
3701.00000 2.03410e-15
3701.78000 1.95130e-15
3702.56000 1.70950e-15
3703.34000 1.87220e-15
3704.12000 1.77340e-15
3704.91000 1.84590e-15
3705.69000 2.32410e-15
3706.47000 1.70180e-15
3707.25000 1.92060e-15
3708.03000 1.72940e-15
3708.82000 1.99970e-15
3709.60000 2.00540e-15
3710.38000 2.14840e-15
3711.16000 2.22930e-15
3711.94000 1.92430e-15
3712.73000 1.84580e-15
3713.51000 1.74540e-15
3714.29000 1.92570e-15
3715.07000 1.82370e-15
3715.85000 1.99920e-15
3716.64000 1.91740e-15
3717.42000 2.22680e-15
3718.20000 2.09730e-15
3718.98000 2.27880e-15
3719.77000 2.27490e-15
3720.55000 2.19450e-15
3721.33000 2.12850e-15
3722.11000 2.20160e-15
3722.89000 1.90570e-15
3723.68000 2.43320e-15
3724.46000 2.43010e-15
3725.24000 2.24020e-15
3726.02000 2.47420e-15
3726.80000 2.26300e-15
3727.59000 2.44260e-15
3728.37000 2.51980e-15
3729.15000 2.45450e-15
3729.93000 2.66350e-15
3730.71000 2.70270e-15
3731.50000 2.97260e-15
3732.28000 2.47540e-15
3733.06000 2.77420e-15
3733.84000 2.62810e-15
3734.62000 2.37890e-15
3735.41000 2.50340e-15
3736.19000 2.53210e-15
3736.97000 2.49020e-15
3737.75000 2.88610e-15
3738.54000 2.68270e-15
3739.32000 2.56850e-15
3740.10000 2.87920e-15
3740.88000 3.61900e-15
3741.66000 4.35800e-15
3742.45000 4.59270e-15
3743.23000 4.58590e-15
3744.01000 5.11680e-15
3744.79000 5.66290e-15
3745.57000 4.99780e-15
3746.36000 4.03680e-15
3747.14000 3.34550e-15
3747.92000 2.91980e-15
3748.70000 3.03690e-15
3749.48000 2.93800e-15
3750.27000 2.71400e-15
3751.05000 2.87860e-15
3751.83000 2.53600e-15
3752.61000 2.87670e-15
3753.39000 3.11880e-15
3754.18000 2.86710e-15
3754.96000 3.05510e-15
3755.74000 3.23840e-15
3756.52000 3.25390e-15
3757.31000 3.02780e-15
3758.09000 3.06770e-15
3758.87000 3.21130e-15
3759.65000 3.07460e-15
3760.43000 3.04560e-15
3761.22000 3.06190e-15
3762.00000 2.82470e-15
3762.78000 2.67840e-15
3763.56000 2.62590e-15
3764.34000 2.72490e-15
3765.13000 2.87740e-15
3765.91000 2.75260e-15
3766.69000 2.63590e-15
3767.47000 2.76010e-15
3768.25000 2.75990e-15
3769.04000 2.77340e-15
3769.82000 2.96570e-15
3770.60000 3.18960e-15
3771.38000 3.43850e-15
3772.16000 3.19100e-15
3772.95000 3.12870e-15
3773.73000 3.11240e-15
3774.51000 3.02590e-15
3775.29000 2.51220e-15
3776.07000 3.22800e-15
3776.86000 2.98610e-15
3777.64000 3.31220e-15
3778.42000 3.12520e-15
3779.20000 3.16250e-15
3779.99000 3.44940e-15
3780.77000 3.18730e-15
3781.55000 3.17230e-15
3782.33000 3.26590e-15
3783.11000 3.07210e-15
3783.90000 3.03660e-15
3784.68000 2.79440e-15
3785.46000 3.04200e-15
3786.24000 2.78780e-15
3787.02000 2.80390e-15
3787.81000 2.87340e-15
3788.59000 3.06470e-15
3789.37000 3.11020e-15
3790.15000 3.04210e-15
3790.93000 3.19590e-15
3791.72000 3.53760e-15
3792.50000 3.31680e-15
3793.28000 3.19780e-15
3794.06000 3.03270e-15
3794.84000 3.19930e-15
3795.63000 3.29760e-15
3796.41000 3.58990e-15
3797.19000 3.65800e-15
3797.97000 3.75880e-15
3798.76000 3.48000e-15
3799.54000 3.35660e-15
3800.32000 3.59590e-15
3801.10000 3.62610e-15
3801.88000 3.55300e-15
3802.67000 3.58330e-15
3803.45000 3.41540e-15
3804.23000 3.41180e-15
3805.01000 3.37980e-15
3805.79000 3.49650e-15
3806.58000 3.11150e-15
3807.36000 3.27630e-15
3808.14000 3.26170e-15
3808.92000 3.26940e-15
3809.70000 3.48380e-15
3810.49000 3.57960e-15
3811.27000 3.18210e-15
3812.05000 3.03770e-15
3812.83000 2.95990e-15
3813.61000 3.16670e-15
3814.40000 2.72210e-15
3815.18000 2.74900e-15
3815.96000 2.75230e-15
3816.74000 2.73620e-15
3817.53000 2.85570e-15
3818.31000 3.01500e-15
3819.09000 2.55480e-15
3819.87000 2.65780e-15
3820.65000 2.67040e-15
3821.44000 2.67470e-15
3822.22000 2.92740e-15
3823.00000 2.59680e-15
3823.78000 2.64630e-15
3824.56000 2.61870e-15
3825.35000 2.58140e-15
3826.13000 2.58830e-15
3826.91000 2.71380e-15
3827.69000 2.46390e-15
3828.47000 2.43610e-15
3829.26000 2.10270e-15
3830.04000 1.90660e-15
3830.82000 2.20880e-15
3831.60000 2.23270e-15
3832.39000 2.22650e-15
3833.17000 1.99630e-15
3833.95000 2.25350e-15
3834.73000 2.33520e-15
3835.51000 1.84380e-15
3836.30000 1.82480e-15
3837.08000 1.86600e-15
3837.86000 1.81850e-15
3838.64000 1.79530e-15
3839.42000 1.78670e-15
3840.21000 1.81920e-15
3840.99000 1.97570e-15
3841.77000 1.96980e-15
3842.55000 1.99990e-15
3843.33000 1.93620e-15
3844.12000 1.88530e-15
3844.90000 1.88530e-15
3845.68000 1.75390e-15
3846.46000 1.62950e-15
3847.24000 1.80570e-15
3848.03000 1.59790e-15
3848.81000 1.70490e-15
3849.59000 1.45390e-15
3850.37000 1.41140e-15
3851.15000 1.42770e-15
3851.94000 1.40870e-15
3852.72000 1.28180e-15
3853.50000 1.23100e-15
3854.28000 1.48620e-15
3855.07000 1.59500e-15
3855.85000 1.52480e-15
3856.63000 1.67270e-15
3857.41000 1.64630e-15
3858.19000 1.66360e-15
3858.98000 1.91250e-15
3859.76000 1.59100e-15
3860.54000 1.59610e-15
3861.32000 1.99010e-15
3862.10000 1.81660e-15
3862.89000 1.82040e-15
3863.67000 2.04540e-15
3864.45000 2.10490e-15
3865.23000 1.82860e-15
3866.01000 1.75460e-15
3866.80000 1.65640e-15
3867.58000 1.87590e-15
3868.36000 1.85470e-15
3869.14000 1.66600e-15
3869.92000 1.82770e-15
3870.71000 1.88800e-15
3871.49000 1.66290e-15
3872.27000 1.69670e-15
3873.05000 1.76330e-15
3873.84000 1.76490e-15
3874.62000 1.97400e-15
3875.40000 1.96810e-15
3876.18000 1.93150e-15
3876.96000 1.83970e-15
3877.75000 1.82050e-15
3878.53000 1.80620e-15
3879.31000 1.99740e-15
3880.09000 2.00920e-15
3880.87000 1.60300e-15
3881.66000 1.75330e-15
3882.44000 1.68210e-15
3883.22000 1.49470e-15
3884.00000 1.84200e-15
3884.78000 2.06970e-15
3885.57000 2.22980e-15
3886.35000 2.01320e-15
3887.13000 1.83400e-15
3887.91000 1.95670e-15
3888.69000 1.94250e-15
3889.48000 2.06210e-15
3890.26000 1.84080e-15
3891.04000 1.93310e-15
3891.82000 2.20110e-15
3892.61000 2.35840e-15
3893.39000 2.01320e-15
3894.17000 1.71070e-15
3894.95000 1.87650e-15
3895.73000 1.98590e-15
3896.52000 1.98440e-15
3897.30000 1.90160e-15
3898.08000 2.04140e-15
3898.86000 2.24840e-15
3899.64000 2.04900e-15
3900.43000 1.71690e-15
3901.21000 1.74960e-15
3901.99000 1.66610e-15
3902.77000 1.73110e-15
3903.55000 1.78140e-15
3904.34000 1.87780e-15
3905.12000 1.84900e-15
3905.90000 2.23740e-15
3906.68000 2.14810e-15
3907.46000 2.12510e-15
3908.25000 2.14500e-15
3909.03000 2.07910e-15
3909.81000 2.13370e-15
3910.59000 2.14550e-15
3911.38000 2.42460e-15
3912.16000 2.44580e-15
3912.94000 2.11370e-15
3913.72000 2.14700e-15
3914.50000 2.39410e-15
3915.29000 2.50620e-15
3916.07000 2.55660e-15
3916.85000 2.67780e-15
3917.63000 2.84730e-15
3918.41000 2.85500e-15
3919.20000 2.88600e-15
3919.98000 2.90500e-15
3920.76000 3.27200e-15
3921.54000 3.17680e-15
3922.32000 3.03830e-15
3923.11000 2.88060e-15
3923.89000 2.82260e-15
3924.67000 3.24250e-15
3925.45000 3.56950e-15
3926.23000 3.43620e-15
3927.02000 3.35320e-15
3927.80000 3.23790e-15
3928.58000 3.41820e-15
3929.36000 3.52400e-15
3930.15000 3.60190e-15
3930.93000 3.38470e-15
3931.71000 3.36400e-15
3932.49000 3.27650e-15
3933.27000 3.44360e-15
3934.06000 3.38690e-15
3934.84000 3.53610e-15
3935.62000 3.72350e-15
3936.40000 3.78760e-15
3937.18000 3.69240e-15
3937.97000 3.97890e-15
3938.75000 3.68890e-15
3939.53000 3.93160e-15
3940.31000 4.00850e-15
3941.09000 3.90780e-15
3941.88000 4.02910e-15
3942.66000 4.15050e-15
3943.44000 3.71060e-15
3944.22000 3.97950e-15
3945.00000 3.90500e-15
3945.79000 3.96410e-15
3946.57000 4.10290e-15
3947.35000 3.75910e-15
3948.13000 3.87160e-15
3948.92000 3.52610e-15
3949.70000 3.01360e-15
3950.48000 3.19710e-15
3951.26000 3.47730e-15
3952.04000 3.74290e-15
3952.83000 3.68960e-15
3953.61000 4.12650e-15
3954.39000 4.03960e-15
3955.17000 4.14510e-15
3955.95000 4.27270e-15
3956.74000 4.03030e-15
3957.52000 4.10720e-15
3958.30000 4.00210e-15
3959.08000 4.12040e-15
3959.86000 3.96770e-15
3960.65000 3.97130e-15
3961.43000 3.65810e-15
3962.21000 3.92220e-15
3962.99000 3.55540e-15
3963.77000 3.85530e-15
3964.56000 3.81760e-15
3965.34000 3.48690e-15
3966.12000 3.65440e-15
3966.90000 3.43140e-15
3967.69000 3.74090e-15
3968.47000 3.69840e-15
3969.25000 3.79410e-15
3970.03000 3.54340e-15
3970.81000 3.75260e-15
3971.60000 3.75260e-15
3972.38000 3.83620e-15
3973.16000 3.72650e-15
3973.94000 3.82540e-15
3974.72000 3.92640e-15
3975.51000 3.73990e-15
3976.29000 3.94400e-15
3977.07000 3.95700e-15
3977.85000 3.63970e-15
3978.63000 3.62860e-15
3979.42000 3.77210e-15
3980.20000 3.65740e-15
3980.98000 3.67240e-15
3981.76000 3.71970e-15
3982.54000 3.79920e-15
3983.33000 3.47640e-15
3984.11000 3.28120e-15
3984.89000 3.27950e-15
3985.67000 3.26230e-15
3986.46000 3.43420e-15
3987.24000 3.72080e-15
3988.02000 3.70180e-15
3988.80000 3.40370e-15
3989.58000 3.69290e-15
3990.37000 3.45530e-15
3991.15000 3.57550e-15
3991.93000 3.67640e-15
3992.71000 3.80240e-15
3993.49000 3.72090e-15
3994.28000 3.95250e-15
3995.06000 3.85510e-15
3995.84000 3.93680e-15
3996.62000 3.69130e-15
3997.40000 3.71510e-15
3998.19000 3.79380e-15
3998.97000 4.01490e-15
3999.75000 3.76610e-15
4000.53000 3.84230e-15
4001.31000 3.83550e-15
4002.10000 3.90780e-15
4002.88000 3.86990e-15
4003.66000 3.95640e-15
4004.44000 3.55650e-15
4005.23000 3.82990e-15
4006.01000 4.20970e-15
4006.79000 4.14890e-15
4007.57000 3.92270e-15
4008.35000 4.12800e-15
4009.14000 4.09890e-15
4009.92000 4.04720e-15
4010.70000 3.94650e-15
4011.48000 4.04580e-15
4012.26000 3.99010e-15
4013.05000 4.08990e-15
4013.83000 4.14970e-15
4014.61000 3.84790e-15
4015.39000 4.18180e-15
4016.17000 4.17520e-15
4016.96000 4.03910e-15
4017.74000 3.80220e-15
4018.52000 3.68560e-15
4019.30000 3.67110e-15
4020.08000 3.70280e-15
4020.87000 3.78740e-15
4021.65000 3.90540e-15
4022.43000 3.60170e-15
4023.21000 3.75790e-15
4024.00000 3.74830e-15
4024.78000 3.37540e-15
4025.56000 3.35940e-15
4026.34000 3.43260e-15
4027.12000 3.77720e-15
4027.91000 3.84070e-15
4028.69000 3.40560e-15
4029.47000 3.54030e-15
4030.25000 3.50150e-15
4031.03000 3.53000e-15
4031.82000 3.62940e-15
4032.60000 3.58610e-15
4033.38000 3.53750e-15
4034.16000 3.52760e-15
4034.94000 3.53970e-15
4035.73000 3.39910e-15
4036.51000 3.56070e-15
4037.29000 3.68800e-15
4038.07000 3.47160e-15
4038.85000 3.60210e-15
4039.64000 3.51140e-15
4040.42000 3.47980e-15
4041.20000 3.34680e-15
4041.98000 3.45370e-15
4042.77000 3.13900e-15
4043.55000 3.31950e-15
4044.33000 3.14820e-15
4045.11000 3.46170e-15
4045.89000 3.34460e-15
4046.68000 3.31270e-15
4047.46000 3.49710e-15
4048.24000 3.64130e-15
4049.02000 3.42480e-15
4049.80000 3.83490e-15
4050.59000 3.56200e-15
4051.37000 3.61090e-15
4052.15000 3.61330e-15
4052.93000 3.34500e-15
4053.71000 3.51810e-15
4054.50000 3.65000e-15
4055.28000 3.79790e-15
4056.06000 3.61080e-15
4056.84000 3.58410e-15
4057.62000 3.50650e-15
4058.41000 3.59240e-15
4059.19000 3.97600e-15
4059.97000 3.78350e-15
4060.75000 3.91250e-15
4061.54000 3.92710e-15
4062.32000 3.56500e-15
4063.10000 3.36140e-15
4063.88000 3.70430e-15
4064.66000 4.07860e-15
4065.45000 4.03290e-15
4066.23000 3.95320e-15
4067.01000 4.06660e-15
4067.79000 4.08500e-15
4068.57000 4.29210e-15
4069.36000 4.02720e-15
4070.14000 3.74210e-15
4070.92000 3.91190e-15
4071.70000 3.91900e-15
4072.48000 3.78610e-15
4073.27000 3.93970e-15
4074.05000 3.98630e-15
4074.83000 3.85140e-15
4075.61000 3.84180e-15
4076.39000 3.91720e-15
4077.18000 3.88350e-15
4077.96000 3.86980e-15
4078.74000 3.91080e-15
4079.52000 4.15060e-15
4080.30000 4.09770e-15
4081.09000 4.00260e-15
4081.87000 4.15570e-15
4082.65000 4.03500e-15
4083.43000 3.97630e-15
4084.22000 3.99050e-15
4085.00000 3.93990e-15
4085.78000 4.13770e-15
4086.56000 4.11020e-15
4087.34000 4.46180e-15
4088.13000 4.10500e-15
4088.91000 4.06440e-15
4089.69000 4.05280e-15
4090.47000 3.83870e-15
4091.25000 4.11630e-15
4092.04000 3.99580e-15
4092.82000 3.97180e-15
4093.60000 4.19500e-15
4094.38000 3.80720e-15
4095.16000 3.92650e-15
4095.95000 4.11580e-15
4096.73000 4.11390e-15
4097.51000 4.08870e-15
4098.29000 3.85860e-15
4099.08000 4.15810e-15
4099.86000 3.67490e-15
4100.64000 3.90280e-15
4101.42000 3.75980e-15
4102.20000 3.75400e-15
4102.99000 3.67600e-15
4103.77000 3.66630e-15
4104.55000 3.94800e-15
4105.33000 4.06150e-15
4106.11000 3.71190e-15
4106.90000 3.86480e-15
4107.68000 3.72170e-15
4108.46000 3.98050e-15
4109.24000 3.66950e-15
4110.02000 3.70170e-15
4110.81000 3.77960e-15
4111.59000 3.66920e-15
4112.37000 3.60720e-15
4113.15000 3.55160e-15
4113.93000 3.60230e-15
4114.72000 3.65960e-15
4115.50000 3.40550e-15
4116.28000 3.13790e-15
4117.06000 3.45240e-15
4117.84000 3.51420e-15
4118.63000 3.71330e-15
4119.41000 3.56140e-15
4120.19000 3.57020e-15
4120.97000 3.44590e-15
4121.76000 3.45620e-15
4122.54000 3.58820e-15
4123.32000 3.24130e-15
4124.10000 3.71880e-15
4124.88000 3.71710e-15
4125.67000 3.57570e-15
4126.45000 3.49070e-15
4127.23000 3.65350e-15
4128.01000 3.56020e-15
4128.79000 3.80570e-15
4129.58000 3.70960e-15
4130.36000 3.57600e-15
4131.14000 3.72000e-15
4131.92000 3.92110e-15
4132.70000 3.73520e-15
4133.49000 3.66130e-15
4134.27000 4.00050e-15
4135.05000 3.92490e-15
4135.83000 3.82230e-15
4136.61000 3.73210e-15
4137.40000 3.89650e-15
4138.18000 3.98160e-15
4138.96000 3.95850e-15
4139.74000 3.86720e-15
4140.53000 3.70120e-15
4141.31000 3.83910e-15
4142.09000 3.65120e-15
4142.87000 3.67610e-15
4143.65000 4.00680e-15
4144.44000 3.84640e-15
4145.22000 3.77840e-15
4146.00000 3.73340e-15
4146.78000 3.92300e-15
4147.56000 3.95110e-15
4148.35000 4.01980e-15
4149.13000 3.96650e-15
4149.91000 3.72580e-15
4150.69000 3.60560e-15
4151.47000 3.67610e-15
4152.26000 3.90530e-15
4153.04000 3.60650e-15
4153.82000 3.90210e-15
4154.60000 3.61300e-15
4155.38000 3.61830e-15
4156.17000 3.72250e-15
4156.95000 3.76780e-15
4157.73000 3.71490e-15
4158.51000 3.55080e-15
4159.30000 3.55580e-15
4160.08000 3.72050e-15
4160.86000 3.35000e-15
4161.64000 3.54390e-15
4162.42000 3.67940e-15
4163.21000 3.93690e-15
4163.99000 3.77430e-15
4164.77000 3.69550e-15
4165.55000 3.69530e-15
4166.33000 3.61320e-15
4167.12000 3.74900e-15
4167.90000 3.54600e-15
4168.68000 3.50030e-15
4169.46000 3.51330e-15
4170.24000 3.72630e-15
4171.03000 3.82620e-15
4171.81000 3.37310e-15
4172.59000 3.08510e-15
4173.37000 3.23400e-15
4174.15000 3.60980e-15
4174.94000 3.28090e-15
4175.72000 3.50220e-15
4176.50000 3.55460e-15
4177.28000 3.73030e-15
4178.07000 3.59440e-15
4178.85000 3.52840e-15
4179.63000 3.48690e-15
4180.41000 3.54140e-15
4181.19000 3.40230e-15
4181.98000 3.42180e-15
4182.76000 3.29210e-15
4183.54000 3.23860e-15
4184.32000 3.43620e-15
4185.10000 3.19230e-15
4185.89000 3.40310e-15
4186.67000 3.37730e-15
4187.45000 3.53330e-15
4188.23000 3.40970e-15
4189.01000 3.38310e-15
4189.80000 3.27400e-15
4190.58000 3.12590e-15
4191.36000 3.20520e-15
4192.14000 3.07130e-15
4192.92000 3.21530e-15
4193.71000 3.15790e-15
4194.49000 3.06580e-15
4195.27000 3.04010e-15
4196.05000 3.13990e-15
4196.84000 3.05050e-15
4197.62000 3.07180e-15
4198.40000 3.06210e-15
4199.18000 3.13480e-15
4199.96000 3.22110e-15
4200.75000 2.96470e-15
4201.53000 2.94940e-15
4202.31000 2.93740e-15
4203.09000 3.09490e-15
4203.87000 3.09980e-15
4204.66000 2.84390e-15
4205.44000 3.02090e-15
4206.22000 3.23550e-15
4207.00000 3.13230e-15
4207.78000 2.95300e-15
4208.57000 2.90960e-15
4209.35000 3.17590e-15
4210.13000 3.01140e-15
4210.91000 3.22580e-15
4211.69000 3.14660e-15
4212.48000 2.77300e-15
4213.26000 2.89550e-15
4214.04000 2.98190e-15
4214.82000 3.03790e-15
4215.61000 2.79540e-15
4216.39000 3.03320e-15
4217.17000 3.00260e-15
4217.95000 2.99650e-15
4218.73000 3.00600e-15
4219.52000 2.94320e-15
4220.30000 2.84950e-15
4221.08000 2.84640e-15
4221.86000 2.76650e-15
4222.64000 2.74650e-15
4223.43000 2.76530e-15
4224.21000 2.70940e-15
4224.99000 2.43300e-15
4225.77000 2.71220e-15
4226.55000 2.70440e-15
4227.34000 2.77900e-15
4228.12000 2.79700e-15
4228.90000 2.86260e-15
4229.68000 2.70800e-15
4230.46000 2.53010e-15
4231.25000 2.45990e-15
4232.03000 2.58630e-15
4232.81000 2.74130e-15
4233.59000 2.46860e-15
4234.38000 2.44520e-15
4235.16000 2.66410e-15
4235.94000 2.43600e-15
4236.72000 2.46660e-15
4237.50000 2.58390e-15
4238.29000 2.67700e-15
4239.07000 2.43940e-15
4239.85000 2.69240e-15
4240.63000 2.62880e-15
4241.41000 2.42590e-15
4242.20000 2.41340e-15
4242.98000 2.51350e-15
4243.76000 2.38610e-15
4244.54000 2.37310e-15
4245.32000 2.31830e-15
4246.11000 2.27410e-15
4246.89000 2.48080e-15
4247.67000 2.49660e-15
4248.45000 2.51170e-15
4249.23000 2.38160e-15
4250.02000 2.37220e-15
4250.80000 2.64070e-15
4251.58000 2.45480e-15
4252.36000 2.32200e-15
4253.15000 2.32650e-15
4253.93000 2.52680e-15
4254.71000 2.42480e-15
4255.49000 2.46780e-15
4256.27000 2.44970e-15
4257.06000 2.53220e-15
4257.84000 2.34290e-15
4258.62000 2.39860e-15
4259.40000 2.48500e-15
4260.18000 2.36340e-15
4260.97000 2.34030e-15
4261.75000 2.69280e-15
4262.53000 2.39260e-15
4263.31000 2.50800e-15
4264.09000 2.47450e-15
4264.88000 2.45230e-15
4265.66000 2.36370e-15
4266.44000 2.41650e-15
4267.22000 2.51970e-15
4268.00000 2.41480e-15
4268.79000 2.55510e-15
4269.57000 2.42740e-15
4270.35000 2.55070e-15
4271.13000 2.25870e-15
4271.92000 2.52350e-15
4272.70000 2.69320e-15
4273.48000 2.41590e-15
4274.26000 2.34450e-15
4275.04000 2.52390e-15
4275.83000 2.52320e-15
4276.61000 2.48130e-15
4277.39000 2.60330e-15
4278.17000 2.65210e-15
4278.95000 2.64630e-15
4279.74000 2.34580e-15
4280.52000 2.44510e-15
4281.30000 2.70010e-15
4282.08000 2.73700e-15
4282.86000 2.69050e-15
4283.65000 2.75120e-15
4284.43000 2.87140e-15
4285.21000 2.81100e-15
4285.99000 2.98210e-15
4286.77000 2.94810e-15
4287.56000 2.71820e-15
4288.34000 2.85610e-15
4289.12000 2.72900e-15
4289.90000 2.77640e-15
4290.69000 2.93080e-15
4291.47000 2.78290e-15
4292.25000 2.76430e-15
4293.03000 2.88330e-15
4293.81000 3.08960e-15
4294.60000 2.94250e-15
4295.38000 2.99460e-15
4296.16000 3.12540e-15
4296.94000 3.17260e-15
4297.72000 2.97090e-15
4298.51000 3.07690e-15
4299.29000 3.08180e-15
4300.07000 3.01390e-15
4300.85000 2.99880e-15
4301.63000 3.01040e-15
4302.42000 3.13930e-15
4303.20000 3.12830e-15
4303.98000 3.18080e-15
4304.76000 3.14970e-15
4305.54000 3.19220e-15
4306.33000 3.10210e-15
4307.11000 3.09190e-15
4307.89000 3.22440e-15
4308.67000 3.11640e-15
4309.46000 3.28140e-15
4310.24000 3.27060e-15
4311.02000 3.14570e-15
4311.80000 3.29690e-15
4312.58000 3.34380e-15
4313.37000 3.07620e-15
4314.15000 3.19420e-15
4314.93000 3.20690e-15
4315.71000 3.29880e-15
4316.49000 3.24850e-15
4317.28000 3.41060e-15
4318.06000 3.39610e-15
4318.84000 3.11810e-15
4319.62000 3.03840e-15
4320.40000 3.12420e-15
4321.19000 3.19120e-15
4321.97000 3.20090e-15
4322.75000 2.89790e-15
4323.53000 3.04390e-15
4324.31000 2.95810e-15
4325.10000 2.84400e-15
4325.88000 3.11020e-15
4326.66000 3.08800e-15
4327.44000 3.04350e-15
4328.23000 3.12250e-15
4329.01000 3.02690e-15
4329.79000 3.09010e-15
4330.57000 3.11130e-15
4331.35000 3.10370e-15
4332.14000 3.15470e-15
4332.92000 3.20840e-15
4333.70000 3.09270e-15
4334.48000 3.17180e-15
4335.26000 3.17400e-15
4336.05000 3.25250e-15
4336.83000 3.09700e-15
4337.61000 3.08780e-15
4338.39000 3.00500e-15
4339.17000 2.99700e-15
4339.96000 3.13620e-15
4340.74000 3.10150e-15
4341.52000 3.17580e-15
4342.30000 3.24860e-15
4343.08000 3.27810e-15
4343.87000 3.04750e-15
4344.65000 3.16800e-15
4345.43000 3.14700e-15
4346.21000 3.23580e-15
4347.00000 3.28760e-15
4347.78000 3.34980e-15
4348.56000 3.31190e-15
4349.34000 3.24830e-15
4350.12000 3.06100e-15
4350.91000 3.16800e-15
4351.69000 3.19620e-15
4352.47000 2.98140e-15
4353.25000 3.11010e-15
4354.03000 3.21530e-15
4354.82000 3.20330e-15
4355.60000 3.23200e-15
4356.38000 2.91630e-15
4357.16000 3.22970e-15
4357.94000 3.47630e-15
4358.73000 3.70010e-15
4359.51000 3.71720e-15
4360.29000 3.36140e-15
4361.07000 3.20730e-15
4361.85000 3.09250e-15
4362.64000 3.27570e-15
4363.42000 3.17390e-15
4364.20000 3.19400e-15
4364.98000 3.06380e-15
4365.77000 3.36310e-15
4366.55000 3.24290e-15
4367.33000 3.32740e-15
4368.11000 3.10680e-15
4368.89000 3.12370e-15
4369.68000 3.38690e-15
4370.46000 3.19850e-15
4371.24000 3.27910e-15
4372.02000 3.07650e-15
4372.80000 3.24380e-15
4373.59000 3.18080e-15
4374.37000 3.29100e-15
4375.15000 3.30370e-15
4375.93000 3.19850e-15
4376.71000 3.23470e-15
4377.50000 3.23750e-15
4378.28000 3.22730e-15
4379.06000 3.34740e-15
4379.84000 3.40370e-15
4380.62000 3.25510e-15
4381.41000 3.20770e-15
4382.19000 3.21840e-15
4382.97000 3.21380e-15
4383.75000 3.34080e-15
4384.54000 3.13480e-15
4385.32000 3.39260e-15
4386.10000 3.27560e-15
4386.88000 3.48600e-15
4387.66000 3.40820e-15
4388.45000 3.31660e-15
4389.23000 3.30480e-15
4390.01000 3.40410e-15
4390.79000 3.49500e-15
4391.57000 3.35540e-15
4392.36000 3.47000e-15
4393.14000 3.31010e-15
4393.92000 3.24050e-15
4394.70000 3.43450e-15
4395.48000 3.52990e-15
4396.27000 3.47730e-15
4397.05000 3.22420e-15
4397.83000 3.38760e-15
4398.61000 3.45780e-15
4399.39000 3.32170e-15
4400.18000 3.11850e-15
4400.96000 3.30210e-15
4401.74000 3.28300e-15
4402.52000 3.20270e-15
4403.30000 3.03220e-15
4404.09000 3.23510e-15
4404.87000 3.38480e-15
4405.65000 3.37560e-15
4406.43000 3.41500e-15
4407.22000 3.32300e-15
4408.00000 3.42530e-15
4408.78000 3.47090e-15
4409.56000 3.40970e-15
4410.34000 3.34700e-15
4411.13000 3.25560e-15
4411.91000 3.45780e-15
4412.69000 3.48310e-15
4413.47000 3.22030e-15
4414.25000 3.30340e-15
4415.04000 3.36600e-15
4415.82000 3.46640e-15
4416.60000 3.44400e-15
4417.38000 3.36370e-15
4418.16000 3.53400e-15
4418.95000 3.36240e-15
4419.73000 3.42900e-15
4420.51000 3.47120e-15
4421.29000 3.48230e-15
4422.07000 3.44750e-15
4422.86000 3.15640e-15
4423.64000 3.34970e-15
4424.42000 3.05320e-15
4425.20000 3.33610e-15
4425.99000 3.29280e-15
4426.77000 3.19930e-15
4427.55000 3.24380e-15
4428.33000 3.17340e-15
4429.11000 3.22940e-15
4429.90000 3.24740e-15
4430.68000 3.30350e-15
4431.46000 3.35400e-15
4432.24000 3.29550e-15
4433.02000 3.07430e-15
4433.81000 3.05830e-15
4434.59000 3.13900e-15
4435.37000 3.08990e-15
4436.15000 3.19330e-15
4436.93000 3.24940e-15
4437.72000 3.28980e-15
4438.50000 3.07350e-15
4439.28000 3.21040e-15
4440.06000 3.02760e-15
4440.84000 2.96870e-15
4441.63000 3.08590e-15
4442.41000 3.04870e-15
4443.19000 2.99370e-15
4443.97000 3.03720e-15
4444.76000 3.11690e-15
4445.54000 3.15240e-15
4446.32000 3.14740e-15
4447.10000 3.07880e-15
4447.88000 3.09170e-15
4448.67000 3.11770e-15
4449.45000 3.02950e-15
4450.23000 3.11760e-15
4451.01000 2.90920e-15
4451.79000 2.81630e-15
4452.58000 2.79440e-15
4453.36000 2.76760e-15
4454.14000 2.91930e-15
4454.92000 2.89160e-15
4455.70000 2.89220e-15
4456.49000 2.83590e-15
4457.27000 2.90100e-15
4458.05000 2.90360e-15
4458.83000 2.89830e-15
4459.61000 2.74600e-15
4460.40000 2.77640e-15
4461.18000 2.80520e-15
4461.96000 2.87840e-15
4462.74000 2.94030e-15
4463.53000 2.55090e-15
4464.31000 2.50070e-15
4465.09000 2.58620e-15
4465.87000 2.52020e-15
4466.65000 2.98870e-15
4467.44000 3.06600e-15
4468.22000 2.87310e-15
4469.00000 2.85290e-15
4469.78000 2.89340e-15
4470.56000 2.95210e-15
4471.35000 2.78550e-15
4472.13000 2.78200e-15
4472.91000 2.80530e-15
4473.69000 2.71150e-15
4474.47000 2.72520e-15
4475.26000 2.74210e-15
4476.04000 2.76800e-15
4476.82000 2.77030e-15
4477.60000 2.76830e-15
4478.38000 2.67090e-15
4479.17000 2.74310e-15
4479.95000 2.74790e-15
4480.73000 2.57810e-15
4481.51000 2.60970e-15
4482.30000 2.74320e-15
4483.08000 2.61290e-15
4483.86000 2.73420e-15
4484.64000 2.73310e-15
4485.42000 2.61220e-15
4486.21000 2.53660e-15
4486.99000 2.65600e-15
4487.77000 2.82730e-15
4488.55000 2.69610e-15
4489.33000 2.49730e-15
4490.12000 2.54620e-15
4490.90000 2.71030e-15
4491.68000 2.71920e-15
4492.46000 2.70220e-15
4493.24000 2.82020e-15
4494.03000 2.59830e-15
4494.81000 2.72270e-15
4495.59000 2.62520e-15
4496.37000 2.67860e-15
4497.15000 2.84590e-15
4497.94000 2.53890e-15
4498.72000 2.63920e-15
4499.50000 2.76820e-15
4500.28000 2.56430e-15
4501.07000 2.36180e-15
4501.85000 2.73030e-15
4502.63000 2.90330e-15
4503.41000 2.97250e-15
4504.19000 2.75710e-15
4504.98000 2.81570e-15
4505.76000 2.90020e-15
4506.54000 2.99920e-15
4507.32000 2.85650e-15
4508.10000 2.79610e-15
4508.89000 2.75790e-15
4509.67000 2.70500e-15
4510.45000 2.73970e-15
4511.23000 2.89670e-15
4512.01000 2.89810e-15
4512.80000 2.74410e-15
4513.58000 2.94600e-15
4514.36000 2.95790e-15
4515.14000 3.01430e-15
4515.92000 2.77840e-15
4516.71000 2.85390e-15
4517.49000 2.99240e-15
4518.27000 2.91460e-15
4519.05000 3.08730e-15
4519.83000 2.93170e-15
4520.62000 3.01960e-15
4521.40000 3.04560e-15
4522.18000 3.03500e-15
4522.96000 3.12990e-15
4523.75000 3.10380e-15
4524.53000 2.98900e-15
4525.31000 3.08860e-15
4526.09000 3.02250e-15
4526.87000 3.13110e-15
4527.66000 3.22370e-15
4528.44000 3.27440e-15
4529.22000 3.25020e-15
4530.00000 3.30460e-15
4530.78000 3.35450e-15
4531.57000 3.39320e-15
4532.35000 3.26100e-15
4533.13000 3.45560e-15
4533.91000 3.38430e-15
4534.69000 3.29370e-15
4535.48000 3.49810e-15
4536.26000 3.48000e-15
4537.04000 3.47650e-15
4537.82000 3.65740e-15
4538.60000 3.44210e-15
4539.39000 3.35560e-15
4540.17000 3.65270e-15
4540.95000 3.53610e-15
4541.73000 3.71260e-15
4542.52000 3.64080e-15
4543.30000 3.54290e-15
4544.08000 3.58340e-15
4544.86000 3.63160e-15
4545.64000 3.72860e-15
4546.43000 3.70490e-15
4547.21000 3.67870e-15
4547.99000 3.58690e-15
4548.77000 3.70820e-15
4549.55000 3.77230e-15
4550.34000 3.68140e-15
4551.12000 3.59790e-15
4551.90000 3.68290e-15
4552.68000 3.67860e-15
4553.46000 3.64660e-15
4554.25000 3.72190e-15
4555.03000 3.84160e-15
4555.81000 3.83830e-15
4556.59000 3.92480e-15
4557.38000 3.80930e-15
4558.16000 3.74020e-15
4558.94000 3.71460e-15
4559.72000 3.72950e-15
4560.50000 3.87640e-15
4561.29000 3.72610e-15
4562.07000 3.77140e-15
4562.85000 3.77180e-15
4563.63000 3.68910e-15
4564.41000 3.78290e-15
4565.20000 3.77850e-15
4565.98000 3.96940e-15
4566.76000 3.84200e-15
4567.54000 3.65240e-15
4568.32000 3.69920e-15
4569.11000 3.76510e-15
4569.89000 3.65680e-15
4570.67000 3.77320e-15
4571.45000 3.66710e-15
4572.23000 3.79220e-15
4573.02000 3.77860e-15
4573.80000 3.74490e-15
4574.58000 3.84310e-15
4575.36000 3.78000e-15
4576.15000 3.81040e-15
4576.93000 3.85840e-15
4577.71000 3.89310e-15
4578.49000 3.86450e-15
4579.27000 3.79770e-15
4580.06000 3.83610e-15
4580.84000 4.10390e-15
4581.62000 4.11660e-15
4582.40000 4.02910e-15
4583.18000 4.03720e-15
4583.97000 3.91050e-15
4584.75000 4.06320e-15
4585.53000 3.84210e-15
4586.31000 3.89040e-15
4587.09000 3.94400e-15
4587.88000 4.11870e-15
4588.66000 3.93520e-15
4589.44000 4.02030e-15
4590.22000 3.92220e-15
4591.00000 4.02310e-15
4591.79000 4.02150e-15
4592.57000 4.16040e-15
4593.35000 4.09090e-15
4594.13000 4.04890e-15
4594.92000 3.98920e-15
4595.70000 3.88750e-15
4596.48000 3.90090e-15
4597.26000 3.97880e-15
4598.04000 3.78330e-15
4598.83000 3.76000e-15
4599.61000 3.90360e-15
4600.39000 3.99420e-15
4601.17000 3.83560e-15
4601.95000 3.86860e-15
4602.74000 3.88120e-15
4603.52000 3.81760e-15
4604.30000 3.87360e-15
4605.08000 3.95040e-15
4605.86000 4.16020e-15
4606.65000 3.92890e-15
4607.43000 3.87400e-15
4608.21000 3.87260e-15
4608.99000 4.00180e-15
4609.77000 3.71130e-15
4610.56000 3.93780e-15
4611.34000 3.89580e-15
4612.12000 3.85140e-15
4612.90000 3.94310e-15
4613.69000 3.83030e-15
4614.47000 4.01860e-15
4615.25000 4.03950e-15
4616.03000 4.27750e-15
4616.81000 4.06460e-15
4617.60000 3.95550e-15
4618.38000 4.03250e-15
4619.16000 3.90100e-15
4619.94000 4.04060e-15
4620.72000 3.89490e-15
4621.51000 3.88920e-15
4622.29000 3.88670e-15
4623.07000 4.00880e-15
4623.85000 4.04530e-15
4624.63000 3.88670e-15
4625.42000 3.92290e-15
4626.20000 4.09890e-15
4626.98000 4.06550e-15
4627.76000 3.98200e-15
4628.54000 4.07030e-15
4629.33000 3.94870e-15
4630.11000 3.99040e-15
4630.89000 4.08330e-15
4631.67000 3.79100e-15
4632.46000 3.77860e-15
4633.24000 3.86780e-15
4634.02000 3.89700e-15
4634.80000 3.84530e-15
4635.58000 3.94930e-15
4636.37000 3.77870e-15
4637.15000 3.76480e-15
4637.93000 3.81060e-15
4638.71000 3.84720e-15
4639.49000 3.93900e-15
4640.28000 3.78050e-15
4641.06000 3.83270e-15
4641.84000 3.84470e-15
4642.62000 3.84840e-15
4643.40000 3.87880e-15
4644.19000 3.84270e-15
4644.97000 3.86830e-15
4645.75000 3.79130e-15
4646.53000 3.80140e-15
4647.31000 3.90860e-15
4648.10000 3.79340e-15
4648.88000 3.75740e-15
4649.66000 3.78360e-15
4650.44000 3.74590e-15
4651.23000 3.57560e-15
4652.01000 3.83620e-15
4652.79000 3.80060e-15
4653.57000 3.85550e-15
4654.35000 3.66210e-15
4655.14000 3.83170e-15
4655.92000 3.91770e-15
4656.70000 3.70380e-15
4657.48000 3.60720e-15
4658.26000 3.57650e-15
4659.05000 3.65610e-15
4659.83000 3.84160e-15
4660.61000 3.75980e-15
4661.39000 3.72750e-15
4662.17000 3.72080e-15
4662.96000 3.50180e-15
4663.74000 3.73240e-15
4664.52000 3.76540e-15
4665.30000 3.72520e-15
4666.08000 3.71730e-15
4666.87000 3.69330e-15
4667.65000 3.73230e-15
4668.43000 3.67980e-15
4669.21000 3.60740e-15
4670.00000 3.70120e-15
4670.78000 3.60330e-15
4671.56000 3.69140e-15
4672.34000 3.60530e-15
4673.12000 3.70410e-15
4673.91000 3.90640e-15
4674.69000 3.78010e-15
4675.47000 3.53940e-15
4676.25000 3.73690e-15
4677.03000 3.53400e-15
4677.82000 3.47330e-15
4678.60000 3.55040e-15
4679.38000 3.53050e-15
4680.16000 3.52650e-15
4680.94000 3.58220e-15
4681.73000 3.53090e-15
4682.51000 3.58060e-15
4683.29000 3.44080e-15
4684.07000 3.53660e-15
4684.85000 3.60240e-15
4685.64000 3.65700e-15
4686.42000 3.53720e-15
4687.20000 3.42500e-15
4687.98000 3.31220e-15
4688.76000 3.33350e-15
4689.55000 3.46050e-15
4690.33000 3.51270e-15
4691.11000 3.43860e-15
4691.89000 3.44040e-15
4692.68000 3.39450e-15
4693.46000 3.30600e-15
4694.24000 3.43730e-15
4695.02000 3.15210e-15
4695.80000 3.26360e-15
4696.59000 3.26460e-15
4697.37000 3.10710e-15
4698.15000 3.13150e-15
4698.93000 3.25780e-15
4699.71000 2.99960e-15
4700.50000 2.79290e-15
4701.28000 2.88830e-15
4702.06000 2.96720e-15
4702.84000 2.83860e-15
4703.62000 2.91630e-15
4704.41000 2.81240e-15
4705.19000 2.78740e-15
4705.97000 2.95560e-15
4706.75000 2.78890e-15
4707.54000 2.75350e-15
4708.32000 2.76660e-15
4709.10000 2.69630e-15
4709.88000 2.79700e-15
4710.66000 2.91270e-15
4711.45000 2.94770e-15
4712.23000 2.76690e-15
4713.01000 2.84770e-15
4713.79000 2.99100e-15
4714.57000 3.04520e-15
4715.36000 2.94780e-15
4716.14000 2.76960e-15
4716.92000 2.82030e-15
4717.70000 2.85300e-15
4718.48000 2.84020e-15
4719.27000 2.77310e-15
4720.05000 2.85290e-15
4720.83000 2.93370e-15
4721.61000 2.93090e-15
4722.39000 3.02680e-15
4723.18000 2.70330e-15
4723.96000 2.90680e-15
4724.74000 2.75630e-15
4725.52000 2.73710e-15
4726.30000 2.73670e-15
4727.09000 2.85730e-15
4727.87000 2.86160e-15
4728.65000 2.80190e-15
4729.43000 2.88930e-15
4730.22000 2.84790e-15
4731.00000 2.74920e-15
4731.78000 2.76310e-15
4732.56000 2.71900e-15
4733.34000 2.67520e-15
4734.13000 2.54950e-15
4734.91000 2.60890e-15
4735.69000 2.64160e-15
4736.47000 2.79430e-15
4737.25000 2.76130e-15
4738.04000 2.66480e-15
4738.82000 2.61620e-15
4739.60000 2.69180e-15
4740.38000 2.65380e-15
4741.16000 2.58050e-15
4741.95000 2.59680e-15
4742.73000 2.63280e-15
4743.51000 2.63670e-15
4744.29000 2.60810e-15
4745.07000 2.56760e-15
4745.86000 2.61050e-15
4746.64000 2.57910e-15
4747.42000 2.40090e-15
4748.20000 2.43990e-15
4748.99000 2.40430e-15
4749.77000 2.42580e-15
4750.55000 2.54920e-15
4751.33000 2.47470e-15
4752.11000 2.42320e-15
4752.90000 2.47610e-15
4753.68000 2.35860e-15
4754.46000 2.41520e-15
4755.24000 2.41850e-15
4756.02000 2.46860e-15
4756.81000 2.42520e-15
4757.59000 2.56770e-15
4758.37000 2.35740e-15
4759.15000 2.31060e-15
4759.93000 2.32560e-15
4760.72000 2.40230e-15
4761.50000 2.32720e-15
4762.28000 2.24670e-15
4763.06000 2.24560e-15
4763.84000 2.33160e-15
4764.63000 2.39860e-15
4765.41000 2.26910e-15
4766.19000 2.35960e-15
4766.97000 2.32840e-15
4767.76000 2.34450e-15
4768.54000 2.42500e-15
4769.32000 2.37720e-15
4770.10000 2.26630e-15
4770.88000 2.24950e-15
4771.67000 2.26680e-15
4772.45000 2.27700e-15
4773.23000 2.27570e-15
4774.01000 2.22320e-15
4774.79000 2.18870e-15
4775.58000 2.34330e-15
4776.36000 2.39810e-15
4777.14000 2.29450e-15
4777.92000 2.30680e-15
4778.70000 2.20240e-15
4779.49000 2.17540e-15
4780.27000 2.25630e-15
4781.05000 2.28520e-15
4781.83000 2.17740e-15
4782.61000 2.18610e-15
4783.40000 2.32190e-15
4784.18000 2.28700e-15
4784.96000 2.47280e-15
4785.74000 2.28880e-15
4786.53000 2.39990e-15
4787.31000 2.28330e-15
4788.09000 2.27450e-15
4788.87000 2.53690e-15
4789.65000 2.53170e-15
4790.44000 2.53980e-15
4791.22000 2.54710e-15
4792.00000 2.71040e-15
4792.78000 2.53900e-15
4793.56000 2.59780e-15
4794.35000 2.79440e-15
4795.13000 2.95920e-15
4795.91000 2.72240e-15
4796.69000 2.74120e-15
4797.47000 2.72740e-15
4798.26000 2.83100e-15
4799.04000 2.99950e-15
4799.82000 3.00020e-15
4800.60000 2.92930e-15
4801.38000 2.98920e-15
4802.17000 3.07530e-15
4802.95000 2.99300e-15
4803.73000 3.34220e-15
4804.51000 3.16720e-15
4805.29000 3.37250e-15
4806.08000 3.25820e-15
4806.86000 3.39700e-15
4807.64000 3.52130e-15
4808.42000 3.53610e-15
4809.21000 3.51860e-15
4809.99000 3.31700e-15
4810.77000 3.36760e-15
4811.55000 3.52610e-15
4812.33000 3.60280e-15
4813.12000 3.57390e-15
4813.90000 3.56420e-15
4814.68000 3.53100e-15
4815.46000 3.59480e-15
4816.24000 3.67030e-15
4817.03000 3.77980e-15
4817.81000 3.81740e-15
4818.59000 3.60970e-15
4819.37000 3.69330e-15
4820.15000 3.72180e-15
4820.94000 3.88270e-15
4821.72000 3.83760e-15
4822.50000 3.58850e-15
4823.28000 3.95990e-15
4824.07000 3.83170e-15
4824.85000 3.74630e-15
4825.63000 3.81100e-15
4826.41000 3.89810e-15
4827.19000 3.83810e-15
4827.98000 3.82120e-15
4828.76000 3.86330e-15
4829.54000 3.88980e-15
4830.32000 3.81900e-15
4831.10000 3.85420e-15
4831.89000 3.98210e-15
4832.67000 3.91980e-15
4833.45000 3.94510e-15
4834.23000 3.80920e-15
4835.01000 3.89740e-15
4835.80000 3.94900e-15
4836.58000 3.97880e-15
4837.36000 3.76590e-15
4838.14000 3.85780e-15
4838.92000 3.87020e-15
4839.71000 3.75840e-15
4840.49000 3.96180e-15
4841.27000 3.84570e-15
4842.05000 3.90520e-15
4842.83000 3.74720e-15
4843.62000 3.79530e-15
4844.40000 3.82200e-15
4845.18000 3.65040e-15
4845.96000 3.68360e-15
4846.75000 3.70460e-15
4847.53000 3.78980e-15
4848.31000 3.63440e-15
4849.09000 3.73760e-15
4849.87000 3.69670e-15
4850.66000 3.70520e-15
4851.44000 3.55270e-15
4852.22000 3.70620e-15
4853.00000 3.56210e-15
4853.78000 3.78220e-15
4854.57000 3.67480e-15
4855.35000 3.68930e-15
4856.13000 3.79270e-15
4856.91000 3.86490e-15
4857.69000 3.77250e-15
4858.48000 3.72920e-15
4859.26000 3.66290e-15
4860.04000 3.64510e-15
4860.82000 3.76380e-15
4861.60000 3.84070e-15
4862.39000 3.86110e-15
4863.17000 3.85350e-15
4863.95000 3.83420e-15
4864.73000 3.80710e-15
4865.52000 3.78690e-15
4866.30000 3.85870e-15
4867.08000 3.86820e-15
4867.86000 3.89510e-15
4868.64000 3.78310e-15
4869.43000 3.72750e-15
4870.21000 3.68960e-15
4870.99000 3.92750e-15
4871.77000 4.03510e-15
4872.55000 4.05010e-15
4873.34000 4.06920e-15
4874.12000 3.85910e-15
4874.90000 3.80560e-15
4875.68000 3.87890e-15
4876.46000 3.79200e-15
4877.25000 3.86410e-15
4878.03000 3.81040e-15
4878.81000 3.96330e-15
4879.59000 3.91690e-15
4880.38000 4.56470e-15
4881.16000 5.06670e-15
4881.94000 5.73100e-15
4882.72000 5.37350e-15
4883.50000 4.72200e-15
4884.29000 4.39170e-15
4885.07000 4.10080e-15
4885.85000 3.97080e-15
4886.63000 4.04550e-15
4887.41000 4.05750e-15
4888.20000 3.95560e-15
4888.98000 4.02480e-15
4889.76000 3.84230e-15
4890.54000 3.94770e-15
4891.32000 4.05870e-15
4892.11000 4.15710e-15
4892.89000 3.86810e-15
4893.67000 3.97080e-15
4894.45000 3.97380e-15
4895.23000 4.19730e-15
4896.02000 3.98910e-15
4896.80000 4.07160e-15
4897.58000 4.08100e-15
4898.36000 3.91220e-15
4899.15000 3.75900e-15
4899.93000 3.96080e-15
4900.71000 3.91290e-15
4901.49000 3.92870e-15
4902.27000 4.02920e-15
4903.06000 4.15980e-15
4903.84000 4.20310e-15
4904.62000 4.04090e-15
4905.40000 3.86430e-15
4906.18000 4.13350e-15
4906.97000 4.14110e-15
4907.75000 4.02340e-15
4908.53000 3.82990e-15
4909.31000 3.98520e-15
4910.09000 3.88940e-15
4910.88000 3.92910e-15
4911.66000 4.01120e-15
4912.44000 3.93140e-15
4913.22000 3.88650e-15
4914.00000 4.01810e-15
4914.79000 3.84640e-15
4915.57000 4.02640e-15
4916.35000 3.90760e-15
4917.13000 3.93930e-15
4917.92000 3.75120e-15
4918.70000 3.85260e-15
4919.48000 3.88940e-15
4920.26000 3.86190e-15
4921.04000 3.87700e-15
4921.83000 3.79910e-15
4922.61000 3.84630e-15
4923.39000 3.88390e-15
4924.17000 3.68450e-15
4924.95000 3.74470e-15
4925.74000 3.63730e-15
4926.52000 3.64380e-15
4927.30000 3.62540e-15
4928.08000 3.59060e-15
4928.86000 3.73740e-15
4929.65000 3.58750e-15
4930.43000 3.47710e-15
4931.21000 3.44990e-15
4931.99000 3.52620e-15
4932.77000 3.44030e-15
4933.56000 3.37540e-15
4934.34000 3.48410e-15
4935.12000 3.49050e-15
4935.90000 3.34820e-15
4936.69000 3.35270e-15
4937.47000 3.51170e-15
4938.25000 3.45080e-15
4939.03000 3.43790e-15
4939.81000 3.41660e-15
4940.60000 3.28270e-15
4941.38000 3.19620e-15
4942.16000 3.23380e-15
4942.94000 3.25970e-15
4943.72000 3.14320e-15
4944.51000 3.05860e-15
4945.29000 3.21340e-15
4946.07000 3.12730e-15
4946.85000 3.20230e-15
4947.63000 3.30660e-15
4948.42000 3.23430e-15
4949.20000 3.24220e-15
4949.98000 3.28230e-15
4950.76000 3.30830e-15
4951.54000 3.20270e-15
4952.33000 3.21810e-15
4953.11000 3.34560e-15
4953.89000 3.28900e-15
4954.67000 3.26900e-15
4955.46000 3.05480e-15
4956.24000 3.21490e-15
4957.02000 3.32600e-15
4957.80000 3.14930e-15
4958.58000 3.26660e-15
4959.37000 3.40770e-15
4960.15000 3.41490e-15
4960.93000 3.35570e-15
4961.71000 3.46560e-15
4962.49000 3.30230e-15
4963.28000 3.49930e-15
4964.06000 3.54470e-15
4964.84000 3.39030e-15
4965.62000 3.42310e-15
4966.40000 3.53570e-15
4967.19000 3.49580e-15
4967.97000 3.59170e-15
4968.75000 3.43110e-15
4969.53000 3.54120e-15
4970.31000 3.56770e-15
4971.10000 3.49270e-15
4971.88000 3.56750e-15
4972.66000 3.49730e-15
4973.44000 3.55340e-15
4974.23000 3.71820e-15
4975.01000 3.63720e-15
4975.79000 3.49980e-15
4976.57000 3.63800e-15
4977.35000 3.72200e-15
4978.14000 3.63150e-15
4978.92000 3.83030e-15
4979.70000 3.94320e-15
4980.48000 3.90370e-15
4981.26000 3.85570e-15
4982.05000 3.80700e-15
4982.83000 3.70140e-15
4983.61000 3.64260e-15
4984.39000 3.68330e-15
4985.17000 3.71160e-15
4985.96000 3.68810e-15
4986.74000 3.66390e-15
4987.52000 3.68050e-15
4988.30000 3.56780e-15
4989.08000 3.61210e-15
4989.87000 3.65050e-15
4990.65000 3.59100e-15
4991.43000 3.63210e-15
4992.21000 3.78970e-15
4993.00000 3.52670e-15
4993.78000 3.67870e-15
4994.56000 4.29700e-15
4995.34000 3.85250e-15
4996.12000 3.54940e-15
4996.91000 3.67460e-15
4997.69000 3.72330e-15
4998.47000 3.82790e-15
4999.25000 3.78480e-15
5000.03000 3.57840e-15
5000.82000 3.69760e-15
5001.60000 3.64570e-15
5002.38000 3.61360e-15
5003.16000 3.60450e-15
5003.94000 3.71110e-15
5004.73000 3.63590e-15
5005.51000 3.75760e-15
5006.29000 3.71760e-15
5007.07000 3.66680e-15
5007.85000 3.84740e-15
5008.64000 3.71380e-15
5009.42000 3.59730e-15
5010.20000 3.57760e-15
5010.98000 3.55490e-15
5011.76000 3.60060e-15
5012.55000 3.67260e-15
5013.33000 3.63230e-15
5014.11000 3.58040e-15
5014.89000 3.64840e-15
5015.68000 3.56310e-15
5016.46000 3.66840e-15
5017.24000 3.72530e-15
5018.02000 3.56190e-15
5018.80000 3.67780e-15
5019.59000 3.62510e-15
5020.37000 3.71900e-15
5021.15000 3.67750e-15
5021.93000 3.62330e-15
5022.71000 3.63620e-15
5023.50000 3.53880e-15
5024.28000 3.76280e-15
5025.06000 3.58190e-15
5025.84000 3.61680e-15
5026.62000 4.10800e-15
5027.41000 4.30770e-15
5028.19000 4.64880e-15
5028.97000 4.41470e-15
5029.75000 4.23460e-15
5030.54000 3.96720e-15
5031.32000 3.74880e-15
5032.10000 3.94400e-15
5032.88000 3.87290e-15
5033.66000 3.60710e-15
5034.45000 3.59620e-15
5035.23000 3.62080e-15
5036.01000 3.66850e-15
5036.79000 3.63690e-15
5037.57000 3.57220e-15
5038.36000 3.48700e-15
5039.14000 3.59000e-15
5039.92000 3.52450e-15
5040.70000 3.58740e-15
5041.48000 3.71840e-15
5042.27000 3.59860e-15
5043.05000 3.65010e-15
5043.83000 3.65150e-15
5044.61000 3.42050e-15
5045.39000 3.55150e-15
5046.18000 3.49300e-15
5046.96000 3.39330e-15
5047.74000 3.44320e-15
5048.52000 3.43820e-15
5049.30000 3.34240e-15
5050.09000 3.41540e-15
5050.87000 3.41810e-15
5051.65000 3.48220e-15
5052.43000 3.54690e-15
5053.22000 3.53290e-15
5054.00000 3.36700e-15
5054.78000 3.39920e-15
5055.56000 3.29110e-15
5056.34000 3.46700e-15
5057.13000 3.37240e-15
5057.91000 3.17960e-15
5058.69000 3.12020e-15
5059.47000 3.27280e-15
5060.25000 3.28190e-15
5061.04000 3.10050e-15
5061.82000 3.11180e-15
5062.60000 3.14680e-15
5063.38000 3.15050e-15
5064.16000 3.12110e-15
5064.95000 3.15360e-15
5065.73000 3.13490e-15
5066.51000 3.12350e-15
5067.29000 3.25590e-15
5068.07000 3.19230e-15
5068.86000 3.04310e-15
5069.64000 3.14140e-15
5070.42000 3.15150e-15
5071.20000 2.90070e-15
5071.99000 3.13140e-15
5072.77000 2.99810e-15
5073.55000 2.91170e-15
5074.33000 2.94960e-15
5075.11000 2.98100e-15
5075.90000 3.00710e-15
5076.68000 3.05720e-15
5077.46000 2.92480e-15
5078.24000 2.83710e-15
5079.02000 2.93090e-15
5079.81000 2.97530e-15
5080.59000 2.92210e-15
5081.37000 2.92790e-15
5082.15000 2.96830e-15
5082.93000 2.77750e-15
5083.72000 2.79990e-15
5084.50000 2.80020e-15
5085.28000 2.72570e-15
5086.06000 2.84080e-15
5086.84000 2.73410e-15
5087.63000 2.71130e-15
5088.41000 2.80180e-15
5089.19000 2.70850e-15
5089.97000 2.63640e-15
5090.76000 2.55660e-15
5091.54000 2.60800e-15
5092.32000 2.70090e-15
5093.10000 2.70420e-15
5093.88000 2.61850e-15
5094.67000 2.64860e-15
5095.45000 2.70920e-15
5096.23000 2.69670e-15
5097.01000 2.51970e-15
5097.79000 2.51490e-15
5098.58000 2.70790e-15
5099.36000 2.72360e-15
5100.14000 2.79780e-15
5100.92000 2.66320e-15
5101.70000 2.58140e-15
5102.49000 2.66240e-15
5103.27000 2.74040e-15
5104.05000 2.80320e-15
5104.83000 2.62100e-15
5105.61000 2.78970e-15
5106.40000 2.61690e-15
5107.18000 2.63480e-15
5107.96000 2.68180e-15
5108.74000 2.84870e-15
5109.53000 2.74640e-15
5110.31000 2.86790e-15
5111.09000 2.85670e-15
5111.87000 2.87230e-15
5112.65000 2.75580e-15
5113.44000 2.76080e-15
5114.22000 2.85390e-15
5115.00000 2.82870e-15
5115.78000 2.82070e-15
5116.56000 2.94020e-15
5117.35000 2.99190e-15
5118.13000 2.98160e-15
5118.91000 2.76920e-15
5119.69000 2.83300e-15
5120.47000 2.91600e-15
5121.26000 2.89330e-15
5122.04000 2.92020e-15
5122.82000 2.98450e-15
5123.60000 3.19620e-15
5124.38000 2.97930e-15
5125.17000 3.05770e-15
5125.95000 3.01490e-15
5126.73000 3.04740e-15
5127.51000 3.03160e-15
5128.29000 3.04800e-15
5129.08000 3.12850e-15
5129.86000 3.09400e-15
5130.64000 3.10720e-15
5131.42000 3.31950e-15
5132.21000 3.17710e-15
5132.99000 3.06690e-15
5133.77000 3.06890e-15
5134.55000 3.05600e-15
5135.33000 3.15360e-15
5136.12000 3.17690e-15
5136.90000 3.24870e-15
5137.68000 3.30720e-15
5138.46000 3.26290e-15
5139.24000 3.16010e-15
5140.03000 3.30380e-15
5140.81000 3.36980e-15
5141.59000 3.43510e-15
5142.37000 3.25050e-15
5143.15000 3.44820e-15
5143.94000 3.41860e-15
5144.72000 3.40060e-15
5145.50000 3.11250e-15
5146.28000 3.26260e-15
5147.06000 3.18480e-15
5147.85000 3.36230e-15
5148.63000 3.43040e-15
5149.41000 3.26500e-15
5150.19000 3.33110e-15
5150.98000 3.25230e-15
5151.76000 3.34690e-15
5152.54000 3.50400e-15
5153.32000 3.29860e-15
5154.10000 3.30460e-15
5154.89000 3.23560e-15
5155.67000 3.36880e-15
5156.45000 3.41960e-15
5157.23000 3.47880e-15
5158.01000 3.60490e-15
5158.80000 3.31510e-15
5159.58000 3.46450e-15
5160.36000 3.48400e-15
5161.14000 3.39120e-15
5161.92000 3.45220e-15
5162.71000 3.38550e-15
5163.49000 3.36340e-15
5164.27000 3.33080e-15
5165.05000 3.37890e-15
5165.83000 3.59540e-15
5166.62000 3.35420e-15
5167.40000 3.39130e-15
5168.18000 3.43750e-15
5168.96000 3.51020e-15
5169.75000 3.51510e-15
5170.53000 3.61830e-15
5171.31000 3.43980e-15
5172.09000 3.44750e-15
5172.87000 3.51770e-15
5173.66000 3.55880e-15
5174.44000 3.57860e-15
5175.22000 3.55410e-15
5176.00000 3.63180e-15
5176.78000 3.38300e-15
5177.57000 3.62990e-15
5178.35000 3.52820e-15
5179.13000 3.63700e-15
5179.91000 3.54220e-15
5180.69000 3.54100e-15
5181.48000 3.57970e-15
5182.26000 3.50290e-15
5183.04000 3.49980e-15
5183.82000 3.59810e-15
5184.60000 3.53200e-15
5185.39000 3.59170e-15
5186.17000 3.70050e-15
5186.95000 3.56120e-15
5187.73000 3.54990e-15
5188.52000 3.43700e-15
5189.30000 3.52120e-15
5190.08000 3.48070e-15
5190.86000 3.48020e-15
5191.64000 3.55410e-15
5192.43000 3.66700e-15
5193.21000 3.58880e-15
5193.99000 3.44950e-15
5194.77000 3.44410e-15
5195.55000 3.37330e-15
5196.34000 3.50420e-15
5197.12000 3.61950e-15
5197.90000 3.67620e-15
5198.68000 3.50220e-15
5199.46000 3.42420e-15
5200.25000 3.44160e-15
5201.03000 3.26520e-15
5201.81000 3.57370e-15
5202.59000 3.47010e-15
5203.38000 3.37830e-15
5204.16000 3.46060e-15
5204.94000 3.37690e-15
5205.72000 3.35380e-15
5206.50000 3.40610e-15
5207.29000 3.45160e-15
5208.07000 3.39450e-15
5208.85000 3.50120e-15
5209.63000 3.61020e-15
5210.41000 3.49310e-15
5211.20000 3.51710e-15
5211.98000 3.44300e-15
5212.76000 3.49790e-15
5213.54000 3.50310e-15
5214.32000 3.50610e-15
5215.11000 3.32200e-15
5215.89000 3.47210e-15
5216.67000 3.42100e-15
5217.45000 3.49820e-15
5218.23000 3.42680e-15
5219.02000 3.47540e-15
5219.80000 3.48400e-15
5220.58000 3.48410e-15
5221.36000 3.57560e-15
5222.15000 3.43010e-15
5222.93000 3.29470e-15
5223.71000 3.44350e-15
5224.49000 3.36070e-15
5225.27000 3.58960e-15
5226.06000 3.44230e-15
5226.84000 3.54780e-15
5227.62000 3.61440e-15
5228.40000 3.65260e-15
5229.18000 3.47320e-15
5229.97000 3.56210e-15
5230.75000 3.44910e-15
5231.53000 3.44080e-15
5232.31000 3.39900e-15
5233.09000 3.54840e-15
5233.88000 3.50460e-15
5234.66000 3.26520e-15
5235.44000 3.45120e-15
5236.22000 3.43090e-15
5237.00000 3.44980e-15
5237.79000 3.35040e-15
5238.57000 3.37820e-15
5239.35000 3.44060e-15
5240.13000 3.48840e-15
5240.92000 3.28670e-15
5241.70000 3.46830e-15
5242.48000 3.34020e-15
5243.26000 3.36300e-15
5244.04000 3.36810e-15
5244.83000 3.40660e-15
5245.61000 3.40240e-15
5246.39000 3.32660e-15
5247.17000 3.40470e-15
5247.95000 3.32290e-15
5248.74000 3.23090e-15
5249.52000 3.27070e-15
5250.30000 3.24860e-15
5251.08000 3.34890e-15
5251.86000 3.28170e-15
5252.65000 3.29100e-15
5253.43000 3.49040e-15
5254.21000 3.39610e-15
5254.99000 3.46190e-15
5255.77000 3.65370e-15
5256.56000 3.33300e-15
5257.34000 3.31520e-15
5258.12000 3.33400e-15
5258.90000 3.48490e-15
5259.69000 3.50990e-15
5260.47000 3.38050e-15
5261.25000 3.34750e-15
5262.03000 3.40690e-15
5262.81000 3.48850e-15
5263.60000 3.40080e-15
5264.38000 3.56190e-15
5265.16000 3.49090e-15
5265.94000 3.48030e-15
5266.72000 3.54570e-15
5267.51000 3.58390e-15
5268.29000 3.63880e-15
5269.07000 3.43780e-15
5269.85000 3.40860e-15
5270.63000 3.47860e-15
5271.42000 3.56830e-15
5272.20000 3.42930e-15
5272.98000 3.51090e-15
5273.76000 3.53920e-15
5274.54000 3.55560e-15
5275.33000 3.58170e-15
5276.11000 3.52210e-15
5276.89000 3.39200e-15
5277.67000 3.37310e-15
5278.46000 3.49180e-15
5279.24000 3.48920e-15
5280.02000 3.53950e-15
5280.80000 3.71450e-15
5281.58000 3.61040e-15
5282.37000 3.54990e-15
5283.15000 3.52380e-15
5283.93000 3.53910e-15
5284.71000 3.39920e-15
5285.49000 3.42110e-15
5286.28000 3.49480e-15
5287.06000 3.44490e-15
5287.84000 3.53840e-15
5288.62000 3.55460e-15
5289.40000 3.52540e-15
5290.19000 3.44710e-15
5290.97000 3.48740e-15
5291.75000 3.47840e-15
5292.53000 3.41400e-15
5293.31000 3.32320e-15
5294.10000 3.56590e-15
5294.88000 3.57600e-15
5295.66000 3.68880e-15
5296.44000 3.61780e-15
5297.22000 3.53160e-15
5298.01000 3.41870e-15
5298.79000 3.52650e-15
5299.57000 3.69030e-15
5300.35000 3.78720e-15
5301.14000 3.60190e-15
5301.92000 3.71080e-15
5302.70000 3.56340e-15
5303.48000 3.59170e-15
5304.26000 3.36600e-15
5305.05000 3.57890e-15
5305.83000 3.58990e-15
5306.61000 3.57520e-15
5307.39000 3.64400e-15
5308.17000 3.63390e-15
5308.96000 3.58990e-15
5309.74000 3.73700e-15
5310.52000 3.61410e-15
5311.30000 3.75610e-15
5312.08000 3.72380e-15
5312.87000 3.58840e-15
5313.65000 3.62930e-15
5314.43000 3.66420e-15
5315.21000 3.60530e-15
5316.00000 3.50580e-15
5316.78000 3.60720e-15
5317.56000 3.54670e-15
5318.34000 3.58900e-15
5319.12000 3.72070e-15
5319.91000 3.57930e-15
5320.69000 3.57800e-15
5321.47000 3.70000e-15
5322.25000 3.52160e-15
5323.03000 3.51430e-15
5323.82000 3.66030e-15
5324.60000 3.57330e-15
5325.38000 3.65020e-15
5326.16000 3.61090e-15
5326.94000 3.51230e-15
5327.73000 3.66920e-15
5328.51000 3.60500e-15
5329.29000 3.70150e-15
5330.07000 3.59000e-15
5330.85000 3.66750e-15
5331.64000 3.60560e-15
5332.42000 3.60240e-15
5333.20000 3.53860e-15
5333.98000 3.47470e-15
5334.76000 3.73320e-15
5335.55000 3.57690e-15
5336.33000 3.64710e-15
5337.11000 3.59930e-15
5337.89000 3.61660e-15
5338.68000 3.60620e-15
5339.46000 3.46070e-15
5340.24000 3.74640e-15
5341.02000 3.55160e-15
5341.80000 3.44690e-15
5342.59000 3.65730e-15
5343.37000 3.62070e-15
5344.15000 3.62570e-15
5344.93000 3.51330e-15
5345.71000 3.69710e-15
5346.50000 3.53510e-15
5347.28000 3.51150e-15
5348.06000 3.44510e-15
5348.84000 3.49710e-15
5349.62000 3.54010e-15
5350.41000 3.61160e-15
5351.19000 3.56490e-15
5351.97000 3.61610e-15
5352.75000 3.58630e-15
5353.53000 3.50330e-15
5354.32000 3.40380e-15
5355.10000 3.57850e-15
5355.88000 3.57140e-15
5356.66000 3.52740e-15
5357.45000 3.47310e-15
5358.23000 3.49970e-15
5359.01000 3.41820e-15
5359.79000 3.51450e-15
5360.57000 3.53850e-15
5361.36000 3.62750e-15
5362.14000 3.67440e-15
5362.92000 3.52900e-15
5363.70000 3.48360e-15
5364.48000 3.42870e-15
5365.27000 3.33820e-15
5366.05000 3.46060e-15
5366.83000 3.64530e-15
5367.61000 3.41390e-15
5368.39000 3.63070e-15
5369.18000 3.45800e-15
5369.96000 3.56990e-15
5370.74000 3.54490e-15
5371.52000 3.50100e-15
5372.30000 3.46490e-15
5373.09000 3.29850e-15
5373.87000 3.47860e-15
5374.65000 3.41270e-15
5375.43000 3.56190e-15
5376.22000 3.39210e-15
5377.00000 3.53870e-15
5377.78000 3.63830e-15
5378.56000 3.38020e-15
5379.34000 3.51410e-15
5380.13000 3.46510e-15
5380.91000 3.33510e-15
5381.69000 3.45050e-15
5382.47000 3.31560e-15
5383.25000 3.47180e-15
5384.04000 3.34720e-15
5384.82000 3.41920e-15
5385.60000 3.47140e-15
5386.38000 3.40480e-15
5387.16000 3.51950e-15
5387.95000 3.38560e-15
5388.73000 3.42500e-15
5389.51000 3.53170e-15
5390.29000 3.38900e-15
5391.07000 3.38020e-15
5391.86000 3.34040e-15
5392.64000 3.42270e-15
5393.42000 3.24000e-15
5394.20000 3.32300e-15
5394.99000 3.26760e-15
5395.77000 3.41840e-15
5396.55000 3.43550e-15
5397.33000 3.38630e-15
5398.11000 3.40810e-15
5398.90000 3.23350e-15
5399.68000 3.32970e-15
5400.46000 3.44370e-15
5401.24000 3.27330e-15
5402.02000 3.41900e-15
5402.81000 3.45300e-15
5403.59000 3.19560e-15
5404.37000 3.24660e-15
5405.15000 3.24410e-15
5405.93000 3.33310e-15
5406.72000 3.41350e-15
5407.50000 3.40000e-15
5408.28000 3.26620e-15
5409.06000 3.14690e-15
5409.84000 3.19180e-15
5410.63000 3.37710e-15
5411.41000 3.34150e-15
5412.19000 3.29730e-15
5412.97000 3.30210e-15
5413.75000 3.28170e-15
5414.54000 3.26100e-15
5415.32000 3.31190e-15
5416.10000 3.27190e-15
5416.88000 3.22720e-15
5417.67000 3.20700e-15
5418.45000 3.37510e-15
5419.23000 3.25690e-15
5420.01000 3.27110e-15
5420.79000 3.24710e-15
5421.58000 3.18530e-15
5422.36000 3.23380e-15
5423.14000 3.14210e-15
5423.92000 3.19920e-15
5424.70000 3.32290e-15
5425.49000 3.21290e-15
5426.27000 3.14300e-15
5427.05000 3.15660e-15
5427.83000 3.12900e-15
5428.61000 3.07450e-15
5429.40000 3.23860e-15
5430.18000 3.19790e-15
5430.96000 3.32700e-15
5431.74000 3.24450e-15
5432.53000 3.18900e-15
5433.31000 3.25550e-15
5434.09000 3.26240e-15
5434.87000 3.23020e-15
5435.65000 3.29880e-15
5436.44000 3.33110e-15
5437.22000 3.14320e-15
5438.00000 3.26020e-15
5438.78000 3.31300e-15
5439.56000 3.25140e-15
5440.35000 3.22680e-15
5441.13000 3.12410e-15
5441.91000 3.30410e-15
5442.69000 3.22360e-15
5443.47000 3.19720e-15
5444.26000 3.28540e-15
5445.04000 3.18230e-15
5445.82000 3.16170e-15
5446.60000 3.26040e-15
5447.38000 3.20810e-15
5448.17000 2.87100e-15
5448.95000 2.55760e-15
5449.73000 3.14740e-15
5450.51000 3.19810e-15
5451.29000 3.12810e-15
5452.08000 3.21420e-15
5452.86000 3.22480e-15
5453.64000 3.07720e-15
5454.42000 2.97470e-15
5455.21000 2.98530e-15
5455.99000 3.03040e-15
5456.77000 3.24270e-15
5457.55000 3.15770e-15
5458.33000 3.03600e-15
5459.12000 3.10060e-15
5459.90000 3.08510e-15
5460.68000 3.14670e-15
5461.46000 3.29750e-15
5462.24000 3.24270e-15
5463.03000 3.21430e-15
5463.81000 3.07950e-15
5464.59000 3.23370e-15
5465.37000 3.19910e-15
5466.15000 3.26230e-15
5466.94000 3.24480e-15
5467.72000 3.18110e-15
5468.50000 3.10890e-15
5469.28000 3.08460e-15
5470.06000 3.04980e-15
5470.85000 3.14450e-15
5471.63000 3.26160e-15
5472.41000 3.12050e-15
5473.19000 3.23440e-15
5473.98000 3.14540e-15
5474.76000 3.15190e-15
5475.54000 3.17730e-15
5476.32000 3.03420e-15
5477.10000 3.28030e-15
5477.89000 3.21480e-15
5478.67000 3.13980e-15
5479.45000 3.13360e-15
5480.23000 3.20870e-15
5481.01000 3.31960e-15
5481.80000 3.27290e-15
5482.58000 3.15160e-15
5483.36000 3.19520e-15
5484.14000 3.29360e-15
5484.92000 3.36040e-15
5485.71000 3.16910e-15
5486.49000 3.34180e-15
5487.27000 3.18000e-15
5488.05000 3.17650e-15
5488.83000 3.25870e-15
5489.62000 3.23980e-15
5490.40000 3.27640e-15
5491.18000 3.23490e-15
5491.96000 3.38670e-15
5492.75000 3.28200e-15
5493.53000 3.15530e-15
5494.31000 3.08910e-15
5495.09000 3.03820e-15
5495.87000 3.18530e-15
5496.66000 3.09470e-15
5497.44000 3.12910e-15
5498.22000 3.22010e-15
5499.00000 3.23690e-15
5499.78000 3.10480e-15
5500.57000 3.18040e-15
5501.35000 3.18950e-15
5502.13000 3.36390e-15
5502.91000 3.19630e-15
5503.69000 3.10590e-15
5504.48000 3.28830e-15
5505.26000 3.20760e-15
5506.04000 3.20610e-15
5506.82000 3.29440e-15
5507.60000 3.22000e-15
5508.39000 3.22650e-15
5509.17000 3.05680e-15
5509.95000 3.30570e-15
5510.73000 3.18710e-15
5511.52000 3.25120e-15
5512.30000 3.27840e-15
5513.08000 3.29320e-15
5513.86000 3.50820e-15
5514.64000 3.21540e-15
5515.43000 3.20510e-15
5516.21000 3.37280e-15
5516.99000 3.38100e-15
5517.77000 3.22110e-15
5518.55000 3.32980e-15
5519.34000 3.27350e-15
5520.12000 3.14700e-15
5520.90000 3.10550e-15
5521.68000 3.15090e-15
5522.46000 3.09560e-15
5523.25000 3.25270e-15
5524.03000 3.21520e-15
5524.81000 3.12160e-15
5525.59000 3.15600e-15
5526.38000 3.09580e-15
5527.16000 3.08630e-15
5527.94000 3.20630e-15
5528.72000 3.29260e-15
5529.50000 3.19780e-15
5530.29000 3.24630e-15
5531.07000 3.22040e-15
5531.85000 3.18410e-15
5532.63000 3.21370e-15
5533.41000 3.23830e-15
5534.20000 3.26150e-15
5534.98000 3.22310e-15
5535.76000 3.10860e-15
5536.54000 3.20050e-15
5537.32000 3.04920e-15
5538.11000 3.06640e-15
5538.89000 3.29400e-15
5539.67000 3.28990e-15
5540.45000 3.21160e-15
5541.23000 3.05590e-15
5542.02000 3.18900e-15
5542.80000 3.21480e-15
5543.58000 3.26820e-15
5544.36000 3.17450e-15
5545.15000 3.26200e-15
5545.93000 3.13280e-15
5546.71000 3.16640e-15
5547.49000 3.22300e-15
5548.27000 3.11740e-15
5549.06000 3.24160e-15
5549.84000 3.18840e-15
5550.62000 3.21810e-15
5551.40000 3.23960e-15
5552.18000 3.21870e-15
5552.97000 3.17750e-15
5553.75000 3.10990e-15
5554.53000 3.17610e-15
5555.31000 3.00090e-15
5556.09000 3.07180e-15
5556.88000 3.14260e-15
5557.66000 3.09030e-15
5558.44000 3.21730e-15
5559.22000 3.06280e-15
5560.00000 3.14270e-15
5560.79000 3.05670e-15
5561.57000 3.13000e-15
5562.35000 3.34240e-15
5563.13000 3.14680e-15
5563.92000 3.03890e-15
5564.70000 3.09440e-15
5565.48000 2.99610e-15
5566.26000 2.99740e-15
5567.04000 3.20600e-15
5567.83000 3.03590e-15
5568.61000 3.05080e-15
5569.39000 3.03420e-15
5570.17000 3.14600e-15
5570.95000 3.17780e-15
5571.74000 3.25020e-15
5572.52000 3.03320e-15
5573.30000 3.11380e-15
5574.08000 3.13290e-15
5574.86000 3.18020e-15
5575.65000 3.46470e-15
5576.43000 3.80040e-15
5577.21000 3.47680e-15
5577.99000 2.88820e-15
5578.77000 3.11610e-15
5579.56000 3.12760e-15
5580.34000 3.14750e-15
5581.12000 3.15700e-15
5581.90000 2.96290e-15
5582.68000 3.25020e-15
5583.47000 3.16920e-15
5584.25000 3.15250e-15
5585.03000 3.15470e-15
5585.81000 2.93210e-15
5586.60000 2.99320e-15
5587.38000 3.06440e-15
5588.16000 2.99860e-15
5588.94000 3.02160e-15
5589.72000 3.05490e-15
5590.51000 3.00120e-15
5591.29000 3.20460e-15
5592.07000 3.09910e-15
5592.85000 2.96620e-15
5593.63000 2.94390e-15
5594.42000 3.05030e-15
5595.20000 2.99090e-15
5595.98000 3.04440e-15
5596.76000 3.18720e-15
5597.54000 3.14000e-15
5598.33000 2.96880e-15
5599.11000 3.08010e-15
5599.89000 3.09430e-15
5600.67000 3.12400e-15
5601.46000 2.90320e-15
5602.24000 2.95630e-15
5603.02000 3.05730e-15
5603.80000 3.10700e-15
5604.58000 2.97840e-15
5605.37000 3.13230e-15
5606.15000 3.07540e-15
5606.93000 3.15690e-15
5607.71000 3.03170e-15
5608.49000 3.08830e-15
5609.28000 2.94980e-15
5610.06000 2.98620e-15
5610.84000 3.03450e-15
5611.62000 2.92210e-15
5612.40000 2.87760e-15
5613.19000 3.05600e-15
5613.97000 3.00380e-15
5614.75000 3.10900e-15
5615.53000 2.96450e-15
5616.31000 3.00170e-15
5617.10000 3.19860e-15
5617.88000 3.13330e-15
5618.66000 3.06560e-15
5619.44000 3.05270e-15
5620.22000 3.09030e-15
5621.01000 3.05840e-15
5621.79000 3.16210e-15
5622.57000 3.02640e-15
5623.35000 3.10570e-15
5624.14000 3.09240e-15
5624.92000 3.28590e-15
5625.70000 2.82710e-15
5626.48000 3.12850e-15
5627.26000 3.09920e-15
5628.05000 3.17660e-15
5628.83000 3.08510e-15
5629.61000 3.19840e-15
5630.39000 2.95630e-15
5631.17000 2.81860e-15
5631.96000 3.18180e-15
5632.74000 3.01700e-15
5633.52000 3.04330e-15
5634.30000 3.02230e-15
5635.08000 2.87750e-15
5635.87000 2.97550e-15
5636.65000 3.02630e-15
5637.43000 2.93870e-15
5638.21000 2.87780e-15
5639.00000 2.90990e-15
5639.78000 2.94870e-15
5640.56000 2.82740e-15
5641.34000 2.82370e-15
5642.12000 2.94170e-15
5642.91000 3.03310e-15
5643.69000 3.01480e-15
5644.47000 2.93100e-15
5645.25000 2.89600e-15
5646.03000 3.03400e-15
5646.82000 3.10370e-15
5647.60000 2.96850e-15
5648.38000 3.01330e-15
5649.16000 2.77800e-15
5649.94000 2.76200e-15
5650.73000 2.98330e-15
5651.51000 2.74100e-15
5652.29000 3.06950e-15
5653.07000 3.05090e-15
5653.85000 3.04800e-15
5654.64000 3.03710e-15
5655.42000 2.96340e-15
5656.20000 3.18590e-15
5656.98000 2.95780e-15
5657.76000 2.86860e-15
5658.55000 2.79810e-15
5659.33000 2.66020e-15
5660.11000 2.89240e-15
5660.89000 2.93960e-15
5661.68000 2.90830e-15
5662.46000 2.93690e-15
5663.24000 2.90180e-15
5664.02000 2.86670e-15
5664.80000 2.90690e-15
5665.59000 2.76130e-15
5666.37000 2.61090e-15
5667.15000 2.86860e-15
5667.93000 2.74410e-15
5668.71000 2.77290e-15
5669.50000 2.81490e-15
5670.28000 2.78740e-15
5671.06000 2.88910e-15
5671.84000 2.74980e-15
5672.62000 2.64260e-15
5673.41000 2.71200e-15
5674.19000 2.87390e-15
5674.97000 2.83510e-15
5675.75000 2.75040e-15
5676.53000 2.60320e-15
5677.32000 2.80890e-15
5678.10000 2.94070e-15
5678.88000 2.80160e-15
5679.66000 2.75260e-15
5680.45000 2.81550e-15
5681.23000 2.68570e-15
5682.01000 2.69300e-15
5682.79000 2.71730e-15
5683.57000 2.90970e-15
5684.36000 2.95100e-15
5685.14000 2.77530e-15
5685.92000 2.68800e-15
5686.70000 2.62480e-15
5687.48000 2.61310e-15
5688.27000 2.76060e-15
5689.05000 2.89840e-15
5689.83000 2.82230e-15
5690.61000 2.46120e-15
5691.39000 2.46050e-15
5692.18000 2.90980e-15
5692.96000 2.70300e-15
5693.74000 2.93270e-15
5694.52000 3.05870e-15
5695.30000 2.79190e-15
5696.09000 2.97620e-15
5696.87000 2.83440e-15
5697.65000 2.72810e-15
5698.43000 2.78670e-15
5699.21000 2.72900e-15
5700.00000 4.32650e-40
