# wavelength flux
3216.00375 2.12010e-18
3217.94955 2.18809e-18
3219.89535 2.51445e-18
3221.85150 2.97776e-18
3223.79730 2.68849e-18
3225.75345 1.64552e-18
3227.69925 1.96850e-18
3229.64505 2.75228e-18
3231.60120 2.77574e-18
3233.54700 2.81259e-18
3235.50315 2.24886e-18
3237.44895 2.52768e-18
3239.39475 2.54527e-18
3241.35090 2.25981e-18
3243.29670 2.70448e-18
3245.25285 3.13087e-18
3247.19865 2.51977e-18
3249.15480 2.36486e-18
3251.10060 1.92724e-18
3253.04640 1.55491e-18
3255.00255 2.53420e-18
3256.94835 3.79425e-18
3258.90450 3.97048e-18
3260.85030 3.25137e-18
3262.79610 2.91633e-18
3264.75225 3.12690e-18
3266.69805 3.06695e-18
3268.65420 3.25460e-18
3270.60000 3.67330e-18
3272.54580 3.72462e-18
3274.50195 2.58666e-18
3276.44775 2.56789e-18
3278.40390 3.13718e-18
3280.34970 2.65840e-18
3282.29550 2.76722e-18
3284.25165 2.98593e-18
3286.19745 2.96816e-18
3288.15360 2.61457e-18
3290.09940 2.48203e-18
3292.04520 2.68905e-18
3294.00135 3.22686e-18
3295.94715 2.91220e-18
3297.90330 3.32609e-18
3299.84910 3.63135e-18
3301.80525 2.45060e-18
3303.75105 2.53177e-18
3305.69685 3.27475e-18
3307.65300 3.05949e-18
3309.59880 2.36947e-18
3311.55495 2.60626e-18
3313.50075 3.59291e-18
3315.44655 3.88530e-18
3317.40270 3.45312e-18
3319.34850 2.83367e-18
3321.30465 2.58681e-18
3323.25045 2.62872e-18
3325.19625 3.08667e-18
3327.15240 3.24670e-18
3329.09820 2.29962e-18
3331.05435 2.26032e-18
3333.00015 3.01399e-18
3334.94595 3.17442e-18
3336.90210 3.22691e-18
3338.84790 3.20421e-18
3340.80405 2.87044e-18
3342.74985 2.76959e-18
3344.69565 3.06329e-18
3346.65180 3.19703e-18
3348.59760 3.13584e-18
3350.55375 2.66835e-18
3352.49955 2.44411e-18
3354.44535 3.06873e-18
3356.40150 3.43313e-18
3358.34730 3.47650e-18
3360.30345 3.18274e-18
3362.24925 2.86735e-18
3364.19505 2.94154e-18
3366.15120 3.45766e-18
3368.09700 3.66671e-18
3370.05315 3.79824e-18
3371.99895 4.19196e-18
3373.95510 4.45944e-18
3375.90090 3.81036e-18
3377.84670 3.58391e-18
3379.80285 4.41534e-18
3381.74865 3.78516e-18
3383.70480 3.13262e-18
3385.65060 3.32819e-18
3387.59640 3.43747e-18
3389.55255 3.59375e-18
3391.49835 3.51971e-18
3393.45450 3.20837e-18
3395.40030 3.09239e-18
3397.34610 3.48204e-18
3399.30225 3.75922e-18
3401.24805 3.67240e-18
3403.20420 3.53331e-18
3405.15000 3.41354e-18
3407.09580 3.41079e-18
3409.05195 3.50686e-18
3410.99775 3.78644e-18
3412.95390 3.70176e-18
3414.89970 3.22801e-18
3416.84550 3.42122e-18
3418.80165 3.62738e-18
3420.74745 3.72234e-18
3422.70360 3.94571e-18
3424.64940 3.99794e-18
3426.59520 3.94226e-18
3428.55135 3.84458e-18
3430.49715 4.21165e-18
3432.45330 4.50732e-18
3434.39910 4.15943e-18
3436.35525 4.12632e-18
3438.30105 3.71907e-18
3440.24685 3.22524e-18
3442.20300 3.58323e-18
3444.14880 3.92827e-18
3446.10495 3.90958e-18
3448.05075 3.18927e-18
3449.99655 3.52898e-18
3451.95270 3.98792e-18
3453.89850 3.62199e-18
3455.85465 3.49406e-18
3457.80045 3.50650e-18
3459.74625 4.10506e-18
3461.70240 4.25622e-18
3463.64820 3.43498e-18
3465.60435 3.21545e-18
3467.55015 3.94569e-18
3469.49595 4.39042e-18
3471.45210 3.97925e-18
3473.39790 3.75833e-18
3475.35405 3.62113e-18
3477.29985 3.38482e-18
3479.24565 3.11484e-18
3481.20180 3.33619e-18
3483.14760 3.33057e-18
3485.10375 3.29331e-18
3487.04955 3.39498e-18
3488.99535 3.31519e-18
3490.95150 3.59542e-18
3492.89730 3.56817e-18
3494.85345 3.63198e-18
3496.79925 3.90010e-18
3498.74505 3.97981e-18
3500.70120 3.73103e-18
3502.64700 3.69213e-18
3504.60315 3.82570e-18
3506.54895 3.49920e-18
3508.50510 3.84383e-18
3510.45090 4.54169e-18
3512.39670 4.21063e-18
3514.35285 4.18357e-18
3516.29865 4.42215e-18
3518.25480 4.16244e-18
3520.20060 3.83005e-18
3522.14640 3.59118e-18
3524.10255 3.64718e-18
3526.04835 3.82041e-18
3528.00450 4.08675e-18
3529.95030 4.31836e-18
3531.89610 4.30823e-18
3533.85225 3.71638e-18
3535.79805 3.36170e-18
3537.75420 4.25281e-18
3539.70000 4.58506e-18
3541.64580 4.16766e-18
3543.60195 4.41440e-18
3545.54775 3.99872e-18
3547.50390 4.12185e-18
3549.44970 4.67451e-18
3551.39550 4.26421e-18
3553.35165 4.22021e-18
3555.29745 4.19343e-18
3557.25360 3.95056e-18
3559.19940 3.99768e-18
3561.14520 3.96641e-18
3563.10135 4.00795e-18
3565.04715 4.06541e-18
3567.00330 3.94992e-18
3568.94910 4.31869e-18
3570.90525 4.48181e-18
3572.85105 4.32835e-18
3574.79685 4.45843e-18
3576.75300 4.27849e-18
3578.69880 3.68590e-18
3580.65495 3.51851e-18
3582.60075 4.02711e-18
3584.54655 4.16333e-18
3586.50270 3.94287e-18
3588.44850 3.90885e-18
3590.40465 3.79332e-18
3592.35045 3.74784e-18
3594.29625 3.91175e-18
3596.25240 4.05320e-18
3598.19820 3.97374e-18
3600.15435 4.00930e-18
3602.10015 4.18076e-18
3604.04595 4.12737e-18
3606.00210 3.98894e-18
3607.94790 3.99301e-18
3609.90405 3.98686e-18
3611.84985 3.80630e-18
3613.79565 4.00178e-18
3615.75180 4.22607e-18
3617.69760 4.24475e-18
3619.65375 4.16163e-18
3621.59955 3.92648e-18
3623.54535 1.95509e-18
3625.50150 1.20336e-19
3627.44730 -7.77130e-19
3629.40345 4.73123e-19
3631.34925 3.14407e-18
3633.30540 4.06946e-18
3635.25120 4.42298e-18
3637.19700 4.22096e-18
3639.15315 3.87815e-18
3641.09895 3.95873e-18
3643.05510 4.48683e-18
3645.00090 4.65430e-18
3646.94670 4.55659e-18
3648.90285 3.98741e-18
3650.84865 3.72709e-18
3652.80480 4.00594e-18
3654.75060 4.35401e-18
3656.69640 4.55204e-18
3658.65255 4.88553e-18
3660.59835 4.69020e-18
3662.55450 4.36082e-18
3664.50030 3.95508e-18
3666.44610 3.92482e-18
3668.40225 4.51775e-18
3670.34805 4.47780e-18
3672.30420 4.27148e-18
3674.25000 4.13728e-18
3676.19580 4.23396e-18
3678.15195 4.14551e-18
3680.09775 3.82078e-18
3682.05390 4.18095e-18
3683.99970 4.35575e-18
3685.94550 4.05703e-18
3687.90165 4.10028e-18
3689.84745 4.08350e-18
3691.80360 4.37448e-18
3693.74940 4.49114e-18
3695.69520 4.21068e-18
3697.65135 4.16246e-18
3699.59715 4.32634e-18
3701.55330 4.53583e-18
3703.49910 4.35980e-18
3705.45525 4.10958e-18
3707.40105 4.26102e-18
3709.34685 4.33407e-18
3711.30300 4.26458e-18
3713.24880 4.14979e-18
3715.20495 3.94168e-18
3717.15075 4.13606e-18
3719.09655 4.30776e-18
3721.05270 4.10460e-18
3722.99850 3.74783e-18
3724.95465 4.02001e-18
3726.90045 4.26732e-18
3728.84625 4.31005e-18
3730.80240 4.39262e-18
3732.74820 4.12776e-18
3734.70435 4.24279e-18
3736.65015 4.24367e-18
3738.59595 4.07435e-18
3740.55210 3.86115e-18
3742.49790 3.88201e-18
3744.45405 3.98067e-18
3746.39985 4.19676e-18
3748.34565 4.09397e-18
3750.30180 3.70400e-18
3752.24760 3.78194e-18
3754.20375 4.00773e-18
3756.14955 4.18897e-18
3758.09535 4.20890e-18
3760.05150 3.91917e-18
3761.99730 3.82067e-18
3763.95345 3.91515e-18
3765.89925 3.99104e-18
3767.85540 3.87612e-18
3769.80120 3.89092e-18
3771.74700 3.71120e-18
3773.70315 3.84523e-18
3775.64895 4.16202e-18
3777.60510 4.03353e-18
3779.55090 3.69602e-18
3781.49670 3.44095e-18
3783.45285 3.55392e-18
3785.39865 3.57183e-18
3787.35480 3.51088e-18
3789.30060 3.58315e-18
3791.24640 3.53511e-18
3793.20255 3.38903e-18
3795.14835 3.25384e-18
3797.10450 3.33018e-18
3799.05030 3.27315e-18
3800.99610 3.29005e-18
3802.95225 3.42927e-18
3804.89805 3.32137e-18
3806.85420 3.17127e-18
3808.80000 3.08708e-18
3810.74580 3.21713e-18
3812.70195 3.33712e-18
3814.64775 3.14336e-18
3816.60390 2.91893e-18
3818.54970 2.90828e-18
3820.49550 2.95023e-18
3822.45165 3.10326e-18
3824.39745 3.18344e-18
3826.35360 3.07443e-18
3828.29940 2.96786e-18
3830.24520 3.42546e-18
3832.20135 3.27186e-18
3834.14715 2.96789e-18
3836.10330 3.37722e-18
3838.04910 3.10300e-18
3840.00525 3.03352e-18
3841.95105 3.12089e-18
3843.89685 3.22850e-18
3845.85300 3.46634e-18
3847.79880 3.50946e-18
3849.75495 3.33911e-18
3851.70075 3.29758e-18
3853.64655 3.28522e-18
3855.60270 3.17486e-18
3857.54850 3.52623e-18
3859.50465 3.42619e-18
3861.45045 3.58248e-18
3863.39625 3.60937e-18
3865.35240 3.21875e-18
3867.29820 3.20487e-18
3869.25435 3.29252e-18
3871.20015 3.39050e-18
3873.14595 3.66879e-18
3875.10210 3.70350e-18
3877.04790 3.50837e-18
3879.00405 3.63899e-18
3880.94985 3.46925e-18
3882.89565 3.52934e-18
3884.85180 3.72814e-18
3886.79760 3.86905e-18
3888.75375 3.85739e-18
3890.69955 3.89290e-18
3892.64535 3.82095e-18
3894.60150 4.00119e-18
3896.54730 4.23628e-18
3898.50345 4.16996e-18
3900.44925 3.87018e-18
3902.39505 3.91759e-18
3904.35120 4.11176e-18
3906.29700 4.26453e-18
3908.25315 3.97970e-18
3910.19895 4.10805e-18
3912.14475 4.10117e-18
3914.10090 4.12932e-18
3916.04670 4.24874e-18
3918.00285 4.33168e-18
3919.94865 4.41308e-18
3921.90480 4.43849e-18
3923.85060 4.59846e-18
3925.79640 4.47670e-18
3927.75255 4.21361e-18
3929.69835 4.38995e-18
3931.65450 4.49341e-18
3933.60030 4.46445e-18
3935.54610 4.51233e-18
3937.50225 4.42615e-18
3939.44805 4.67972e-18
3941.40420 4.96473e-18
3943.35000 4.88138e-18
3945.29580 4.80385e-18
3947.25195 4.99083e-18
3949.19775 5.07162e-18
3951.15390 5.06262e-18
3953.09970 5.50436e-18
3955.04550 5.58323e-18
3957.00165 5.44641e-18
3958.94745 5.61313e-18
3960.90360 5.60449e-18
3962.84940 5.40866e-18
3964.79520 5.31101e-18
3966.75135 5.24074e-18
3968.69715 5.24231e-18
3970.65330 5.38907e-18
3972.59910 5.84882e-18
3974.55525 5.92046e-18
3976.50105 5.86103e-18
3978.44685 5.95599e-18
3980.40300 5.85307e-18
3982.34880 5.72835e-18
3984.30495 5.97778e-18
3986.25075 6.19444e-18
3988.19655 6.20796e-18
3990.15270 6.05046e-18
3992.09850 5.98733e-18
3994.05465 6.01056e-18
3996.00045 6.12186e-18
3997.94625 6.26483e-18
3999.90240 6.07823e-18
4001.84820 5.76451e-18
4003.80435 5.87656e-18
4005.75015 6.11047e-18
4007.69595 6.02295e-18
4009.65210 6.32223e-18
4011.59790 6.18087e-18
4013.55405 5.95944e-18
4015.49985 6.13391e-18
4017.44565 6.34221e-18
4019.40180 6.83666e-18
4021.34760 6.76705e-18
4023.30375 6.39121e-18
4025.24955 6.57748e-18
4027.19535 6.38813e-18
4029.15150 6.39213e-18
4031.09730 6.88542e-18
4033.05345 6.93184e-18
4034.99925 6.84491e-18
4036.94505 6.97809e-18
4038.90120 6.80559e-18
4040.84700 6.72969e-18
4042.80315 7.02305e-18
4044.74895 7.14765e-18
4046.70510 7.18937e-18
4048.65090 7.67772e-18
4050.59670 7.85231e-18
4052.55285 7.42250e-18
4054.49865 7.48099e-18
4056.45480 7.57289e-18
4058.40060 7.39069e-18
4060.34640 7.35714e-18
4062.30255 7.42785e-18
4064.24835 7.55651e-18
4066.20450 7.58416e-18
4068.15030 7.55200e-18
4070.09610 7.57143e-18
4072.05225 7.47601e-18
4073.99805 8.08079e-18
4075.95420 7.92727e-18
4077.90000 7.95070e-18
4079.84580 7.96502e-18
4081.80195 7.81722e-18
4083.74775 7.96626e-18
4085.70390 8.03778e-18
4087.64970 7.77093e-18
4089.59550 7.95869e-18
4091.55165 7.87591e-18
4093.49745 7.86632e-18
4095.45360 7.92070e-18
4097.39940 8.14732e-18
4099.34520 7.86337e-18
4101.30135 7.66880e-18
4103.24715 7.87707e-18
4105.20330 8.05424e-18
4107.14910 8.04301e-18
4109.10525 8.17522e-18
4111.05105 8.09017e-18
4112.99685 7.81198e-18
4114.95300 8.12185e-18
4116.89880 7.95330e-18
4118.85495 8.06631e-18
4120.80075 8.12736e-18
4122.74655 8.33691e-18
4124.70270 8.12768e-18
4126.64850 7.90194e-18
4128.60465 8.06806e-18
4130.55045 7.98796e-18
4132.49625 7.89064e-18
4134.45240 7.68357e-18
4136.39820 7.91754e-18
4138.35435 8.31052e-18
4140.30015 8.12720e-18
4142.24595 8.32611e-18
4144.20210 8.25168e-18
4146.14790 8.16960e-18
4148.10405 8.30078e-18
4150.04985 8.43204e-18
4151.99565 8.44334e-18
4153.95180 8.51634e-18
4155.89760 8.59535e-18
4157.85375 8.71337e-18
4159.79955 8.33987e-18
4161.74535 8.51052e-18
4163.70150 8.68833e-18
4165.64730 8.48120e-18
4167.60345 8.40427e-18
4169.54925 8.86277e-18
4171.49505 8.93530e-18
4173.45120 8.48235e-18
4175.39700 8.35200e-18
4177.35315 8.41102e-18
4179.29895 8.82682e-18
4181.25510 8.40561e-18
4183.20090 8.39213e-18
4185.14670 8.96074e-18
4187.10285 8.81215e-18
4189.04865 8.36592e-18
4191.00480 8.56491e-18
4192.95060 8.57374e-18
4194.89640 8.71611e-18
4196.85255 8.51169e-18
4198.79835 8.31398e-18
4200.75450 8.41437e-18
4202.70030 8.50731e-18
4204.64610 8.37035e-18
4206.60225 8.51574e-18
4208.54805 8.16716e-18
4210.50420 8.09672e-18
4212.45000 8.36178e-18
4214.39580 8.22765e-18
4216.35195 8.20737e-18
4218.29775 8.15070e-18
4220.25390 8.07329e-18
4222.19970 8.37447e-18
4224.14550 8.68337e-18
4226.10165 8.30002e-18
4228.04745 8.30737e-18
4230.00360 8.10106e-18
4231.94940 7.89677e-18
4233.89520 8.13330e-18
4235.85135 8.21947e-18
4237.79715 8.26807e-18
4239.75330 7.98190e-18
4241.69910 7.83592e-18
4243.65525 7.96547e-18
4245.60105 8.34462e-18
4247.54685 8.22859e-18
4249.50300 8.02843e-18
4251.44880 8.01925e-18
4253.40495 8.10509e-18
4255.35075 8.06386e-18
4257.29655 7.84458e-18
4259.25270 7.69473e-18
4261.19850 7.67603e-18
4263.15465 7.86079e-18
4265.10045 7.90049e-18
4267.04625 7.55432e-18
4269.00240 7.76563e-18
4270.94820 7.87158e-18
4272.90435 7.44972e-18
4274.85015 7.77762e-18
4276.79595 8.14830e-18
4278.75210 8.01929e-18
4280.69790 7.80729e-18
4282.65405 7.66266e-18
4284.59985 7.56602e-18
4286.54565 7.40667e-18
4288.50180 7.78864e-18
4290.44760 8.01824e-18
4292.40375 8.17318e-18
4294.34955 8.00218e-18
4296.29535 7.75708e-18
4298.25150 8.01959e-18
4300.19730 7.49783e-18
4302.15345 7.61417e-18
4304.09925 7.63500e-18
4306.04505 7.69259e-18
4308.00120 7.61854e-18
4309.94700 7.79070e-18
4311.90315 7.95647e-18
4313.84895 7.96154e-18
4315.79475 7.99839e-18
4317.75090 7.75443e-18
4319.69670 7.97286e-18
4321.65285 8.16218e-18
4323.59865 8.00305e-18
4325.55480 7.88457e-18
4327.50060 7.73567e-18
4329.44640 8.07084e-18
4331.40255 8.08056e-18
4333.34835 8.04336e-18
4335.30450 8.11368e-18
4337.25030 8.28460e-18
4339.19610 7.76235e-18
4341.15225 7.71322e-18
4343.09805 7.63376e-18
4345.05420 7.72308e-18
4347.00000 7.81564e-18
4348.94580 7.77295e-18
4350.90195 7.64918e-18
4352.84775 7.54798e-18
4354.80390 7.49048e-18
4356.74970 7.86684e-18
4358.69550 8.00458e-18
4360.65165 7.20736e-18
4362.59745 7.11159e-18
4364.55360 7.61046e-18
4366.49940 7.18063e-18
4368.45555 7.24905e-18
4370.40135 7.38468e-18
4372.34715 7.70076e-18
4374.30330 7.40955e-18
4376.24910 7.61180e-18
4378.20525 7.01912e-18
4380.15105 7.16306e-18
4382.09685 7.39509e-18
4384.05300 7.42567e-18
4385.99880 7.25921e-18
4387.95495 7.09000e-18
4389.90075 7.18587e-18
4391.84655 7.35551e-18
4393.80270 6.97872e-18
4395.74850 7.21269e-18
4397.70465 7.40305e-18
4399.65045 6.96542e-18
4401.59625 7.14705e-18
4403.55240 7.04875e-18
4405.49820 7.17690e-18
4407.45435 7.20741e-18
4409.40015 6.86701e-18
4411.34595 6.89976e-18
4413.30210 6.98298e-18
4415.24790 6.83598e-18
4417.20405 6.74014e-18
4419.14985 6.78175e-18
4421.09565 6.66998e-18
4423.05180 6.89248e-18
4424.99760 6.71045e-18
4426.95375 7.01067e-18
4428.89955 6.81449e-18
4430.84535 6.89274e-18
4432.80150 6.91950e-18
4434.74730 6.91615e-18
4436.70345 6.83013e-18
4438.64925 6.93796e-18
4440.60540 7.01777e-18
4442.55120 6.93744e-18
4444.49700 7.10896e-18
4446.45315 7.17172e-18
4448.39895 6.96984e-18
4450.35510 7.15946e-18
4452.30090 7.10234e-18
4454.24670 6.82578e-18
4456.20285 7.30713e-18
4458.14865 7.46826e-18
4460.10480 7.39190e-18
4462.05060 7.55651e-18
4463.99640 7.64653e-18
4465.95255 7.40103e-18
4467.89835 7.52792e-18
4469.85450 7.56932e-18
4471.80030 7.59581e-18
4473.74610 7.58177e-18
4475.70225 7.53210e-18
4477.64805 7.59742e-18
4479.60420 7.52095e-18
4481.55000 7.41910e-18
4483.49580 7.38006e-18
4485.45195 7.81134e-18
4487.39775 7.95058e-18
4489.35390 7.86774e-18
4491.29970 8.16633e-18
4493.24550 8.28058e-18
4495.20165 8.04133e-18
4497.14745 7.93720e-18
4499.10360 8.30190e-18
4501.04940 8.17350e-18
4502.99520 8.23229e-18
4504.95135 8.22961e-18
4506.89715 7.79912e-18
4508.85330 8.10637e-18
4510.79910 8.39104e-18
4512.75525 8.18533e-18
4514.70105 8.20460e-18
4516.64685 8.43450e-18
4518.60300 8.54893e-18
4520.54880 8.48253e-18
4522.50495 8.55282e-18
4524.45075 8.52729e-18
4526.39655 8.37347e-18
4528.35270 8.89476e-18
4530.29850 9.12511e-18
4532.25465 8.62383e-18
4534.20045 8.96178e-18
4536.14625 9.09469e-18
4538.10240 9.23657e-18
4540.04820 9.11273e-18
4542.00435 9.25921e-18
4543.95015 9.21442e-18
4545.89595 9.33158e-18
4547.85210 9.25750e-18
4549.79790 9.37907e-18
4551.75405 9.21504e-18
4553.69985 9.34111e-18
4555.64565 9.15427e-18
4557.60180 9.48675e-18
4559.54760 9.90333e-18
4561.50375 9.86945e-18
4563.44955 9.94797e-18
4565.39535 9.62845e-18
4567.35150 9.70121e-18
4569.29730 9.95436e-18
4571.25345 9.98669e-18
4573.19925 9.98580e-18
4575.15540 9.86357e-18
4577.10120 1.01608e-17
4579.04700 1.00513e-17
4581.00315 9.92848e-18
4582.94895 9.94832e-18
4584.89475 9.98398e-18
4586.85090 1.02817e-17
4588.79670 1.06188e-17
4590.75285 1.03548e-17
4592.69865 1.05342e-17
4594.65480 1.04322e-17
4596.60060 1.01791e-17
4598.54640 1.03141e-17
4600.50255 1.03371e-17
4602.44835 1.06368e-17
4604.40450 1.05176e-17
4606.35030 1.02776e-17
4608.29610 1.04496e-17
4610.25225 1.07043e-17
4612.19805 1.05728e-17
4614.15420 1.05978e-17
4616.10000 1.06690e-17
4618.04580 1.06180e-17
4620.00195 1.06025e-17
4621.94775 1.03890e-17
4623.90390 9.99900e-18
4625.84970 1.08127e-17
4627.79550 1.08599e-17
4629.75165 1.08275e-17
4631.69745 1.11093e-17
4633.65360 1.09429e-17
4635.59940 1.09674e-17
4637.54520 1.11758e-17
4639.50135 1.08879e-17
4641.44715 1.10929e-17
4643.40330 1.12482e-17
4645.34910 1.12158e-17
4647.30525 1.09276e-17
4649.25105 1.12410e-17
4651.19685 1.12613e-17
4653.15300 1.12181e-17
4655.09880 1.10111e-17
4657.04460 1.12655e-17
4659.00075 1.17901e-17
4660.94655 1.14108e-17
4662.90270 1.15271e-17
4664.84850 1.14608e-17
4666.80465 1.13717e-17
4668.75045 1.15420e-17
4670.69625 1.17344e-17
4672.65240 1.14477e-17
4674.59820 1.12873e-17
4676.55435 1.16176e-17
4678.50015 1.15969e-17
4680.44595 1.13160e-17
4682.40210 1.13973e-17
4684.34790 1.15775e-17
4686.30405 1.11452e-17
4688.24985 1.14203e-17
4690.19565 1.19247e-17
4692.15180 1.14637e-17
4694.09760 1.12070e-17
4696.05375 1.15776e-17
4697.99955 1.17412e-17
4699.94535 1.17078e-17
4701.90150 1.14790e-17
4703.84730 1.10058e-17
4705.80345 1.09916e-17
4707.74925 1.14703e-17
4709.70540 1.16880e-17
4711.65120 1.16042e-17
4713.59700 1.13100e-17
4715.55315 1.13627e-17
4717.49895 1.14542e-17
4719.45510 1.16295e-17
4721.40090 1.13750e-17
4723.34670 1.10887e-17
4725.30285 1.11968e-17
4727.24865 1.14618e-17
4729.20480 1.14455e-17
4731.15060 1.11279e-17
4733.09640 1.13270e-17
4735.05255 1.14164e-17
4736.99835 1.13305e-17
4738.95450 1.10658e-17
4740.90030 1.08349e-17
4742.84610 1.13211e-17
4744.80225 1.13546e-17
4746.74805 1.09347e-17
4748.70420 1.09613e-17
4750.65000 1.13171e-17
4752.59580 1.13465e-17
4754.55195 1.12861e-17
4756.49775 1.11212e-17
4758.45390 1.09492e-17
4760.39970 1.10798e-17
4762.34550 1.08530e-17
4764.30165 1.08855e-17
4766.24745 1.11416e-17
4768.20360 1.12105e-17
4770.14940 1.13204e-17
4772.10555 1.11522e-17
4774.05135 1.11500e-17
4775.99715 1.12623e-17
4777.95330 1.11059e-17
4779.89910 1.08261e-17
4781.85525 1.09633e-17
4783.80105 1.13267e-17
4785.74685 1.14776e-17
4787.70300 1.11131e-17
4789.64880 1.09376e-17
4791.60495 1.11685e-17
4793.55075 1.10912e-17
4795.49655 1.12825e-17
4797.45270 1.14963e-17
4799.39850 1.10511e-17
4801.35465 1.07504e-17
4803.30045 1.08824e-17
4805.24625 1.08590e-17
4807.20240 1.09837e-17
4809.14820 1.12024e-17
4811.10435 1.10041e-17
4813.05015 1.09732e-17
4814.99595 1.08631e-17
4816.95210 1.09250e-17
4818.89790 1.11378e-17
4820.85405 1.12653e-17
4822.79985 1.10499e-17
4824.74565 1.06977e-17
4826.70180 1.06246e-17
4828.64760 1.09536e-17
4830.60375 1.08230e-17
4832.54955 1.06990e-17
4834.49535 1.07284e-17
4836.45150 1.10624e-17
4838.39730 1.11937e-17
4840.35345 1.10725e-17
4842.29925 1.09633e-17
4844.25540 1.06368e-17
4846.20120 1.06317e-17
4848.14700 1.08975e-17
4850.10315 1.08122e-17
4852.04895 1.07551e-17
4853.99475 1.09316e-17
4855.95090 1.08788e-17
4857.89670 1.06443e-17
4859.85285 1.04899e-17
4861.79865 1.07962e-17
4863.75480 1.05856e-17
4865.70060 1.06427e-17
4867.64640 1.06643e-17
4869.60255 1.04662e-17
4871.54835 1.05708e-17
4873.50450 1.02135e-17
4875.45030 1.02450e-17
4877.39610 9.95597e-18
4879.35225 9.93800e-18
4881.29805 1.00518e-17
4883.25420 1.00554e-17
4885.20000 9.89491e-18
4887.14580 9.50070e-18
4889.10195 9.59632e-18
4891.04775 9.68393e-18
4893.00390 9.79225e-18
4894.94970 9.70681e-18
4896.89550 9.55654e-18
4898.85165 9.53885e-18
4900.79745 9.24787e-18
4902.75360 9.23438e-18
4904.69940 9.03482e-18
4906.64520 8.97604e-18
4908.60135 8.93492e-18
4910.54715 9.20889e-18
4912.50330 9.26066e-18
4914.44910 9.20972e-18
4916.40525 8.95118e-18
4918.35105 8.75584e-18
4920.29685 8.88688e-18
4922.25300 9.00248e-18
4924.19880 9.09372e-18
4926.15495 8.79184e-18
4928.10075 8.70067e-18
4930.04655 8.63512e-18
4932.00270 8.81530e-18
4933.94850 8.77026e-18
4935.90465 8.66052e-18
4937.85045 8.56508e-18
4939.79625 8.58253e-18
4941.75240 8.47159e-18
4943.69820 8.49616e-18
4945.65435 8.45575e-18
4947.60015 8.29002e-18
4949.54595 8.29811e-18
4951.50210 8.25426e-18
4953.44790 8.15976e-18
4955.40405 8.12988e-18
4957.34985 8.35354e-18
4959.29565 8.18183e-18
4961.25180 8.21358e-18
4963.19760 8.31168e-18
4965.15375 8.14732e-18
4967.09955 8.00451e-18
4969.04535 8.19594e-18
4971.00150 8.17754e-18
4972.94730 8.17598e-18
4974.90345 8.29601e-18
4976.84925 8.24025e-18
4978.79505 8.38880e-18
4980.75120 8.36731e-18
4982.69700 8.25987e-18
4984.65315 8.29829e-18
4986.59895 8.33398e-18
4988.54475 8.47352e-18
4990.50090 8.57846e-18
4992.44670 8.72936e-18
4994.40285 8.84330e-18
4996.34865 9.05728e-18
4998.30480 9.39133e-18
5000.25060 9.51679e-18
5002.19640 9.30205e-18
5004.15255 9.20290e-18
5006.09835 9.38299e-18
5008.05450 9.49479e-18
5010.00030 9.81527e-18
5011.94610 9.99354e-18
5013.90225 1.00461e-17
5015.84805 1.03318e-17
5017.80420 1.05383e-17
5019.75000 1.06533e-17
5021.69580 1.06448e-17
5023.65195 1.07729e-17
5025.59775 1.08678e-17
5027.55390 1.11456e-17
5029.49970 1.14074e-17
5031.44550 1.13631e-17
5033.40165 1.15857e-17
5035.34745 1.16840e-17
5037.30360 1.14648e-17
5039.24940 1.14734e-17
5041.20555 1.15460e-17
5043.15135 1.14297e-17
5045.09715 1.15770e-17
5047.05330 1.16776e-17
5048.99910 1.16716e-17
5050.95525 1.20568e-17
5052.90105 1.23821e-17
5054.84685 1.22245e-17
5056.80300 1.22262e-17
5058.74880 1.23338e-17
5060.70495 1.23872e-17
5062.65075 1.26919e-17
5064.59655 1.28067e-17
5066.55270 1.25898e-17
5068.49850 1.27858e-17
5070.45465 1.28877e-17
5072.40045 1.26611e-17
5074.34625 1.27690e-17
5076.30240 1.28069e-17
5078.24820 1.28339e-17
5080.20435 1.32397e-17
5082.15015 1.33077e-17
5084.09595 1.27196e-17
5086.05210 1.28142e-17
5087.99790 1.29582e-17
5089.95405 1.30449e-17
5091.89985 1.30887e-17
5093.84565 1.30532e-17
5095.80180 1.30262e-17
5097.74760 1.28760e-17
5099.70375 1.27940e-17
5101.64955 1.27576e-17
5103.59535 1.29871e-17
5105.55150 1.31536e-17
5107.49730 1.28958e-17
5109.45345 1.29792e-17
5111.39925 1.30638e-17
5113.35540 1.27911e-17
5115.30120 1.26969e-17
5117.24700 1.26779e-17
5119.20315 1.28106e-17
5121.14895 1.25597e-17
5123.10510 1.24238e-17
5125.05090 1.26025e-17
5126.99670 1.24719e-17
5128.95285 1.24369e-17
5130.89865 1.23684e-17
5132.85480 1.20497e-17
5134.80060 1.18175e-17
5136.74640 1.17080e-17
5138.70255 1.16924e-17
5140.64835 1.17844e-17
5142.60450 1.19547e-17
5144.55030 1.18167e-17
5146.49610 1.19235e-17
5148.45225 1.19562e-17
5150.39805 1.16520e-17
5152.35420 1.15902e-17
5154.30000 1.19115e-17
5156.24580 1.18263e-17
5158.20195 1.16954e-17
5160.14775 1.17519e-17
5162.10390 1.18335e-17
5164.04970 1.18946e-17
5165.99550 1.22576e-17
5167.95165 1.20083e-17
5169.89745 1.18120e-17
5171.85360 1.19059e-17
5173.79940 1.22276e-17
5175.74520 1.20612e-17
5177.70135 1.17957e-17
5179.64715 1.18306e-17
5181.60330 1.16015e-17
5183.54910 1.17937e-17
5185.50525 1.19959e-17
5187.45105 1.19817e-17
5189.39685 1.21220e-17
5191.35300 1.21636e-17
5193.29880 1.20410e-17
5195.25495 1.21330e-17
5197.20075 1.21048e-17
5199.14655 1.20961e-17
5201.10270 1.19981e-17
5203.04850 1.20064e-17
5205.00465 1.21930e-17
5206.95045 1.20603e-17
5208.89625 1.19046e-17
5210.85240 1.21395e-17
5212.79820 1.22806e-17
5214.75435 1.21358e-17
5216.70015 1.20648e-17
5218.64595 1.22611e-17
5220.60210 1.24236e-17
5222.54790 1.22473e-17
5224.50405 1.21766e-17
5226.44985 1.23262e-17
5228.39565 1.22430e-17
5230.35180 1.20639e-17
5232.29760 1.19259e-17
5234.25375 1.18768e-17
5236.19955 1.18647e-17
5238.14535 1.21106e-17
5240.10150 1.22922e-17
5242.04730 1.20144e-17
5244.00345 1.19860e-17
5245.94925 1.21170e-17
5247.90540 1.21211e-17
5249.85120 1.22107e-17
5251.79700 1.23444e-17
5253.75315 1.22426e-17
5255.69895 1.17456e-17
5257.64475 1.20554e-17
5259.60090 1.25120e-17
5261.54670 1.20016e-17
5263.50285 1.17868e-17
5265.44865 1.19147e-17
5267.40480 1.17784e-17
5269.35060 1.18141e-17
5271.29640 1.21119e-17
5273.25255 1.21628e-17
5275.19835 1.19816e-17
5277.15450 1.18980e-17
5279.10030 1.18324e-17
5281.04610 1.17096e-17
5283.00225 1.18202e-17
5284.94805 1.19385e-17
5286.90420 1.21502e-17
5288.85000 1.20114e-17
5290.79580 1.18509e-17
5292.75195 1.19897e-17
5294.69775 1.19254e-17
5296.65390 1.17848e-17
5298.59970 1.17923e-17
5300.54550 1.17983e-17
5302.50165 1.18410e-17
5304.44745 1.18810e-17
5306.40360 1.18390e-17
5308.34940 1.19977e-17
5310.29520 1.20116e-17
5312.25135 1.18693e-17
5314.19715 1.18954e-17
5316.15330 1.19691e-17
5318.09910 1.21721e-17
5320.05525 1.22845e-17
5322.00105 1.20559e-17
5323.94685 1.18885e-17
5325.90300 1.22425e-17
5327.84880 1.23841e-17
5329.80495 1.21354e-17
5331.75075 1.23064e-17
5333.69655 1.24205e-17
5335.65270 1.22006e-17
5337.59850 1.19799e-17
5339.55465 1.21630e-17
5341.50045 1.25051e-17
5343.44625 1.27345e-17
5345.40240 1.28665e-17
5347.34820 1.26849e-17
5349.30435 1.24595e-17
5351.25015 1.26677e-17
5353.19595 1.26818e-17
5355.15210 1.26644e-17
5357.09790 1.31177e-17
5359.05405 1.30621e-17
5360.99985 1.28673e-17
5362.94565 1.28078e-17
5364.90180 1.26684e-17
5366.84760 1.27780e-17
5368.80375 1.31444e-17
5370.74955 1.33267e-17
5372.69535 1.31570e-17
5374.65150 1.31547e-17
5376.59730 1.31773e-17
5378.55345 1.30812e-17
5380.49925 1.30113e-17
5382.45540 1.29679e-17
5384.40120 1.30220e-17
5386.34700 1.32635e-17
5388.30315 1.33498e-17
5390.24895 1.32688e-17
5392.20510 1.31922e-17
5394.15090 1.31845e-17
5396.09670 1.34144e-17
5398.05285 1.35478e-17
5399.99865 1.37050e-17
5401.95480 1.37489e-17
5403.90060 1.33047e-17
5405.84640 1.32760e-17
5407.80255 1.35539e-17
5409.74835 1.35986e-17
5411.70450 1.36852e-17
5413.65030 1.36962e-17
5415.59610 1.38804e-17
5417.55225 1.42179e-17
5419.49805 1.40678e-17
5421.45420 1.38829e-17
5423.40000 1.41134e-17
5425.34580 1.41605e-17
5427.30195 1.41852e-17
5429.24775 1.43189e-17
5431.20390 1.40873e-17
5433.14970 1.41360e-17
5435.09550 1.44716e-17
5437.05165 1.43329e-17
5438.99745 1.41325e-17
5440.95360 1.41839e-17
5442.89940 1.43801e-17
5444.85555 1.45101e-17
5446.80135 1.43609e-17
5448.74715 1.41475e-17
5450.70330 1.42086e-17
5452.64910 1.43301e-17
5454.60525 1.43007e-17
5456.55105 1.42637e-17
5458.49685 1.41802e-17
5460.45300 1.40236e-17
5462.39880 1.41762e-17
5464.35495 1.42149e-17
5466.30075 1.42020e-17
5468.24655 1.44083e-17
5470.20270 1.47039e-17
5472.14850 1.48331e-17
5474.10465 1.46191e-17
5476.05045 1.43994e-17
5477.99625 1.46049e-17
5479.95240 1.46305e-17
5481.89820 1.45265e-17
5483.85435 1.48653e-17
5485.80015 1.44987e-17
5487.74595 1.43538e-17
5489.70210 1.48842e-17
5491.64790 1.50229e-17
5493.60405 1.51165e-17
5495.54985 1.53483e-17
5497.49565 1.51808e-17
5499.45180 1.46982e-17
5501.39760 1.45955e-17
5503.35375 1.47758e-17
5505.29955 1.51253e-17
5507.24535 1.52679e-17
5509.20150 1.51133e-17
5511.14730 1.54162e-17
5513.10345 1.56447e-17
5515.04925 1.55682e-17
5517.00540 1.56044e-17
5518.95120 1.55675e-17
5520.89700 1.54553e-17
5522.85315 1.57313e-17
5524.79895 1.60626e-17
5526.75510 1.58414e-17
5528.70090 1.59833e-17
5530.64670 1.62825e-17
5532.60285 1.61361e-17
5534.54865 1.60003e-17
5536.50480 1.62862e-17
5538.45060 1.63025e-17
5540.39640 1.61909e-17
5542.35255 1.63835e-17
5544.29835 1.65586e-17
5546.25450 1.66419e-17
5548.20030 1.67511e-17
5550.14610 1.67082e-17
5552.10225 1.68647e-17
5554.04805 1.73235e-17
5556.00420 1.75299e-17
5557.95000 1.76776e-17
5559.89580 1.76831e-17
5561.85195 1.76082e-17
5563.79775 1.78247e-17
5565.75390 1.78233e-17
5567.69970 1.76009e-17
5569.64550 1.77936e-17
5571.60165 1.72728e-17
5573.54745 1.77786e-17
5575.50360 1.92038e-17
5577.44940 1.91928e-17
5579.39520 1.78167e-17
5581.35135 1.73416e-17
5583.29715 1.80231e-17
5585.25330 1.82566e-17
5587.19910 1.82937e-17
5589.15525 1.84027e-17
5591.10105 1.84521e-17
5593.04685 1.84818e-17
5595.00300 1.84723e-17
5596.94880 1.86608e-17
5598.90495 1.84717e-17
5600.85075 1.84358e-17
5602.79655 1.87591e-17
5604.75270 1.87172e-17
5606.69850 1.84162e-17
5608.65465 1.85250e-17
5610.60045 1.86965e-17
5612.54625 1.85710e-17
5614.50240 1.84630e-17
5616.44820 1.83826e-17
5618.40435 1.82351e-17
5620.35015 1.82850e-17
5622.29595 1.84187e-17
5624.25210 1.81277e-17
5626.19790 1.79213e-17
5628.15405 1.80349e-17
5630.09985 1.79003e-17
5632.04565 1.79020e-17
5634.00180 1.75251e-17
5635.94760 1.72559e-17
5637.90375 1.74675e-17
5639.84955 1.77461e-17
5641.79535 1.77315e-17
5643.75150 1.74669e-17
5645.69730 1.74536e-17
5647.65345 1.75434e-17
5649.59925 1.73979e-17
5651.54505 1.70544e-17
5653.50120 1.70142e-17
5655.44700 1.66225e-17
5657.40315 1.67621e-17
5659.34895 1.67801e-17
5661.29475 1.67491e-17
5663.25090 1.65563e-17
5665.19670 1.67168e-17
5667.15285 1.69524e-17
5669.09865 1.67342e-17
5671.05480 1.63874e-17
5673.00060 1.65592e-17
5674.94640 1.67182e-17
5676.90255 1.66482e-17
5678.84835 1.63552e-17
5680.80450 1.66910e-17
5682.75030 1.70795e-17
5684.69610 1.66946e-17
5686.65225 1.65892e-17
5688.59805 1.69976e-17
5690.55420 1.68171e-17
5692.50000 1.64546e-17
5694.44580 1.66648e-17
5696.40195 1.66396e-17
5698.34775 1.64927e-17
5700.30390 1.66911e-17
5702.24970 1.67020e-17
5704.19550 1.68220e-17
5706.15165 1.68143e-17
5708.09745 1.70051e-17
5710.05360 1.70140e-17
5711.99940 1.71340e-17
5713.95555 1.67948e-17
5715.90135 1.70823e-17
5717.84715 1.73686e-17
5719.80330 1.69274e-17
5721.74910 1.66634e-17
5723.70525 1.64305e-17
5725.65105 1.67468e-17
5727.59685 1.71735e-17
5729.55300 1.69950e-17
5731.49880 1.67709e-17
5733.45495 1.63754e-17
5735.40075 1.62573e-17
5737.34655 1.60997e-17
5739.30270 1.62373e-17
5741.24850 1.62446e-17
5743.20465 1.63028e-17
5745.15045 1.60452e-17
5747.09625 1.57395e-17
5749.05240 1.56919e-17
5750.99820 1.54113e-17
5752.95435 1.53989e-17
5754.90015 1.54353e-17
5756.84595 1.56709e-17
5758.80210 1.55895e-17
5760.74790 1.50734e-17
5762.70405 1.47841e-17
5764.64985 1.44938e-17
5766.59565 1.45695e-17
5768.55180 1.45357e-17
5770.49760 1.47160e-17
5772.45375 1.42035e-17
5774.39955 1.39310e-17
5776.34535 1.36946e-17
5778.30150 1.35813e-17
5780.24730 1.36460e-17
5782.20345 1.36038e-17
5784.14925 1.34601e-17
5786.10540 1.31707e-17
5788.05120 1.30158e-17
5789.99700 1.31608e-17
5791.95315 1.31510e-17
5793.89895 1.29796e-17
5795.85510 1.26847e-17
5797.80090 1.26355e-17
5799.74670 1.30130e-17
5801.70285 1.28945e-17
5803.64865 1.27892e-17
5805.60480 1.29475e-17
5807.55060 1.28933e-17
5809.49640 1.26848e-17
5811.45255 1.26509e-17
5813.39835 1.28814e-17
5815.35450 1.33099e-17
5817.30030 1.32947e-17
5819.24610 1.32113e-17
5821.20225 1.30447e-17
5823.14805 1.32223e-17
5825.10420 1.32391e-17
5827.05000 1.32876e-17
5828.99580 1.36660e-17
5830.95195 1.37583e-17
5832.89775 1.38160e-17
5834.85390 1.34017e-17
5836.79970 1.35518e-17
5838.74550 1.38884e-17
5840.70165 1.39625e-17
5842.64745 1.41011e-17
5844.60360 1.40049e-17
5846.54940 1.42543e-17
5848.49520 1.46743e-17
5850.45135 1.48174e-17
5852.39715 1.47914e-17
5854.35330 1.49009e-17
5856.29910 1.49664e-17
5858.25525 1.49072e-17
5860.20105 1.53551e-17
5862.14685 1.52213e-17
5864.10300 1.50347e-17
5866.04880 1.51678e-17
5868.00495 1.54426e-17
5869.95075 1.53654e-17
5871.89655 1.53172e-17
5873.85270 1.57105e-17
5875.79850 1.59777e-17
5877.75465 1.56398e-17
5879.70045 1.58499e-17
5881.64625 1.59407e-17
5883.60240 1.56988e-17
5885.54820 1.54206e-17
5887.50435 1.55905e-17
5889.45015 1.58006e-17
5891.39595 1.59784e-17
5893.35210 1.60864e-17
5895.29790 1.66766e-17
5897.25405 1.68376e-17
5899.19985 1.68646e-17
5901.14565 1.71934e-17
5903.10180 1.70907e-17
5905.04760 1.67923e-17
5907.00375 1.68096e-17
5908.94955 1.70199e-17
5910.89535 1.70327e-17
5912.85150 1.69128e-17
5914.79730 1.72579e-17
5916.75345 1.73612e-17
5918.69925 1.73666e-17
5920.65540 1.73408e-17
5922.60120 1.72391e-17
5924.54700 1.75727e-17
5926.50315 1.76707e-17
5928.44895 1.73323e-17
5930.39475 1.75053e-17
5932.35090 1.78700e-17
5934.29670 1.79511e-17
5936.25285 1.79712e-17
5938.19865 1.77766e-17
5940.15480 1.79480e-17
5942.10060 1.82009e-17
5944.04640 1.81697e-17
5946.00255 1.80630e-17
5947.94835 1.81195e-17
5949.90450 1.83039e-17
5951.85030 1.84389e-17
5953.79610 1.83027e-17
5955.75225 1.84502e-17
5957.69805 1.83210e-17
5959.65420 1.85404e-17
5961.60000 1.84950e-17
5963.54580 1.80540e-17
5965.50195 1.78366e-17
5967.44775 1.79801e-17
5969.40390 1.81909e-17
5971.34970 1.81969e-17
5973.29550 1.86320e-17
5975.25165 1.83101e-17
5977.19745 1.80341e-17
5979.15360 1.83991e-17
5981.09940 1.80613e-17
5983.04520 1.81166e-17
5985.00135 1.82077e-17
5986.94715 1.83080e-17
5988.90330 1.80828e-17
5990.84910 1.81756e-17
5992.80525 1.86076e-17
5994.75105 1.85500e-17
5996.69685 1.86165e-17
5998.65300 1.80360e-17
6000.59880 1.79542e-17
6002.55495 1.82810e-17
6004.50075 1.86341e-17
6006.44655 1.83728e-17
6008.40270 1.82760e-17
6010.34850 1.83021e-17
6012.30465 1.83946e-17
6014.25045 1.82130e-17
6016.19625 1.86669e-17
6018.15240 1.91397e-17
6020.09820 1.88707e-17
6022.05435 1.91728e-17
6024.00015 1.88846e-17
6025.94595 1.86642e-17
6027.90210 1.84612e-17
6029.84790 1.82471e-17
6031.80405 1.81789e-17
6033.74985 1.82053e-17
6035.69565 1.83035e-17
6037.65180 1.81579e-17
6039.59760 1.86553e-17
6041.55375 1.87178e-17
6043.49955 1.84455e-17
6045.44535 1.82951e-17
6047.40150 1.83196e-17
6049.34730 1.79118e-17
6051.30345 1.80776e-17
6053.24925 1.82752e-17
6055.20540 1.80808e-17
6057.15120 1.83116e-17
6059.09700 1.80496e-17
6061.05315 1.78893e-17
6062.99895 1.81879e-17
6064.95510 1.82324e-17
6066.90090 1.79948e-17
6068.84670 1.74616e-17
6070.80285 1.74909e-17
6072.74865 1.78347e-17
6074.70480 1.79837e-17
6076.65060 1.80311e-17
6078.59640 1.78525e-17
6080.55255 1.76880e-17
6082.49835 1.82001e-17
6084.45450 1.80698e-17
6086.40030 1.74313e-17
6088.34610 1.72948e-17
6090.30225 1.76024e-17
6092.24805 1.77475e-17
6094.20420 1.77235e-17
6096.15000 1.76008e-17
6098.09580 1.76308e-17
6100.05195 1.75643e-17
6101.99775 1.72577e-17
6103.95390 1.71792e-17
6105.89970 1.70111e-17
6107.84550 1.71333e-17
6109.80165 1.71685e-17
6111.74745 1.71939e-17
6113.70360 1.74821e-17
6115.64940 1.71346e-17
6117.60555 1.71661e-17
6119.55135 1.70885e-17
6121.49715 1.70448e-17
6123.45330 1.72592e-17
6125.39910 1.68229e-17
6127.35525 1.69598e-17
6129.30105 1.68041e-17
6131.24685 1.63401e-17
6133.20300 1.68429e-17
6135.14880 1.70656e-17
6137.10495 1.68888e-17
6139.05075 1.69486e-17
6140.99655 1.69831e-17
6142.95270 1.65362e-17
6144.89850 1.64499e-17
6146.85465 1.67310e-17
6148.80045 1.67121e-17
6150.74625 1.67601e-17
6152.70240 1.65534e-17
6154.64820 1.66725e-17
6156.60435 1.65493e-17
6158.55015 1.64740e-17
6160.49595 1.63078e-17
6162.45210 1.60175e-17
6164.39790 1.57674e-17
6166.35405 1.61709e-17
6168.29985 1.61156e-17
6170.24565 1.60306e-17
6172.20180 1.63412e-17
6174.14760 1.61731e-17
6176.10375 1.64320e-17
6178.04955 1.65030e-17
6179.99535 1.61845e-17
6181.95150 1.62448e-17
6183.89730 1.59151e-17
6185.85345 1.58158e-17
6187.79925 1.57629e-17
6189.75540 1.59462e-17
6191.70120 1.56478e-17
6193.64700 1.56410e-17
6195.60315 1.56152e-17
6197.54895 1.55672e-17
6199.50510 1.56016e-17
6201.45090 1.55445e-17
6203.39670 1.53008e-17
6205.35285 1.53589e-17
6207.29865 1.46434e-17
6209.25480 1.51508e-17
6211.20060 1.52674e-17
6213.14640 1.52447e-17
6215.10255 1.51725e-17
6217.04835 1.52879e-17
6219.00450 1.52360e-17
6220.95030 1.48750e-17
6222.89610 1.48200e-17
6224.85225 1.50484e-17
6226.79805 1.47457e-17
6228.75420 1.46599e-17
6230.70000 1.48687e-17
6232.64580 1.48191e-17
6234.60195 1.46581e-17
6236.54775 1.46202e-17
6238.50390 1.48466e-17
6240.44970 1.49515e-17
6242.39550 1.47212e-17
6244.35165 1.49523e-17
6246.29745 1.55095e-17
6248.25360 1.48242e-17
6250.19940 1.51538e-17
6252.14520 1.51700e-17
6254.10135 1.42436e-17
6256.04715 1.42356e-17
6258.00330 1.40624e-17
6259.94910 1.44186e-17
6261.90525 1.43733e-17
6263.85105 1.44748e-17
6265.79685 1.42782e-17
6267.75300 1.41408e-17
6269.69880 1.38428e-17
6271.65495 1.41087e-17
6273.60075 1.41682e-17
6275.54655 1.41822e-17
6277.50270 1.40726e-17
6279.44850 1.41016e-17
6281.40465 1.42170e-17
6283.35045 1.40270e-17
6285.29625 1.38812e-17
6287.25240 1.40547e-17
6289.19820 1.47446e-17
6291.15435 1.43792e-17
6293.10015 1.45080e-17
6295.04595 1.37553e-17
6297.00210 1.37524e-17
6298.94790 1.35742e-17
6300.90405 1.38187e-17
6302.84985 1.42141e-17
6304.79565 1.39477e-17
6306.75180 1.36761e-17
6308.69760 1.32841e-17
6310.65375 1.35307e-17
6312.59955 1.34339e-17
6314.54535 1.34165e-17
6316.50150 1.33692e-17
6318.44730 1.34015e-17
6320.40345 1.31659e-17
6322.34925 1.29798e-17
6324.29505 1.29738e-17
6326.25120 1.25487e-17
6328.19700 1.23088e-17
6330.15315 1.18618e-17
6332.09895 1.14871e-17
6334.04475 1.20784e-17
6336.00090 1.22683e-17
6337.94670 1.24449e-17
6339.90285 1.23887e-17
6341.84865 1.21988e-17
6343.80480 1.25562e-17
6345.75060 1.27782e-17
6347.69640 1.22602e-17
6349.65255 1.20071e-17
6351.59835 1.18818e-17
6353.55450 1.19442e-17
6355.50030 1.17141e-17
6357.44610 1.17096e-17
6359.40225 1.17954e-17
6361.34805 1.16930e-17
6363.30420 1.16058e-17
6365.25000 1.15219e-17
6367.19580 1.15483e-17
6369.15195 1.19934e-17
6371.09775 1.17022e-17
6373.05390 1.13876e-17
6374.99970 1.15553e-17
6376.94550 1.21157e-17
6378.90165 1.19128e-17
6380.84745 1.14104e-17
6382.80360 1.15557e-17
6384.74940 1.14981e-17
6386.70555 1.15092e-17
6388.65135 1.11202e-17
6390.59715 1.10126e-17
6392.55330 1.14078e-17
6394.49910 1.14568e-17
6396.45525 1.13206e-17
6398.40105 1.13470e-17
6400.34685 1.14099e-17
6402.30300 1.14254e-17
6404.24880 1.11408e-17
6406.20495 1.10665e-17
6408.15075 1.12354e-17
6410.09655 1.09120e-17
6412.05270 1.09163e-17
6413.99850 1.10780e-17
6415.95465 1.11999e-17
6417.90045 1.10780e-17
6419.84625 1.09373e-17
6421.80240 1.07461e-17
6423.74820 1.06803e-17
6425.70435 1.09724e-17
6427.65015 1.10655e-17
6429.59595 1.10036e-17
6431.55210 1.08904e-17
6433.49790 1.08331e-17
6435.45405 1.08591e-17
6437.39985 1.11334e-17
6439.34565 1.10027e-17
6441.30180 1.07990e-17
6443.24760 1.07335e-17
6445.20375 1.03222e-17
6447.14955 1.03235e-17
6449.09535 1.11016e-17
6451.05150 1.10705e-17
6452.99730 1.09213e-17
6454.95345 1.08137e-17
6456.89925 1.09375e-17
6458.85540 1.09720e-17
6460.80120 1.10571e-17
6462.74700 1.10565e-17
6464.70315 1.11593e-17
6466.64895 1.13172e-17
6468.60510 1.09728e-17
6470.55090 1.05655e-17
6472.49670 1.06062e-17
6474.45285 1.07501e-17
6476.39865 1.07584e-17
6478.35480 1.08503e-17
6480.30060 1.10553e-17
6482.24640 1.07654e-17
6484.20255 1.09888e-17
6486.14835 1.11612e-17
6488.10450 1.11105e-17
6490.05030 1.09321e-17
6491.99610 1.09195e-17
6493.95225 1.11291e-17
6495.89805 1.12487e-17
6497.85420 1.10592e-17
6499.80000 1.12178e-17
6501.74580 1.09443e-17
6503.70195 1.08019e-17
6505.64775 1.07681e-17
6507.60390 1.09202e-17
6509.54970 1.09091e-17
6511.49550 1.11319e-17
6513.45165 1.11506e-17
6515.39745 1.10585e-17
6517.35360 1.11292e-17
6519.29940 1.07293e-17
6521.24520 1.09027e-17
6523.20135 1.15769e-17
6525.14715 1.12588e-17
6527.10330 1.13139e-17
6529.04910 1.12623e-17
6531.00525 1.10434e-17
6532.95105 1.11765e-17
6534.89685 1.10121e-17
6536.85300 1.12024e-17
6538.79880 1.11099e-17
6540.75495 1.11437e-17
6542.70075 1.13381e-17
6544.64655 1.14222e-17
6546.60270 1.13295e-17
6548.54850 1.12315e-17
6550.50465 1.12349e-17
6552.45045 1.13256e-17
6554.39625 1.12362e-17
6556.35240 1.12209e-17
6558.29820 1.13010e-17
6560.25435 1.12072e-17
6562.20015 1.13541e-17
6564.14595 1.11289e-17
6566.10210 1.09972e-17
6568.04790 1.11536e-17
6570.00405 1.14202e-17
6571.94985 1.13121e-17
6573.89565 1.11436e-17
6575.85180 1.08063e-17
6577.79760 1.12675e-17
6579.75375 1.14668e-17
6581.69955 1.16858e-17
6583.64535 1.13098e-17
6585.60150 1.11346e-17
6587.54730 1.12394e-17
6589.50345 1.11831e-17
6591.44925 1.13072e-17
6593.40540 1.08465e-17
6595.35120 1.10165e-17
6597.29700 1.11617e-17
6599.25315 1.08576e-17
6601.19895 1.10100e-17
6603.14475 1.12819e-17
6605.10090 1.09899e-17
6607.04670 1.10000e-17
6609.00285 1.11345e-17
6610.94865 1.12667e-17
6612.90480 1.12462e-17
6614.85060 1.08365e-17
6616.79640 1.07372e-17
6618.75255 1.10451e-17
6620.69835 1.11481e-17
6622.65450 1.15050e-17
6624.60030 1.16099e-17
6626.54610 1.11762e-17
6628.50225 1.12225e-17
6630.44805 1.16750e-17
6632.40420 1.16995e-17
6634.35000 1.14656e-17
6636.29580 1.14999e-17
6638.25195 1.17110e-17
6640.19775 1.19547e-17
6642.15390 1.18781e-17
6644.09970 1.19124e-17
6646.04550 1.21489e-17
6648.00165 1.23061e-17
6649.94745 1.21487e-17
6651.90360 1.19425e-17
6653.84940 1.22604e-17
6655.79520 1.25375e-17
6657.75135 1.24810e-17
6659.69715 1.21867e-17
6661.65330 1.26100e-17
6663.59910 1.26243e-17
6665.55525 1.25693e-17
6667.50105 1.28535e-17
6669.44685 1.27212e-17
6671.40300 1.29967e-17
6673.34880 1.28028e-17
6675.30495 1.27518e-17
6677.25075 1.34176e-17
6679.19655 1.32594e-17
6681.15270 1.32845e-17
6683.09850 1.33733e-17
6685.05465 1.33192e-17
6687.00045 1.33597e-17
6688.94625 1.37923e-17
6690.90240 1.37476e-17
6692.84820 1.35634e-17
6694.80435 1.36660e-17
6696.75015 1.35680e-17
6698.69595 1.34828e-17
6700.65210 1.32077e-17
6702.59790 1.36334e-17
6704.55405 1.38909e-17
6706.49985 1.39312e-17
6708.44565 1.41631e-17
6710.40180 1.38651e-17
6712.34760 1.34751e-17
6714.30375 1.41622e-17
6716.24955 1.43084e-17
6718.19535 1.39609e-17
6720.15150 1.40363e-17
6722.09730 1.42048e-17
6724.05345 1.42503e-17
6725.99925 1.42567e-17
6727.95540 1.44433e-17
6729.90120 1.45052e-17
6731.84700 1.42359e-17
6733.80315 1.43888e-17
6735.74895 1.47101e-17
6737.70510 1.49005e-17
6739.65090 1.46068e-17
6741.59670 1.45201e-17
6743.55285 1.45970e-17
6745.49865 1.44994e-17
6747.45480 1.47523e-17
6749.40060 1.49186e-17
6751.34640 1.46899e-17
6753.30255 1.47015e-17
6755.24835 1.46955e-17
6757.20450 1.45308e-17
6759.15030 1.48456e-17
6761.09610 1.49780e-17
6763.05225 1.46958e-17
6764.99805 1.45491e-17
6766.95420 1.44415e-17
6768.90000 1.44767e-17
6770.84580 1.44845e-17
6772.80195 1.44417e-17
6774.74775 1.46767e-17
6776.70390 1.45511e-17
6778.64970 1.46485e-17
6780.59550 1.51120e-17
6782.55165 1.48475e-17
6784.49745 1.44998e-17
6786.45360 1.44790e-17
6788.39940 1.45993e-17
6790.35555 1.46321e-17
6792.30135 1.45513e-17
6794.24715 1.47318e-17
6796.20330 1.43227e-17
6798.14910 1.40937e-17
6800.10525 1.43331e-17
6802.05105 1.43478e-17
6803.99685 1.46759e-17
6805.95300 1.46075e-17
6807.89880 1.43757e-17
6809.85495 1.44848e-17
6811.80075 1.45023e-17
6813.74655 1.43570e-17
6815.70270 1.42774e-17
6817.64850 1.43319e-17
6819.60465 1.44632e-17
6821.55045 1.46357e-17
6823.49625 1.48978e-17
6825.45240 1.47725e-17
6827.39820 1.44801e-17
6829.35435 1.44103e-17
6831.30015 1.44040e-17
6833.24595 1.45076e-17
6835.20210 1.45093e-17
6837.14790 1.45308e-17
6839.10405 1.46958e-17
6841.04985 1.47057e-17
6842.99565 1.45970e-17
6844.95180 1.45244e-17
6846.89760 1.45008e-17
6848.85375 1.44772e-17
6850.79955 1.44537e-17
6852.74535 1.44301e-17
6854.70150 1.44065e-17
6856.64730 1.43829e-17
6858.60345 1.43593e-17
6860.54925 1.43358e-17
6862.50540 1.43122e-17
6864.45120 1.42886e-17
6866.39700 1.42651e-17
6868.35315 1.42415e-17
6870.29895 1.42179e-17
6872.25510 1.41944e-17
6874.20090 1.41708e-17
6876.14670 1.41472e-17
6878.10285 1.41237e-17
6880.04865 1.41001e-17
6882.00480 1.40766e-17
6883.95060 1.40530e-17
6885.89640 1.40294e-17
6887.85255 1.40059e-17
6889.79835 1.39823e-17
6891.75450 1.39588e-17
6893.70030 1.39352e-17
6895.64610 1.39117e-17
6897.60225 1.38881e-17
6899.54805 1.38646e-17
6901.50420 1.38411e-17
6903.45000 1.38175e-17
6905.39580 1.37940e-17
6907.35195 1.37704e-17
6909.29775 1.37469e-17
6911.25390 1.37234e-17
6913.19970 1.36998e-17
6915.14550 1.36763e-17
6917.10165 1.36528e-17
6919.04745 1.36292e-17
6921.00360 1.36057e-17
6922.94940 1.35822e-17
6924.89520 1.35587e-17
6926.85135 1.35351e-17
6928.79715 1.35116e-17
6930.75330 1.34881e-17
6932.69910 1.34646e-17
6934.65525 1.34411e-17
6936.60105 1.34175e-17
6938.54685 1.35209e-17
6940.50300 1.32435e-17
6942.44880 1.32189e-17
6944.40495 1.29040e-17
6946.35075 1.28658e-17
6948.29655 1.28868e-17
6950.25270 1.27064e-17
6952.19850 8.56079e-18
6954.15465 7.20604e-18
6956.10045 1.25392e-17
6958.04625 1.25649e-17
6960.00240 1.34721e-17
6961.94820 1.45501e-17
6963.90435 1.34404e-17
6965.85015 1.18029e-17
6967.79595 1.19106e-17
6969.75210 1.23172e-17
6971.69790 1.19856e-17
6973.65405 1.17439e-17
6975.59985 1.19032e-17
6977.54565 1.22662e-17
6979.50180 1.24604e-17
6981.44760 1.22447e-17
6983.40375 1.19270e-17
6985.34955 1.17222e-17
6987.29535 1.14435e-17
6989.25150 1.17020e-17
6991.19730 1.19922e-17
6993.15345 1.21509e-17
6995.09925 1.17523e-17
6997.04505 1.16261e-17
6999.00120 1.15372e-17
7000.94700 1.14191e-17
7002.90315 1.15112e-17
7004.84895 1.16705e-17
7006.79475 1.14522e-17
7008.75090 1.14905e-17
7010.69670 1.15311e-17
7012.65285 1.13926e-17
7014.59865 1.15576e-17
7016.55480 1.20158e-17
7018.50060 1.18519e-17
7020.44640 1.17085e-17
7022.40255 1.19240e-17
7024.34835 1.17724e-17
7026.30450 1.19192e-17
7028.25030 1.20169e-17
7030.19610 1.20099e-17
7032.15225 1.21966e-17
7034.09805 1.23149e-17
7036.05420 1.24160e-17
7038.00000 1.25487e-17
7039.94580 1.26293e-17
7041.90195 1.24928e-17
7043.84775 1.25070e-17
7045.80390 1.27857e-17
7047.74970 1.27167e-17
7049.69550 1.24779e-17
7051.65165 1.29617e-17
7053.59745 1.33297e-17
7055.55360 1.31667e-17
7057.49940 1.32386e-17
7059.45555 1.34665e-17
7061.40135 1.39368e-17
7063.34715 1.41254e-17
7065.30330 1.39028e-17
7067.24910 1.32799e-17
7069.20525 1.29951e-17
7071.15105 1.31625e-17
7073.09685 1.34351e-17
7075.05300 1.35356e-17
7076.99880 1.33871e-17
7078.95495 1.33034e-17
7080.90075 1.33899e-17
7082.84655 1.35828e-17
7084.80270 1.41230e-17
7086.74850 1.43107e-17
7088.70465 1.40901e-17
7090.65045 1.41403e-17
7092.59625 1.40095e-17
7094.55240 1.40184e-17
7096.49820 1.43892e-17
7098.45435 1.43474e-17
7100.40015 1.39208e-17
7102.34595 1.40766e-17
7104.30210 1.43766e-17
7106.24790 1.40639e-17
7108.20405 1.38635e-17
7110.14985 1.41263e-17
7112.09565 1.42374e-17
7114.05180 1.42618e-17
7115.99760 1.41115e-17
7117.95375 1.36597e-17
7119.89955 1.35037e-17
7121.84535 1.36426e-17
7123.80150 1.36199e-17
7125.74730 1.38544e-17
7127.70345 1.40633e-17
7129.64925 1.39771e-17
7131.60540 1.38306e-17
7133.55120 1.35433e-17
7135.49700 1.33807e-17
7137.45315 1.34544e-17
7139.39895 1.38533e-17
7141.35510 1.42736e-17
7143.30090 1.41681e-17
7145.24670 1.36528e-17
7147.20285 1.36149e-17
7149.14865 1.40044e-17
7151.10480 1.40603e-17
7153.05060 1.39961e-17
7154.99640 1.40660e-17
7156.95255 1.41818e-17
7158.89835 1.40880e-17
7160.85450 1.37532e-17
7162.80030 1.34913e-17
7164.74610 1.33560e-17
7166.70225 1.32099e-17
7168.64805 1.29845e-17
7170.60420 1.26487e-17
7172.55000 1.25054e-17
7174.49580 1.26155e-17
7176.45195 1.27700e-17
7178.39775 1.29721e-17
7180.35390 1.30063e-17
7182.29970 1.30121e-17
7184.24550 1.27795e-17
7186.20165 1.24849e-17
7188.14745 1.27506e-17
7190.10360 1.29082e-17
7192.04940 1.31562e-17
7194.00555 1.33324e-17
7195.95135 1.31381e-17
7197.89715 1.30976e-17
7199.85330 1.29882e-17
7201.79910 1.28600e-17
7203.75525 1.25909e-17
7205.70105 1.25718e-17
7207.64685 1.27923e-17
7209.60300 1.26580e-17
7211.54880 1.24394e-17
7213.50495 1.26083e-17
7215.45075 1.27597e-17
7217.39655 1.26636e-17
7219.35270 1.28313e-17
7221.29850 1.27725e-17
7223.25465 1.27400e-17
7225.20045 1.30748e-17
7227.14625 1.35602e-17
7229.10240 1.35440e-17
7231.04820 1.29674e-17
7233.00435 1.29374e-17
7234.95015 1.30043e-17
7236.89595 1.29294e-17
7238.85210 1.29511e-17
7240.79790 1.25883e-17
7242.75405 1.26300e-17
7244.69985 1.28875e-17
7246.64565 1.28843e-17
7248.60180 1.25089e-17
7250.54760 1.23688e-17
7252.50375 1.27716e-17
7254.44955 1.28454e-17
7256.39535 1.32042e-17
7258.35150 1.34345e-17
7260.29730 1.30846e-17
7262.25345 1.27166e-17
7264.19925 1.29958e-17
7266.15540 1.33168e-17
7268.10120 1.31770e-17
7270.04700 1.33391e-17
7272.00315 1.36972e-17
7273.94895 1.31252e-17
7275.89475 1.32692e-17
7277.85090 1.44182e-17
7279.79670 1.39504e-17
7281.75285 1.33749e-17
7283.69865 1.35121e-17
7285.65480 1.34074e-17
7287.60060 1.30924e-17
7289.54640 1.25900e-17
7291.50255 1.30062e-17
7293.44835 1.32033e-17
7295.40450 1.30497e-17
7297.35030 1.35276e-17
7299.29610 1.32756e-17
7301.25225 1.30039e-17
7303.19805 1.33630e-17
7305.15420 1.38347e-17
7307.10000 1.35396e-17
7309.04580 1.29802e-17
7311.00195 1.33406e-17
7312.94775 1.39585e-17
7314.90390 1.35363e-17
7316.84970 1.32688e-17
7318.79550 1.37757e-17
7320.75165 1.38809e-17
7322.69745 1.35703e-17
7324.65360 1.33666e-17
7326.59940 1.34913e-17
7328.54520 1.34916e-17
7330.50135 1.31443e-17
7332.44715 1.29345e-17
7334.40330 1.32116e-17
7336.34910 1.31358e-17
7338.30525 1.28792e-17
7340.25105 1.33203e-17
7342.19685 1.34327e-17
7344.15300 1.30674e-17
7346.09880 1.37091e-17
7348.05495 1.42163e-17
7350.00075 1.38177e-17
7351.94655 1.38039e-17
7353.90270 1.41336e-17
7355.84850 1.40644e-17
7357.80465 1.36368e-17
7359.75045 1.37197e-17
7361.69625 1.37210e-17
7363.65240 1.33115e-17
7365.59820 1.38840e-17
7367.55435 1.41155e-17
7369.50015 1.33076e-17
7371.44595 1.31683e-17
7373.40210 1.36649e-17
7375.34790 1.38143e-17
7377.30405 1.34237e-17
7379.24985 1.30450e-17
7381.19565 1.28581e-17
7383.15180 1.29865e-17
7385.09760 1.34588e-17
7387.05375 1.33479e-17
7388.99955 1.32230e-17
7390.95570 1.36897e-17
7392.90150 1.38229e-17
7394.84730 1.38981e-17
7396.80345 1.38200e-17
7398.74925 1.33727e-17
7400.70540 1.36362e-17
7402.65120 1.40865e-17
7404.59700 1.35125e-17
7406.55315 1.31226e-17
7408.49895 1.31075e-17
7410.45510 1.29860e-17
7412.40090 1.32604e-17
7414.34670 1.33063e-17
7416.30285 1.30475e-17
7418.24865 1.27413e-17
7420.20480 1.27453e-17
7422.15060 1.27886e-17
7424.09640 1.23471e-17
7426.05255 1.22769e-17
7427.99835 1.25620e-17
7429.95450 1.26049e-17
7431.90030 1.26383e-17
7433.84610 1.26747e-17
7435.80225 1.23755e-17
7437.74805 1.22851e-17
7439.70420 1.25272e-17
7441.65000 1.25662e-17
7443.59580 1.25232e-17
7445.55195 1.22434e-17
7447.49775 1.22323e-17
7449.45390 1.26380e-17
7451.39970 1.27269e-17
7453.34550 1.27335e-17
7455.30165 1.27323e-17
7457.24745 1.26015e-17
7459.20360 1.24536e-17
7461.14940 1.22225e-17
7463.10555 1.19841e-17
7465.05135 1.23086e-17
7466.99715 1.24942e-17
7468.95330 1.26131e-17
7470.89910 1.27018e-17
7472.85525 1.24676e-17
7474.80105 1.23963e-17
7476.74685 1.24580e-17
7478.70300 1.23219e-17
7480.64880 1.25850e-17
7482.60495 1.28846e-17
7484.55075 1.27839e-17
7486.49655 1.23554e-17
7488.45270 1.25435e-17
7490.39850 1.26980e-17
7492.35465 1.26100e-17
7494.30045 1.24370e-17
7496.24625 1.21646e-17
7498.20240 1.23204e-17
7500.14820 1.26613e-17
7502.10435 1.28938e-17
7504.05015 1.26324e-17
7505.99595 1.24304e-17
7507.95210 1.24610e-17
7509.89790 1.22381e-17
7511.85405 1.23900e-17
7513.79985 1.23906e-17
7515.74565 1.23579e-17
7517.70180 1.23803e-17
7519.64760 1.21826e-17
7521.60375 1.24014e-17
7523.54955 1.23178e-17
7525.49535 1.23035e-17
7527.45150 1.22642e-17
7529.39730 1.18678e-17
7531.35345 1.19477e-17
7533.29925 1.22499e-17
7535.25540 1.22277e-17
7537.20120 1.23698e-17
7539.14700 1.27195e-17
7541.10315 1.25748e-17
7543.04895 1.24495e-17
7545.00510 1.24897e-17
7546.95090 1.22786e-17
7548.89670 1.22381e-17
7550.85285 1.22154e-17
7552.79865 1.21928e-17
7554.75480 1.21701e-17
7556.70060 1.21474e-17
7558.64640 1.21248e-17
7560.60255 1.21021e-17
7562.54835 1.20795e-17
7564.50450 1.20568e-17
7566.45030 1.20342e-17
7568.39610 1.20115e-17
7570.35225 1.19889e-17
7572.29805 1.19662e-17
7574.25420 1.19436e-17
7576.20000 1.19209e-17
7578.14580 1.18983e-17
7580.10195 1.18757e-17
7582.04775 1.18530e-17
7584.00390 1.18304e-17
7585.94970 1.18077e-17
7587.89550 1.17851e-17
7589.85165 1.17625e-17
7591.79745 1.17398e-17
7593.75360 1.17172e-17
7595.69940 1.16946e-17
7597.64520 1.16720e-17
7599.60135 1.16493e-17
7601.54715 1.16267e-17
7603.50330 1.16041e-17
7605.44910 1.15815e-17
7607.40525 1.15589e-17
7609.35105 1.15362e-17
7611.29685 1.15136e-17
7613.25300 1.14910e-17
7615.19880 1.14684e-17
7617.15495 1.14458e-17
7619.10075 1.14232e-17
7621.04655 1.14006e-17
7623.00270 1.13780e-17
7624.94850 1.13554e-17
7626.90465 1.13328e-17
7628.85045 1.13102e-17
7630.79625 1.12876e-17
7632.75240 1.12650e-17
7634.69820 1.12424e-17
7636.65435 1.12198e-17
7638.60015 1.11972e-17
7640.54595 1.11746e-17
7642.50210 1.11520e-17
7644.44790 1.11294e-17
7646.40405 1.11068e-17
7648.34985 1.10842e-17
7650.29565 1.10617e-17
7652.25180 1.10391e-17
7654.19760 1.10165e-17
7656.15375 1.09939e-17
7658.09955 1.09713e-17
7660.04535 1.09488e-17
7662.00150 1.09262e-17
7663.94730 1.09036e-17
7665.90345 1.08811e-17
7667.84925 1.08585e-17
7669.80540 1.08359e-17
7671.75120 1.08134e-17
7673.69700 1.07908e-17
7675.65315 1.07682e-17
7677.59895 1.07457e-17
7679.54475 1.07231e-17
7681.50090 1.07006e-17
7683.44670 1.09029e-17
7685.40285 1.06772e-17
7687.34865 1.05454e-17
7689.30480 1.07290e-17
7691.25060 1.08533e-17
7693.19640 1.05183e-17
7695.15255 1.02785e-17
7697.09835 1.02377e-17
7699.05450 1.02961e-17
7701.00030 1.00540e-17
7702.94610 1.01721e-17
7704.90225 1.01023e-17
7706.84805 9.86572e-18
7708.80420 1.02172e-17
7710.75000 1.04183e-17
7712.69580 1.08051e-17
7714.65195 1.05991e-17
7716.59775 1.06186e-17
7718.55390 1.04053e-17
7720.49970 1.03226e-17
7722.44550 1.04079e-17
7724.40165 1.03808e-17
7726.34745 9.86848e-18
7728.30360 1.04100e-17
7730.24940 1.05445e-17
7732.20555 1.02151e-17
7734.15135 1.02559e-17
7736.09715 9.93438e-18
7738.05330 9.85505e-18
7739.99910 9.92554e-18
7741.95525 9.88496e-18
7743.90105 9.72621e-18
7745.84685 9.35276e-18
7747.80300 9.65954e-18
7749.74880 1.01712e-17
7751.70495 9.99891e-18
7753.65075 1.00806e-17
7755.59655 9.85597e-18
7757.55270 9.65816e-18
7759.49850 1.00789e-17
7761.45465 1.04502e-17
7763.40045 1.03805e-17
7765.34625 1.01299e-17
7767.30240 1.04638e-17
7769.24820 1.09964e-17
7771.20435 1.14443e-17
7773.15015 1.16393e-17
7775.09595 1.14654e-17
7777.05210 1.09239e-17
7778.99790 1.05340e-17
7780.95405 1.05520e-17
7782.89985 1.04277e-17
7784.84565 1.00926e-17
7786.80180 1.00882e-17
7788.74760 1.00465e-17
7790.70375 9.98211e-18
7792.64955 1.02691e-17
7794.59535 9.98614e-18
7796.55150 9.74248e-18
7798.49730 9.95538e-18
7800.45345 1.04860e-17
7802.39925 1.02887e-17
7804.35540 1.01933e-17
7806.30120 1.04735e-17
7808.24700 1.06695e-17
7810.20315 1.09086e-17
7812.14895 1.07213e-17
7814.10510 1.10447e-17
7816.05090 1.06369e-17
7817.99670 1.01457e-17
7819.95285 1.08057e-17
7821.89865 1.11482e-17
7823.85480 1.15300e-17
7825.80060 1.13021e-17
7827.74640 1.12961e-17
7829.70255 1.10869e-17
7831.64835 1.11122e-17
7833.60450 1.10917e-17
7835.55030 1.09021e-17
7837.49610 1.11450e-17
7839.45225 1.08587e-17
7841.39805 1.04913e-17
7843.35420 1.08822e-17
7845.30000 1.13430e-17
7847.24580 1.12692e-17
7849.20195 1.10894e-17
7851.14775 1.14272e-17
7853.10390 1.11145e-17
7855.04970 1.08975e-17
7856.99550 1.10640e-17
7858.95165 1.12129e-17
7860.89745 1.13581e-17
7862.85360 1.11018e-17
7864.79940 1.12150e-17
7866.75555 1.14000e-17
7868.70135 1.10440e-17
7870.64715 1.08074e-17
7872.60330 1.06863e-17
7874.54910 1.06818e-17
7876.50525 1.10206e-17
7878.45105 1.07539e-17
7880.39685 1.07074e-17
7882.35300 1.10828e-17
7884.29880 1.09983e-17
7886.25495 1.04231e-17
7888.20075 1.07484e-17
7890.14655 1.03710e-17
7892.10270 1.02247e-17
7894.04850 1.06162e-17
7896.00465 1.04254e-17
7897.95045 1.02108e-17
7899.89625 1.06273e-17
7901.85240 1.06322e-17
7903.79820 1.06489e-17
7905.75435 1.05195e-17
7907.70015 1.06197e-17
7909.64595 1.09649e-17
7911.60210 1.10483e-17
7913.54790 1.12669e-17
7915.50405 1.09996e-17
7917.44985 1.04292e-17
7919.39565 1.02133e-17
7921.35180 1.08641e-17
7923.29760 1.14824e-17
7925.25375 1.12231e-17
7927.19955 1.13280e-17
7929.14535 1.09307e-17
7931.10150 1.08482e-17
7933.04730 1.06720e-17
7935.00345 1.08280e-17
7936.94925 1.12232e-17
7938.90540 1.10288e-17
7940.85120 1.09124e-17
7942.79700 1.05186e-17
7944.75315 1.03385e-17
7946.69895 1.03911e-17
7948.65510 1.06643e-17
7950.60090 1.06478e-17
7952.54670 1.04430e-17
7954.50285 1.05631e-17
7956.44865 1.06425e-17
7958.40480 1.09484e-17
7960.35060 1.07263e-17
7962.29640 1.08433e-17
7964.25255 1.14721e-17
7966.19835 1.08669e-17
7968.15450 1.05208e-17
7970.10030 1.06478e-17
7972.04610 1.05708e-17
7974.00225 1.07934e-17
7975.94805 1.03304e-17
7977.90420 1.00895e-17
7979.85000 1.04844e-17
7981.79580 1.03692e-17
7983.75195 1.03194e-17
7985.69775 1.05203e-17
7987.65390 1.05830e-17
7989.59970 1.08783e-17
7991.54550 1.08157e-17
7993.50165 1.06219e-17
7995.44745 1.05071e-17
7997.40360 1.03678e-17
7999.34940 1.05123e-17
8001.29520 1.01029e-17
8003.25135 1.03015e-17
8005.19715 1.00348e-17
8007.15330 1.00176e-17
8009.09910 1.03577e-17
8011.05525 1.08470e-17
8013.00105 1.08069e-17
8014.94685 1.11274e-17
8016.90300 1.07213e-17
8018.84880 1.08075e-17
8020.80495 1.01823e-17
8022.75075 9.83483e-18
8024.69655 9.96387e-18
8026.65270 9.92321e-18
8028.59850 9.83948e-18
8030.55465 1.00968e-17
8032.50045 9.60147e-18
8034.44625 9.97816e-18
8036.40240 9.99693e-18
8038.34820 9.90526e-18
8040.30435 9.91303e-18
8042.25015 9.79421e-18
8044.19595 9.80176e-18
8046.15210 9.70747e-18
8048.09790 1.07035e-17
8050.05405 1.06722e-17
8051.99985 1.01914e-17
8053.94565 9.78049e-18
8055.90180 9.60939e-18
8057.84760 9.89057e-18
8059.80375 9.53971e-18
8061.74955 9.93686e-18
8063.70570 9.85905e-18
8065.65150 9.39117e-18
8067.59730 9.57474e-18
8069.55345 1.01981e-17
8071.49925 9.86722e-18
8073.45540 8.99416e-18
8075.40120 9.34413e-18
8077.34700 9.81421e-18
8079.30315 9.33691e-18
8081.24895 8.88808e-18
8083.20510 9.46391e-18
8085.15090 9.51231e-18
8087.09670 9.04832e-18
8089.05285 8.94674e-18
8090.99865 9.05627e-18
8092.95480 9.25876e-18
8094.90060 9.23613e-18
8096.84640 9.21949e-18
8098.80255 9.26050e-18
8100.74835 9.22804e-18
8102.70450 9.17668e-18
8104.65030 9.29927e-18
8106.59610 9.06738e-18
8108.55225 8.88623e-18
8110.49805 9.22880e-18
8112.45420 9.27434e-18
8114.40000 9.30803e-18
8116.34580 8.98691e-18
8118.30195 8.82531e-18
8120.24775 8.42964e-18
8122.20390 8.82113e-18
8124.14970 8.96336e-18
8126.09550 8.71468e-18
8128.05165 8.66802e-18
8129.99745 8.46714e-18
8131.95360 8.11339e-18
8133.89940 8.36391e-18
8135.85555 8.01598e-18
8137.80135 7.93883e-18
8139.74715 8.53796e-18
8141.70330 8.23433e-18
8143.64910 8.41566e-18
8145.60525 8.28226e-18
8147.55105 8.02005e-18
8149.49685 7.96190e-18
8151.45300 8.66229e-18
8153.39880 8.63135e-18
8155.35495 8.23537e-18
8157.30075 8.22835e-18
8159.24655 8.04372e-18
8161.20270 8.55680e-18
8163.14850 8.22277e-18
8165.10465 7.97940e-18
8167.05045 7.99007e-18
8168.99625 8.28739e-18
8170.95240 7.92112e-18
8172.89820 8.14765e-18
8174.85435 8.24030e-18
8176.80015 7.98790e-18
8178.74595 7.62371e-18
8180.70210 7.85486e-18
8182.64790 8.07244e-18
8184.60405 8.34787e-18
8186.54985 7.87741e-18
8188.49565 8.07838e-18
8190.45180 8.75371e-18
8192.39760 8.44662e-18
8194.35375 8.27947e-18
8196.29955 7.87272e-18
8198.24535 7.84782e-18
8200.20150 7.93811e-18
8202.14730 8.26326e-18
8204.10345 8.60302e-18
8206.04925 7.87493e-18
8208.00540 7.81263e-18
8209.95120 7.92577e-18
8211.89700 8.06706e-18
8213.85315 7.77012e-18
8215.79895 7.81726e-18
8217.75510 8.12387e-18
8219.70090 8.02102e-18
8221.64670 8.15975e-18
8223.60285 7.79854e-18
8225.54865 7.71017e-18
8227.50480 7.78941e-18
8229.45060 7.87799e-18
8231.39640 8.23228e-18
8233.35255 8.14814e-18
8235.29835 8.05329e-18
8237.25450 7.84229e-18
8239.20030 7.89012e-18
8241.14610 8.03863e-18
8243.10225 7.90716e-18
8245.04805 8.24225e-18
8247.00420 8.50726e-18
8248.95000 8.31199e-18
8250.89580 7.81313e-18
8252.85195 7.70117e-18
8254.79775 8.28038e-18
8256.75390 7.99752e-18
8258.69970 7.63756e-18
8260.65585 8.70058e-18
8262.60165 8.37103e-18
8264.54745 7.74999e-18
8266.50360 7.94262e-18
8268.44940 8.41963e-18
8270.40555 8.03962e-18
8272.35135 7.55029e-18
8274.29715 7.41883e-18
8276.25330 7.96069e-18
8278.19910 7.82381e-18
8280.15525 8.08633e-18
8282.10105 7.73206e-18
8284.04685 7.74588e-18
8286.00300 7.12918e-18
8287.94880 8.36602e-18
8289.90495 8.38647e-18
8291.85075 7.44916e-18
8293.79655 7.25818e-18
8295.75270 7.26571e-18
8297.69850 8.21311e-18
8299.65465 7.92217e-18
8301.60045 8.01914e-18
8303.54625 7.75069e-18
8305.50240 7.31711e-18
8307.44820 7.94186e-18
8309.40435 7.58420e-18
8311.35015 7.57192e-18
8313.29595 7.46227e-18
8315.25210 7.84638e-18
8317.19790 7.03314e-18
8319.15405 7.46818e-18
8321.09985 7.78530e-18
8323.04565 7.56758e-18
8325.00180 7.63248e-18
8326.94760 7.51982e-18
8328.90375 7.29088e-18
8330.84955 7.21594e-18
8332.79535 7.78276e-18
8334.75150 7.73433e-18
8336.69730 7.40911e-18
8338.65345 7.73634e-18
8340.59925 7.65194e-18
8342.55540 7.30062e-18
8344.50120 7.23097e-18
8346.44700 7.97306e-18
8348.40315 8.29076e-18
8350.34895 7.86393e-18
8352.29475 7.56284e-18
8354.25090 7.77112e-18
8356.19670 7.52114e-18
8358.15285 7.36250e-18
8360.09865 7.60455e-18
8362.05480 7.44171e-18
8364.00060 7.37749e-18
8365.94640 7.55517e-18
8367.90255 7.14136e-18
8369.84835 7.04521e-18
8371.80450 7.43712e-18
8373.75030 7.26747e-18
8375.69610 7.30052e-18
8377.65225 7.42566e-18
8379.59805 7.50503e-18
8381.55420 7.48800e-18
8383.50000 7.62253e-18
8385.44580 7.43024e-18
8387.40195 6.76998e-18
8389.34775 6.86157e-18
8391.30390 7.29992e-18
8393.24970 7.40442e-18
8395.19550 7.16486e-18
8397.15165 6.92994e-18
8399.09745 7.56596e-18
8401.05360 7.26442e-18
8402.99940 6.79650e-18
8404.95555 7.05507e-18
8406.90135 7.01640e-18
8408.84715 6.98261e-18
8410.80330 7.35993e-18
8412.74910 7.34299e-18
8414.70525 6.38238e-18
8416.65105 6.66053e-18
8418.59685 6.81818e-18
8420.55300 6.61295e-18
8422.49880 7.10439e-18
8424.45495 7.55765e-18
8424.50598 7.55765e-18
8426.50440 7.51926e-18
8428.50281 7.45398e-18
8430.51132 7.40955e-18
8432.50973 7.40107e-18
8434.50815 7.49539e-18
8436.50656 7.62350e-18
8438.50497 7.72683e-18
8440.51348 7.81019e-18
8442.51190 7.92463e-18
8444.51031 8.10126e-18
8446.50872 8.29517e-18
8448.50714 8.47284e-18
8450.51564 8.63038e-18
8452.51406 8.71436e-18
8454.51247 8.80768e-18
8456.51089 9.01648e-18
8458.51939 9.38241e-18
8460.51781 9.77950e-18
8462.51622 1.00804e-17
8464.51464 1.03152e-17
8466.51305 1.04633e-17
8468.52156 1.05261e-17
8470.51997 1.04892e-17
8472.51839 1.03857e-17
8474.51680 1.02523e-17
8476.52531 1.01494e-17
8478.52372 1.01071e-17
8480.52213 1.02479e-17
8482.52055 1.04188e-17
8484.51896 1.05007e-17
8486.52747 1.04630e-17
8488.52588 1.03643e-17
8490.52430 1.02548e-17
8492.52271 1.01765e-17
8494.52113 1.02076e-17
8496.52963 1.03374e-17
8498.52805 1.06322e-17
8500.52646 1.09793e-17
8502.52487 1.12598e-17
8504.53338 1.13729e-17
8506.53180 1.14189e-17
8508.53021 1.14428e-17
8510.52862 1.14894e-17
8512.52704 1.16596e-17
8514.53554 1.18563e-17
8516.53396 1.19905e-17
8518.53237 1.19894e-17
8520.53079 1.18782e-17
8522.52920 1.16362e-17
8524.53771 1.13953e-17
8526.53612 1.12764e-17
8528.53454 1.12807e-17
8530.53295 1.14578e-17
8532.54146 1.17146e-17
8534.53987 1.19067e-17
8536.53828 1.18839e-17
8538.53670 1.18494e-17
8540.53511 1.20142e-17
8542.54362 1.22253e-17
8544.54203 1.23810e-17
8546.54045 1.24992e-17
8548.53886 1.26549e-17
8550.53728 1.28935e-17
8552.54578 1.31677e-17
8554.54420 1.34702e-17
8556.54261 1.37354e-17
8558.54102 1.38848e-17
8560.54953 1.39595e-17
8562.54795 1.40063e-17
8564.54636 1.40734e-17
8566.54477 1.41514e-17
8568.54319 1.42555e-17
8570.55169 1.44209e-17
8572.55011 1.47308e-17
8574.54852 1.50874e-17
8576.54694 1.54007e-17
8578.54535 1.56499e-17
8580.55386 1.59071e-17
8582.55227 1.62244e-17
8584.55069 1.65539e-17
8586.54910 1.68998e-17
8588.55761 1.71893e-17
8590.55602 1.73065e-17
8592.55443 1.73513e-17
8594.55285 1.74999e-17
8596.55126 1.78730e-17
8598.55977 1.82724e-17
8600.55818 1.84535e-17
8602.55660 1.86121e-17
8604.55501 1.88611e-17
8606.55343 1.91406e-17
8608.56193 1.93426e-17
8610.56035 1.94319e-17
8612.55876 1.95041e-17
8614.55717 1.96514e-17
8616.56568 1.98493e-17
8618.56409 2.01450e-17
8620.56251 2.04623e-17
8622.56092 2.07194e-17
8624.55934 2.09129e-17
8626.56784 2.11383e-17
8628.56626 2.14799e-17
8630.56467 2.18099e-17
8632.56309 2.19583e-17
8634.57159 2.21047e-17
8636.57001 2.24124e-17
8638.56842 2.28506e-17
8640.56684 2.32668e-17
8642.56525 2.35557e-17
8644.57376 2.38483e-17
8646.57217 2.42890e-17
8648.57058 2.47519e-17
8650.56900 2.52528e-17
8652.56741 2.56255e-17
8654.57592 2.56881e-17
8656.57433 2.53951e-17
8658.57275 2.50273e-17
8660.57116 2.49112e-17
8662.57967 2.49195e-17
8664.57808 2.51088e-17
8666.57650 2.53677e-17
8668.57491 2.56126e-17
8670.57332 2.57725e-17
8672.58183 2.59005e-17
8674.58025 2.60079e-17
8676.57866 2.60134e-17
8678.57707 2.57660e-17
8680.57549 2.54370e-17
8682.58399 2.51379e-17
8684.58241 2.49444e-17
8686.58082 2.48155e-17
8688.57924 2.47651e-17
8690.58774 2.48073e-17
8692.58616 2.50241e-17
8694.58457 2.52707e-17
8696.58299 2.54489e-17
8698.58140 2.55460e-17
8700.58991 2.56045e-17
8702.58832 2.56504e-17
8704.58673 2.56896e-17
8706.58515 2.57502e-17
8708.59366 2.58097e-17
8710.59207 2.58674e-17
8712.59048 2.59051e-17
8714.58890 2.58600e-17
8716.58731 2.57976e-17
8718.59582 2.58640e-17
8720.59423 2.62684e-17
8722.59265 2.67789e-17
8724.59106 2.73193e-17
8726.58947 2.77422e-17
8728.59798 2.78956e-17
8730.59640 2.78095e-17
8732.59481 2.76707e-17
8734.59322 2.76455e-17
8736.60173 2.75839e-17
8738.60014 2.73608e-17
8740.59856 2.70806e-17
8742.59697 2.67579e-17
8744.59539 2.64946e-17
8746.60389 2.63679e-17
8748.60231 2.64428e-17
8750.60072 2.66029e-17
8752.59914 2.67664e-17
8754.60764 2.68790e-17
8756.60606 2.68586e-17
8758.60447 2.67215e-17
8760.60288 2.64841e-17
8762.60130 2.62030e-17
8764.60981 2.59235e-17
8766.60822 2.57310e-17
8768.60663 2.56166e-17
8770.60505 2.56409e-17
8772.60346 2.57255e-17
8774.61197 2.58200e-17
8776.61038 2.58728e-17
8778.60880 2.58935e-17
8780.60721 2.58634e-17
8782.61572 2.58022e-17
8784.61413 2.56833e-17
8786.61254 2.55995e-17
8788.61096 2.56255e-17
8790.60937 2.57681e-17
8792.61788 2.59939e-17
8794.61629 2.62606e-17
8796.61471 2.65321e-17
8798.61312 2.67731e-17
8800.61154 2.69025e-17
8802.62004 2.68219e-17
8804.61846 2.65708e-17
8806.61687 2.61830e-17
8808.61529 2.57507e-17
8810.62379 2.53448e-17
8812.62221 2.51304e-17
8814.62062 2.49292e-17
8816.61903 2.46087e-17
8818.61745 2.42359e-17
8820.62596 2.38397e-17
8822.62437 2.35202e-17
8824.62278 2.33400e-17
8826.62120 2.34180e-17
8828.62970 2.36698e-17
8830.62812 2.42238e-17
8832.62653 2.46981e-17
8834.62495 2.47249e-17
8836.62336 2.43699e-17
8838.63187 2.39606e-17
8840.63028 2.37715e-17
8842.62870 2.36337e-17
8844.62711 2.35269e-17
8846.62552 2.33887e-17
8848.63403 2.30985e-17
8850.63244 2.27833e-17
8852.63086 2.26355e-17
8854.62927 2.27188e-17
8856.63778 2.28012e-17
8858.63619 2.26092e-17
8860.63461 2.23288e-17
8862.63302 2.20086e-17
8864.63144 2.16876e-17
8866.63994 2.13804e-17
8868.63836 2.11060e-17
8870.63677 2.08464e-17
8872.63518 2.05935e-17
8874.63360 2.03488e-17
8876.64211 2.00834e-17
8878.64052 1.98583e-17
8880.63893 1.97433e-17
8882.63735 1.97126e-17
8884.64585 1.96923e-17
8886.64427 1.96079e-17
8888.64268 1.94973e-17
8890.64110 1.93322e-17
8892.63951 1.91908e-17
8894.64802 1.91401e-17
8896.64643 1.91675e-17
8898.64485 1.92545e-17
8900.64326 1.93406e-17
8902.65177 1.93587e-17
8904.65018 1.91360e-17
8906.64859 1.88772e-17
8908.64701 1.86377e-17
8910.64542 1.85535e-17
8912.65393 1.87982e-17
8914.65234 1.92994e-17
8916.65076 1.97478e-17
8918.64917 1.97527e-17
8920.64759 1.95174e-17
8922.65609 1.90016e-17
8924.65451 1.83810e-17
8926.65292 1.77895e-17
8928.65133 1.72843e-17
8930.65984 1.67399e-17
8932.65826 1.61187e-17
8934.65667 1.56297e-17
8936.65508 1.56096e-17
8938.65350 1.57508e-17
8940.66200 1.59072e-17
8942.66042 1.59645e-17
8944.65883 1.59108e-17
8946.65725 1.57244e-17
8948.66575 1.55215e-17
8950.66417 1.54893e-17
8952.66258 1.54480e-17
8954.66100 1.52535e-17
8956.65941 1.50201e-17
8958.66792 1.49268e-17
8960.66633 1.49940e-17
8962.66474 1.50042e-17
8964.66316 1.46918e-17
8966.66157 1.43718e-17
8968.67008 1.43183e-17
8970.66849 1.43497e-17
8972.66691 1.42985e-17
8974.66532 1.41011e-17
8976.67383 1.38453e-17
8978.67224 1.35801e-17
8980.67066 1.33011e-17
8982.66907 1.29801e-17
8984.66748 1.27295e-17
8986.67599 1.26825e-17
8988.67441 1.27675e-17
8990.67282 1.28385e-17
8992.67123 1.27714e-17
8994.66965 1.26700e-17
8996.67815 1.25896e-17
8998.67657 1.25241e-17
9000.67498 1.24569e-17
9002.67340 1.24484e-17
9004.68190 1.25969e-17
9006.68032 1.28785e-17
9008.67873 1.31147e-17
9010.67714 1.30579e-17
9012.67556 1.28856e-17
9014.68407 1.26299e-17
9016.68248 1.23746e-17
9018.68089 1.21959e-17
9020.67931 1.20948e-17
9022.67772 1.19575e-17
9024.68623 1.16817e-17
9026.68464 1.14435e-17
9028.68306 1.14398e-17
9030.68147 1.15269e-17
9032.68998 1.16013e-17
9034.68839 1.16445e-17
9036.68681 1.17216e-17
9038.68522 1.18613e-17
9040.68363 1.20153e-17
9042.69214 1.21302e-17
9044.69056 1.22389e-17
9046.68897 1.23605e-17
9048.68738 1.24820e-17
9050.68580 1.25772e-17
9052.69430 1.26419e-17
9054.69272 1.27142e-17
9056.69113 1.28617e-17
9058.68955 1.29739e-17
9060.69805 1.29121e-17
9062.69647 1.28168e-17
9064.69488 1.28505e-17
9066.69330 1.30435e-17
9068.69171 1.32464e-17
9070.70022 1.33189e-17
9072.69863 1.33339e-17
9074.69704 1.32795e-17
9076.69546 1.32112e-17
9078.69387 1.31401e-17
9080.70238 1.31375e-17
9082.70079 1.32681e-17
9084.69921 1.35853e-17
9086.69762 1.39209e-17
9088.70613 1.40999e-17
9090.70454 1.41558e-17
9092.70296 1.40360e-17
9094.70137 1.38207e-17
9096.69978 1.35754e-17
9098.70829 1.34057e-17
9100.70671 1.33190e-17
9102.70512 1.34208e-17
9104.70353 1.35919e-17
9106.70195 1.37724e-17
9108.71045 1.39462e-17
9110.70887 1.41430e-17
9112.70728 1.43262e-17
9114.70570 1.44382e-17
9116.71420 1.43871e-17
9118.71262 1.43113e-17
9120.71103 1.43603e-17
9122.70945 1.44147e-17
9124.70786 1.43830e-17
9126.71637 1.42171e-17
9128.71478 1.39287e-17
9130.71319 1.35311e-17
9132.71161 1.31578e-17
9134.72012 1.30078e-17
9136.71853 1.29692e-17
9138.71694 1.30422e-17
9140.71536 1.31088e-17
9142.71377 1.30519e-17
9144.72228 1.28018e-17
9146.72069 1.25478e-17
9148.71911 1.24960e-17
9150.71752 1.25831e-17
9152.71593 1.29434e-17
9154.72444 1.33263e-17
9156.72286 1.34664e-17
9158.72127 1.32564e-17
9160.71968 1.29688e-17
9162.72819 1.28586e-17
9164.72660 1.27994e-17
9166.72502 1.27663e-17
9168.72343 1.27744e-17
9170.72185 1.28579e-17
9172.73035 1.29892e-17
9174.72877 1.31222e-17
9176.72718 1.31950e-17
9178.72559 1.32233e-17
9180.73410 1.31577e-17
9182.73252 1.30858e-17
9184.73093 1.30590e-17
9186.72934 1.31145e-17
9188.72776 1.32651e-17
9190.73626 1.35002e-17
9192.73468 1.37232e-17
9194.73309 1.37331e-17
9196.73151 1.37332e-17
9198.72992 1.38710e-17
9200.73843 1.40605e-17
9202.73684 1.41480e-17
9204.73526 1.40888e-17
9206.73367 1.40410e-17
9208.74218 1.41911e-17
9210.74059 1.43497e-17
9212.73901 1.43584e-17
9214.73742 1.43383e-17
9216.73583 1.44203e-17
9218.74434 1.46363e-17
9220.74275 1.48991e-17
9222.74117 1.51345e-17
9224.73958 1.53125e-17
9226.73800 1.53244e-17
9228.74650 1.52750e-17
9230.74492 1.52521e-17
9232.74333 1.52525e-17
9234.74175 1.51989e-17
9236.75025 1.50491e-17
9238.74867 1.48834e-17
9240.74708 1.47637e-17
9242.74549 1.47100e-17
9244.74391 1.47737e-17
9246.75242 1.49204e-17
9248.75083 1.51212e-17
9250.74924 1.53134e-17
9252.74766 1.54607e-17
9254.75616 1.54420e-17
9256.75458 1.54356e-17
9258.75299 1.56170e-17
9260.75141 1.58565e-17
9262.74982 1.60306e-17
9264.75833 1.60486e-17
9266.75674 1.59484e-17
9268.75516 1.57176e-17
9270.75357 1.54475e-17
9272.75198 1.52074e-17
9274.76049 1.50372e-17
9276.75890 1.49706e-17
9278.75732 1.50148e-17
9280.75573 1.51654e-17
9282.76424 1.53871e-17
9284.76265 1.55647e-17
9286.76107 1.54581e-17
9288.75948 1.52962e-17
9290.75790 1.52419e-17
9292.76640 1.52522e-17
9294.76482 1.51738e-17
9296.76323 1.49613e-17
9298.76164 1.47786e-17
9300.76006 1.48115e-17
9302.76857 1.49926e-17
9304.76698 1.54920e-17
9306.76539 1.59568e-17
9308.76381 1.60367e-17
9310.77231 1.56000e-17
9312.77073 1.49465e-17
9314.76914 1.43151e-17
9316.76756 1.39329e-17
9318.76597 1.44165e-17
9320.77448 1.50891e-17
9322.77289 1.53631e-17
9324.77131 1.51018e-17
9326.76972 1.47032e-17
9328.77823 1.44503e-17
9330.77664 1.42311e-17
9332.77505 1.40108e-17
9334.77347 1.39167e-17
9336.77188 1.41358e-17
9338.78039 1.45080e-17
9340.77880 1.48492e-17
9342.77722 1.49104e-17
9344.77563 1.46956e-17
9346.77405 1.37420e-17
9348.78255 1.29662e-17
9350.78097 1.32126e-17
9352.77938 1.40197e-17
9354.77779 1.47683e-17
9356.78630 1.50404e-17
9358.78471 1.51313e-17
9360.78313 1.51216e-17
9362.78154 1.50103e-17
9364.77996 1.47870e-17
9366.78846 1.45457e-17
9368.78688 1.42502e-17
9370.78529 1.41154e-17
9372.78371 1.44081e-17
9374.79221 1.54249e-17
9376.79063 1.64826e-17
9378.78904 1.69329e-17
9380.78746 1.69252e-17
9382.78587 1.63440e-17
9384.79438 1.55012e-17
9386.79279 1.47193e-17
9388.79120 1.43597e-17
9390.78962 1.41574e-17
9392.78803 1.39752e-17
9394.79654 1.38834e-17
9396.79495 1.39504e-17
9398.79337 1.40657e-17
9400.79178 1.40654e-17
9402.80029 1.39406e-17
9404.79870 1.39508e-17
9406.79712 1.44753e-17
9408.79553 1.50143e-17
9410.79394 1.51957e-17
9412.80245 1.51421e-17
9414.80086 1.50087e-17
9416.79928 1.48608e-17
9418.79769 1.46077e-17
9420.79611 1.42137e-17
9422.80461 1.39044e-17
9424.80303 1.39982e-17
9426.80144 1.42554e-17
9428.79986 1.45874e-17
9430.80836 1.48015e-17
9432.80678 1.47702e-17
9434.80519 1.43766e-17
9436.80361 1.39384e-17
9438.80202 1.38178e-17
9440.81053 1.38689e-17
9442.80894 1.41905e-17
9444.80735 1.45332e-17
9446.80577 1.46389e-17
9448.81428 1.43476e-17
9450.81269 1.39286e-17
9452.81110 1.35516e-17
9454.80952 1.34140e-17
9456.80793 1.40540e-17
9458.81644 1.48202e-17
9460.81485 1.50083e-17
9462.81327 1.44382e-17
9464.81168 1.37244e-17
9466.81009 1.34165e-17
9468.81860 1.33924e-17
9470.81702 1.39069e-17
9472.81543 1.46383e-17
9474.81384 1.54807e-17
9476.82235 1.60997e-17
9478.82076 1.63004e-17
9480.81918 1.58162e-17
9482.81759 1.50754e-17
9484.81601 1.43485e-17
9486.82451 1.38149e-17
9488.82293 1.37697e-17
9490.82134 1.40562e-17
9492.81976 1.44587e-17
9494.81817 1.46818e-17
9496.82668 1.46697e-17
9498.82509 1.40239e-17
9500.82350 1.32839e-17
9502.82192 1.27365e-17
9504.83043 1.24797e-17
9506.82884 1.25535e-17
9508.82725 1.28937e-17
9510.82567 1.33147e-17
9512.82408 1.35721e-17
9514.83259 1.36940e-17
9516.83100 1.34674e-17
9518.82942 1.32101e-17
9520.82783 1.32505e-17
9522.82624 1.35569e-17
9524.83475 1.38124e-17
9526.83317 1.37246e-17
9528.83158 1.34754e-17
9530.82999 1.30150e-17
9532.83850 1.25952e-17
9534.83691 1.24722e-17
9536.83533 1.25576e-17
9538.83374 1.26227e-17
9540.83216 1.24915e-17
9542.84066 1.22933e-17
9544.83908 1.20310e-17
9546.83749 1.18409e-17
9548.83591 1.18905e-17
9550.83432 1.20734e-17
9552.84283 1.22809e-17
9554.84124 1.23857e-17
9556.83965 1.23825e-17
9558.83807 1.21709e-17
9560.84658 1.19071e-17
9562.84499 1.17209e-17
9564.84340 1.15635e-17
9566.84182 1.13787e-17
9568.84023 1.11552e-17
9570.84874 1.09122e-17
9572.84715 1.06711e-17
9574.84557 1.04864e-17
9576.84398 1.04170e-17
9578.84239 1.04846e-17
9580.85090 1.07898e-17
9582.84931 1.11928e-17
9584.84773 1.15362e-17
9586.84614 1.16331e-17
9588.85465 1.15741e-17
9590.85306 1.12761e-17
9592.85148 1.09535e-17
9594.84989 1.07188e-17
9596.84831 1.06574e-17
9598.85681 1.08281e-17
9600.85523 1.11963e-17
9602.85364 1.15798e-17
9604.85206 1.17316e-17
9606.86056 1.17555e-17
9608.85898 1.15416e-17
9610.85739 1.13370e-17
9612.85580 1.13986e-17
9614.85422 1.17439e-17
9616.86273 1.21165e-17
9618.86114 1.22629e-17
9620.85955 1.22512e-17
9622.85797 1.19204e-17
9624.85638 1.15451e-17
9626.86489 1.13201e-17
9628.86330 1.13226e-17
9630.86172 1.15069e-17
9632.86013 1.18050e-17
9634.86864 1.20218e-17
9636.86705 1.16699e-17
9638.86547 1.13115e-17
9640.86388 1.13477e-17
9642.86229 1.16644e-17
9644.87080 1.19936e-17
9646.86921 1.21367e-17
9648.86763 1.21904e-17
9650.86604 1.21361e-17
9652.86446 1.20310e-17
9654.87296 1.18739e-17
9656.87138 1.17650e-17
9658.86979 1.18028e-17
9660.86821 1.19951e-17
9662.87671 1.22254e-17
9664.87513 1.23732e-17
9666.87354 1.24638e-17
9668.87195 1.24551e-17
9670.87037 1.23816e-17
9672.87888 1.22348e-17
9674.87729 1.20858e-17
9676.87570 1.20026e-17
9678.87412 1.20639e-17
9680.88262 1.21673e-17
9682.88104 1.22318e-17
9684.87945 1.22740e-17
9686.87787 1.22715e-17
9688.87628 1.22606e-17
9690.88479 1.23044e-17
9692.88320 1.24138e-17
9694.88162 1.24842e-17
9696.88003 1.23613e-17
9698.87844 1.21708e-17
9700.88695 1.19175e-17
9702.88536 1.17101e-17
9704.88378 1.16281e-17
9706.88219 1.17222e-17
9708.89070 1.19332e-17
9710.88911 1.22350e-17
9712.88753 1.24715e-17
9714.88594 1.23647e-17
9716.88436 1.21770e-17
9718.89286 1.21721e-17
9720.89128 1.23481e-17
9722.88969 1.24388e-17
9724.88810 1.22534e-17
9726.89661 1.21216e-17
9728.89503 1.24708e-17
9730.89344 1.29087e-17
9732.89185 1.31958e-17
9734.89027 1.32789e-17
9736.89877 1.32361e-17
9738.89719 1.31420e-17
9740.89560 1.30826e-17
9742.89402 1.33110e-17
9744.89243 1.35248e-17
9746.90094 1.35495e-17
9748.89935 1.33905e-17
9750.89776 1.30606e-17
9752.89618 1.26691e-17
9754.90469 1.23640e-17
9756.90310 1.24127e-17
9758.90151 1.25174e-17
9760.89993 1.25077e-17
9762.89834 1.23705e-17
9764.90685 1.20510e-17
9766.90526 1.16561e-17
9768.90368 1.13636e-17
9770.90209 1.13863e-17
9772.90051 1.14902e-17
9774.90901 1.14905e-17
9776.90743 1.14755e-17
9778.90584 1.14739e-17
9780.90425 1.15362e-17
9782.91276 1.17172e-17
9784.91118 1.20290e-17
9786.90959 1.23233e-17
9788.90800 1.23673e-17
9790.90642 1.23237e-17
9792.91492 1.22618e-17
9794.91334 1.21696e-17
9796.91175 1.19718e-17
9798.91017 1.16936e-17
9800.91867 1.14523e-17
9802.91709 1.14201e-17
9804.91550 1.14690e-17
9806.91392 1.15725e-17
9808.91233 1.16730e-17
9810.92084 1.17144e-17
9812.91925 1.17034e-17
9814.91766 1.17352e-17
9816.91608 1.19008e-17
9818.91449 1.20315e-17
9820.92300 1.19754e-17
9822.92141 1.17771e-17
9824.91983 1.14036e-17
9826.91824 1.09715e-17
9828.92675 1.05878e-17
9830.92516 1.03994e-17
9832.92358 1.03353e-17
9834.92199 1.04040e-17
9836.92040 1.05779e-17
9838.92891 1.09461e-17
9840.92733 1.12858e-17
9842.92574 1.13170e-17
9844.92415 1.09578e-17
9846.92257 1.06226e-17
9848.93107 1.08569e-17
9850.92949 1.11969e-17
9852.92790 1.14442e-17
9854.92632 1.15591e-17
9856.93482 1.15560e-17
9858.93324 1.14390e-17
9860.93165 1.12418e-17
9862.93007 1.10035e-17
9864.92848 1.07418e-17
9866.93699 1.04269e-17
9868.93540 1.02089e-17
9870.93381 1.02615e-17
9872.93223 1.05210e-17
9874.94074 1.07874e-17
9876.93915 1.08711e-17
9878.93756 1.09147e-17
9880.93598 1.10195e-17
9882.93439 1.10887e-17
9884.94290 1.10720e-17
9886.94131 1.09490e-17
9888.93973 1.06783e-17
9890.93814 1.03197e-17
9892.93655 1.00579e-17
9894.94506 1.02744e-17
9896.94348 1.05415e-17
9898.94189 1.05767e-17
9900.94030 1.04717e-17
9902.94881 1.03958e-17
9904.94722 1.04057e-17
9906.94564 1.03779e-17
9908.94405 1.01960e-17
9910.94247 1.01016e-17
9912.95097 1.03779e-17
9914.94939 1.08050e-17
9916.94780 1.12805e-17
9918.94621 1.15935e-17
9920.95472 1.16164e-17
9922.95314 1.11791e-17
9924.95155 1.06796e-17
9926.94996 1.05757e-17
9928.94838 1.06051e-17
9930.95689 1.06305e-17
9932.95530 1.06289e-17
9934.95371 1.06976e-17
9936.95213 1.08286e-17
9938.95054 1.08795e-17
9940.95905 1.04747e-17
9942.95746 1.01725e-17
9944.95588 1.04481e-17
9946.95429 1.10338e-17
9948.96280 1.16624e-17
9950.96121 1.19630e-17
9952.95963 1.18104e-17
9954.95804 1.07205e-17
9956.95645 9.67356e-18
9958.96496 9.61843e-18
9960.96337 1.00778e-17
9962.96179 1.06786e-17
9964.96020 1.10646e-17
9966.95862 1.11965e-17
9968.96712 1.08715e-17
9970.96554 1.04816e-17
9972.96395 1.04524e-17
9974.96236 1.05307e-17
9976.97087 1.05004e-17
9978.96929 1.04419e-17
9980.96770 1.06227e-17
9982.96611 1.11479e-17
9984.96453 1.16202e-17
9986.97304 1.14400e-17
9988.97145 1.10863e-17
9990.96986 1.07510e-17
9992.96828 1.04828e-17
9994.97678 1.01879e-17
9996.97520 9.91050e-18
9998.97361 9.75867e-18
10000.97203 9.92489e-18
10002.97044 1.01804e-17
