# wavelength flux
3300.63354 7.82411e-18
3303.62802 8.50431e-18
3306.63252 1.15785e-17
3309.63702 9.68803e-18
3312.63151 8.91189e-18
3315.63601 8.74512e-18
3318.64051 8.84340e-18
3321.64501 7.65531e-18
3324.63949 6.23587e-18
3327.64399 6.76380e-18
3330.64849 7.95631e-18
3333.64298 8.18815e-18
3336.64748 7.05914e-18
3339.65198 8.20484e-18
3342.64646 8.00507e-18
3345.65096 6.70847e-18
3348.65546 9.04966e-18
3351.64995 9.37062e-18
3354.65445 9.15962e-18
3357.65895 9.37588e-18
3360.66345 8.97935e-18
3363.65793 8.82418e-18
3366.66243 8.52611e-18
3369.66693 8.72215e-18
3372.66142 9.41514e-18
3375.66592 8.63709e-18
3378.67042 8.94588e-18
3381.66490 9.02260e-18
3384.66940 9.02685e-18
3387.67390 8.74358e-18
3390.66839 8.59825e-18
3393.67289 9.05826e-18
3396.67739 9.25190e-18
3399.68189 8.84192e-18
3402.67637 9.08393e-18
3405.68087 8.61325e-18
3408.68537 8.86416e-18
3411.67986 9.19273e-18
3414.68436 8.53084e-18
3417.68886 8.38409e-18
3420.68334 8.77012e-18
3423.68784 8.98629e-18
3426.69234 9.17447e-18
3429.69684 8.86645e-18
3432.69133 8.74213e-18
3435.69583 8.96419e-18
3438.70033 9.18789e-18
3441.69481 8.85919e-18
3444.69931 8.50020e-18
3447.70381 8.88389e-18
3450.69830 9.28662e-18
3453.70280 9.38348e-18
3456.70730 9.00166e-18
3459.70178 8.93491e-18
3462.70628 8.72382e-18
3465.71078 8.75120e-18
3468.71528 8.38592e-18
3471.70977 8.86502e-18
3474.71427 9.63528e-18
3477.71877 9.13079e-18
3480.71325 9.35102e-18
3483.71775 9.16653e-18
3486.72225 9.08489e-18
3489.71673 9.11410e-18
3492.72123 8.86383e-18
3495.72573 8.93904e-18
3498.73023 9.42267e-18
3501.72472 8.90714e-18
3504.72922 8.84089e-18
3507.73372 8.92580e-18
3510.72820 8.65325e-18
3513.73270 8.75236e-18
3516.73720 8.97010e-18
3519.73169 9.14631e-18
3522.73619 9.15707e-18
3525.74069 8.67691e-18
3528.74519 8.51884e-18
3531.73967 8.65726e-18
3534.74417 8.87703e-18
3537.74867 8.89477e-18
3540.74316 8.91306e-18
3543.74766 8.53309e-18
3546.75216 8.06784e-18
3549.74665 8.44905e-18
3552.75115 8.50788e-18
3555.75565 8.05191e-18
3558.75013 8.12070e-18
3561.75463 7.90145e-18
3564.75913 7.94894e-18
3567.76363 8.37530e-18
3570.75812 8.17556e-18
3573.76262 8.11859e-18
3576.76712 7.83590e-18
3579.76160 7.99355e-18
3582.76610 8.19323e-18
3585.77060 8.14444e-18
3588.76508 7.96464e-18
3591.76959 8.14593e-18
3594.77409 8.27277e-18
3597.77859 8.10002e-18
3600.77307 8.04092e-18
3603.77757 8.42314e-18
3606.78207 8.50209e-18
3609.77655 8.15432e-18
3612.78105 8.02621e-18
3615.78555 8.37788e-18
3618.78004 8.74434e-18
3621.78454 8.80806e-18
3624.78904 9.21044e-18
3627.78353 9.35165e-18
3630.78803 9.15859e-18
3633.79253 9.22557e-18
3636.79703 9.40379e-18
3639.79151 9.84432e-18
3642.79601 1.02798e-17
3645.80051 1.01924e-17
3648.79500 1.03151e-17
3651.79950 1.06407e-17
3654.80400 1.09815e-17
3657.79848 1.08617e-17
3660.80298 1.10209e-17
3663.80748 1.12647e-17
3666.81198 1.16847e-17
3669.80647 1.19022e-17
3672.81097 1.19956e-17
3675.81547 1.17024e-17
3678.80995 1.14937e-17
3681.81445 1.13992e-17
3684.81895 1.15565e-17
3687.81344 1.17515e-17
3690.81794 1.15061e-17
3693.82244 1.14203e-17
3696.81692 1.18122e-17
3699.82142 1.23472e-17
3702.82592 1.22431e-17
3705.83042 1.20528e-17
3708.82491 1.21437e-17
3711.82941 1.22774e-17
3714.83391 1.17484e-17
3717.82839 1.12367e-17
3720.83289 1.13314e-17
3723.83739 1.11797e-17
3726.83188 1.06546e-17
3729.83638 1.07825e-17
3732.84088 1.07030e-17
3735.83536 1.04274e-17
3738.83986 1.01398e-17
3741.84436 1.00623e-17
3744.84886 9.60954e-18
3747.84335 9.36516e-18
3750.84785 9.37311e-18
3753.85235 9.24628e-18
3756.84683 9.10920e-18
3759.85133 8.97803e-18
3762.85583 8.94045e-18
3765.85032 8.92485e-18
3768.85482 8.93137e-18
3771.85932 8.76539e-18
3774.86382 8.62687e-18
3777.85830 8.64379e-18
3780.86280 8.69547e-18
3783.86730 8.65010e-18
3786.86179 8.80345e-18
3789.86629 9.07988e-18
3792.87079 9.13014e-18
3795.86527 9.08768e-18
3798.86977 9.12885e-18
3801.87427 9.29221e-18
3804.87877 9.50398e-18
3807.87326 9.65992e-18
3810.87776 9.61550e-18
3813.88226 9.89615e-18
3816.87674 1.02086e-17
3819.88124 1.05169e-17
3822.88574 1.09144e-17
3825.88023 1.12984e-17
3828.88473 1.15873e-17
3831.88923 1.21336e-17
3834.88371 1.25791e-17
3837.88821 1.26487e-17
3840.89271 1.29357e-17
3843.89721 1.32653e-17
3846.89170 1.36832e-17
3849.89620 1.38487e-17
3852.90070 1.42826e-17
3855.89518 1.49352e-17
3858.89968 1.53755e-17
3861.90418 1.56050e-17
3864.89867 1.57279e-17
3867.90317 1.60709e-17
3870.90767 1.66976e-17
3873.90215 1.69466e-17
3876.90665 1.71254e-17
3879.91115 1.74659e-17
3882.91565 1.76211e-17
3885.91014 1.79859e-17
3888.91464 1.81688e-17
3891.91914 1.82997e-17
3894.91362 1.83389e-17
3897.91812 1.87329e-17
3900.92262 1.89046e-17
3903.91711 1.91431e-17
3906.92161 1.91725e-17
3909.92611 1.88778e-17
3912.93061 1.85081e-17
3915.92509 1.86087e-17
3918.92959 1.89670e-17
3921.93409 1.88154e-17
3924.92858 1.85457e-17
3927.93308 1.83842e-17
3930.93758 1.81057e-17
3933.93206 1.81310e-17
3936.93656 1.80794e-17
3939.94106 1.80461e-17
3942.94556 1.86406e-17
3945.94005 1.85901e-17
3948.94455 1.84178e-17
3951.94905 1.91398e-17
3954.94353 1.94114e-17
3957.94803 1.91905e-17
3960.95253 1.89310e-17
3963.94702 1.89679e-17
3966.95152 1.91374e-17
3969.95602 1.88431e-17
3972.95050 1.90266e-17
3975.95500 1.91639e-17
3978.95950 1.89858e-17
3981.96400 1.90919e-17
3984.95849 1.90506e-17
3987.96299 1.92112e-17
3990.96749 1.96022e-17
3993.96197 1.96080e-17
3996.96647 1.93579e-17
3999.97097 1.94307e-17
4002.96546 1.92353e-17
4005.96996 1.88874e-17
4008.97446 1.87324e-17
4011.97896 1.86989e-17
4014.97344 1.89863e-17
4017.97794 1.88944e-17
4020.98244 1.87096e-17
4023.97692 1.86751e-17
4026.98142 1.83229e-17
4029.98592 1.84040e-17
4032.98041 1.82111e-17
4035.98491 1.79905e-17
4038.98941 1.75968e-17
4041.98389 1.73895e-17
4044.98839 1.71665e-17
4047.99289 1.67806e-17
4050.99739 1.67201e-17
4053.99188 1.66328e-17
4056.99638 1.65693e-17
4060.00088 1.66424e-17
4062.99537 1.64817e-17
4065.99987 1.59941e-17
4069.00437 1.58534e-17
4071.99885 1.59076e-17
4075.00335 1.55879e-17
4078.00785 1.51127e-17
4081.01235 1.49150e-17
4084.00684 1.47265e-17
4087.01134 1.45435e-17
4090.01584 1.45525e-17
4093.01032 1.44425e-17
4096.01482 1.41495e-17
4099.01932 1.39988e-17
4102.01381 1.37743e-17
4105.01831 1.34298e-17
4108.02281 1.32926e-17
4111.01729 1.31501e-17
4114.02179 1.30085e-17
4117.02629 1.29423e-17
4120.03079 1.27432e-17
4123.02528 1.26349e-17
4126.02978 1.26058e-17
4129.03428 1.25800e-17
4132.02876 1.24289e-17
4135.03326 1.22344e-17
4138.03776 1.22260e-17
4141.03225 1.20879e-17
4144.03675 1.19529e-17
4147.04125 1.18813e-17
4150.04575 1.17358e-17
4153.04023 1.16168e-17
4156.04473 1.14543e-17
4159.04923 1.16925e-17
4162.04372 1.16839e-17
4165.04822 1.14292e-17
4168.05272 1.15613e-17
4171.04720 1.18507e-17
4174.05170 1.19657e-17
4177.05620 1.17131e-17
4180.05069 1.17627e-17
4183.05519 1.21305e-17
4186.05969 1.22148e-17
4189.06419 1.21744e-17
4192.05867 1.23461e-17
4195.06317 1.25142e-17
4198.06767 1.25153e-17
4201.06216 1.25942e-17
4204.06666 1.28951e-17
4207.07116 1.32317e-17
4210.06564 1.32797e-17
4213.07014 1.32567e-17
4216.07464 1.33776e-17
4219.06912 1.35931e-17
4222.07362 1.39766e-17
4225.07812 1.40088e-17
4228.08263 1.40137e-17
4231.07711 1.42326e-17
4234.08161 1.43147e-17
4237.08611 1.46660e-17
4240.08059 1.49239e-17
4243.08509 1.48207e-17
4246.08959 1.48570e-17
4249.08408 1.50562e-17
4252.08858 1.51887e-17
4255.09308 1.53624e-17
4258.09758 1.57499e-17
4261.09207 1.58124e-17
4264.09656 1.57207e-17
4267.10106 1.59464e-17
4270.09555 1.60679e-17
4273.10005 1.59234e-17
4276.10455 1.58272e-17
4279.09904 1.60835e-17
4282.10354 1.62290e-17
4285.10804 1.61674e-17
4288.11254 1.61621e-17
4291.10702 1.61948e-17
4294.11152 1.64482e-17
4297.11602 1.65728e-17
4300.11051 1.63964e-17
4303.11501 1.65097e-17
4306.11951 1.66138e-17
4309.11399 1.62666e-17
4312.11849 1.58853e-17
4315.12299 1.57387e-17
4318.11748 1.55823e-17
4321.12198 1.53558e-17
4324.12648 1.53268e-17
4327.13098 1.52115e-17
4330.12546 1.49944e-17
4333.12996 1.49836e-17
4336.13446 1.49531e-17
4339.12895 1.48349e-17
4342.13345 1.46354e-17
4345.13795 1.43810e-17
4348.13243 1.42122e-17
4351.13693 1.40040e-17
4354.14143 1.39335e-17
4357.14593 1.38477e-17
4360.14041 1.36795e-17
4363.14491 1.36469e-17
4366.14941 1.35543e-17
4369.14390 1.34439e-17
4372.14840 1.33708e-17
4375.15290 1.33793e-17
4378.14739 1.34457e-17
4381.15189 1.33216e-17
4384.15639 1.32362e-17
4387.15087 1.33200e-17
4390.15537 1.33699e-17
4393.15987 1.33934e-17
4396.16437 1.33838e-17
4399.15885 1.36273e-17
4402.16335 1.37162e-17
4405.16785 1.38072e-17
4408.16234 1.41498e-17
4411.16684 1.43742e-17
4414.17134 1.45460e-17
4417.16583 1.48001e-17
4420.17033 1.51230e-17
4423.17483 1.51337e-17
4426.16931 1.55339e-17
4429.17381 1.58398e-17
4432.17831 1.58201e-17
4435.18281 1.61462e-17
4438.17730 1.63521e-17
4441.18180 1.66444e-17
4444.18630 1.67828e-17
4447.18078 1.70687e-17
4450.18528 1.72329e-17
4453.18978 1.74004e-17
4456.18427 1.76278e-17
4459.18877 1.77998e-17
4462.19327 1.79679e-17
4465.19777 1.82664e-17
4468.19225 1.86474e-17
4471.19675 1.89333e-17
4474.20125 1.90804e-17
4477.19574 1.93556e-17
4480.20024 1.95424e-17
4483.20474 1.96105e-17
4486.19922 1.94961e-17
4489.20372 1.99148e-17
4492.20822 2.04357e-17
4495.21272 2.04488e-17
4498.20721 2.01384e-17
4501.21171 2.04040e-17
4504.21621 2.08164e-17
4507.21069 2.10401e-17
4510.21519 2.09867e-17
4513.21969 2.09641e-17
4516.21418 2.09212e-17
4519.21868 2.09810e-17
4522.22318 2.08822e-17
4525.21766 2.07233e-17
4528.22216 2.05807e-17
4531.22666 2.04981e-17
4534.23116 2.04945e-17
4537.22565 2.05937e-17
4540.23015 2.04759e-17
4543.23465 2.04048e-17
4546.22913 2.00511e-17
4549.23363 1.98580e-17
4552.23813 1.98451e-17
4555.23261 1.98093e-17
4558.23711 1.96326e-17
4561.24161 1.93466e-17
4564.24611 1.88408e-17
4567.24060 1.83879e-17
4570.24510 1.82889e-17
4573.24960 1.82305e-17
4576.24409 1.79701e-17
4579.24859 1.79060e-17
4582.25309 1.77215e-17
4585.24757 1.73954e-17
4588.25207 1.71053e-17
4591.25657 1.70965e-17
4594.25105 1.70178e-17
4597.25555 1.67028e-17
4600.26005 1.64990e-17
4603.26455 1.63493e-17
4606.25904 1.61292e-17
4609.26354 1.60057e-17
4612.26804 1.58688e-17
4615.26253 1.56130e-17
4618.26703 1.56120e-17
4621.27153 1.55467e-17
4624.26601 1.52087e-17
4627.27051 1.48723e-17
4630.27501 1.46818e-17
4633.26950 1.45129e-17
4636.27400 1.41363e-17
4639.27850 1.38490e-17
4642.28300 1.38964e-17
4645.27748 1.37392e-17
4648.28198 1.34980e-17
4651.28648 1.32921e-17
4654.28097 1.32116e-17
4657.28547 1.32631e-17
4660.28997 1.31384e-17
4663.28445 1.29832e-17
4666.28895 1.31001e-17
4669.29345 1.31830e-17
4672.29795 1.32329e-17
4675.29244 1.33222e-17
4678.29694 1.34814e-17
4681.30144 1.36369e-17
4684.29592 1.37677e-17
4687.30042 1.40753e-17
4690.30492 1.43288e-17
4693.29941 1.43628e-17
4696.30391 1.44501e-17
4699.30841 1.46606e-17
4702.31291 1.47256e-17
4705.30739 1.49003e-17
4708.31189 1.50434e-17
4711.31639 1.50587e-17
4714.31088 1.50982e-17
4717.31538 1.52539e-17
4720.31988 1.54932e-17
4723.31436 1.54832e-17
4726.31886 1.55505e-17
4729.32336 1.58363e-17
4732.31784 1.59271e-17
4735.32234 1.58863e-17
4738.32684 1.59247e-17
4741.33134 1.62830e-17
4744.32583 1.64666e-17
4747.33033 1.64974e-17
4750.33483 1.67635e-17
4753.32931 1.71574e-17
4756.33381 1.75560e-17
4759.33831 1.76207e-17
4762.33280 1.75659e-17
4765.33730 1.76412e-17
4768.34180 1.76689e-17
4771.33629 1.78736e-17
4774.34079 1.79984e-17
4777.34528 1.81319e-17
4780.34978 1.82647e-17
4783.34427 1.81858e-17
4786.34877 1.81166e-17
4789.35327 1.82692e-17
4792.34776 1.83333e-17
4795.35226 1.82610e-17
4798.35676 1.83242e-17
4801.35124 1.83349e-17
4804.35574 1.82169e-17
4807.36024 1.80943e-17
4810.36474 1.80498e-17
4813.35923 1.80441e-17
4816.36373 1.78294e-17
4819.36823 1.76424e-17
4822.36271 1.77870e-17
4825.36721 1.77319e-17
4828.37171 1.76016e-17
4831.36620 1.76517e-17
4834.37070 1.77771e-17
4837.37520 1.78981e-17
4840.37970 1.79995e-17
4843.37418 1.81881e-17
4846.37868 1.84001e-17
4849.38318 1.84288e-17
4852.37766 1.84493e-17
4855.38216 1.84181e-17
4858.38666 1.84775e-17
4861.38115 1.87154e-17
4864.38565 1.88152e-17
4867.39015 1.89364e-17
4870.38464 1.88184e-17
4873.38914 1.87336e-17
4876.39364 1.88540e-17
4879.39814 1.89656e-17
4882.39262 1.89273e-17
4885.39712 1.89607e-17
4888.40162 1.92206e-17
4891.39610 1.93644e-17
4894.40060 1.93745e-17
4897.40510 1.93652e-17
4900.39959 1.92771e-17
4903.40409 1.92801e-17
4906.40859 1.92722e-17
4909.41309 1.91053e-17
4912.40758 1.90509e-17
4915.41208 1.90057e-17
4918.41658 1.89567e-17
4921.41106 1.88269e-17
4924.41556 1.85005e-17
4927.42006 1.84365e-17
4930.41454 1.85391e-17
4933.41904 1.84308e-17
4936.42354 1.81160e-17
4939.41803 1.78714e-17
4942.42253 1.77081e-17
4945.42703 1.77259e-17
4948.43153 1.73867e-17
4951.42602 1.71098e-17
4954.43052 1.69342e-17
4957.43502 1.67368e-17
4960.42950 1.66595e-17
4963.43400 1.65992e-17
4966.43850 1.65380e-17
4969.43299 1.63984e-17
4972.43749 1.62761e-17
4975.44199 1.62354e-17
4978.43647 1.60837e-17
4981.44097 1.59466e-17
4984.44547 1.59757e-17
4987.44997 1.61056e-17
4990.44446 1.59882e-17
4993.44896 1.59112e-17
4996.45346 1.58589e-17
4999.44794 1.59055e-17
5002.45244 1.60585e-17
5005.45694 1.60486e-17
5008.45143 1.60269e-17
5011.45593 1.60351e-17
5014.46043 1.59470e-17
5017.46493 1.60306e-17
5020.45941 1.60844e-17
5023.46391 1.61737e-17
5026.46841 1.63884e-17
5029.46290 1.62831e-17
5032.46740 1.62139e-17
5035.47190 1.63640e-17
5038.46638 1.64000e-17
5041.47088 1.64524e-17
5044.47538 1.65280e-17
5047.47988 1.66580e-17
5050.47437 1.66411e-17
5053.47887 1.65662e-17
5056.48337 1.67678e-17
5059.47785 1.68545e-17
5062.48235 1.68281e-17
5065.48685 1.69598e-17
5068.48134 1.69698e-17
5071.48584 1.67609e-17
5074.49034 1.66774e-17
5077.48482 1.67211e-17
5080.48932 1.67529e-17
5083.49382 1.68840e-17
5086.49832 1.70541e-17
5089.49280 1.69339e-17
5092.49730 1.68918e-17
5095.50180 1.70985e-17
5098.49629 1.70389e-17
5101.50079 1.69329e-17
5104.50529 1.70470e-17
5107.49978 1.70616e-17
5110.50428 1.69882e-17
5113.50878 1.69510e-17
5116.51328 1.69755e-17
5119.50776 1.71028e-17
5122.51226 1.70681e-17
5125.51676 1.70692e-17
5128.51125 1.70693e-17
5131.51575 1.73027e-17
5134.52025 1.74172e-17
5137.51473 1.75546e-17
5140.51923 1.75662e-17
5143.52373 1.76458e-17
5146.51822 1.77710e-17
5149.52272 1.76927e-17
5152.52722 1.76058e-17
5155.53172 1.75724e-17
5158.52620 1.77639e-17
5161.53070 1.79387e-17
5164.53520 1.79614e-17
5167.52969 1.80146e-17
5170.53419 1.79962e-17
5173.53869 1.80835e-17
5176.53317 1.82484e-17
5179.53767 1.82208e-17
5182.54217 1.84706e-17
5185.54667 1.87001e-17
5188.54116 1.87066e-17
5191.54566 1.86394e-17
5194.55016 1.86336e-17
5197.54464 1.87249e-17
5200.54914 1.87191e-17
5203.55364 1.87142e-17
5206.54813 1.89417e-17
5209.55263 1.90651e-17
5212.55713 1.90743e-17
5215.55161 1.91697e-17
5218.55611 1.90282e-17
5221.56061 1.90321e-17
5224.56511 1.91457e-17
5227.55959 1.92459e-17
5230.56409 1.92643e-17
5233.56859 1.92047e-17
5236.56308 1.91261e-17
5239.56758 1.90090e-17
5242.57208 1.90086e-17
5245.56657 1.89755e-17
5248.57107 1.89162e-17
5251.57557 1.89357e-17
5254.58007 1.90234e-17
5257.57455 1.90621e-17
5260.57905 1.89982e-17
5263.58355 1.89995e-17
5266.57803 1.88785e-17
5269.58253 1.87253e-17
5272.58703 1.88857e-17
5275.58152 1.90345e-17
5278.58602 1.88803e-17
5281.59052 1.87655e-17
5284.58501 1.87225e-17
5287.58951 1.86015e-17
5290.59400 1.84762e-17
5293.59850 1.84424e-17
5296.59299 1.84720e-17
5299.59749 1.83273e-17
5302.60199 1.81496e-17
5305.59648 1.81646e-17
5308.60098 1.81277e-17
5311.60548 1.81493e-17
5314.59996 1.81901e-17
5317.60446 1.81199e-17
5320.60896 1.78808e-17
5323.61346 1.78138e-17
5326.60795 1.78252e-17
5329.61245 1.77954e-17
5332.61695 1.78520e-17
5335.61143 1.78442e-17
5338.61593 1.77222e-17
5341.62043 1.76863e-17
5344.61492 1.75980e-17
5347.61942 1.75192e-17
5350.62392 1.74599e-17
5353.61840 1.74730e-17
5356.62290 1.74065e-17
5359.62740 1.73801e-17
5362.63190 1.73679e-17
5365.62639 1.73912e-17
5368.63089 1.74431e-17
5371.63539 1.74257e-17
5374.62987 1.71970e-17
5377.63437 1.70512e-17
5380.63887 1.70194e-17
5383.63335 1.70979e-17
5386.63785 1.72017e-17
5389.64235 1.71493e-17
5392.64685 1.69935e-17
5395.64134 1.69006e-17
5398.64584 1.69804e-17
5401.65034 1.69262e-17
5404.64483 1.66820e-17
5407.64933 1.66291e-17
5410.65383 1.66918e-17
5413.64831 1.65789e-17
5416.65281 1.65276e-17
5419.65731 1.65312e-17
5422.65179 1.64090e-17
5425.65629 1.61819e-17
5428.66079 1.60682e-17
5431.66529 1.60102e-17
5434.65978 1.59850e-17
5437.66428 1.59567e-17
5440.66878 1.59073e-17
5443.66327 1.57957e-17
5446.66777 1.56610e-17
5449.67227 1.54313e-17
5452.66675 1.52750e-17
5455.67125 1.52135e-17
5458.67575 1.53327e-17
5461.68025 1.54142e-17
5464.67474 1.52289e-17
5467.67924 1.49226e-17
5470.68374 1.48149e-17
5473.67822 1.48826e-17
5476.68272 1.48158e-17
5479.68722 1.46243e-17
5482.68171 1.46252e-17
5485.68621 1.46451e-17
5488.69071 1.45706e-17
5491.68519 1.45255e-17
5494.68969 1.45125e-17
5497.69419 1.44369e-17
5500.69869 1.43870e-17
5503.69318 1.44251e-17
5506.69768 1.43379e-17
5509.70218 1.41767e-17
5512.69666 1.40629e-17
5515.70116 1.39906e-17
5518.70566 1.40359e-17
5521.70015 1.39975e-17
5524.70465 1.38428e-17
5527.70915 1.37741e-17
5530.71365 1.38335e-17
5533.70813 1.39692e-17
5536.71263 1.39781e-17
5539.71713 1.39846e-17
5542.71162 1.39473e-17
5545.71612 1.40071e-17
5548.72062 1.41671e-17
5551.71510 1.41809e-17
5554.71960 1.41354e-17
5557.72410 1.39484e-17
5560.71859 1.38263e-17
5563.72309 1.39383e-17
5566.72759 1.39424e-17
5569.73209 1.37846e-17
5572.72657 1.36173e-17
5575.73107 1.35251e-17
5578.73557 1.36288e-17
5581.73005 1.36293e-17
5584.73456 1.34547e-17
5587.73906 1.33962e-17
5590.73354 1.34452e-17
5593.73804 1.34391e-17
5596.74254 1.33420e-17
5599.73703 1.32521e-17
5602.74153 1.32118e-17
5605.74603 1.31581e-17
5608.75053 1.31502e-17
5611.74501 1.31559e-17
5614.74951 1.30836e-17
5617.75401 1.30461e-17
5620.74849 1.30404e-17
5623.75299 1.30378e-17
5626.75749 1.30454e-17
5629.75198 1.30787e-17
5632.75648 1.31010e-17
5635.76098 1.30984e-17
5638.76548 1.30960e-17
5641.75997 1.31380e-17
5644.76447 1.32351e-17
5647.76897 1.32756e-17
5650.76345 1.31121e-17
5653.76795 1.30169e-17
5656.77245 1.31045e-17
5659.76694 1.31380e-17
5662.77144 1.30754e-17
5665.77594 1.31237e-17
5668.78044 1.31319e-17
5671.77492 1.31536e-17
5674.77942 1.32798e-17
5677.78392 1.33046e-17
5680.77841 1.33048e-17
5683.78291 1.33099e-17
5686.78741 1.32825e-17
5689.78189 1.32892e-17
5692.78639 1.33030e-17
5695.79089 1.34225e-17
5698.78538 1.34503e-17
5701.78988 1.34009e-17
5704.79438 1.34098e-17
5707.79888 1.35859e-17
5710.79336 1.36331e-17
5713.79786 1.35853e-17
5716.80236 1.36285e-17
5719.79684 1.35621e-17
5722.80134 1.34298e-17
5725.80584 1.34253e-17
5728.80033 1.34885e-17
5731.80483 1.36021e-17
5734.80933 1.36109e-17
5737.81383 1.35670e-17
5740.80832 1.35056e-17
5743.81282 1.36707e-17
5746.81732 1.37487e-17
5749.81180 1.36807e-17
5752.81630 1.37249e-17
5755.82080 1.37748e-17
5758.81528 1.38633e-17
5761.81978 1.39051e-17
5764.82428 1.38369e-17
5767.82878 1.38953e-17
5770.82327 1.40085e-17
5773.82777 1.40151e-17
5776.83227 1.39964e-17
5779.82676 1.40695e-17
5782.83126 1.40610e-17
5785.83576 1.40697e-17
5788.83024 1.41042e-17
5791.83474 1.40393e-17
5794.83924 1.40142e-17
5797.83373 1.41264e-17
5800.83822 1.42065e-17
5803.84272 1.42032e-17
5806.84722 1.42513e-17
5809.84171 1.42940e-17
5812.84621 1.42325e-17
5815.85071 1.42835e-17
5818.84520 1.43486e-17
5821.84970 1.42964e-17
5824.85420 1.42596e-17
5827.84868 1.42628e-17
5830.85318 1.42910e-17
5833.85768 1.43016e-17
5836.85217 1.42444e-17
5839.85667 1.42513e-17
5842.86117 1.42296e-17
5845.86567 1.41823e-17
5848.86015 1.42840e-17
5851.86465 1.43382e-17
5854.86915 1.43351e-17
5857.86364 1.42992e-17
5860.86814 1.42632e-17
5863.87264 1.41824e-17
5866.86712 1.41308e-17
5869.87162 1.40969e-17
5872.87612 1.40705e-17
5875.88062 1.40186e-17
5878.87511 1.39353e-17
5881.87961 1.37999e-17
5884.88411 1.36596e-17
5887.87859 1.36159e-17
5890.88309 1.35109e-17
5893.88759 1.33925e-17
5896.88208 1.34148e-17
5899.88658 1.35371e-17
5902.89108 1.36295e-17
5905.88556 1.36279e-17
5908.89006 1.36631e-17
5911.89456 1.37194e-17
5914.89906 1.36788e-17
5917.89354 1.36552e-17
5920.89804 1.36718e-17
5923.90254 1.35734e-17
5926.89703 1.36050e-17
5929.90153 1.36267e-17
5932.90603 1.35449e-17
5935.90052 1.34735e-17
5938.90502 1.34277e-17
5941.90952 1.34710e-17
5944.90400 1.35007e-17
5947.90850 1.34185e-17
5950.91300 1.33367e-17
5953.91750 1.33064e-17
5956.91198 1.32699e-17
5959.91648 1.32542e-17
5962.92098 1.31981e-17
5965.91547 1.31480e-17
5968.91997 1.31876e-17
5971.92447 1.32353e-17
5974.91896 1.32100e-17
5977.92346 1.31525e-17
5980.92796 1.31049e-17
5983.93246 1.30343e-17
5986.92694 1.30390e-17
5989.93144 1.30751e-17
5992.93594 1.29997e-17
5995.93043 1.30422e-17
5998.93493 1.30489e-17
6001.93943 1.29559e-17
6004.93391 1.28860e-17
6007.93841 1.28700e-17
6010.94291 1.28931e-17
6013.94741 1.28438e-17
6016.94190 1.27233e-17
6019.94640 1.27046e-17
6022.95090 1.27551e-17
6025.94538 1.27856e-17
6028.94988 1.27842e-17
6031.95438 1.27787e-17
6034.94887 1.27407e-17
6037.95337 1.26554e-17
6040.95787 1.26712e-17
6043.95235 1.26871e-17
6046.95685 1.25713e-17
6049.96135 1.25858e-17
6052.96585 1.26062e-17
6055.96034 1.25964e-17
6058.96484 1.25574e-17
6061.96934 1.25158e-17
6064.96382 1.23968e-17
6067.96832 1.24465e-17
6070.97282 1.25070e-17
6073.96731 1.24407e-17
6076.97181 1.23500e-17
6079.97631 1.23371e-17
6082.98081 1.23591e-17
6085.97529 1.22885e-17
6088.97979 1.21872e-17
6091.98429 1.21306e-17
6094.97878 1.20574e-17
6097.98328 1.18814e-17
6100.98778 1.16684e-17
6103.98226 1.15552e-17
6106.98676 1.14660e-17
6109.99126 1.14069e-17
6112.98574 1.12054e-17
6115.99024 1.11009e-17
6118.99474 1.10142e-17
6121.99924 1.08721e-17
6124.99373 1.07125e-17
6127.99823 1.07016e-17
6131.00273 1.05922e-17
6133.99722 1.04555e-17
6137.00172 1.03640e-17
6140.00622 1.02101e-17
6143.00070 1.00568e-17
6146.00520 9.97334e-18
6149.00970 9.93583e-18
6152.00419 9.85565e-18
6155.00869 9.70090e-18
6158.01319 9.58611e-18
6161.01769 9.49906e-18
6164.01217 9.36264e-18
6167.01667 9.30503e-18
6170.02117 9.23964e-18
6173.01566 9.17931e-18
6176.02016 9.09415e-18
6179.02466 9.04994e-18
6182.01914 8.95624e-18
6185.02364 8.84645e-18
6188.02814 8.85387e-18
6191.03264 8.82951e-18
6194.02713 8.74740e-18
6197.03163 8.71555e-18
6200.03613 8.67247e-18
6203.03061 8.64372e-18
6206.03511 8.63696e-18
6209.03961 8.58358e-18
6212.03409 8.55448e-18
6215.03859 8.58386e-18
6218.04309 8.62806e-18
6221.04760 8.66509e-18
6224.04208 8.66621e-18
6227.04658 8.69351e-18
6230.05108 8.78151e-18
6233.04557 8.79760e-18
6236.05007 8.76009e-18
6239.05457 8.82373e-18
6242.04905 8.88409e-18
6245.05355 8.93376e-18
6248.05805 9.02302e-18
6251.05253 9.07598e-18
6254.05703 9.10366e-18
6257.06153 9.15538e-18
6260.06603 9.18796e-18
6263.06052 9.17099e-18
6266.06502 9.14899e-18
6269.06952 9.14178e-18
6272.06401 9.12154e-18
6275.06851 9.17537e-18
6278.07301 9.27611e-18
6281.06749 9.39235e-18
6284.07199 9.53689e-18
6287.07649 9.66294e-18
6290.08099 9.75483e-18
6293.07547 9.94377e-18
6296.07997 1.01432e-17
6299.08447 1.03620e-17
6302.07896 1.06124e-17
6305.08346 1.08495e-17
6308.08796 1.11107e-17
6311.08245 1.13328e-17
6314.08695 1.15168e-17
6317.09145 1.18129e-17
6320.08593 1.20438e-17
6323.09043 1.21570e-17
6326.09493 1.24011e-17
6329.09943 1.27458e-17
6332.09392 1.29815e-17
6335.09842 1.31790e-17
6338.10292 1.34003e-17
6341.09740 1.36455e-17
6344.10190 1.39267e-17
6347.10640 1.42197e-17
6350.10089 1.44888e-17
6353.10539 1.47597e-17
6356.10989 1.49688e-17
6359.11439 1.51540e-17
6362.10887 1.54013e-17
6365.11337 1.57112e-17
6368.11787 1.59606e-17
6371.11236 1.61606e-17
6374.11686 1.63127e-17
6377.12136 1.65073e-17
6380.11584 1.68010e-17
6383.12034 1.70243e-17
6386.12484 1.73007e-17
6389.11933 1.75835e-17
6392.12383 1.77803e-17
6395.12833 1.79874e-17
6398.13283 1.80947e-17
6401.12731 1.81715e-17
6404.13181 1.82653e-17
6407.13631 1.84012e-17
6410.13080 1.86378e-17
6413.13530 1.88789e-17
6416.13980 1.89307e-17
6419.13428 1.90679e-17
6422.13878 1.93526e-17
6425.14328 1.94886e-17
6428.14778 1.96012e-17
6431.14227 1.97653e-17
6434.14677 1.98761e-17
6437.15127 2.00342e-17
6440.14575 2.01494e-17
6443.15025 2.01657e-17
6446.15475 2.01200e-17
6449.14923 2.01474e-17
6452.15373 2.02050e-17
6455.15823 2.01671e-17
6458.15272 2.01374e-17
6461.15722 2.01837e-17
6464.16172 2.02140e-17
6467.16622 2.01734e-17
6470.16071 2.01768e-17
6473.16521 2.02602e-17
6476.16971 2.02512e-17
6479.16419 2.02301e-17
6482.16869 2.02534e-17
6485.17319 2.02663e-17
6488.16768 2.02669e-17
6491.17218 2.03596e-17
6494.17668 2.05275e-17
6497.17116 2.06175e-17
6500.17566 2.05678e-17
6503.18016 2.04025e-17
6506.18466 2.03830e-17
6509.17915 2.03514e-17
6512.18365 2.01361e-17
6515.18815 2.00375e-17
6518.18263 2.00650e-17
6521.18713 2.00741e-17
6524.19163 2.00681e-17
6527.18612 1.99953e-17
6530.19062 1.98754e-17
6533.19512 1.98338e-17
6536.19962 1.98076e-17
6539.19410 1.97261e-17
6542.19860 1.95923e-17
6545.20310 1.94969e-17
6548.19759 1.93367e-17
6551.20209 1.93118e-17
6554.20659 1.93521e-17
6557.20107 1.93033e-17
6560.20557 1.92249e-17
6563.21007 1.91704e-17
6566.21457 1.91638e-17
6569.20906 1.91257e-17
6572.21356 1.90050e-17
6575.21806 1.89007e-17
6578.21254 1.88220e-17
6581.21704 1.87758e-17
6584.22154 1.86382e-17
6587.21603 1.85714e-17
6590.22053 1.85635e-17
6593.22503 1.85727e-17
6596.22953 1.84987e-17
6599.22401 1.83645e-17
6602.22851 1.82589e-17
6605.23301 1.81790e-17
6608.22750 1.80514e-17
6611.23200 1.79941e-17
6614.23650 1.80202e-17
6617.23098 1.79783e-17
6620.23548 1.79012e-17
6623.23998 1.78241e-17
6626.23447 1.77038e-17
6629.23897 1.75556e-17
6632.24347 1.74922e-17
6635.24797 1.73768e-17
6638.24245 1.72460e-17
6641.24695 1.71705e-17
6644.25145 1.69537e-17
6647.24593 1.66932e-17
6650.25043 1.66330e-17
6653.25493 1.65968e-17
6656.24942 1.65562e-17
6659.25392 1.65008e-17
6662.25842 1.63863e-17
6665.25291 1.63441e-17
6668.25741 1.63397e-17
6671.26191 1.62984e-17
6674.26641 1.62633e-17
6677.26089 1.62132e-17
6680.26539 1.61199e-17
6683.26989 1.60350e-17
6686.26438 1.59782e-17
6689.26888 1.58925e-17
6692.27338 1.57616e-17
6695.26786 1.56529e-17
6698.27236 1.55732e-17
6701.27686 1.54659e-17
6704.28136 1.53059e-17
6707.27585 1.52649e-17
6710.28035 1.51871e-17
6713.28485 1.50225e-17
6716.27933 1.49622e-17
6719.28383 1.49781e-17
6722.28833 1.48985e-17
6725.28282 1.47245e-17
6728.28732 1.45644e-17
6731.29182 1.45021e-17
6734.28630 1.44702e-17
6737.29080 1.43796e-17
6740.29530 1.42569e-17
6743.29980 1.41825e-17
6746.29428 1.41664e-17
6749.29878 1.41763e-17
6752.30328 1.40749e-17
6755.29777 1.39032e-17
6758.30227 1.38515e-17
6761.30677 1.37918e-17
6764.30126 1.37119e-17
6767.30576 1.37173e-17
6770.31026 1.37150e-17
6773.31476 1.36635e-17
6776.30924 1.36102e-17
6779.31374 1.35310e-17
6782.31824 1.34260e-17
6785.31272 1.33469e-17
6788.31722 1.32603e-17
6791.32172 1.31353e-17
6794.31621 1.29978e-17
6797.32071 1.29631e-17
6800.32521 1.30744e-17
6803.31970 1.30921e-17
6806.32420 1.29960e-17
6809.32870 1.29133e-17
6812.33320 1.28028e-17
6815.32768 1.27073e-17
6818.33218 1.26636e-17
6821.33668 1.26214e-17
6824.33117 1.25548e-17
6827.33566 1.24919e-17
6830.34016 1.24539e-17
6833.33465 1.24757e-17
6836.33915 1.25098e-17
6839.34365 1.24196e-17
6842.34815 1.22812e-17
6845.34264 1.21769e-17
6848.34714 1.20771e-17
6851.35164 1.20782e-17
6854.34612 1.21325e-17
6857.35062 1.21837e-17
6860.35512 1.21530e-17
6863.34961 1.20832e-17
6866.35411 1.19942e-17
6869.35861 1.20152e-17
6872.35309 1.18407e-17
6875.35759 1.15324e-17
6878.36209 1.13888e-17
6881.36659 1.14859e-17
6884.36108 1.16116e-17
6887.36558 1.16068e-17
6890.37008 1.14992e-17
6893.36456 1.14037e-17
6896.36906 1.13186e-17
6899.37356 1.11840e-17
6902.36805 1.10459e-17
6905.37255 1.09867e-17
6908.37705 1.10140e-17
6911.38155 1.10453e-17
6914.37603 1.11185e-17
6917.38053 1.11306e-17
6920.38503 1.10237e-17
6923.37952 1.09073e-17
6926.38402 1.08173e-17
6929.38852 1.08038e-17
6932.38300 1.08157e-17
6935.38750 1.09051e-17
6938.39200 1.09529e-17
6941.39650 1.09596e-17
6944.39099 1.08762e-17
6947.39549 1.07540e-17
6950.39999 1.07199e-17
6953.39447 1.07003e-17
6956.39897 1.05893e-17
6959.40347 1.04973e-17
6962.39796 1.04907e-17
6965.40246 1.04981e-17
6968.40696 1.05798e-17
6971.40144 1.06357e-17
6974.40594 1.05713e-17
6977.41044 1.04857e-17
6980.41494 1.03893e-17
6983.40942 1.03602e-17
6986.41392 1.03342e-17
6989.41842 1.02708e-17
6992.41291 1.02459e-17
6995.41741 1.03190e-17
6998.42191 1.03689e-17
7001.41640 1.03225e-17
7004.42090 1.02379e-17
7007.42540 1.01900e-17
7010.41988 1.01099e-17
7013.42438 1.00300e-17
7016.42888 1.00214e-17
7019.43338 9.98074e-18
7022.42787 9.95486e-18
7025.43237 1.00270e-17
7028.43687 1.01233e-17
7031.43135 1.01506e-17
7034.43585 1.01059e-17
7037.44035 1.00830e-17
7040.43484 9.99972e-18
7043.43934 9.90797e-18
7046.44384 9.84638e-18
7049.44834 9.84212e-18
7052.44282 9.88686e-18
7055.44732 9.90853e-18
7058.45182 9.91688e-18
7061.44631 9.88511e-18
7064.45081 9.79592e-18
7067.45531 9.69279e-18
7070.44979 9.65777e-18
7073.45429 9.67668e-18
7076.45879 9.65975e-18
7079.45328 9.62431e-18
7082.45778 9.62970e-18
7085.46228 9.74558e-18
7088.46678 9.80606e-18
7091.46126 9.77455e-18
7094.46576 9.75761e-18
7097.47026 9.69953e-18
7100.46475 9.60247e-18
7103.46925 9.58361e-18
7106.47375 9.54740e-18
7109.46823 9.55455e-18
7112.47273 9.62862e-18
7115.47723 9.62592e-18
7118.48173 9.59428e-18
7121.47622 9.67679e-18
7124.48072 9.70785e-18
7127.48522 9.56450e-18
7130.47970 9.46278e-18
7133.48420 9.49826e-18
7136.48870 9.52797e-18
7139.48319 9.48215e-18
7142.48769 9.46546e-18
7145.49219 9.56722e-18
7148.49669 9.52726e-18
7151.49117 9.45176e-18
7154.49567 9.43456e-18
7157.50017 9.40170e-18
7160.49466 9.35541e-18
7163.49916 9.26896e-18
7166.50366 9.22902e-18
7169.49814 9.18884e-18
7172.50264 9.19187e-18
7175.50714 9.33196e-18
7178.50163 9.43019e-18
7181.50613 9.42095e-18
7184.51063 9.39915e-18
7187.51513 9.33402e-18
7190.50961 9.20154e-18
7193.51411 9.07812e-18
7196.51861 9.05514e-18
7199.51310 9.01744e-18
7202.51760 8.89933e-18
7205.52210 8.84656e-18
7208.51658 8.99798e-18
7211.52108 9.13733e-18
7214.52558 9.09824e-18
7217.52007 9.06958e-18
7220.52457 9.12541e-18
7223.52907 9.06216e-18
7226.53357 8.95967e-18
7229.52805 8.86560e-18
7232.53255 8.78293e-18
7235.53705 8.82660e-18
7238.53154 8.87704e-18
7241.53604 8.84656e-18
7244.54054 8.83461e-18
7247.53502 8.76582e-18
7250.53952 8.71153e-18
7253.54402 8.79438e-18
7256.54852 8.79094e-18
7259.54301 8.74075e-18
7262.54751 8.66147e-18
7265.55201 8.66277e-18
7268.54649 8.69947e-18
7271.55099 8.64205e-18
7274.55549 8.56899e-18
7277.54997 8.59905e-18
7280.55447 8.69781e-18
7283.55897 8.77379e-18
7286.56347 8.81359e-18
7289.55796 8.78746e-18
7292.56246 8.71274e-18
7295.56696 8.64770e-18
7298.56145 8.63270e-18
7301.56595 8.64649e-18
7304.57045 8.56669e-18
7307.56493 8.45452e-18
7310.56943 8.52012e-18
7313.57393 8.64858e-18
7316.56841 8.73840e-18
7319.57291 8.80937e-18
7322.57741 8.80121e-18
7325.57190 8.72755e-18
7328.57640 8.69942e-18
7331.58090 8.69282e-18
7334.58540 8.54603e-18
7337.57989 8.52920e-18
7340.58439 8.62572e-18
7343.58889 8.70350e-18
7346.58337 8.71817e-18
7349.58787 8.72016e-18
7352.59237 8.71538e-18
7355.58686 8.68252e-18
7358.59136 8.64571e-18
7361.59586 8.57525e-18
7364.60036 8.49293e-18
7367.59484 8.46722e-18
7370.59934 8.53704e-18
7373.60384 8.58762e-18
7376.59833 8.51363e-18
7379.60283 8.52712e-18
7382.60733 8.59118e-18
7385.60181 8.55872e-18
7388.60631 8.50683e-18
7391.61081 8.47689e-18
7394.61531 8.44988e-18
7397.60980 8.43577e-18
7400.61430 8.42114e-18
7403.61880 8.35904e-18
7406.61328 8.36610e-18
7409.61778 8.44330e-18
7412.62228 8.43644e-18
7415.61677 8.38462e-18
7418.62127 8.37097e-18
7421.62577 8.36544e-18
7424.62025 8.32573e-18
7427.62475 8.21856e-18
7430.62925 8.12882e-18
7433.63375 8.15908e-18
7436.62824 8.17787e-18
7439.63274 8.15835e-18
7442.63724 8.18165e-18
7445.63172 8.19016e-18
7448.63622 8.21216e-18
7451.64072 8.25177e-18
7454.63521 8.21921e-18
7457.63971 8.14126e-18
7460.64421 8.08710e-18
7463.64871 8.04143e-18
7466.64319 7.93472e-18
7469.64769 7.88514e-18
7472.65219 7.93736e-18
7475.64667 7.95664e-18
7478.65117 8.00980e-18
7481.65567 8.06876e-18
7484.65016 8.09881e-18
7487.65466 8.02927e-18
7490.65916 7.96687e-18
7493.66366 7.93249e-18
7496.65815 7.86593e-18
7499.66265 7.89066e-18
7502.66715 7.91615e-18
7505.66163 7.93072e-18
7508.66613 8.01379e-18
7511.67063 8.02428e-18
7514.66512 8.00506e-18
7517.66962 8.00931e-18
7520.67412 7.96776e-18
7523.66860 7.92082e-18
7526.67310 7.89445e-18
7529.67760 7.85290e-18
7532.68210 7.82702e-18
7535.67659 7.82758e-18
7538.68109 7.87600e-18
7541.68559 7.96438e-18
7544.68007 7.98588e-18
7547.68457 8.02553e-18
7550.68907 8.04632e-18
7553.68356 7.99630e-18
7556.68806 7.98348e-18
7559.69256 7.96524e-18
7562.68704 7.91419e-18
7565.69154 7.86734e-18
7568.69604 7.83854e-18
7571.70054 7.88706e-18
7574.69503 8.00899e-18
7577.69953 8.10102e-18
7580.70403 8.10940e-18
7583.69851 8.07237e-18
7586.70301 8.00022e-18
7589.70751 7.92694e-18
7592.70200 7.94636e-18
7595.70650 8.02488e-18
7598.71100 8.12054e-18
7601.71550 8.09893e-18
7604.70998 7.89339e-18
7607.71448 7.88390e-18
7610.71898 8.07613e-18
7613.71347 8.17700e-18
7616.71797 8.14426e-18
7619.72247 8.10691e-18
7622.71695 8.11236e-18
7625.72145 8.04722e-18
7628.72595 7.88935e-18
7631.72044 7.74634e-18
7634.72494 7.62319e-18
7637.72944 7.50172e-18
7640.73394 7.45598e-18
7643.72842 7.50554e-18
7646.73292 7.60613e-18
7649.73742 7.72085e-18
7652.73191 7.78701e-18
7655.73641 7.83418e-18
7658.74091 7.92468e-18
7661.73539 7.94264e-18
7664.73989 7.95341e-18
7667.74439 7.97041e-18
7670.74889 7.93751e-18
7673.74338 7.83123e-18
7676.74788 7.68387e-18
7679.75238 7.54557e-18
7682.74686 7.43843e-18
7685.75136 7.42334e-18
7688.75586 7.44560e-18
7691.75035 7.45748e-18
7694.75485 7.47289e-18
7697.75935 7.53553e-18
7700.76385 7.66138e-18
7703.75833 7.74575e-18
7706.76283 7.74789e-18
7709.76733 7.72732e-18
7712.76182 7.75884e-18
7715.76632 7.81068e-18
7718.77082 7.84220e-18
7721.76530 7.86323e-18
7724.76980 7.84783e-18
7727.77430 7.76974e-18
7730.76879 7.69116e-18
7733.77329 7.60924e-18
7736.77779 7.53535e-18
7739.78229 7.49383e-18
7742.77677 7.53437e-18
7745.78127 7.59985e-18
7748.78577 7.64170e-18
7751.78026 7.71030e-18
7754.78476 7.78156e-18
7757.78926 7.81123e-18
7760.78374 7.84155e-18
7763.78824 7.86184e-18
7766.79274 7.82727e-18
7769.78723 7.74972e-18
7772.79173 7.65295e-18
7775.79623 7.58499e-18
7778.80073 7.50879e-18
7781.79521 7.46004e-18
7784.79971 7.43499e-18
7787.80421 7.40677e-18
7790.79870 7.38611e-18
7793.80320 7.40162e-18
7796.80770 7.44920e-18
7799.80218 7.45227e-18
7802.80668 7.47733e-18
7805.81118 7.54256e-18
7808.81568 7.57383e-18
7811.81016 7.54230e-18
7814.81466 7.44656e-18
7817.81916 7.35340e-18
7820.81365 7.32739e-18
7823.81815 7.34840e-18
7826.82265 7.33357e-18
7829.81714 7.35516e-18
7832.82164 7.43147e-18
7835.82614 7.49442e-18
7838.82062 7.52908e-18
7841.82512 7.52943e-18
7844.82962 7.49359e-18
7847.83412 7.48076e-18
7850.82861 7.51983e-18
7853.83310 7.52458e-18
7856.83760 7.38759e-18
7859.83209 7.15854e-18
7862.83659 7.00665e-18
7865.84109 6.99987e-18
7868.83558 7.09851e-18
7871.84008 7.20054e-18
7874.84458 7.22316e-18
7877.83906 7.20621e-18
7880.84356 7.16964e-18
7883.84806 7.14999e-18
7886.85256 7.06546e-18
7889.84705 7.00832e-18
7892.85155 6.97970e-18
7895.85605 6.98828e-18
7898.85053 6.89493e-18
7901.85503 6.83453e-18
7904.85953 6.89998e-18
7907.85402 6.93487e-18
7910.85852 6.95026e-18
7913.86302 6.93991e-18
7916.86752 6.89758e-18
7919.86200 6.87328e-18
7922.86650 6.85098e-18
7925.87100 6.85341e-18
7928.86549 6.88540e-18
7931.86999 6.85531e-18
7934.87449 6.71689e-18
7937.86897 6.50941e-18
7940.87347 6.44646e-18
7943.87797 6.51355e-18
7946.88247 6.60586e-18
7949.87696 6.61352e-18
7952.88146 6.66613e-18
7955.88596 6.68279e-18
7958.88044 6.69241e-18
7961.88494 6.74439e-18
7964.88944 6.71375e-18
7967.88393 6.68006e-18
7970.88843 6.63484e-18
7973.89293 6.55424e-18
7976.89743 6.47110e-18
7979.89191 6.44025e-18
7982.89641 6.45537e-18
7985.90091 6.44017e-18
7988.89540 6.46946e-18
7991.89990 6.53349e-18
7994.90440 6.49994e-18
7997.89888 6.47925e-18
8000.90338 6.55012e-18
8003.90788 6.58315e-18
8006.90236 6.57921e-18
8009.90686 6.58574e-18
8012.91136 6.52610e-18
8015.91586 6.43423e-18
8018.91035 6.35223e-18
8021.91485 6.26105e-18
8024.91935 6.16600e-18
8027.91384 6.15672e-18
8030.91834 6.17555e-18
8033.92284 6.14946e-18
8036.91732 6.14469e-18
8039.92182 6.18467e-18
8042.92632 6.18913e-18
8045.93082 6.14849e-18
8048.92531 6.14790e-18
8051.92981 6.14622e-18
8054.93431 6.08748e-18
8057.92879 6.01336e-18
8060.93329 5.97741e-18
8063.93779 5.88164e-18
8066.93228 5.82831e-18
8069.93678 5.77817e-18
8072.94128 5.59822e-18
8075.93576 5.47316e-18
8078.94026 5.38939e-18
8081.94476 5.26688e-18
8084.94926 5.17926e-18
8087.94375 5.11922e-18
8090.94825 5.07380e-18
8093.95275 5.04838e-18
8096.94723 5.01726e-18
8099.95173 4.99705e-18
8102.95623 4.97485e-18
8105.95072 4.96054e-18
8108.95522 4.95545e-18
8111.95972 4.86506e-18
8114.95420 4.81554e-18
8117.95870 4.82144e-18
8120.96320 4.70711e-18
8123.96770 4.51003e-18
8126.96219 4.37654e-18
8129.96669 4.27441e-18
8132.97119 4.19657e-18
8135.96567 4.10702e-18
8138.97017 3.99799e-18
8141.97467 3.94802e-18
8144.96916 3.89209e-18
8147.97366 3.82841e-18
8150.97816 3.80648e-18
8153.98266 3.76423e-18
8156.97714 3.71062e-18
8159.98164 3.70768e-18
8162.98614 3.74043e-18
8165.98063 3.74103e-18
8168.98513 3.74646e-18
8171.98963 3.77692e-18
8174.98411 3.76408e-18
8177.98861 3.71921e-18
8180.99311 3.71176e-18
8183.98759 3.71344e-18
8186.99209 3.72495e-18
8189.99659 3.69341e-18
8193.00109 3.65388e-18
8195.99558 3.60244e-18
8199.00008 3.51661e-18
8202.00458 3.48182e-18
8204.99906 3.54925e-18
8208.00356 3.63417e-18
8211.00806 3.64626e-18
8214.00255 3.57589e-18
8217.00705 3.48415e-18
8220.01155 3.44649e-18
8223.01605 3.44796e-18
8226.01054 3.46101e-18
8229.01504 3.50143e-18
8232.01954 3.57199e-18
8235.01402 3.66256e-18
8238.01852 3.77897e-18
8241.02302 3.84646e-18
8244.01750 3.86354e-18
8247.02201 3.89960e-18
8250.02650 3.89921e-18
8253.03101 3.83141e-18
8256.02549 3.74807e-18
8259.02999 3.71270e-18
8262.03449 3.70308e-18
8265.02897 3.68312e-18
8268.03348 3.68299e-18
8271.03797 3.66622e-18
8274.03246 3.63154e-18
8277.03696 3.69412e-18
8280.04146 3.77935e-18
8283.03594 3.80900e-18
8286.04045 3.84085e-18
8289.04494 3.91279e-18
8292.03943 3.95244e-18
8295.04393 3.92684e-18
8298.04843 3.94954e-18
8301.05293 3.96756e-18
8304.04742 3.94901e-18
8307.05192 3.97693e-18
8310.05642 4.03260e-18
8313.05090 4.03785e-18
8316.05540 4.04890e-18
8319.05990 4.09484e-18
8322.05439 4.09502e-18
8325.05889 4.09664e-18
8328.06339 4.23598e-18
8331.06789 4.44474e-18
8334.06237 4.59154e-18
8337.06687 4.70189e-18
8340.07137 4.74841e-18
8343.06586 4.80093e-18
8346.07035 4.83237e-18
8349.07486 4.89449e-18
8352.06934 4.92219e-18
8355.07384 4.95916e-18
8358.07834 5.00027e-18
8361.08284 4.96615e-18
8364.07733 4.97856e-18
8367.08182 5.01879e-18
8370.08633 5.01540e-18
8373.08081 5.00922e-18
8376.08531 5.02009e-18
8379.08981 5.07744e-18
8382.08430 5.16754e-18
8385.08880 5.22608e-18
8388.09330 5.32218e-18
8391.08778 5.51539e-18
8394.09228 5.65592e-18
8397.09678 5.60646e-18
8400.10128 5.66463e-18
8403.09577 5.79537e-18
8406.10027 5.96426e-18
8409.10477 6.16088e-18
8412.09925 6.18309e-18
8415.10375 6.11450e-18
8418.10825 6.05131e-18
8421.10274 6.00659e-18
8424.10723 5.93945e-18
8427.11174 5.93796e-18
8430.11623 6.01651e-18
8433.11072 6.06610e-18
8436.11522 6.10964e-18
8439.11972 6.21191e-18
8442.11420 6.30981e-18
8445.11870 6.35572e-18
8448.12320 6.38869e-18
8451.11769 6.41866e-18
8454.12219 6.47940e-18
8457.12669 6.56578e-18
8460.13119 6.53914e-18
8463.12568 6.50150e-18
8466.13018 6.50832e-18
8469.13468 6.57186e-18
8472.12916 6.63740e-18
8475.13366 6.66717e-18
8478.13816 6.60999e-18
8481.13265 6.55222e-18
8484.13715 6.59842e-18
8487.14165 6.65799e-18
8490.13613 6.63232e-18
8493.14063 6.65191e-18
8496.14513 6.81135e-18
8499.14963 6.88791e-18
8502.14412 6.79520e-18
8505.14862 6.78718e-18
8508.15312 6.83827e-18
8511.14760 6.82401e-18
8514.15210 6.81504e-18
8517.15660 6.82977e-18
8520.15108 6.81535e-18
8523.15559 6.76126e-18
8526.16008 6.71476e-18
8529.15457 6.67113e-18
8532.15907 6.66174e-18
8535.16357 6.63492e-18
8538.16807 6.60813e-18
8541.16256 6.60057e-18
8544.16706 6.68759e-18
8547.17156 6.70910e-18
8550.16604 6.63218e-18
8553.17054 6.71889e-18
8556.17504 6.81239e-18
8559.16953 6.76021e-18
8562.17403 6.76237e-18
8565.17853 6.80523e-18
8568.18303 6.88533e-18
8571.17751 6.89276e-18
8574.18201 6.84490e-18
8577.18651 6.79437e-18
8580.18100 6.77300e-18
8583.18549 6.74426e-18
8586.19000 6.69067e-18
8589.18448 6.62581e-18
8592.18898 6.49732e-18
8595.19348 6.40662e-18
8598.19798 6.40609e-18
8601.19247 6.39747e-18
8604.19696 6.38221e-18
8607.20147 6.38048e-18
8610.19595 6.36547e-18
8613.20045 6.37015e-18
8616.20495 6.43365e-18
8619.19944 6.53073e-18
8622.20394 6.53228e-18
8625.20844 6.51597e-18
8628.20292 6.57872e-18
8631.20742 6.66019e-18
8634.21192 6.69995e-18
8637.21642 6.69632e-18
8640.21091 6.64905e-18
8643.21541 6.59499e-18
8646.21991 6.47293e-18
8649.21439 6.36627e-18
8652.21889 6.32666e-18
8655.22339 6.25250e-18
8658.21788 6.13018e-18
8661.22238 6.08553e-18
8664.22688 6.11047e-18
8667.23138 6.12952e-18
8670.22586 6.18156e-18
8673.23036 6.23123e-18
8676.23486 6.21722e-18
8679.22934 6.17615e-18
8682.23385 6.17513e-18
8685.23834 6.26439e-18
8688.23283 6.35747e-18
8691.23733 6.39304e-18
8694.24183 6.39247e-18
8697.23632 6.41142e-18
8700.24081 6.45442e-18
8703.24532 6.49305e-18
8706.24981 6.42872e-18
8709.24430 6.31002e-18
8712.24880 6.22266e-18
8715.25330 6.20617e-18
8718.24779 6.22504e-18
8721.25229 6.22878e-18
8724.25679 6.16241e-18
8727.25127 6.07591e-18
8730.25577 6.03995e-18
8733.26027 5.95085e-18
8736.25475 6.00509e-18
8739.25926 6.06314e-18
8742.26375 6.11715e-18
8745.26826 6.14646e-18
8748.26274 6.13541e-18
8751.26724 6.18291e-18
8754.27174 6.21149e-18
8757.26622 6.11208e-18
8760.27073 5.99999e-18
8763.27522 5.96473e-18
8766.26971 5.96027e-18
8769.27421 5.94985e-18
8772.27871 5.90125e-18
8775.27319 5.81600e-18
8778.27769 5.79390e-18
8781.28219 5.80724e-18
8784.28669 5.79508e-18
8787.28118 5.83363e-18
8790.28568 5.82252e-18
8793.29018 5.79120e-18
8796.28467 5.85162e-18
8799.28917 5.94644e-18
8802.29367 6.01470e-18
8805.28815 5.99630e-18
8808.29265 5.96942e-18
8811.29715 5.96299e-18
8814.30165 5.91428e-18
8817.29614 5.78939e-18
8820.30064 5.68114e-18
8823.30514 5.69751e-18
8826.29962 5.72933e-18
8829.30412 5.63599e-18
8832.30862 5.52715e-18
8835.30311 5.48374e-18
8838.30760 5.41822e-18
8841.31211 5.39073e-18
8844.31660 5.45318e-18
8847.31109 5.44858e-18
8850.31559 5.38735e-18
8853.32009 5.40261e-18
8856.31458 5.52747e-18
8859.31907 5.61305e-18
8862.32358 5.69304e-18
8865.31806 5.65065e-18
8868.32256 5.53484e-18
8871.32706 5.43998e-18
8874.32155 5.41864e-18
8877.32605 5.40825e-18
8880.33055 5.42281e-18
8883.33505 5.44112e-18
8886.32953 5.47891e-18
8889.33403 5.50691e-18
8892.33853 5.36753e-18
8895.33302 5.18101e-18
8898.33752 5.18188e-18
8901.34202 5.24831e-18
8904.33650 5.22960e-18
8907.34100 5.17471e-18
8910.34550 5.22084e-18
8913.35000 5.15804e-18
8916.34448 4.99621e-18
8919.34899 4.93554e-18
8922.35348 4.96294e-18
8925.34797 5.01611e-18
8928.35247 5.14182e-18
8931.35697 5.23332e-18
8934.35145 5.24007e-18
8937.35595 5.24942e-18
8940.36046 5.28283e-18
8943.35494 5.25595e-18
8946.35944 5.15748e-18
8949.36394 5.06531e-18
8952.36844 5.01546e-18
8955.36293 4.96631e-18
8958.36743 4.89748e-18
8961.37193 4.89370e-18
8964.36641 4.92238e-18
8967.37091 4.86862e-18
8970.37541 4.84529e-18
8973.36990 4.87531e-18
8976.37440 4.85391e-18
8979.37890 4.84589e-18
8982.38340 4.83126e-18
8985.37788 4.75777e-18
8988.38238 4.81531e-18
8991.38688 4.87042e-18
8994.38137 4.87961e-18
8997.38587 5.01691e-18
9000.39037 5.15505e-18
9003.38485 5.15740e-18
9006.38935 5.11488e-18
9009.39385 5.06092e-18
9012.39835 4.99985e-18
9015.39284 4.94761e-18
9018.39733 4.90258e-18
9021.40184 4.97729e-18
9024.39632 5.15608e-18
9027.40082 5.09247e-18
9030.40532 5.15396e-18
9033.39981 5.23426e-18
9036.40431 5.29706e-18
9039.40881 5.30748e-18
9042.41331 5.37599e-18
9045.40779 5.46948e-18
9048.41229 5.54516e-18
9051.41679 5.51774e-18
9054.41128 5.54261e-18
9057.41578 5.56575e-18
9060.42028 5.44227e-18
9063.41476 5.33576e-18
9066.41926 5.28132e-18
9069.42376 5.16774e-18
9072.41825 5.04273e-18
9075.42274 5.00253e-18
9078.42725 4.99715e-18
9081.43174 4.96826e-18
9084.42623 4.91802e-18
9087.43073 4.90486e-18
9090.43523 4.97850e-18
9093.42972 4.95030e-18
9096.43421 4.92645e-18
9099.43872 4.99362e-18
9102.43320 4.98774e-18
9105.43770 4.94805e-18
9108.44220 5.00572e-18
9111.43669 5.03338e-18
9114.44119 5.05984e-18
9117.44569 5.18962e-18
9120.45019 5.33099e-18
9123.44467 5.31623e-18
9126.44917 5.14232e-18
9129.45367 5.07202e-18
9132.44816 5.07993e-18
9135.45266 5.06035e-18
9138.45716 5.09569e-18
9141.45164 5.20212e-18
9144.45614 5.23948e-18
9147.46064 5.10740e-18
9150.45513 5.03791e-18
9153.45963 4.95180e-18
9156.46413 4.80818e-18
9159.46863 4.72168e-18
9162.46311 4.73092e-18
9165.46761 4.76887e-18
9168.47211 4.77275e-18
9171.46659 4.76786e-18
9174.47110 4.74953e-18
9177.47559 4.69366e-18
9180.47008 4.70805e-18
9183.47458 4.82900e-18
9186.47908 4.87655e-18
9189.48358 4.84150e-18
9192.47806 4.93907e-18
9195.48257 5.06895e-18
9198.48706 5.05185e-18
9199.99933 5.05185e-18
9202.00233 5.08913e-18
9203.99532 4.99258e-18
9205.99831 5.04174e-18
9208.00131 5.20980e-18
9210.00432 5.13233e-18
9211.99730 5.14759e-18
9214.00030 5.20752e-18
9216.00330 5.26285e-18
9217.99629 5.17889e-18
9219.99929 5.30270e-18
9222.00229 5.21542e-18
9223.99527 5.25216e-18
9225.99827 5.52356e-18
9228.00127 5.68444e-18
9230.00427 5.74900e-18
9231.99726 5.55432e-18
9234.00026 5.43982e-18
9236.00326 5.23805e-18
9237.99624 5.21714e-18
9239.99924 5.15700e-18
9242.00224 5.03340e-18
9243.99523 5.02341e-18
9245.99822 5.02288e-18
9248.00122 4.97591e-18
9250.00423 4.94212e-18
9251.99721 5.11038e-18
9254.00021 4.97526e-18
9256.00321 4.96164e-18
9257.99619 4.94548e-18
9259.99920 4.98515e-18
9262.00219 5.01421e-18
9263.99518 5.11230e-18
9265.99818 5.04362e-18
9268.00118 4.95699e-18
9270.00418 5.05744e-18
9271.99717 4.90048e-18
9274.00017 5.05745e-18
9276.00317 4.95619e-18
9277.99615 4.92807e-18
9279.99915 5.11190e-18
9282.00215 4.99871e-18
9283.99514 4.88064e-18
9285.99813 5.04938e-18
9288.00114 5.07037e-18
9290.00414 4.99273e-18
9291.99712 4.95739e-18
9294.00012 5.04651e-18
9296.00312 5.02894e-18
9297.99611 4.97204e-18
9299.99911 4.98528e-18
9302.00210 4.95155e-18
9303.99509 5.06762e-18
9305.99809 4.78006e-18
9308.00109 4.74764e-18
9310.00409 5.34901e-18
9311.99707 5.02628e-18
9314.00007 4.63689e-18
9316.00308 4.94543e-18
9317.99606 5.13476e-18
9319.99906 5.06320e-18
9322.00206 4.75824e-18
9324.00506 5.09483e-18
9325.99805 5.09353e-18
9328.00105 5.02695e-18
9330.00405 4.73432e-18
9331.99703 4.81970e-18
9334.00003 5.05019e-18
9336.00303 5.01489e-18
9337.99602 5.06877e-18
9339.99902 5.03461e-18
9342.00202 4.49408e-18
9343.99500 5.21323e-18
9345.99800 5.36568e-18
9348.00100 4.93527e-18
9350.00400 4.77963e-18
9351.99698 4.52215e-18
9353.99999 5.16964e-18
9356.00299 4.83577e-18
9357.99597 4.98454e-18
9359.99897 5.32239e-18
9362.00197 4.92128e-18
9363.99496 4.55469e-18
9365.99796 4.84471e-18
9368.00095 4.72842e-18
9370.00396 4.75917e-18
9371.99694 5.24189e-18
9373.99994 4.81638e-18
9376.00294 4.80838e-18
9377.99593 4.80896e-18
9379.99893 4.76637e-18
9382.00193 5.14440e-18
9384.00493 4.92212e-18
9385.99791 4.70831e-18
9388.00091 4.96308e-18
9390.00391 4.70952e-18
9391.99690 4.63939e-18
9393.99990 4.81926e-18
9396.00290 4.69633e-18
9397.99588 4.63270e-18
9399.99888 4.76264e-18
9402.00188 4.80635e-18
9404.00488 4.77453e-18
9405.99787 4.73514e-18
9408.00086 4.65369e-18
9410.00387 4.83804e-18
9411.99685 4.96749e-18
9413.99985 4.82625e-18
9416.00285 4.62631e-18
9417.99583 4.82132e-18
9419.99884 4.65903e-18
9422.00183 4.75867e-18
9423.99482 4.45673e-18
9425.99782 4.40255e-18
9428.00082 4.94757e-18
9430.00382 5.18312e-18
9431.99681 4.83069e-18
9433.99981 4.60212e-18
9436.00281 4.49049e-18
9437.99579 4.58906e-18
9439.99879 4.69393e-18
9442.00179 4.98610e-18
9444.00479 4.79763e-18
9445.99778 4.76421e-18
9448.00078 4.56302e-18
9450.00378 4.82506e-18
9451.99676 4.63687e-18
9453.99976 4.43849e-18
9456.00276 5.04337e-18
9457.99575 4.45135e-18
9459.99875 4.42183e-18
9462.00174 4.90263e-18
9464.00475 4.68584e-18
9465.99773 4.58916e-18
9468.00073 4.41214e-18
9470.00373 4.78814e-18
9471.99671 4.57543e-18
9473.99971 4.49039e-18
9476.00272 4.88276e-18
9477.99570 4.53357e-18
9479.99870 4.42499e-18
9482.00170 4.99068e-18
9483.99469 4.79619e-18
9485.99769 4.50879e-18
9488.00069 4.62570e-18
9490.00369 4.61670e-18
9491.99667 4.41663e-18
9493.99967 4.70397e-18
9496.00267 4.72760e-18
9497.99566 4.52941e-18
9499.99866 4.51404e-18
9502.00166 4.99805e-18
9504.00466 4.65150e-18
9505.99764 4.62694e-18
9508.00064 4.59954e-18
9510.00364 4.69814e-18
9511.99662 4.52556e-18
9513.99963 4.47825e-18
9516.00263 4.40043e-18
9517.99561 4.59897e-18
9519.99861 4.52861e-18
9522.00161 4.58063e-18
9524.00461 4.58235e-18
9525.99760 4.42024e-18
9528.00059 4.56205e-18
9530.00360 4.67849e-18
9531.99658 4.53870e-18
9533.99958 4.45829e-18
9536.00258 4.66533e-18
9537.99556 4.70475e-18
9539.99856 4.53554e-18
9542.00157 4.56952e-18
9544.00456 4.93411e-18
9545.99755 5.23344e-18
9548.00055 4.93439e-18
9550.00355 4.70730e-18
9551.99654 4.55755e-18
9553.99954 4.72726e-18
9556.00254 4.81084e-18
9557.99552 4.78199e-18
9559.99852 4.58862e-18
9562.00152 4.35878e-18
9564.00452 4.53301e-18
9565.99751 4.52634e-18
9568.00050 4.44962e-18
9570.00351 4.43727e-18
9571.99649 4.34971e-18
9573.99949 4.33227e-18
9576.00249 4.36045e-18
9577.99547 4.27653e-18
9579.99848 4.42125e-18
9582.00148 4.73309e-18
9584.00447 4.45080e-18
9585.99746 4.31606e-18
9588.00046 4.22352e-18
9590.00346 4.38468e-18
9591.99644 4.51194e-18
9593.99944 4.47271e-18
9596.00245 4.28708e-18
9597.99543 4.41435e-18
9599.99843 4.48768e-18
9602.00143 4.40064e-18
9604.00443 4.31538e-18
9605.99742 4.38804e-18
9608.00042 4.49585e-18
9610.00342 4.51318e-18
9611.99640 4.42933e-18
9613.99940 4.33558e-18
9616.00240 4.29308e-18
9617.99539 4.29017e-18
9619.99839 4.23976e-18
9622.00139 4.34943e-18
9624.00439 4.26649e-18
9625.99737 4.36435e-18
9628.00037 4.49278e-18
9630.00337 4.44076e-18
9631.99636 4.19446e-18
9633.99935 4.24633e-18
9636.00236 4.33375e-18
9637.99534 4.49975e-18
9639.99834 4.36512e-18
9642.00134 4.24247e-18
9644.00434 4.24871e-18
9645.99733 4.45448e-18
9648.00032 4.30505e-18
9650.00332 4.23638e-18
9651.99631 4.36389e-18
9653.99931 4.31643e-18
9656.00231 4.34435e-18
9657.99530 4.25061e-18
9659.99830 4.24825e-18
9662.00130 4.39689e-18
9664.00430 4.40845e-18
9665.99728 4.24867e-18
9668.00028 4.20700e-18
9670.00328 4.35247e-18
9671.99627 4.42305e-18
9673.99927 4.41114e-18
9676.00227 4.44686e-18
9677.99525 4.21697e-18
9679.99825 4.22111e-18
9682.00125 4.26749e-18
9684.00425 4.28303e-18
9685.99724 4.24512e-18
9688.00023 4.35356e-18
9690.00324 4.24130e-18
9691.99622 4.32767e-18
9693.99922 4.30730e-18
9696.00222 4.21038e-18
9697.99520 4.19748e-18
9699.99820 4.18547e-18
9702.00121 4.21865e-18
9704.00420 4.19660e-18
9705.99719 4.09972e-18
9708.00019 4.23936e-18
9710.00319 4.23149e-18
9711.99618 4.11109e-18
9713.99918 4.23155e-18
9716.00218 4.38871e-18
9717.99516 4.18130e-18
9719.99816 4.28717e-18
9722.00116 4.26583e-18
9724.00416 4.40833e-18
9725.99715 4.25225e-18
9728.00014 4.40841e-18
9730.00315 4.18240e-18
9731.99613 4.18264e-18
9733.99913 4.17683e-18
9736.00213 4.23775e-18
9738.00513 4.35976e-18
9739.99812 4.24961e-18
9742.00112 4.11182e-18
9744.00411 4.29486e-18
9745.99710 4.28009e-18
9748.00010 4.27638e-18
9750.00310 4.21796e-18
9751.99609 4.14579e-18
9753.99908 4.10736e-18
9756.00209 4.27046e-18
9757.99507 4.31206e-18
9759.99807 4.20824e-18
9762.00107 4.25875e-18
9764.00407 4.31258e-18
9765.99706 4.17195e-18
9768.00006 4.15788e-18
9770.00306 4.22118e-18
9771.99604 4.13017e-18
9773.99904 4.17405e-18
9776.00204 4.15170e-18
9777.99503 4.22273e-18
9779.99803 4.15763e-18
9782.00103 4.26237e-18
9784.00403 4.20147e-18
9785.99701 4.26042e-18
9788.00001 4.16696e-18
9790.00301 4.14272e-18
9791.99600 4.19368e-18
9793.99899 4.44410e-18
9796.00200 4.18564e-18
9798.00500 4.13172e-18
9799.99798 4.26751e-18
9802.00098 4.16864e-18
9804.00398 4.18746e-18
9805.99697 4.34828e-18
9807.99997 4.19347e-18
9810.00296 4.18932e-18
9811.99595 4.19849e-18
9813.99895 4.13063e-18
9816.00195 4.04875e-18
9817.99494 4.07793e-18
9819.99794 4.20291e-18
9822.00094 4.16925e-18
9824.00394 4.12737e-18
9825.99692 4.26599e-18
9827.99992 4.17325e-18
9830.00292 4.21777e-18
9831.99591 4.28653e-18
9833.99891 4.25560e-18
9836.00191 4.26765e-18
9837.99489 4.24141e-18
9839.99789 4.23654e-18
9842.00089 4.12880e-18
9844.00389 4.12640e-18
9845.99688 4.14433e-18
9847.99988 4.09248e-18
9850.00288 4.12681e-18
9851.99586 4.15466e-18
9853.99886 4.20970e-18
9856.00186 4.10440e-18
9858.00486 4.14607e-18
9859.99784 4.19159e-18
9862.00085 4.15373e-18
9864.00384 4.21060e-18
9865.99683 4.17342e-18
9867.99983 4.16187e-18
9870.00283 4.21164e-18
9871.99582 4.11899e-18
9873.99881 4.27154e-18
9876.00181 4.14896e-18
9878.00482 4.17998e-18
9879.99780 4.15244e-18
9882.00080 4.22877e-18
9884.00380 4.17126e-18
9885.99679 4.19440e-18
9887.99979 4.08423e-18
9890.00279 4.04409e-18
9891.99577 4.10634e-18
9893.99877 4.09474e-18
9896.00177 4.19136e-18
9897.99476 4.11019e-18
9899.99776 4.12807e-18
9902.00076 4.10674e-18
9904.00375 4.05887e-18
9905.99674 4.10158e-18
9907.99974 3.98857e-18
9910.00274 4.11531e-18
9911.99573 4.10470e-18
9913.99872 4.37131e-18
9916.00173 4.14272e-18
9918.00473 4.16547e-18
9919.99771 4.13570e-18
9922.00071 4.02022e-18
9924.00371 3.93259e-18
9925.99669 4.11907e-18
9927.99970 4.07425e-18
9930.00269 4.07559e-18
9931.99568 4.10274e-18
9933.99868 4.20616e-18
9936.00168 4.10757e-18
9938.00468 4.09719e-18
9939.99767 4.07942e-18
9942.00067 3.97478e-18
9944.00367 4.01013e-18
9945.99665 4.04541e-18
9947.99965 4.25005e-18
9950.00265 4.06485e-18
9951.99564 4.00880e-18
9953.99863 4.13664e-18
9956.00164 4.02072e-18
9957.99462 4.02965e-18
9959.99762 3.97207e-18
9962.00062 4.15399e-18
9964.00362 4.08667e-18
9965.99661 4.07081e-18
9967.99961 4.07042e-18
9970.00260 4.08600e-18
9971.99559 4.10208e-18
9973.99859 3.96451e-18
9976.00159 4.01291e-18
9978.00459 4.05386e-18
9979.99757 4.11740e-18
9982.00058 4.03737e-18
9984.00358 4.01972e-18
9985.99656 4.00746e-18
9987.99956 3.90725e-18
9990.00256 4.07349e-18
9991.99555 4.08321e-18
9993.99855 3.96578e-18
9996.00155 4.08580e-18
9998.00455 3.93817e-18
9999.99753 3.97201e-18
