      3420.36  1.75549e-17
      3421.80  1.80069e-17
      3423.24  1.96847e-17
      3424.68  2.05992e-17
      3426.13  2.06414e-17
      3427.57  2.02142e-17
      3429.01  2.20317e-17
      3430.45  1.95763e-17
      3431.90  1.76066e-17
      3433.34  2.07484e-17
      3434.78  2.14191e-17
      3436.23  1.78909e-17
      3437.67  1.56775e-17
      3439.11  1.81745e-17
      3440.55  2.18123e-17
      3442.00  2.12882e-17
      3443.44  2.02308e-17
      3444.88  2.06900e-17
      3446.32  2.21126e-17
      3447.77  2.44882e-17
      3449.21  2.40997e-17
      3450.65  2.17722e-17
      3452.10  2.34411e-17
      3453.54  2.76342e-17
      3454.98  2.70613e-17
      3456.42  2.52993e-17
      3457.87  2.46712e-17
      3459.31  2.54644e-17
      3460.75  2.66157e-17
      3462.19  2.37861e-17
      3463.64  2.06353e-17
      3465.08  2.33670e-17
      3466.52  2.53649e-17
      3467.97  2.37959e-17
      3469.41  2.11019e-17
      3470.85  1.97823e-17
      3472.29  2.33244e-17
      3473.74  2.35946e-17
      3475.18  2.55412e-17
      3476.62  2.64004e-17
      3478.06  2.27984e-17
      3479.51  2.14938e-17
      3480.95  2.10786e-17
      3482.39  2.16462e-17
      3483.84  1.94070e-17
      3485.28  1.93593e-17
      3486.72  2.35873e-17
      3488.16  2.38144e-17
      3489.61  2.21834e-17
      3491.05  2.02582e-17
      3492.49  1.83459e-17
      3493.93  1.97980e-17
      3495.38  2.32319e-17
      3496.82  2.25270e-17
      3498.26  2.10868e-17
      3499.71  2.05493e-17
      3501.15  2.08546e-17
      3502.59  2.25196e-17
      3504.03  2.05005e-17
      3505.48  1.93612e-17
      3506.92  1.94551e-17
      3508.36  1.86056e-17
      3509.80  1.83662e-17
      3511.25  1.93625e-17
      3512.69  1.96182e-17
      3514.13  1.76642e-17
      3515.58  1.73662e-17
      3517.02  1.85622e-17
      3518.46  1.84445e-17
      3519.90  1.83941e-17
      3521.35  1.93473e-17
      3522.79  2.03483e-17
      3524.23  2.03480e-17
      3525.67  2.09656e-17
      3527.12  2.03336e-17
      3528.56  1.81350e-17
      3530.00  1.97435e-17
      3531.45  2.21243e-17
      3532.89  1.97084e-17
      3534.33  1.62062e-17
      3535.77  1.71974e-17
      3537.22  2.02370e-17
      3538.66  2.08224e-17
      3540.10  1.94120e-17
      3541.54  1.72666e-17
      3542.99  1.66571e-17
      3544.43  1.98969e-17
      3545.87  2.09745e-17
      3547.32  1.93357e-17
      3548.76  1.85730e-17
      3550.20  1.89485e-17
      3551.64  2.21396e-17
      3553.09  2.38618e-17
      3554.53  1.97019e-17
      3555.97  1.75443e-17
      3557.41  1.87167e-17
      3558.86  1.98549e-17
      3560.30  2.16441e-17
      3561.74  2.04975e-17
      3563.19  1.84463e-17
      3564.63  1.74577e-17
      3566.07  1.88696e-17
      3567.51  1.97122e-17
      3568.96  1.85290e-17
      3570.40  1.95205e-17
      3571.84  1.85737e-17
      3573.28  1.91901e-17
      3574.73  1.83392e-17
      3576.17  1.70758e-17
      3577.61  1.88638e-17
      3579.06  1.74774e-17
      3580.50  1.80792e-17
      3581.94  1.93035e-17
      3583.38  1.99700e-17
      3584.83  2.11137e-17
      3586.27  2.06335e-17
      3587.71  1.96413e-17
      3589.15  1.75057e-17
      3590.60  1.81531e-17
      3592.04  2.06142e-17
      3593.48  2.10994e-17
      3594.93  2.07650e-17
      3596.37  1.93338e-17
      3597.81  1.98862e-17
      3599.25  2.09752e-17
      3600.70  2.05160e-17
      3602.14  2.03740e-17
      3603.58  1.90814e-17
      3605.02  1.66890e-17
      3606.47  1.84759e-17
      3607.91  1.92087e-17
      3609.35  1.82073e-17
      3610.80  1.83326e-17
      3612.24  1.88304e-17
      3613.68  2.09921e-17
      3615.12  2.07708e-17
      3616.57  1.95698e-17
      3618.01  1.91025e-17
      3619.45  1.72249e-17
      3620.90  1.77801e-17
      3622.34  1.95262e-17
      3623.78  1.67762e-17
      3625.22  1.74096e-17
      3626.67  1.93469e-17
      3628.11  1.82767e-17
      3629.55  1.86715e-17
      3630.99  1.89686e-17
      3632.44  1.87101e-17
      3633.88  1.91276e-17
      3635.32  1.84454e-17
      3636.76  1.74637e-17
      3638.21  1.71523e-17
      3639.65  1.76114e-17
      3641.09  1.74021e-17
      3642.54  1.61997e-17
      3643.98  1.62199e-17
      3645.42  1.64562e-17
      3646.86  1.58383e-17
      3648.31  1.44155e-17
      3649.75  1.43227e-17
      3651.19  1.58811e-17
      3652.64  1.66493e-17
      3654.08  1.59356e-17
      3655.52  1.55653e-17
      3656.96  1.59021e-17
      3658.41  1.67221e-17
      3659.85  1.71217e-17
      3661.29  1.66581e-17
      3662.73  1.67110e-17
      3664.18  1.60519e-17
      3665.62  1.71011e-17
      3667.06  1.79388e-17
      3668.51  1.77731e-17
      3669.95  1.85039e-17
      3671.39  1.73181e-17
      3672.83  1.69320e-17
      3674.28  1.81039e-17
      3675.72  1.85979e-17
      3677.16  1.90899e-17
      3678.60  1.96359e-17
      3680.05  1.89230e-17
      3681.49  1.71563e-17
      3682.93  1.81836e-17
      3684.38  1.91521e-17
      3685.82  1.73023e-17
      3687.26  1.85172e-17
      3688.70  1.99747e-17
      3690.15  1.84858e-17
      3691.59  1.84072e-17
      3693.03  1.88696e-17
      3694.47  1.88449e-17
      3695.92  1.79000e-17
      3697.36  1.76740e-17
      3698.80  1.83992e-17
      3700.25  1.94814e-17
      3701.69  1.85379e-17
      3703.13  1.74407e-17
      3704.57  1.88725e-17
      3706.02  1.89510e-17
      3707.46  1.85297e-17
      3708.90  1.86450e-17
      3710.34  1.81522e-17
      3711.79  1.72220e-17
      3713.23  1.74491e-17
      3714.67  2.06416e-17
      3716.12  2.04927e-17
      3717.56  1.65008e-17
      3719.00  1.63613e-17
      3720.44  1.93532e-17
      3721.89  1.86940e-17
      3723.33  1.49855e-17
      3724.77  1.43099e-17
      3726.21  1.50064e-17
      3727.66  1.52877e-17
      3729.10  1.58950e-17
      3730.54  1.48869e-17
      3731.99  1.33465e-17
      3733.43  1.24952e-17
      3734.87  1.20881e-17
      3736.31  1.20293e-17
      3737.76  1.13230e-17
      3739.20  1.04174e-17
      3740.64  1.10329e-17
      3742.08  1.23461e-17
      3743.53  1.08802e-17
      3744.97  1.04241e-17
      3746.41  1.08061e-17
      3747.86  9.67395e-18
      3749.30  9.28929e-18
      3750.74  9.32668e-18
      3752.18  9.36727e-18
      3753.63  8.14556e-18
      3755.07  7.74087e-18
      3756.51  8.56778e-18
      3757.95  7.51338e-18
      3759.40  6.85414e-18
      3760.84  8.22612e-18
      3762.28  7.88088e-18
      3763.73  7.32192e-18
      3765.17  8.35232e-18
      3766.61  8.58437e-18
      3768.05  8.32052e-18
      3769.50  7.69692e-18
      3770.94  6.53302e-18
      3772.38  7.51987e-18
      3773.82  8.94459e-18
      3775.27  8.32827e-18
      3776.71  8.15133e-18
      3778.15  8.04871e-18
      3779.60  7.20762e-18
      3781.04  7.35008e-18
      3782.48  7.01568e-18
      3783.92  6.88639e-18
      3785.37  7.26458e-18
      3786.81  7.03542e-18
      3788.25  6.99719e-18
      3789.69  7.99187e-18
      3791.14  7.55800e-18
      3792.58  6.53207e-18
      3794.02  7.21111e-18
      3795.47  7.17594e-18
      3796.91  7.71021e-18
      3798.35  7.68046e-18
      3799.79  5.91389e-18
      3801.24  5.75955e-18
      3802.68  6.98995e-18
      3804.12  7.09964e-18
      3805.56  6.31735e-18
      3807.01  5.27406e-18
      3808.45  6.52631e-18
      3809.89  7.48433e-18
      3811.34  7.57666e-18
      3812.78  7.58288e-18
      3814.22  6.78877e-18
      3815.66  6.85832e-18
      3817.11  6.88389e-18
      3818.55  7.55165e-18
      3819.99  7.55389e-18
      3821.43  7.86811e-18
      3822.88  7.86253e-18
      3824.32  7.43017e-18
      3825.76  8.45854e-18
      3827.21  7.19808e-18
      3828.65  7.46937e-18
      3830.09  9.17028e-18
      3831.53  8.69268e-18
      3832.98  8.12666e-18
      3834.42  9.40933e-18
      3835.86  1.04723e-17
      3837.30  1.00069e-17
      3838.75  9.21357e-18
      3840.19  8.84798e-18
      3841.63  8.54870e-18
      3843.08  8.53858e-18
      3844.52  1.04013e-17
      3845.96  1.25271e-17
      3847.40  1.24849e-17
      3848.85  1.22111e-17
      3850.29  1.11687e-17
      3851.73  1.04029e-17
      3853.17  1.05967e-17
      3854.62  1.05928e-17
      3856.06  9.82910e-18
      3857.50  9.70711e-18
      3858.95  9.98265e-18
      3860.39  1.09411e-17
      3861.83  1.22814e-17
      3863.27  1.18897e-17
      3864.72  1.20133e-17
      3866.16  1.32447e-17
      3867.60  1.34629e-17
      3869.04  1.39889e-17
      3870.49  1.44544e-17
      3871.93  1.46787e-17
      3873.37  1.50857e-17
      3874.82  1.45778e-17
      3876.26  1.44008e-17
      3877.70  1.63882e-17
      3879.14  1.67691e-17
      3880.59  1.55800e-17
      3882.03  1.65859e-17
      3883.47  1.73705e-17
      3884.92  1.64919e-17
      3886.36  1.72198e-17
      3887.80  1.90920e-17
      3889.24  1.93705e-17
      3890.69  1.87882e-17
      3892.13  1.88268e-17
      3893.57  1.96267e-17
      3895.01  2.06796e-17
      3896.46  2.08862e-17
      3897.90  2.07667e-17
      3899.34  2.22843e-17
      3900.78  2.32148e-17
      3902.23  2.29451e-17
      3903.67  2.22241e-17
      3905.11  2.26360e-17
      3906.56  2.45518e-17
      3908.00  2.46831e-17
      3909.44  2.41776e-17
      3910.88  2.42096e-17
      3912.33  2.44444e-17
      3913.77  2.56787e-17
      3915.21  2.51343e-17
      3916.66  2.43220e-17
      3918.10  2.47893e-17
      3919.54  2.49729e-17
      3920.98  2.52652e-17
      3922.43  2.62960e-17
      3923.87  2.75048e-17
      3925.31  2.79786e-17
      3926.75  2.71692e-17
      3928.20  2.64408e-17
      3929.64  2.63926e-17
      3931.08  2.60798e-17
      3932.53  2.60135e-17
      3933.97  2.70828e-17
      3935.41  2.76180e-17
      3936.85  2.81380e-17
      3938.30  2.88028e-17
      3939.74  2.85574e-17
      3941.18  2.81391e-17
      3942.62  2.75400e-17
      3944.07  2.62419e-17
      3945.51  2.54799e-17
      3946.95  2.65917e-17
      3948.40  2.72584e-17
      3949.84  2.81694e-17
      3951.28  2.82669e-17
      3952.72  2.76146e-17
      3954.17  2.65805e-17
      3955.61  2.57745e-17
      3957.05  2.60349e-17
      3958.49  2.62603e-17
      3959.94  2.73109e-17
      3961.38  2.70513e-17
      3962.82  2.48375e-17
      3964.27  2.50664e-17
      3965.71  2.48950e-17
      3967.15  2.50981e-17
      3968.59  2.68278e-17
      3970.04  2.77094e-17
      3971.48  2.70822e-17
      3972.92  2.68125e-17
      3974.36  2.63958e-17
      3975.81  2.58257e-17
      3977.25  2.64796e-17
      3978.69  2.75396e-17
      3980.14  2.74074e-17
      3981.58  2.68249e-17
      3983.02  2.74255e-17
      3984.46  2.80860e-17
      3985.91  2.72596e-17
      3987.35  2.64108e-17
      3988.79  2.57009e-17
      3990.23  2.64900e-17
      3991.68  2.77903e-17
      3993.12  2.80360e-17
      3994.56  2.79594e-17
      3996.01  2.71577e-17
      3997.45  2.59820e-17
      3998.89  2.49035e-17
      4000.33  2.49794e-17
      4001.78  2.66304e-17
      4003.22  2.80986e-17
      4004.66  2.78228e-17
      4006.10  2.61768e-17
      4007.55  2.58072e-17
      4008.99  2.66595e-17
      4010.43  2.62307e-17
      4011.88  2.59986e-17
      4013.32  2.53435e-17
      4014.76  2.45882e-17
      4016.20  2.53666e-17
      4017.65  2.52148e-17
      4019.09  2.40373e-17
      4020.53  2.50011e-17
      4021.97  2.59281e-17
      4023.42  2.48815e-17
      4024.86  2.48820e-17
      4026.30  2.52962e-17
      4027.75  2.46632e-17
      4029.19  2.48654e-17
      4030.63  2.44555e-17
      4032.07  2.33961e-17
      4033.52  2.37377e-17
      4034.96  2.34643e-17
      4036.40  2.36466e-17
      4037.84  2.38564e-17
      4039.29  2.31767e-17
      4040.73  2.26744e-17
      4042.17  2.19894e-17
      4043.62  2.25440e-17
      4045.06  2.36680e-17
      4046.50  2.26072e-17
      4047.94  2.04358e-17
      4049.39  2.10558e-17
      4050.83  2.17596e-17
      4052.27  2.11387e-17
      4053.71  2.05775e-17
      4055.16  2.15068e-17
      4056.60  2.18284e-17
      4058.04  2.02456e-17
      4059.49  2.02285e-17
      4060.93  2.03789e-17
      4062.37  1.96452e-17
      4063.81  1.91043e-17
      4065.26  1.98163e-17
      4066.70  2.02701e-17
      4068.14  1.91529e-17
      4069.58  1.83299e-17
      4071.03  1.95758e-17
      4072.47  2.03203e-17
      4073.91  1.91699e-17
      4075.36  1.85926e-17
      4076.80  1.90833e-17
      4078.24  1.92235e-17
      4079.68  1.82787e-17
      4081.13  1.82899e-17
      4082.57  1.90200e-17
      4084.01  1.76987e-17
      4085.45  1.73152e-17
      4086.90  1.87696e-17
      4088.34  1.83920e-17
      4089.78  1.79323e-17
      4091.23  1.81411e-17
      4092.67  1.73402e-17
      4094.11  1.85006e-17
      4095.55  1.89175e-17
      4097.00  1.77762e-17
      4098.44  1.75880e-17
      4099.88  1.76518e-17
      4101.32  1.76623e-17
      4102.77  1.77450e-17
      4104.21  1.83088e-17
      4105.65  1.84364e-17
      4107.10  1.79525e-17
      4108.54  1.80365e-17
      4109.98  1.72662e-17
      4111.42  1.79480e-17
      4112.87  1.73490e-17
      4114.31  1.63388e-17
      4115.75  1.60708e-17
      4117.19  1.59787e-17
      4118.64  1.70776e-17
      4120.08  1.67322e-17
      4121.52  1.58733e-17
      4122.97  1.59982e-17
      4124.41  1.73860e-17
      4125.85  1.75941e-17
      4127.29  1.70983e-17
      4128.74  1.67407e-17
      4130.18  1.67303e-17
      4131.62  1.62817e-17
      4133.06  1.59797e-17
      4134.51  1.63604e-17
      4135.95  1.61955e-17
      4137.39  1.64559e-17
      4138.84  1.69076e-17
      4140.28  1.74229e-17
      4141.72  1.75056e-17
      4143.16  1.69985e-17
      4144.61  1.71564e-17
      4146.05  1.75636e-17
      4147.49  1.76505e-17
      4148.94  1.79101e-17
      4150.38  1.79269e-17
      4151.82  1.74423e-17
      4153.26  1.69591e-17
      4154.71  1.68708e-17
      4156.15  1.76022e-17
      4157.59  1.79638e-17
      4159.03  1.80234e-17
      4160.48  1.80792e-17
      4161.92  1.83536e-17
      4163.36  1.86103e-17
      4164.81  1.84862e-17
      4166.25  1.81013e-17
      4167.69  1.75874e-17
      4169.13  1.71276e-17
      4170.58  1.73538e-17
      4172.02  1.85671e-17
      4173.46  1.90592e-17
      4174.90  1.88972e-17
      4176.35  1.88883e-17
      4177.79  1.85822e-17
      4179.23  1.85373e-17
      4180.67  1.90172e-17
      4182.12  1.88730e-17
      4183.56  1.86011e-17
      4185.00  1.88077e-17
      4186.45  1.88657e-17
      4187.89  1.84193e-17
      4189.33  1.87377e-17
      4190.77  1.87225e-17
      4192.22  1.81775e-17
      4193.66  1.80014e-17
      4195.10  1.80604e-17
      4196.54  1.88272e-17
      4197.99  1.86595e-17
      4199.43  1.77810e-17
      4200.87  1.83564e-17
      4202.32  1.87552e-17
      4203.76  1.91467e-17
      4205.20  1.89012e-17
      4206.64  1.83321e-17
      4208.09  1.90044e-17
      4209.53  1.86151e-17
      4210.97  1.78784e-17
      4212.42  1.83243e-17
      4213.86  1.94318e-17
      4215.30  1.92536e-17
      4216.74  1.80248e-17
      4218.19  1.80680e-17
      4219.63  1.82879e-17
      4221.07  1.79683e-17
      4222.51  1.85344e-17
      4223.96  1.87463e-17
      4225.40  1.86395e-17
      4226.84  1.83512e-17
      4228.29  1.78110e-17
      4229.73  1.77357e-17
      4231.17  1.85242e-17
      4232.61  1.78540e-17
      4234.06  1.78175e-17
      4235.50  1.83502e-17
      4236.94  1.81133e-17
      4238.38  1.75362e-17
      4239.83  1.78585e-17
      4241.27  1.85004e-17
      4242.71  1.83101e-17
      4244.16  1.79302e-17
      4245.60  1.76542e-17
      4247.04  1.74479e-17
      4248.48  1.81156e-17
      4249.93  1.76102e-17
      4251.37  1.73554e-17
      4252.81  1.73087e-17
      4254.25  1.74844e-17
      4255.70  1.74052e-17
      4257.14  1.70131e-17
      4258.58  1.75934e-17
      4260.03  1.76289e-17
      4261.47  1.81348e-17
      4262.91  1.80755e-17
      4264.35  1.78374e-17
      4265.80  1.76647e-17
      4267.24  1.70706e-17
      4268.68  1.74670e-17
      4270.12  1.77311e-17
      4271.57  1.79029e-17
      4273.01  1.86470e-17
      4274.45  1.78720e-17
      4275.90  1.69620e-17
      4277.34  1.74720e-17
      4278.78  1.76512e-17
      4280.22  1.63179e-17
      4281.67  1.70171e-17
      4283.11  1.82530e-17
      4284.55  1.70509e-17
      4285.99  1.69542e-17
      4287.44  1.71689e-17
      4288.88  1.64970e-17
      4290.32  1.67734e-17
      4291.77  1.74516e-17
      4293.21  1.84176e-17
      4294.65  1.81917e-17
      4296.09  1.73342e-17
      4297.54  1.72137e-17
      4298.98  1.81072e-17
      4300.42  1.78714e-17
      4301.86  1.73451e-17
      4303.31  1.76785e-17
      4304.75  1.74545e-17
      4306.19  1.70715e-17
      4307.64  1.78453e-17
      4309.08  1.76394e-17
      4310.52  1.77608e-17
      4311.96  1.79885e-17
      4313.41  1.68345e-17
      4314.85  1.62709e-17
      4316.29  1.68256e-17
      4317.73  1.74309e-17
      4319.18  1.71659e-17
      4320.62  1.74479e-17
      4322.06  1.73569e-17
      4323.51  1.75077e-17
      4324.95  1.76292e-17
      4326.39  1.81204e-17
      4327.83  1.84132e-17
      4329.28  1.79888e-17
      4330.72  1.73985e-17
      4332.16  1.78194e-17
      4333.60  1.91200e-17
      4335.05  1.89037e-17
      4336.49  1.77775e-17
      4337.93  1.68614e-17
      4339.38  1.62955e-17
      4340.82  1.63786e-17
      4342.26  1.65241e-17
      4343.70  1.64083e-17
      4345.15  1.68691e-17
      4346.59  1.69988e-17
      4348.03  1.69637e-17
      4349.48  1.69215e-17
      4350.92  1.66969e-17
      4352.36  1.59409e-17
      4353.80  1.61659e-17
      4355.25  1.57676e-17
      4356.69  1.54566e-17
      4358.13  1.52282e-17
      4359.57  1.49277e-17
      4361.02  1.48502e-17
      4362.46  1.55349e-17
      4363.90  1.51207e-17
      4365.34  1.41630e-17
      4366.79  1.33522e-17
      4368.23  1.27841e-17
      4369.67  1.32923e-17
      4371.12  1.35375e-17
      4372.56  1.28435e-17
      4374.00  1.33192e-17
      4375.44  1.32557e-17
      4376.89  1.26501e-17
      4378.33  1.25307e-17
      4379.77  1.18871e-17
      4381.21  1.13089e-17
      4382.66  1.08411e-17
      4384.10  1.08015e-17
      4385.54  1.13313e-17
      4386.99  1.11344e-17
      4388.43  1.04367e-17
      4389.87  1.04602e-17
      4391.31  1.06194e-17
      4392.76  1.10126e-17
      4394.20  1.10958e-17
      4395.64  1.06213e-17
      4397.08  1.02717e-17
      4398.53  1.02391e-17
      4399.97  1.04573e-17
      4401.41  1.08969e-17
      4402.86  1.06185e-17
      4404.30  1.02404e-17
      4405.74  1.01310e-17
      4407.18  1.10656e-17
      4408.63  1.10437e-17
      4410.07  1.03006e-17
      4411.51  1.04199e-17
      4412.96  1.07074e-17
      4414.40  1.07912e-17
      4415.84  1.06534e-17
      4417.28  1.07239e-17
      4418.73  1.14823e-17
      4420.17  1.16300e-17
      4421.61  1.10312e-17
      4423.05  1.07450e-17
      4424.50  1.08894e-17
      4425.94  1.11610e-17
      4427.38  1.11757e-17
      4428.82  1.11446e-17
      4430.27  1.15415e-17
      4431.71  1.17445e-17
      4433.15  1.10230e-17
      4434.60  1.11249e-17
      4436.04  1.18628e-17
      4437.48  1.19733e-17
      4438.92  1.17275e-17
      4440.37  1.14007e-17
      4441.81  1.12922e-17
      4443.25  1.19155e-17
      4444.70  1.25396e-17
      4446.14  1.22472e-17
      4447.58  1.23559e-17
      4449.02  1.20289e-17
      4450.47  1.15963e-17
      4451.91  1.17849e-17
      4453.35  1.20520e-17
      4454.79  1.25195e-17
      4456.24  1.28612e-17
      4457.68  1.32856e-17
      4459.12  1.30878e-17
      4460.57  1.29476e-17
      4462.01  1.33325e-17
      4463.45  1.37904e-17
      4464.89  1.39450e-17
      4466.34  1.34405e-17
      4467.78  1.29610e-17
      4469.22  1.29785e-17
      4470.66  1.34390e-17
      4472.11  1.35701e-17
      4473.55  1.32072e-17
      4474.99  1.39809e-17
      4476.44  1.43386e-17
      4477.88  1.38497e-17
      4479.32  1.46021e-17
      4480.76  1.48166e-17
      4482.21  1.45439e-17
      4483.65  1.46578e-17
      4485.09  1.52931e-17
      4486.53  1.58548e-17
      4487.98  1.55888e-17
      4489.42  1.50914e-17
      4490.86  1.55865e-17
      4492.31  1.59862e-17
      4493.75  1.58148e-17
      4495.19  1.63140e-17
      4496.63  1.62909e-17
      4498.08  1.61673e-17
      4499.52  1.61764e-17
      4500.96  1.59287e-17
      4502.40  1.62005e-17
      4503.85  1.72247e-17
      4505.29  1.73948e-17
      4506.73  1.72695e-17
      4508.18  1.75038e-17
      4509.62  1.72758e-17
      4511.06  1.67534e-17
      4512.50  1.63961e-17
      4513.95  1.65786e-17
      4515.39  1.72502e-17
      4516.83  1.77809e-17
      4518.27  1.76464e-17
      4519.72  1.79502e-17
      4521.16  1.80205e-17
      4522.60  1.75400e-17
      4524.05  1.81286e-17
      4525.49  1.89205e-17
      4526.93  1.89243e-17
      4528.37  1.82300e-17
      4529.82  1.80574e-17
      4531.26  1.86797e-17
      4532.70  1.93254e-17
      4534.14  1.97676e-17
      4535.59  1.91646e-17
      4537.03  1.86975e-17
      4538.47  1.86840e-17
      4539.92  1.89381e-17
      4541.36  1.87383e-17
      4542.80  1.94960e-17
      4544.24  1.97457e-17
      4545.69  1.90374e-17
      4547.13  1.89058e-17
      4548.57  1.94575e-17
      4550.01  1.96850e-17
      4551.46  1.94940e-17
      4552.90  1.97796e-17
      4554.34  2.00383e-17
      4555.79  1.97645e-17
      4557.23  1.99388e-17
      4558.67  2.01604e-17
      4560.11  2.09337e-17
      4561.56  2.08568e-17
      4563.00  2.03198e-17
      4564.44  2.07557e-17
      4565.88  2.07761e-17
      4567.33  2.05995e-17
      4568.77  2.09008e-17
      4570.21  2.06935e-17
      4571.66  2.12413e-17
      4573.10  2.08041e-17
      4574.54  1.94450e-17
      4575.98  1.97619e-17
      4577.43  1.98482e-17
      4578.87  1.99104e-17
      4580.31  2.05953e-17
      4581.75  2.06864e-17
      4583.20  1.98953e-17
      4584.64  1.95114e-17
      4586.08  2.00559e-17
      4587.53  1.94794e-17
      4588.97  1.94664e-17
      4590.41  2.00554e-17
      4591.85  2.05276e-17
      4593.30  2.01458e-17
      4594.74  2.01050e-17
      4596.18  1.97476e-17
      4597.62  1.92460e-17
      4599.07  2.04360e-17
      4600.51  2.09239e-17
      4601.95  1.98732e-17
      4603.40  1.95510e-17
      4604.84  2.07598e-17
      4606.28  2.03331e-17
      4607.72  1.92714e-17
      4609.17  1.99582e-17
      4610.61  1.99942e-17
      4612.05  1.94614e-17
      4613.49  1.94259e-17
      4614.94  1.91611e-17
      4616.38  1.92769e-17
      4617.82  1.90420e-17
      4619.27  1.94037e-17
      4620.71  1.96060e-17
      4622.15  1.85291e-17
      4623.59  1.84458e-17
      4625.04  1.86338e-17
      4626.48  1.84742e-17
      4627.92  1.87363e-17
      4629.36  1.88553e-17
      4630.81  1.91474e-17
      4632.25  1.86057e-17
      4633.69  1.83811e-17
      4635.14  1.89920e-17
      4636.58  1.89161e-17
      4638.02  1.84917e-17
      4639.46  1.80537e-17
      4640.91  1.87983e-17
      4642.35  1.92187e-17
      4643.79  1.89031e-17
      4645.23  1.88469e-17
      4646.68  1.86633e-17
      4648.12  1.86830e-17
      4649.56  1.87638e-17
      4651.01  1.82352e-17
      4652.45  1.85251e-17
      4653.89  1.91562e-17
      4655.33  1.90343e-17
      4656.78  1.93576e-17
      4658.22  1.87641e-17
      4659.66  1.79161e-17
      4661.10  1.84207e-17
      4662.55  1.82653e-17
      4663.99  1.81890e-17
      4665.43  1.88065e-17
      4666.88  1.84665e-17
      4668.32  1.86594e-17
      4669.76  1.85030e-17
      4671.20  1.86472e-17
      4672.65  1.87041e-17
      4674.09  1.82409e-17
      4675.53  1.78794e-17
      4676.98  1.76068e-17
      4678.42  1.74495e-17
      4679.86  1.84080e-17
      4681.30  1.84856e-17
      4682.75  1.82731e-17
      4684.19  1.81579e-17
      4685.63  1.75956e-17
      4687.07  1.82281e-17
      4688.52  1.86409e-17
      4689.96  1.83451e-17
      4691.40  1.80098e-17
      4692.85  1.78860e-17
      4694.29  1.76079e-17
      4695.73  1.74138e-17
      4697.17  1.70111e-17
      4698.62  1.75640e-17
      4700.06  1.80981e-17
      4701.50  1.76454e-17
      4702.94  1.72687e-17
      4704.39  1.75942e-17
      4705.83  1.76255e-17
      4707.27  1.76183e-17
      4708.71  1.72132e-17
      4710.16  1.68932e-17
      4711.60  1.68372e-17
      4713.04  1.68560e-17
      4714.49  1.64827e-17
      4715.93  1.63306e-17
      4717.37  1.68390e-17
      4718.81  1.69260e-17
      4720.26  1.63955e-17
      4721.70  1.60449e-17
      4723.14  1.56048e-17
      4724.58  1.56368e-17
      4726.03  1.58595e-17
      4727.47  1.63155e-17
      4728.91  1.60252e-17
      4730.36  1.65278e-17
      4731.80  1.65837e-17
      4733.24  1.58742e-17
      4734.68  1.51274e-17
      4736.13  1.51373e-17
      4737.57  1.58305e-17
      4739.01  1.52087e-17
      4740.46  1.48750e-17
      4741.90  1.45938e-17
      4743.34  1.46755e-17
      4744.78  1.50226e-17
      4746.23  1.44112e-17
      4747.67  1.44387e-17
      4749.11  1.42313e-17
      4750.55  1.43359e-17
      4752.00  1.40503e-17
      4753.44  1.34628e-17
      4754.88  1.35875e-17
      4756.33  1.36544e-17
      4757.77  1.30697e-17
      4759.21  1.29918e-17
      4760.65  1.30366e-17
      4762.10  1.30647e-17
      4763.54  1.23948e-17
      4764.98  1.24493e-17
      4766.42  1.25198e-17
      4767.87  1.26185e-17
      4769.31  1.19184e-17
      4770.75  1.13880e-17
      4772.20  1.14802e-17
      4773.64  1.14329e-17
      4775.08  1.07069e-17
      4776.52  1.02327e-17
      4777.97  1.00078e-17
      4779.41  1.00282e-17
      4780.85  1.06906e-17
      4782.29  1.07361e-17
      4783.74  1.02957e-17
      4785.18  1.01818e-17
      4786.62  9.69012e-18
      4788.07  9.81963e-18
      4789.51  1.01985e-17
      4790.95  9.49694e-18
      4792.39  9.02193e-18
      4793.84  9.72690e-18
      4795.28  9.98036e-18
      4796.72  9.48458e-18
      4798.16  8.84983e-18
      4799.61  9.03538e-18
      4801.05  9.03713e-18
      4802.49  8.65690e-18
      4803.94  8.84009e-18
      4805.38  9.94395e-18
      4806.82  1.00104e-17
      4808.26  9.29587e-18
      4809.71  8.99226e-18
      4811.15  9.36553e-18
      4812.59  9.78898e-18
      4814.03  9.49719e-18
      4815.48  8.96031e-18
      4816.92  9.34130e-18
      4818.36  9.63736e-18
      4819.81  9.90417e-18
      4821.25  1.03809e-17
      4822.69  1.05133e-17
      4824.13  1.03803e-17
      4825.58  1.03733e-17
      4827.02  1.03222e-17
      4828.46  1.01127e-17
      4829.90  1.05336e-17
      4831.35  1.04912e-17
      4832.79  1.10002e-17
      4834.23  1.10410e-17
      4835.68  1.10466e-17
      4837.12  1.05869e-17
      4838.56  1.09612e-17
      4840.00  1.10848e-17
      4841.45  1.13304e-17
      4842.89  1.17529e-17
      4844.33  1.12380e-17
      4845.77  1.10207e-17
      4847.22  1.09994e-17
      4848.66  1.10061e-17
      4850.10  1.11209e-17
      4851.55  1.12858e-17
      4852.99  1.15233e-17
      4854.43  1.11270e-17
      4855.87  1.11238e-17
      4857.32  1.09994e-17
      4858.76  1.06233e-17
      4860.20  1.08871e-17
      4861.64  1.00936e-17
      4863.09  9.38473e-18
      4864.53  9.64294e-18
      4865.97  9.85025e-18
      4867.42  9.99077e-18
      4868.86  9.59579e-18
      4870.30  9.45024e-18
      4871.74  9.59724e-18
      4873.19  9.28859e-18
      4874.63  9.84674e-18
      4876.07  9.60289e-18
      4877.52  8.93524e-18
      4878.96  9.55278e-18
      4880.40  9.25759e-18
      4881.84  8.83467e-18
      4883.29  9.58278e-18
      4884.73  9.74948e-18
      4886.17  9.82678e-18
      4887.61  9.84174e-18
      4889.06  8.87868e-18
      4890.50  9.05129e-18
      4891.94  9.83751e-18
      4893.38  9.53751e-18
      4894.83  9.66090e-18
      4896.27  1.02576e-17
      4897.71  1.02791e-17
      4899.16  9.63488e-18
      4900.60  9.10380e-18
      4902.04  9.97086e-18
      4903.48  1.03027e-17
      4904.93  1.00682e-17
      4906.37  9.76810e-18
      4907.81  9.90242e-18
      4909.25  1.00418e-17
      4910.70  1.03606e-17
      4912.14  1.03476e-17
      4913.58  1.05763e-17
      4915.03  1.12352e-17
      4916.47  1.18345e-17
      4917.91  1.15159e-17
      4919.35  1.08639e-17
      4920.80  1.13840e-17
      4922.24  1.18982e-17
      4923.68  1.17040e-17
      4925.12  1.19213e-17
      4926.57  1.21007e-17
      4928.01  1.20562e-17
      4929.45  1.27013e-17
      4930.90  1.26072e-17
      4932.34  1.28243e-17
      4933.78  1.32926e-17
      4935.22  1.36523e-17
      4936.67  1.32161e-17
      4938.11  1.30495e-17
      4939.55  1.37784e-17
      4941.00  1.40853e-17
      4942.44  1.32745e-17
      4943.88  1.34559e-17
      4945.32  1.45792e-17
      4946.77  1.44654e-17
      4948.21  1.42792e-17
      4949.65  1.40562e-17
      4951.09  1.43698e-17
      4952.54  1.50395e-17
      4953.98  1.47634e-17
      4955.42  1.48520e-17
      4956.86  1.51346e-17
      4958.31  1.49699e-17
      4959.75  1.50914e-17
      4961.19  1.52943e-17
      4962.64  1.52021e-17
      4964.08  1.45388e-17
      4965.52  1.46625e-17
      4966.96  1.51855e-17
      4968.41  1.52320e-17
      4969.85  1.51454e-17
      4971.29  1.48398e-17
      4972.74  1.53221e-17
      4974.18  1.57362e-17
      4975.62  1.51713e-17
      4977.06  1.48750e-17
      4978.51  1.44792e-17
      4979.95  1.44701e-17
      4981.39  1.44762e-17
      4982.83  1.41620e-17
      4984.28  1.40308e-17
      4985.72  1.40681e-17
      4987.16  1.42074e-17
      4988.61  1.41450e-17
      4990.05  1.40560e-17
      4991.49  1.34410e-17
      4992.93  1.30541e-17
      4994.38  1.30331e-17
      4995.82  1.30834e-17
      4997.26  1.25892e-17
      4998.70  1.23910e-17
      5000.15  1.23232e-17
      5001.59  1.17979e-17
      5003.03  1.12744e-17
      5004.48  1.11986e-17
      5005.92  1.16679e-17
      5007.36  1.19129e-17
      5008.80  1.10541e-17
      5010.25  1.04638e-17
      5011.69  1.07955e-17
      5013.13  1.03535e-17
      5014.57  9.90657e-18
      5016.02  9.82794e-18
      5017.46  9.96077e-18
      5018.90  9.54316e-18
      5020.35  9.28801e-18
      5021.79  1.00446e-17
      5023.23  9.74492e-18
      5024.67  9.03180e-18
      5026.12  8.92625e-18
      5027.56  8.86423e-18
      5029.00  9.62079e-18
      5030.44  9.73633e-18
      5031.89  8.85994e-18
      5033.33  9.05067e-18
      5034.77  9.40894e-18
      5036.22  9.38185e-18
      5037.66  9.29288e-18
      5039.10  9.03098e-18
      5040.54  8.75635e-18
      5041.99  8.98881e-18
      5043.43  9.24464e-18
      5044.87  9.06429e-18
      5046.31  8.76859e-18
      5047.76  9.02634e-18
      5049.20  9.54324e-18
      5050.64  9.51369e-18
      5052.09  9.69664e-18
      5053.53  9.71610e-18
      5054.97  9.33186e-18
      5056.41  9.10013e-18
      5057.86  9.46005e-18
      5059.30  9.89381e-18
      5060.74  9.93083e-18
      5062.18  1.01215e-17
      5063.63  1.01557e-17
      5065.07  1.00587e-17
      5066.51  1.00375e-17
      5067.96  9.91361e-18
      5069.40  1.02870e-17
      5070.84  1.05217e-17
      5072.28  1.04334e-17
      5073.73  1.07038e-17
      5075.17  1.11106e-17
      5076.61  1.08667e-17
      5078.05  1.11215e-17
      5079.50  1.15779e-17
      5080.94  1.13189e-17
      5082.38  1.14372e-17
      5083.83  1.19957e-17
      5085.27  1.17360e-17
      5086.71  1.16450e-17
      5088.15  1.17053e-17
      5089.60  1.16390e-17
      5091.04  1.24484e-17
      5092.48  1.27725e-17
      5093.92  1.19905e-17
      5095.37  1.22780e-17
      5096.81  1.28298e-17
      5098.25  1.26842e-17
      5099.70  1.28924e-17
      5101.14  1.27379e-17
      5102.58  1.25051e-17
      5104.02  1.22998e-17
      5105.47  1.24257e-17
      5106.91  1.31204e-17
      5108.35  1.31480e-17
      5109.79  1.29701e-17
      5111.24  1.31392e-17
      5112.68  1.32421e-17
      5114.12  1.30478e-17
      5115.57  1.29556e-17
      5117.01  1.37848e-17
      5118.45  1.35427e-17
      5119.89  1.30329e-17
      5121.34  1.34395e-17
      5122.78  1.36067e-17
      5124.22  1.38421e-17
      5125.66  1.36225e-17
      5127.11  1.29755e-17
      5128.55  1.29708e-17
      5129.99  1.29625e-17
      5131.44  1.29271e-17
      5132.88  1.35692e-17
      5134.32  1.32160e-17
      5135.76  1.26804e-17
      5137.21  1.28327e-17
      5138.65  1.30106e-17
      5140.09  1.29625e-17
      5141.53  1.33837e-17
      5142.98  1.30620e-17
      5144.42  1.33417e-17
      5145.86  1.32242e-17
      5147.31  1.30966e-17
      5148.75  1.32260e-17
      5150.19  1.29511e-17
      5151.63  1.24521e-17
      5153.08  1.27433e-17
      5154.52  1.27766e-17
      5155.96  1.29659e-17
      5157.40  1.27229e-17
      5158.85  1.23651e-17
      5160.29  1.25492e-17
      5161.73  1.27343e-17
      5163.18  1.26715e-17
      5164.62  1.23903e-17
      5166.06  1.27732e-17
      5167.50  1.27293e-17
      5168.95  1.24491e-17
      5170.39  1.23633e-17
      5171.83  1.28449e-17
      5173.27  1.29581e-17
      5174.72  1.28614e-17
      5176.16  1.31953e-17
      5177.60  1.31325e-17
      5179.05  1.21285e-17
      5180.49  1.20517e-17
      5181.93  1.29439e-17
      5183.37  1.35129e-17
      5184.82  1.35856e-17
      5186.26  1.24932e-17
      5187.70  1.19828e-17
      5189.15  1.25116e-17
      5190.59  1.30748e-17
      5192.03  1.31545e-17
      5193.47  1.29826e-17
      5194.92  1.27532e-17
      5196.36  1.30393e-17
      5197.80  1.29232e-17
      5199.24  1.28958e-17
      5200.69  1.36015e-17
      5202.13  1.31840e-17
      5203.57  1.27067e-17
      5205.02  1.26749e-17
      5206.46  1.29908e-17
      5207.90  1.33295e-17
      5209.34  1.38238e-17
      5210.79  1.41795e-17
      5212.23  1.40281e-17
      5213.67  1.42521e-17
      5215.11  1.41702e-17
      5216.56  1.43816e-17
      5218.00  1.41833e-17
      5219.44  1.35955e-17
      5220.89  1.45492e-17
      5222.33  1.47649e-17
      5223.77  1.42893e-17
      5225.21  1.48421e-17
      5226.66  1.52082e-17
      5228.10  1.45790e-17
      5229.54  1.47863e-17
      5230.98  1.43707e-17
      5232.43  1.43963e-17
      5233.87  1.43845e-17
      5235.31  1.39492e-17
      5236.75  1.46833e-17
      5238.20  1.49044e-17
      5239.64  1.51846e-17
      5241.08  1.50685e-17
      5242.53  1.44191e-17
      5243.97  1.44000e-17
      5245.41  1.50706e-17
      5246.85  1.54460e-17
      5248.30  1.51694e-17
      5249.74  1.49702e-17
      5251.18  1.48802e-17
      5252.62  1.50066e-17
      5254.07  1.50540e-17
      5255.51  1.52015e-17
      5256.95  1.53035e-17
      5258.40  1.48777e-17
      5259.84  1.56580e-17
      5261.28  1.53300e-17
      5262.72  1.48360e-17
      5264.17  1.52747e-17
      5265.61  1.53457e-17
      5267.05  1.51958e-17
      5268.50  1.54065e-17
      5269.94  1.58305e-17
      5271.38  1.55314e-17
      5272.82  1.51504e-17
      5274.27  1.47341e-17
      5275.71  1.51318e-17
      5277.15  1.52923e-17
      5278.59  1.51751e-17
      5280.04  1.53355e-17
      5281.48  1.55140e-17
      5282.92  1.56155e-17
      5284.37  1.48867e-17
      5285.81  1.49413e-17
      5287.25  1.51515e-17
      5288.69  1.58449e-17
      5290.14  1.55581e-17
      5291.58  1.53314e-17
      5293.02  1.53793e-17
      5294.46  1.55806e-17
      5295.91  1.53436e-17
      5297.35  1.53676e-17
      5298.79  1.59496e-17
      5300.24  1.53630e-17
      5301.68  1.45682e-17
      5303.12  1.52183e-17
      5304.56  1.58749e-17
      5306.01  1.59094e-17
      5307.45  1.55042e-17
      5308.89  1.50528e-17
      5310.33  1.57453e-17
      5311.78  1.57356e-17
      5313.22  1.51195e-17
      5314.66  1.51239e-17
      5316.11  1.50083e-17
      5317.55  1.47729e-17
      5318.99  1.46851e-17
      5320.43  1.49213e-17
      5321.88  1.51914e-17
      5323.32  1.47209e-17
      5324.76  1.48295e-17
      5326.20  1.52174e-17
      5327.65  1.50033e-17
      5329.09  1.47493e-17
      5330.53  1.44734e-17
      5331.98  1.46334e-17
      5333.42  1.48656e-17
      5334.86  1.47082e-17
      5336.30  1.38720e-17
      5337.75  1.40217e-17
      5339.19  1.46146e-17
      5340.63  1.42912e-17
      5342.07  1.34823e-17
      5343.52  1.36638e-17
      5344.96  1.44820e-17
      5346.40  1.43846e-17
      5347.85  1.38280e-17
      5349.29  1.43217e-17
      5350.73  1.44522e-17
      5352.17  1.38272e-17
      5353.62  1.38513e-17
      5355.06  1.44193e-17
      5356.50  1.41239e-17
      5357.94  1.39062e-17
      5359.39  1.42825e-17
      5360.83  1.37620e-17
      5362.27  1.38115e-17
      5363.72  1.34963e-17
      5365.16  1.30957e-17
      5366.60  1.37452e-17
      5368.04  1.39464e-17
      5369.49  1.38855e-17
      5370.93  1.36569e-17
      5372.37  1.32918e-17
      5373.81  1.30671e-17
      5375.26  1.33368e-17
      5376.70  1.31810e-17
      5378.14  1.29921e-17
      5379.59  1.32804e-17
      5381.03  1.32875e-17
      5382.47  1.28884e-17
      5383.91  1.27456e-17
      5385.36  1.30881e-17
      5386.80  1.29391e-17
      5388.24  1.30128e-17
      5389.68  1.33431e-17
      5391.13  1.31883e-17
      5392.57  1.28089e-17
      5394.01  1.25502e-17
      5395.46  1.28360e-17
      5396.90  1.32091e-17
      5398.34  1.30259e-17
      5399.78  1.28613e-17
      5401.23  1.29230e-17
      5402.67  1.29548e-17
      5404.11  1.27515e-17
      5405.56  1.29129e-17
      5407.00  1.30253e-17
      5408.44  1.28613e-17
      5409.88  1.29213e-17
      5411.33  1.28397e-17
      5412.77  1.27630e-17
      5414.21  1.30076e-17
      5415.65  1.29923e-17
      5417.10  1.29715e-17
      5418.54  1.30174e-17
      5419.98  1.30368e-17
      5421.42  1.30561e-17
      5422.87  1.30755e-17
      5424.31  1.30948e-17
      5425.75  1.31142e-17
      5427.20  1.31335e-17
      5428.64  1.31528e-17
      5430.08  1.31722e-17
      5431.52  1.31716e-17
      5432.97  1.29571e-17
      5434.41  1.27567e-17
      5435.85  1.32762e-17
      5437.29  1.30642e-17
      5438.74  1.21750e-17
      5440.18  1.19137e-17
      5441.62  1.21729e-17
      5443.07  1.26283e-17
      5444.51  1.28192e-17
      5445.95  1.32112e-17
      5447.39  1.29186e-17
      5448.84  1.20634e-17
      5450.28  1.22666e-17
      5451.72  1.24787e-17
      5453.17  1.25966e-17
      5454.61  1.28061e-17
      5456.05  1.27853e-17
      5457.49  1.28815e-17
      5458.94  1.28514e-17
      5460.38  1.25963e-17
      5461.82  1.29339e-17
      5463.26  1.24395e-17
      5464.71  1.25814e-17
      5466.15  1.26112e-17
      5467.59  1.29940e-17
      5469.04  1.43612e-17
      5470.48  1.39389e-17
      5471.92  1.25050e-17
      5473.36  1.15727e-17
      5474.81  1.18225e-17
      5476.25  1.26023e-17
      5477.69  1.25949e-17
      5479.13  1.21513e-17
      5480.58  1.22115e-17
      5482.02  1.24360e-17
      5483.46  1.20419e-17
      5484.90  1.18890e-17
      5486.35  1.21035e-17
      5487.79  1.21464e-17
      5489.23  1.22216e-17
      5490.68  1.23412e-17
      5492.12  1.24895e-17
      5493.56  1.25714e-17
      5495.00  1.22448e-17
      5496.45  1.25034e-17
      5497.89  1.28419e-17
      5499.33  1.25306e-17
      5500.78  1.23906e-17
      5502.22  1.28643e-17
      5503.66  1.29765e-17
      5505.10  1.24982e-17
      5506.55  1.23354e-17
      5507.99  1.25141e-17
      5509.43  1.27813e-17
      5510.87  1.23753e-17
      5512.32  1.18867e-17
      5513.76  1.24907e-17
      5515.20  1.22688e-17
      5516.65  1.21006e-17
      5518.09  1.22313e-17
      5519.53  1.21256e-17
      5520.97  1.25747e-17
      5522.42  1.25376e-17
      5523.86  1.22651e-17
      5525.30  1.27315e-17
      5526.74  1.21448e-17
      5528.19  1.18554e-17
      5529.63  1.14633e-17
      5531.07  1.18498e-17
      5532.52  1.19057e-17
      5533.96  1.21592e-17
      5535.40  1.25873e-17
      5536.84  1.21843e-17
      5538.29  1.21847e-17
      5539.73  1.20587e-17
      5541.17  1.23228e-17
      5542.61  1.21076e-17
      5544.06  1.12089e-17
      5545.50  1.11778e-17
      5546.94  1.18590e-17
      5548.39  1.17538e-17
      5549.83  1.14504e-17
      5551.27  1.12080e-17
      5552.71  1.16513e-17
      5554.16  1.18452e-17
      5555.60  1.18695e-17
      5557.04  1.14358e-17
      5558.48  1.11535e-17
      5559.93  1.17345e-17
      5561.37  1.17314e-17
      5562.81  1.13982e-17
      5564.26  1.15992e-17
      5565.70  1.19241e-17
      5567.14  1.11704e-17
      5568.58  1.13132e-17
      5570.03  1.14098e-17
      5571.47  1.13298e-17
      5572.91  1.14965e-17
      5574.35  1.14648e-17
      5575.80  1.13264e-17
      5577.24  1.18509e-17
      5578.68  1.17186e-17
      5580.13  1.10123e-17
      5581.57  1.11984e-17
      5583.01  1.16254e-17
      5584.45  1.14212e-17
      5585.90  1.10423e-17
      5587.34  1.09331e-17
      5588.78  1.11832e-17
      5590.22  1.13535e-17
      5591.67  1.14933e-17
      5593.11  1.07908e-17
      5594.55  1.08083e-17
      5596.00  1.12556e-17
      5597.44  1.09506e-17
      5598.88  1.11748e-17
      5600.32  1.16524e-17
      5601.77  1.15582e-17
      5603.21  1.16876e-17
      5604.65  1.13613e-17
      5606.09  1.11122e-17
      5607.54  1.13856e-17
      5608.98  1.12905e-17
      5610.42  1.07490e-17
      5611.87  1.00287e-17
      5613.31  1.08938e-17
      5614.75  1.14075e-17
      5616.19  1.11045e-17
      5617.64  1.11078e-17
      5619.08  1.06989e-17
      5620.52  1.09430e-17
      5621.96  1.09568e-17
      5623.41  1.04066e-17
      5624.85  1.05599e-17
      5626.29  1.08724e-17
      5627.74  1.12460e-17
      5629.18  1.10230e-17
      5630.62  1.03525e-17
      5632.06  1.05719e-17
      5633.51  1.09488e-17
      5634.95  1.12626e-17
      5636.39  1.13900e-17
      5637.83  1.09977e-17
      5639.28  1.09247e-17
      5640.72  1.11500e-17
      5642.16  1.11181e-17
      5643.61  1.10998e-17
      5645.05  1.09826e-17
      5646.49  1.07364e-17
      5647.93  1.04705e-17
      5649.38  1.04032e-17
      5650.82  1.05518e-17
      5652.26  1.07542e-17
      5653.70  1.10658e-17
      5655.15  1.06609e-17
      5656.59  1.04722e-17
      5658.03  1.04504e-17
      5659.48  1.05587e-17
      5660.92  1.04888e-17
      5662.36  1.04601e-17
      5663.80  1.03865e-17
      5665.25  1.00201e-17
      5666.69  1.00990e-17
      5668.13  1.02824e-17
      5669.57  1.00253e-17
      5671.02  1.02535e-17
      5672.46  1.05584e-17
      5673.90  1.02001e-17
      5675.35  9.72641e-18
      5676.79  1.01078e-17
      5678.23  9.73869e-18
      5679.67  1.00424e-17
      5681.12  1.01627e-17
      5682.56  9.78957e-18
      5684.00  9.76560e-18
      5685.44  9.30515e-18
      5686.89  8.96850e-18
      5688.33  9.13100e-18
      5689.77  9.25996e-18
      5691.22  9.26998e-18
      5692.66  9.11524e-18
      5694.10  9.28580e-18
      5695.54  9.41715e-18
      5696.99  8.78298e-18
      5698.43  9.11986e-18
      5699.87  9.59926e-18
      5701.31  9.19067e-18
      5702.76  8.78237e-18
      5704.20  8.65351e-18
      5705.64  8.26566e-18
      5707.09  8.55410e-18
      5708.53  8.52834e-18
      5709.97  8.57883e-18
      5711.41  8.30165e-18
      5712.86  7.92130e-18
      5714.30  8.64795e-18
      5715.74  8.51448e-18
      5717.19  8.50401e-18
      5718.63  8.24023e-18
      5720.07  7.79858e-18
      5721.51  7.75433e-18
      5722.96  7.62657e-18
      5724.40  7.54876e-18
      5725.84  7.40580e-18
      5727.28  7.75524e-18
      5728.73  7.37943e-18
      5730.17  7.38151e-18
      5731.61  7.22656e-18
      5733.06  7.44041e-18
      5734.50  6.99408e-18
      5735.94  7.54991e-18
      5737.38  7.80954e-18
      5738.83  7.12924e-18
      5740.27  6.75345e-18
      5741.71  6.86245e-18
      5743.15  6.97510e-18
      5744.60  7.26167e-18
      5746.04  7.67092e-18
      5747.48  7.27033e-18
      5748.93  7.12874e-18
      5750.37  7.54418e-18
      5751.81  7.34752e-18
      5753.25  7.55487e-18
      5754.70  7.58754e-18
      5756.14  7.14125e-18
      5757.58  7.22648e-18
      5759.02  7.76608e-18
      5760.47  8.27309e-18
      5761.91  8.46993e-18
      5763.35  8.24965e-18
      5764.79  8.67554e-18
      5766.24  8.77861e-18
      5767.68  8.92898e-18
      5769.12  9.03727e-18
      5770.57  9.30046e-18
      5772.01  9.16612e-18
      5773.45  9.35273e-18
      5774.89  9.44571e-18
      5776.34  9.60605e-18
      5777.78  9.56711e-18
      5779.22  9.88675e-18
      5780.67  9.65081e-18
      5782.11  9.90893e-18
      5783.55  1.02408e-17
      5784.99  1.00719e-17
      5786.44  1.00880e-17
      5787.88  1.01446e-17
      5789.32  1.06250e-17
      5790.76  1.05989e-17
      5792.21  1.05656e-17
      5793.65  1.08779e-17
      5795.09  1.12685e-17
      5796.54  1.11142e-17
      5797.98  1.13067e-17
      5799.42  1.19485e-17
      5800.86  1.23437e-17
      5802.31  1.19774e-17
      5803.75  1.23447e-17
      5805.19  1.27050e-17
      5806.63  1.21232e-17
      5808.08  1.24239e-17
      5809.52  1.25261e-17
      5810.96  1.27390e-17
      5812.41  1.30388e-17
      5813.85  1.28645e-17
      5815.29  1.28089e-17
      5816.73  1.34018e-17
      5818.18  1.33961e-17
      5819.62  1.32642e-17
      5821.06  1.36265e-17
      5822.50  1.35210e-17
      5823.95  1.36864e-17
      5825.39  1.38103e-17
      5826.83  1.33967e-17
      5828.28  1.31389e-17
      5829.72  1.34129e-17
      5831.16  1.32267e-17
      5832.60  1.37574e-17
      5834.05  1.37982e-17
      5835.49  1.35847e-17
      5836.93  1.38244e-17
      5838.37  1.32098e-17
      5839.82  1.35696e-17
      5841.26  1.40952e-17
      5842.70  1.38045e-17
      5844.15  1.34522e-17
      5845.59  1.29986e-17
      5847.03  1.27463e-17
      5848.47  1.34958e-17
      5849.92  1.39224e-17
      5851.36  1.34772e-17
      5852.80  1.35698e-17
      5854.24  1.33671e-17
      5855.69  1.33543e-17
      5857.13  1.40978e-17
      5858.57  1.38270e-17
      5860.02  1.30850e-17
      5861.46  1.35922e-17
      5862.90  1.39814e-17
      5864.34  1.38939e-17
      5865.79  1.33381e-17
      5867.23  1.29044e-17
      5868.67  1.33104e-17
      5870.11  1.30663e-17
      5871.56  1.29758e-17
      5873.00  1.34643e-17
      5874.44  1.39476e-17
      5875.89  1.32629e-17
      5877.33  1.22528e-17
      5878.77  1.26774e-17
      5880.21  1.25666e-17
      5881.66  1.22574e-17
      5883.10  1.29019e-17
      5884.54  1.27626e-17
      5885.98  1.25119e-17
      5887.43  1.27913e-17
      5888.87  1.25453e-17
      5890.31  1.26739e-17
      5891.76  1.22144e-17
      5893.20  1.22281e-17
      5894.64  1.26249e-17
      5896.08  1.26410e-17
      5897.53  1.21094e-17
      5898.97  1.24899e-17
      5900.41  1.27808e-17
      5901.85  1.25914e-17
      5903.30  1.26948e-17
      5904.74  1.30528e-17
      5906.18  1.23806e-17
      5907.63  1.22665e-17
      5909.07  1.25095e-17
      5910.51  1.26013e-17
      5911.95  1.29096e-17
      5913.40  1.33138e-17
      5914.84  1.29450e-17
      5916.28  1.23589e-17
      5917.72  1.20536e-17
      5919.17  1.22209e-17
      5920.61  1.20070e-17
      5922.05  1.18435e-17
      5923.50  1.22631e-17
      5924.94  1.20934e-17
      5926.38  1.22373e-17
      5927.82  1.20891e-17
      5929.27  1.24228e-17
      5930.71  1.28005e-17
      5932.15  1.24123e-17
      5933.60  1.22302e-17
      5935.04  1.18527e-17
      5936.48  1.14452e-17
      5937.92  1.09756e-17
      5939.37  1.12114e-17
      5940.81  1.15011e-17
      5942.25  1.17993e-17
      5943.69  1.15357e-17
      5945.14  1.13342e-17
      5946.58  1.12706e-17
      5948.02  1.08202e-17
      5949.46  1.14077e-17
      5950.91  1.16417e-17
      5952.35  1.12582e-17
      5953.79  1.19261e-17
      5955.24  1.22476e-17
      5956.68  1.14366e-17
      5958.12  1.12818e-17
      5959.56  1.16823e-17
      5961.01  1.17428e-17
      5962.45  1.20585e-17
      5963.89  1.11697e-17
      5965.33  1.16006e-17
      5966.78  1.19806e-17
      5968.22  1.12486e-17
      5969.66  1.11611e-17
      5971.11  1.09178e-17
      5972.55  1.10521e-17
      5973.99  1.10275e-17
      5975.43  1.08670e-17
      5976.88  1.09379e-17
      5978.32  1.10528e-17
      5979.76  1.10778e-17
      5981.21  1.05843e-17
      5982.65  1.06478e-17
      5984.09  1.11890e-17
      5985.53  1.09049e-17
      5986.98  1.06443e-17
      5988.42  1.03575e-17
      5989.86  9.83170e-18
      5991.30  1.01680e-17
      5992.75  1.06376e-17
      5994.19  1.10676e-17
      5995.63  1.05082e-17
      5997.08  1.01121e-17
      5998.52  1.00408e-17
      5999.96  1.02680e-17
      6001.40  1.06370e-17
      6002.85  1.03316e-17
      6004.29  1.00060e-17
      6005.73  1.07335e-17
      6007.17  1.08612e-17
      6008.62  1.04576e-17
      6010.06  1.01762e-17
      6011.50  1.01668e-17
      6012.94  1.01479e-17
      6014.39  1.04146e-17
      6015.83  1.03341e-17
      6017.27  1.01877e-17
      6018.72  1.03114e-17
      6020.16  1.03286e-17
      6021.60  1.02858e-17
      6023.04  9.95586e-18
      6024.49  1.06014e-17
      6025.93  1.08786e-17
      6027.37  1.00933e-17
      6028.81  9.50165e-18
      6030.26  9.90031e-18
      6031.70  1.05935e-17
      6033.14  1.00870e-17
      6034.59  9.98952e-18
      6036.03  1.03649e-17
      6037.47  1.02733e-17
      6038.91  1.01146e-17
      6040.36  1.02900e-17
      6041.80  1.00149e-17
      6043.24  9.49452e-18
      6044.69  9.12040e-18
      6046.13  9.41243e-18
      6047.57  1.00815e-17
      6049.01  9.93826e-18
      6050.46  9.80632e-18
      6051.90  9.90673e-18
      6053.34  9.89845e-18
      6054.78  9.51850e-18
      6056.23  9.69104e-18
      6057.67  9.66634e-18
      6059.11  9.56761e-18
      6060.56  9.85408e-18
      6062.00  9.82066e-18
      6063.44  1.00153e-17
      6064.88  9.93786e-18
      6066.33  9.44349e-18
      6067.77  9.22467e-18
      6069.21  9.55391e-18
      6070.65  9.79334e-18
      6072.10  9.48891e-18
      6073.54  9.40522e-18
      6074.98  9.46118e-18
      6076.43  9.19907e-18
      6077.87  9.65100e-18
      6079.31  9.67796e-18
      6080.75  9.69488e-18
      6082.20  9.76970e-18
      6083.64  9.54626e-18
      6085.08  9.28255e-18
      6086.52  9.12152e-18
      6087.97  9.36135e-18
      6089.41  9.48741e-18
      6090.85  9.36116e-18
      6092.30  9.93037e-18
      6093.74  1.01658e-17
      6095.18  9.99287e-18
      6096.62  9.55477e-18
      6098.07  9.43367e-18
      6099.51  9.24939e-18
      6100.95  9.18593e-18
      6102.39  1.00364e-17
      6103.84  9.91436e-18
      6105.28  9.41610e-18
      6106.72  9.25171e-18
      6108.17  9.10241e-18
      6109.61  9.44984e-18
      6111.05  9.91858e-18
      6112.49  9.76785e-18
      6113.94  9.54265e-18
      6115.38  9.33144e-18
      6116.82  9.30489e-18
      6118.26  9.61785e-18
      6119.71  9.63579e-18
      6121.15  9.12914e-18
      6122.59  9.45601e-18
      6124.04  1.01295e-17
      6125.48  9.82487e-18
      6126.92  9.75873e-18
      6128.36  9.18000e-18
      6129.81  9.31641e-18
      6131.25  9.32754e-18
      6132.69  9.37982e-18
      6134.13  9.39591e-18
      6135.58  9.59365e-18
      6137.02  9.78044e-18
      6138.46  9.78409e-18
      6139.91  9.68439e-18
      6141.35  9.28559e-18
      6142.79  9.27002e-18
      6144.23  9.18863e-18
      6145.68  9.54740e-18
      6147.12  9.29555e-18
      6148.56  9.14263e-18
      6150.00  9.74996e-18
      6151.45  9.29899e-18
      6152.89  9.28515e-18
      6154.33  9.25576e-18
      6155.78  8.98037e-18
      6157.22  9.23714e-18
      6158.66  8.79501e-18
      6160.10  8.96152e-18
      6161.55  9.47306e-18
      6162.99  9.36867e-18
      6164.43  8.68717e-18
      6165.88  8.88393e-18
      6167.32  9.40999e-18
      6168.76  8.92682e-18
      6170.20  9.21742e-18
      6171.65  9.16142e-18
      6173.09  9.39511e-18
      6174.53  9.22915e-18
      6175.97  8.81704e-18
      6177.42  8.64268e-18
      6178.86  9.18802e-18
      6180.30  9.12724e-18
      6181.74  8.76891e-18
      6183.19  9.19492e-18
      6184.63  9.21051e-18
      6186.07  8.93043e-18
      6187.52  8.56942e-18
      6188.96  8.28247e-18
      6190.40  8.61533e-18
      6191.84  8.32818e-18
      6193.29  8.19876e-18
      6194.73  7.72079e-18
      6196.17  8.22417e-18
      6197.61  7.83345e-18
      6199.06  7.90192e-18
      6200.50  7.80218e-18
      6201.94  7.50109e-18
      6203.39  7.61047e-18
      6204.83  7.56306e-18
      6206.27  7.89111e-18
      6207.71  7.48115e-18
      6209.16  7.23199e-18
      6210.60  7.64886e-18
      6212.04  7.67080e-18
      6213.48  8.13332e-18
      6214.93  7.39773e-18
      6216.37  7.25287e-18
      6217.81  7.61033e-18
      6219.26  7.50042e-18
      6220.70  7.24041e-18
      6222.14  7.30625e-18
      6223.58  7.67363e-18
      6225.03  7.18130e-18
      6226.47  7.13765e-18
      6227.91  7.19117e-18
      6229.35  7.18422e-18
      6230.80  7.09320e-18
      6232.24  6.87755e-18
      6233.68  6.79107e-18
      6235.13  6.96414e-18
      6236.57  7.21340e-18
      6238.01  6.80233e-18
      6239.45  7.08227e-18
      6240.90  6.75197e-18
      6242.34  6.20155e-18
      6243.78  6.51636e-18
      6245.22  6.96436e-18
      6246.67  7.20489e-18
      6248.11  6.75358e-18
      6249.55  6.55980e-18
      6251.00  6.50840e-18
      6252.44  6.94405e-18
      6253.88  7.14311e-18
      6255.32  7.20251e-18
      6256.77  7.54204e-18
      6258.21  6.94875e-18
      6259.65  6.70275e-18
      6261.10  7.27595e-18
      6262.54  7.10333e-18
      6263.98  6.39850e-18
      6265.42  6.67093e-18
      6266.87  7.24664e-18
      6268.31  7.07675e-18
      6269.75  7.10932e-18
      6271.19  7.09260e-18
      6272.64  6.87526e-18
      6274.08  7.32088e-18
      6275.52  7.37992e-18
      6276.97  7.42991e-18
      6278.41  7.61588e-18
      6279.85  8.00041e-18
      6281.29  7.86281e-18
      6282.74  7.88223e-18
      6284.18  7.90286e-18
      6285.62  7.26473e-18
      6287.06  7.43455e-18
      6288.51  7.67156e-18
      6289.95  8.10326e-18
      6291.39  8.21906e-18
      6292.83  7.77525e-18
      6294.28  8.11288e-18
      6295.72  8.44124e-18
      6297.16  7.92865e-18
      6298.61  7.70269e-18
      6300.05  8.23646e-18
      6301.49  7.82986e-18
      6302.93  7.67327e-18
      6304.38  7.89970e-18
      6305.82  8.37440e-18
      6307.26  7.90204e-18
      6308.71  7.80278e-18
      6310.15  8.12128e-18
      6311.59  8.31200e-18
      6313.03  8.25803e-18
      6314.48  8.55442e-18
      6315.92  8.46994e-18
      6317.36  8.31489e-18
      6318.80  8.53654e-18
      6320.25  8.95676e-18
      6321.69  8.82124e-18
      6323.13  8.73890e-18
      6324.58  8.64567e-18
      6326.02  8.63796e-18
      6327.46  8.72144e-18
      6328.90  8.51776e-18
      6330.35  8.95747e-18
      6331.79  8.96364e-18
      6333.23  9.15317e-18
      6334.67  8.99263e-18
      6336.12  8.74493e-18
      6337.56  8.73127e-18
      6339.00  9.01657e-18
      6340.45  8.70197e-18
      6341.89  8.78829e-18
      6343.33  8.97669e-18
      6344.77  9.35780e-18
      6346.22  9.01602e-18
      6347.66  8.77187e-18
      6349.10  8.46329e-18
      6350.54  9.14643e-18
      6351.99  9.12803e-18
      6353.43  8.56288e-18
      6354.87  8.50290e-18
      6356.32  8.45970e-18
      6357.76  8.82364e-18
      6359.20  9.52124e-18
      6360.64  9.12953e-18
      6362.09  8.84991e-18
      6363.53  8.72950e-18
      6364.97  8.40260e-18
      6366.41  8.25574e-18
      6367.86  8.79286e-18
      6369.30  9.09359e-18
      6370.74  9.23975e-18
      6372.19  9.46350e-18
      6373.63  9.07506e-18
      6375.07  9.18133e-18
      6376.51  9.33264e-18
      6377.96  8.76275e-18
      6379.40  9.27076e-18
      6380.84  9.24507e-18
      6382.28  9.04847e-18
      6383.73  8.74519e-18
      6385.17  8.76470e-18
      6386.61  8.88818e-18
      6388.06  9.18876e-18
      6389.50  9.26111e-18
      6390.94  9.34241e-18
      6392.38  9.13711e-18
      6393.83  8.82795e-18
      6395.27  8.82511e-18
      6396.71  9.00889e-18
      6398.15  8.65984e-18
      6399.60  9.03398e-18
      6401.04  9.10386e-18
      6402.48  8.85554e-18
      6403.93  8.47948e-18
      6405.37  8.75798e-18
      6406.81  9.04705e-18
      6408.25  9.61301e-18
      6409.70  9.02815e-18
      6411.14  8.83134e-18
      6412.58  8.61933e-18
      6414.02  8.79724e-18
      6415.47  8.98892e-18
      6416.91  8.86806e-18
      6418.35  8.82560e-18
      6419.80  8.96781e-18
      6421.24  9.34694e-18
      6422.68  8.83234e-18
      6424.12  8.82779e-18
      6425.57  8.62141e-18
      6427.01  8.36541e-18
      6428.45  8.76188e-18
      6429.89  8.71877e-18
      6431.34  8.51066e-18
      6432.78  8.14359e-18
      6434.22  8.03276e-18
      6435.67  8.48248e-18
      6437.11  8.76331e-18
      6438.55  8.47300e-18
      6439.99  8.70661e-18
      6441.44  8.77775e-18
      6442.88  8.64749e-18
      6444.32  8.86209e-18
      6445.76  9.20783e-18
      6447.21  9.19182e-18
      6448.65  9.04664e-18
      6450.09  8.84811e-18
      6451.54  8.58595e-18
      6452.98  8.38012e-18
      6454.42  8.22136e-18
      6455.86  8.35062e-18
      6457.31  8.16967e-18
      6458.75  8.11571e-18
      6460.19  8.28892e-18
      6461.63  8.33855e-18
      6463.08  7.90272e-18
      6464.52  7.83976e-18
      6465.96  8.32432e-18
      6467.41  8.23255e-18
      6468.85  8.23056e-18
      6470.29  8.43944e-18
      6471.73  8.69081e-18
      6473.18  8.30962e-18
      6474.62  7.96361e-18
      6476.06  7.95539e-18
      6477.50  7.81287e-18
      6478.95  8.01624e-18
      6480.39  7.88922e-18
      6481.83  7.41274e-18
      6483.28  7.57750e-18
      6484.72  7.99029e-18
      6486.16  7.42060e-18
      6487.60  7.92347e-18
      6489.05  8.40165e-18
      6490.49  7.58503e-18
      6491.93  7.20269e-18
      6493.38  7.40050e-18
      6494.82  7.49735e-18
      6496.26  7.27940e-18
      6497.70  7.52653e-18
      6499.15  7.53820e-18
      6500.59  7.46313e-18
      6502.03  7.64728e-18
      6503.47  7.22879e-18
      6504.92  7.25858e-18
      6506.36  7.16170e-18
      6507.80  7.05699e-18
      6509.25  7.25864e-18
      6510.69  7.66998e-18
      6512.13  7.25644e-18
      6513.57  6.68709e-18
      6515.02  7.06075e-18
      6516.46  6.72354e-18
      6517.90  6.86164e-18
      6519.34  7.15745e-18
      6520.79  6.58946e-18
      6522.23  6.56767e-18
      6523.67  6.43603e-18
      6525.12  6.61634e-18
      6526.56  7.11132e-18
      6528.00  6.76618e-18
      6529.44  6.41393e-18
      6530.89  6.60504e-18
      6532.33  6.52017e-18
      6533.77  6.44435e-18
      6535.21  6.19473e-18
      6536.66  6.46601e-18
      6538.10  5.76759e-18
      6539.54  6.34279e-18
      6540.98  6.73490e-18
      6542.43  6.78418e-18
      6543.87  6.59721e-18
      6545.31  6.39087e-18
      6546.76  6.44816e-18
      6548.20  6.50632e-18
      6549.64  6.51771e-18
      6551.08  6.66270e-18
      6552.53  7.11319e-18
      6553.97  7.22929e-18
      6555.41  6.94355e-18
      6556.85  6.91046e-18
      6558.30  7.23133e-18
      6559.74  6.24949e-18
      6561.18  6.34273e-18
      6562.63  6.84950e-18
      6564.07  7.43323e-18
      6565.51  7.71136e-18
      6566.95  7.15052e-18
      6568.40  7.52629e-18
      6569.84  7.89360e-18
      6571.28  7.31449e-18
      6572.73  7.43843e-18
      6574.17  7.39298e-18
      6575.61  7.71822e-18
      6577.05  7.36716e-18
      6578.50  7.23518e-18
      6579.94  7.36876e-18
      6581.38  8.01283e-18
      6582.82  8.20254e-18
      6584.27  8.34292e-18
      6585.71  8.00259e-18
      6587.15  7.82047e-18
      6588.60  8.39953e-18
      6590.04  8.32694e-18
      6591.48  7.75898e-18
      6592.92  7.96776e-18
      6594.37  8.50677e-18
      6595.81  8.28198e-18
      6597.25  8.38033e-18
      6598.69  8.33904e-18
      6600.14  8.16906e-18
      6601.58  8.31132e-18
      6603.02  8.68456e-18
      6604.47  8.60832e-18
      6605.91  8.46776e-18
      6607.35  9.01852e-18
      6608.79  9.38465e-18
      6610.24  9.43139e-18
      6611.68  8.73412e-18
      6613.12  8.20544e-18
      6614.56  8.78812e-18
      6616.01  8.97279e-18
      6617.45  8.74543e-18
      6618.89  8.77015e-18
      6620.34  8.99203e-18
      6621.78  9.00894e-18
      6623.22  9.34289e-18
      6624.66  9.35415e-18
      6626.11  9.28415e-18
      6627.55  9.56847e-18
      6628.99  8.78031e-18
      6630.43  9.51014e-18
      6631.88  8.80407e-18
      6633.32  9.11371e-18
      6634.76  9.61912e-18
      6636.21  9.14424e-18
      6637.65  8.48874e-18
      6639.09  8.60556e-18
      6640.53  9.20117e-18
      6641.98  9.02872e-18
      6643.42  9.01415e-18
      6644.86  9.42163e-18
      6646.30  9.39765e-18
      6647.75  9.15146e-18
      6649.19  9.32735e-18
      6650.63  9.27027e-18
      6652.08  9.04695e-18
      6653.52  9.59170e-18
      6654.96  9.97114e-18
      6656.40  9.53817e-18
      6657.85  9.28279e-18
      6659.29  9.30087e-18
      6660.73  9.29148e-18
      6662.17  9.29793e-18
      6663.62  8.89056e-18
      6665.06  8.95718e-18
      6666.50  9.27947e-18
      6667.95  8.97354e-18
      6669.39  9.24966e-18
      6670.83  8.78872e-18
      6672.27  8.63035e-18
      6673.72  9.20683e-18
      6675.16  8.88034e-18
      6676.60  8.33632e-18
      6678.04  8.90657e-18
      6679.49  9.17109e-18
      6680.93  8.69363e-18
      6682.37  9.00876e-18
      6683.82  9.32447e-18
      6685.26  8.97204e-18
      6686.70  8.90572e-18
      6688.14  9.03418e-18
      6689.59  8.98978e-18
      6691.03  9.08787e-18
      6692.47  8.91443e-18
      6693.92  8.73206e-18
      6695.36  9.09622e-18
      6696.80  9.46263e-18
      6698.24  9.61588e-18
      6699.69  9.09495e-18
      6701.13  8.61701e-18
      6702.57  8.33803e-18
      6704.01  7.96239e-18
      6705.46  8.65177e-18
      6706.90  8.58054e-18
      6708.34  8.32544e-18
      6709.79  8.04061e-18
      6711.23  7.93410e-18
      6712.67  8.35504e-18
      6714.11  8.24308e-18
      6715.56  8.28262e-18
      6717.00  8.59110e-18
      6718.44  8.58070e-18
      6719.88  8.57028e-18
      6721.33  8.55988e-18
      6722.77  8.54947e-18
      6724.21  8.53906e-18
      6725.65  8.52865e-18
      6727.10  8.51824e-18
      6728.54  8.50783e-18
      6729.98  8.49743e-18
      6731.43  8.48702e-18
      6732.87  8.47661e-18
      6734.31  8.46621e-18
      6735.75  8.45580e-18
      6737.20  8.44540e-18
      6738.64  8.43500e-18
      6740.08  8.42459e-18
      6741.52  8.41419e-18
      6742.97  8.40379e-18
      6744.41  8.39339e-18
      6745.85  8.38299e-18
      6747.30  8.37259e-18
      6748.74  8.36218e-18
      6750.18  8.35179e-18
      6751.62  8.34139e-18
      6753.07  8.33099e-18
      6754.51  8.32059e-18
      6755.95  8.31019e-18
      6757.40  8.29979e-18
      6758.84  8.28940e-18
      6760.28  8.27900e-18
      6761.72  8.26861e-18
      6763.17  8.25821e-18
      6764.61  8.24782e-18
      6766.05  8.23742e-18
      6767.49  8.22703e-18
      6768.94  8.21663e-18
      6770.38  8.20624e-18
      6771.82  8.19585e-18
      6773.26  8.18546e-18
      6774.71  8.17507e-18
      6776.15  8.16467e-18
      6777.59  8.15429e-18
      6779.04  8.14389e-18
      6780.48  8.13351e-18
      6781.92  8.12312e-18
      6783.36  8.11273e-18
      6784.81  8.10234e-18
      6786.25  8.09195e-18
      6787.69  8.08157e-18
      6789.14  8.07118e-18
      6790.58  8.06080e-18
      6792.02  8.05041e-18
      6793.46  8.04003e-18
      6794.91  8.02964e-18
      6796.35  8.01926e-18
      6797.79  8.00887e-18
      6799.23  7.99849e-18
      6800.68  7.98811e-18
      6802.12  7.97772e-18
      6803.56  7.96734e-18
      6805.01  7.95696e-18
      6806.45  7.94658e-18
      6807.89  8.04874e-18
      6809.33  8.00601e-18
      6810.78  7.82053e-18
      6812.22  7.78731e-18
      6813.66  6.89717e-18
      6815.10  7.63071e-18
      6816.55  7.69919e-18
      6817.99  7.66850e-18
      6819.43  7.29505e-18
      6820.88  7.59924e-18
      6822.32  7.68285e-18
      6823.76  6.89482e-18
      6825.20  7.10900e-18
      6826.65  7.10884e-18
      6828.09  7.06804e-18
      6829.53  7.78120e-18
      6830.97  7.97004e-18
      6832.42  7.52945e-18
      6833.86  7.79155e-18
      6835.30  7.79843e-18
      6836.75  7.58094e-18
      6838.19  8.04647e-18
      6839.63  7.34548e-18
      6841.07  7.63571e-18
      6842.52  7.22455e-18
      6843.96  7.88281e-18
      6845.40  7.54703e-18
      6846.84  8.23987e-18
      6848.29  7.55720e-18
      6849.73  7.39392e-18
      6851.17  7.14645e-18
      6852.62  7.19394e-18
      6854.06  7.26478e-18
      6855.50  7.03389e-18
      6856.94  7.18414e-18
      6858.39  7.15929e-18
      6859.83  7.29195e-18
      6861.27  7.44287e-18
      6862.71  7.04670e-18
      6864.16  7.52261e-18
      6865.60  7.59560e-18
      6867.04  7.60809e-18
      6868.49  7.00858e-18
      6869.93  6.78109e-18
      6871.37  6.89510e-18
      6872.81  7.06663e-18
      6874.26  6.98784e-18
      6875.70  7.10874e-18
      6877.14  6.96460e-18
      6878.58  7.22142e-18
      6880.03  7.27203e-18
      6881.47  6.85229e-18
      6882.91  7.03982e-18
      6884.36  7.69569e-18
      6885.80  7.06671e-18
      6887.24  6.70968e-18
      6888.68  6.45834e-18
      6890.13  6.32965e-18
      6891.57  6.36973e-18
      6893.01  6.61470e-18
      6894.45  6.30780e-18
      6895.90  6.89653e-18
      6897.34  6.63036e-18
      6898.78  6.75014e-18
      6900.23  7.02598e-18
      6901.67  6.92419e-18
      6903.11  6.78603e-18
      6904.55  7.12076e-18
      6906.00  7.03274e-18
      6907.44  6.73053e-18
      6908.88  6.41222e-18
      6910.32  6.75481e-18
      6911.77  6.77049e-18
      6913.21  6.26292e-18
      6914.65  6.54475e-18
      6916.10  6.93797e-18
      6917.54  6.68993e-18
      6918.98  6.30543e-18
      6920.42  6.45611e-18
      6921.87  6.45375e-18
      6923.31  6.54075e-18
      6924.75  6.67334e-18
      6926.19  6.51241e-18
      6927.64  6.67045e-18
      6929.08  6.60837e-18
      6930.52  6.48668e-18
      6931.97  6.50171e-18
      6933.41  6.54681e-18
      6934.85  6.24607e-18
      6936.29  6.62260e-18
      6937.74  6.58198e-18
      6939.18  6.48579e-18
      6940.62  6.94519e-18
      6942.06  7.69694e-18
      6943.51  7.44804e-18
      6944.95  7.44315e-18
      6946.39  8.27427e-18
      6947.84  7.89927e-18
      6949.28  7.18589e-18
      6950.72  6.90886e-18
      6952.16  7.27132e-18
      6953.61  7.47865e-18
      6955.05  7.23076e-18
      6956.49  7.33234e-18
      6957.93  7.51779e-18
      6959.38  7.32589e-18
      6960.82  7.52688e-18
      6962.26  7.34534e-18
      6963.71  7.49022e-18
      6965.15  7.48135e-18
      6966.59  7.32066e-18
      6968.03  7.52406e-18
      6969.48  7.40624e-18
      6970.92  7.41751e-18
      6972.36  7.58492e-18
      6973.80  8.26901e-18
      6975.25  8.19018e-18
      6976.69  7.79977e-18
      6978.13  7.95461e-18
      6979.58  7.71176e-18
      6981.02  7.69297e-18
      6982.46  8.15898e-18
      6983.90  8.24089e-18
      6985.35  7.78635e-18
      6986.79  7.88046e-18
      6988.23  8.05458e-18
      6989.67  7.93794e-18
      6991.12  8.04563e-18
      6992.56  7.96358e-18
      6994.00  7.94971e-18
      6995.45  8.35422e-18
      6996.89  8.61228e-18
      6998.33  8.56820e-18
      6999.77  8.17708e-18
      7001.22  8.20227e-18
      7002.66  8.48847e-18
      7004.10  8.29521e-18
      7005.54  8.23748e-18
      7006.99  8.16761e-18
      7008.43  8.32992e-18
      7009.87  8.00350e-18
      7011.32  7.89664e-18
      7012.76  8.38629e-18
      7014.20  8.12286e-18
      7015.64  7.90426e-18
      7017.09  8.08727e-18
      7018.53  7.85022e-18
      7019.97  7.63802e-18
      7021.42  8.24524e-18
      7022.86  8.16416e-18
      7024.30  7.85788e-18
      7025.74  8.14321e-18
      7027.19  8.13048e-18
      7028.63  7.97280e-18
      7030.07  8.04180e-18
      7031.51  8.84272e-18
      7032.96  8.73500e-18
      7034.40  7.67249e-18
      7035.84  7.91628e-18
      7037.29  8.67112e-18
      7038.73  8.58355e-18
      7040.17  8.48094e-18
      7041.61  8.07790e-18
      7043.06  7.71250e-18
      7044.50  8.17010e-18
      7045.94  7.67940e-18
      7047.38  7.95929e-18
      7048.83  7.96202e-18
      7050.27  7.63210e-18
      7051.71  8.32466e-18
      7053.16  8.40043e-18
      7054.60  8.03996e-18
      7056.04  7.77593e-18
      7057.48  7.21145e-18
      7058.93  7.64913e-18
      7060.37  7.92350e-18
      7061.81  7.78615e-18
      7063.25  7.59423e-18
      7064.70  7.98408e-18
      7066.14  8.21680e-18
      7067.58  7.74943e-18
      7069.02  8.07774e-18
      7070.47  8.00053e-18
      7071.91  7.65158e-18
      7073.35  7.53848e-18
      7074.80  7.50854e-18
      7076.24  7.91979e-18
      7077.68  8.08531e-18
      7079.12  7.94590e-18
      7080.57  7.84469e-18
      7082.01  7.72062e-18
      7083.45  7.29430e-18
      7084.90  7.39602e-18
      7086.34  7.79928e-18
      7087.78  7.73023e-18
      7089.22  7.51980e-18
      7090.67  7.49425e-18
      7092.11  7.51891e-18
      7093.55  7.65039e-18
      7094.99  7.36334e-18
      7096.44  7.48291e-18
      7097.88  7.45803e-18
      7099.32  7.31540e-18
      7100.77  7.50403e-18
      7102.21  7.55517e-18
      7103.65  7.42275e-18
      7105.09  7.20501e-18
      7106.54  6.75353e-18
      7107.98  7.61066e-18
      7109.42  7.70717e-18
      7110.86  7.22471e-18
      7112.31  7.27024e-18
      7113.75  7.14772e-18
      7115.19  6.67299e-18
      7116.64  6.78789e-18
      7118.08  6.78625e-18
      7119.52  7.11736e-18
      7120.96  6.77929e-18
      7122.41  6.76703e-18
      7123.85  6.45798e-18
      7125.29  6.94202e-18
      7126.73  6.63946e-18
      7128.18  6.80953e-18
      7129.62  6.63803e-18
      7131.06  6.76969e-18
      7132.51  7.05923e-18
      7133.95  7.02547e-18
      7135.39  6.71984e-18
      7136.83  7.15547e-18
      7138.28  6.83673e-18
      7139.72  6.18479e-18
      7141.16  6.37785e-18
      7142.60  6.39574e-18
      7144.05  6.56197e-18
      7145.49  6.57906e-18
      7146.93  6.58277e-18
      7148.38  7.33329e-18
      7149.82  6.94100e-18
      7151.26  6.50775e-18
      7152.70  6.82649e-18
      7154.15  6.57188e-18
      7155.59  6.82436e-18
      7157.03  7.28815e-18
      7158.47  6.86091e-18
      7159.92  6.28475e-18
      7161.36  6.29317e-18
      7162.80  6.60975e-18
      7164.25  6.65257e-18
      7165.69  7.27058e-18
      7167.13  7.09018e-18
      7168.57  6.82341e-18
      7170.02  7.34294e-18
      7171.46  6.92392e-18
      7172.90  7.05931e-18
      7174.34  6.67682e-18
      7175.79  7.17386e-18
      7177.23  6.93665e-18
      7178.67  6.67736e-18
      7180.12  7.10350e-18
      7181.56  6.92854e-18
      7183.00  7.06430e-18
      7184.44  6.82330e-18
      7185.89  7.24326e-18
      7187.33  7.03422e-18
      7188.77  6.68382e-18
      7190.21  7.43604e-18
      7191.66  7.01511e-18
      7193.10  7.21124e-18
      7194.54  6.54686e-18
      7195.99  6.76359e-18
      7197.43  6.97572e-18
      7198.87  7.54929e-18
      7200.31  7.07935e-18
      7201.76  7.13656e-18
      7203.20  7.13604e-18
      7204.64  7.35795e-18
      7206.08  7.45914e-18
      7207.53  7.16060e-18
      7208.97  7.60824e-18
      7210.41  6.76365e-18
      7211.86  7.47783e-18
      7213.30  7.86906e-18
      7214.74  7.20185e-18
      7216.18  6.90480e-18
      7217.63  7.13489e-18
      7219.07  6.59881e-18
      7220.51  7.05736e-18
      7221.96  7.47856e-18
      7223.40  7.20513e-18
      7224.84  7.22335e-18
      7226.28  6.89544e-18
      7227.73  7.79104e-18
      7229.17  7.16935e-18
      7230.61  6.63585e-18
      7232.05  7.08231e-18
      7233.50  7.19604e-18
      7234.94  6.83788e-18
      7236.38  6.92656e-18
      7237.83  6.93865e-18
      7239.27  6.91871e-18
      7240.71  6.93192e-18
      7242.15  7.26304e-18
      7243.60  7.12846e-18
      7245.04  6.53411e-18
      7246.48  6.89284e-18
      7247.92  6.66391e-18
      7249.37  7.27815e-18
      7250.81  6.48917e-18
      7252.25  7.04392e-18
      7253.69  7.19161e-18
      7255.14  7.24957e-18
      7256.58  6.96068e-18
      7258.02  6.81476e-18
      7259.47  6.71611e-18
      7260.91  7.16855e-18
      7262.35  6.63071e-18
      7263.79  5.89727e-18
      7265.24  6.56278e-18
      7266.68  7.19572e-18
      7268.12  6.25360e-18
      7269.56  6.03100e-18
      7271.01  7.09061e-18
      7272.45  6.46617e-18
      7273.89  6.29464e-18
